me,parent,tau_sums,lambda_sums
1 2,1,76652.3,19.5738 2.13568 0.0180211 0.0179366 0.0180451 2.25344 36.7355 0.0180016 0.0286162 0.0181516 0.0180215 0.0179435 0.0193806 0.0183627 9.12498 0.017939 0.017945 0.0179373 0.0179366 0.0179405 0.0179566 0.0181379 16.8028 0.0180595 0.0179369 0.0179368 171.1 167.793 0.0179523 0.0179386 0.0179705 0.0179392 0.0179366 0.0179382 0.384244 0.017938 25.5534 0.0179969 0.0179368 0.0179435 0.0179613 247.016 21.9177 0.0179396 0.0205079 72.7171 0.0180078 0.0180624 0.0179368 0.017937 0.0179366 0.017937 0.0179366 0.0179366 0.0179368 0.0179381 0.0179367 26.3573 0.017959 0.018791 0.0179479 0.017938 0.0179669 0.0179366 0.0182555 0.017937 0.0205619 0.0180463 0.0179683 45.93 0.0179452 0.0179722 1800.97 0.0179422 0.0182406 0.0179698 0.0179489 0.0179369 0.0179367 47.8953 0.0418288 0.0179401 3.05862 0.0179405 0.0195791 0.0179525 0.0179366 0.0179395 43.8665 0.0179402 0.0183931 0.0179383 0.017937 0.0179366 0.0194309 0.0182508 0.017937 3.33061 0.0179861 0.017949 0.0179562 0.879592 0.0179452 0.0194465 0.017941 0.0179372 0.0180605 0.0179504 0.0180108 0.0220866 0.0179431 0.0216196 0.0179739 14.36 0.0336233 0.017948 0.0229074 0.0179405 14.5579 0.0179377 0.0179371 0.0179391 0.0179366 0.0180456 0.0179368 0.0179367 0.0179371 0.0179821 0.0179529 0.0179397 0.0179626 0.0179559 0.0179367 0.0179751 52.2104 0.017937 0.018113 0.0180735 0.0179372 0.0180143 0.01794 0.018419 0.017937 0.0179366 0.0185092 0.281804 0.0180129 0.0179473 0.0179657 0.0182851 0.0541682 0.0179456 0.0189832 111.879 0.0180433 0.0179416 0.0179412 0.0179371 0.0179966 0.0179511 44.47 0.0179366 0.018415 0.017945 41.8089 0.0182974 0.0179563 46.9908 0.0181482 0.0179842 0.0182528 0.0179367 40.7204 0.0182466 0.017994 57.8772 0.0179377 0.0179884 0.0179426 0.0180257 0.0179366 61.7011 9.64121 0.0180481 0.0181872 0.0179576 0.0187567 26.3191 0.0180106 0.0179368 197.554 0.0179422 15.0077 0.0179397 0.0179374 0.0181834 0.0179406 0.0180386 0.0181086 0.0179366 0.0194307 0.017945 0.0183647 49.843 0.017955 14.3743 176.726 0.0179393 0.0179377 0.0179816 0.0179383 0.0179498 0.0179404 87.1712 0.0181038 0.0179495 0.0179371 91.7496 0.0278177 42.188 12.2259 0.0180285 0.0233974 0.0181549 47.0356 0.0180138 0.0179388 0.0179372 0.0179472 0.0179487 0.0179366 86.4424 0.0183318 0.0179369 0.0184332 0.0179808 0.0179419 0.0179396 0.0179366 0.0179431 0.0181298 0.726729 0.0185049 0.0220162 0.017973 0.0180563 22.1465 0.221884 7.92229 0.0179392 0.0179425 0.12983 0.0179437 0.0179615 0.0179367 84.9336 0.0222634 0.0179387 0.0179368 0.0179446 0.0179586 0.0230904 0.0179368 0.018738 0.0179454 0.0181021 0.0180523 0.0180469 0.0182374 0.018155 0.01796 0.0180034 15.0993 0.0180138 0.0282953 0.0183935 0.0209184 0.0179538 30.3781 0.0179366 12.528 0.0181572 0.0180855 0.0180005 0.0179776 0.0179368 0.0180054 0.0179823 0.0179366 0.0189053 0.0180529 0.0181261 0.0192643 0.0180156 0.0179408 0.0179366 0.0179369 0.018067 0.0179561 0.017937 296.195 0.0179366 0.644141 0.0179375 0.0179366 0.0197825 0.018167 30.8081 0.0386251 39.4576 0.0182936 0.0181472 5.08641 0.0179366 0.0190258 124.811 0.0179383 0.0179366 0.0179367 0.0179382 0.0179371 0.0179366 0.0365065 0.0179446 0.0258495 0.0180207 0.0179373 0.0179366 0.0184917 0.0182835 0.0179368 0.0179847 0.0948074 0.018041 0.0179394 0.0179368 235.722 0.0179366 0.0181803 0.0180006 204.144 0.0179367 8.28016 0.017971 0.0179366 0.017937 0.0179366 0.0179779 0.0179375 0.0179369 0.0179373 0.0179466 0.0179371 0.0179552 0.0308602 0.0181898 16.8789 0.017939 0.0222645 0.0179368 226.819 0.01795 221.989 0.0187747 0.0192989 0.0179366 0.0179954 0.0179388 0.0179392 0.0179877 0.0179368 0.0182352 0.0181855 0.0181859 253.394 0.0179373 0.0179851 0.0179437 0.0179452 0.0179373 0.0186957 3.23027 0.0179458 0.0190659 0.0194091 0.0216583 0.0186318 0.0179802 94.4477 10.9138 0.0179367 26.1792 0.0185939 3.30155 0.017937 0.0182474 0.019078 0.0179373 41.0666 0.017946 25.1207 0.0179824 0.018012 0.155007 0.0187563 0.0194804 14.0171 0.0179375 0.0180194 0.0180873 21.5934 0.0179367 0.018603 0.0179636 0.0179412 1.38789 0.0247585 0.0180535 0.0179372 0.0179366 0.0179544 0.0179366 0.01794 180.671 0.0179681 0.0179383 0.0179373 0.0179456 0.0196601 0.0183213 0.018045 0.0180006 0.017983 0.0179368 0.0179618 16.5002 12.7683 0.018178 0.0183316 0.0179376 0.180386 0.0180029 0.0242835 0.0179631 0.0179367 0.0179981 0.0180865 407.338 0.0181586 0.018037 0.0179857 102.904 0.0179383 16.442 0.0179883 0.0182757 0.0179379 0.0179373 0.0179367 0.0188419 300.724 0.0179367 0.538552 0.0179368 0.0209904 0.0184061 0.0179603 0.0179763 0.0180565 0.0179368 0.0179366 0.0180734 0.0179372 5.44803 0.0179366 0.0179415 0.0179628 0.0180742 30.1442 0.0179943 0.018809 0.0179366 0.0185986 0.0179588 0.0179368 47.4563 0.0238524 0.018397 0.0179384 0.0520274 0.0179469 36.8987 0.0379923 65.9502 0.0179372 0.0179611 0.0179438 0.0180031 8.42049 0.0179986 0.0180993 0.0179372 27.807 0.0179394 0.0180216 0.0181538 0.0181226 0.0190726 11.2627 0.0179371 0.0179829 0.0185042 0.0202706 0.0186209 0.0179755 0.0181633 0.0180796 0.0179718 0.0183158 30.3102 0.0179367 72.8129 0.0191968 0.0179382 0.0183297 21.861 0.0179372 0.0183681 0.0179683 0.0179398 28.7971 0.0180664 0.0180001 0.0179379 0.0179481 0.0182424 0.0180313 0.0179368 0.0179482 0.017947 0.0179373 0.0180086 0.0181201 0.0285218 0.726543 0.0179532 0.0180095 0.0179608 0.0179453 0.0182313 0.0201942 0.0179746 0.0179372 0.017946 0.0179615 0.0180893 0.0254916 0.0289671 0.88564 0.0185896 55.706 0.0179389 0.0179468 0.0179456 0.0179421 50.5087 0.0179501 0.0179366 0.141412 0.0179367 0.0179366 0.0179496 0.0179368 0.0179668 0.0179368 0.0180376 0.0179368 117.075 0.0179922 0.0179874 65.1732 0.0183891 0.0179512 0.0179369 0.0179559 309.271 0.0187346 0.02228 0.0179398 0.0181493 0.041254 0.017941 0.0184239 399.502 0.019066 0.0179368 0.0179367 0.0179488 0.0179831 0.0179388 0.0180255 508.806 0.0181092 0.0180638 0.0179569 0.0179374 0.0179411 0.0179414 0.0179373 0.0180456 0.0179436 0.0185599 0.0181318 0.0185064 0.0179371 1051.06 5.90731 0.017937 0.0482886 0.0179366 0.018258 0.017937 0.017937 0.0179377 0.0179369 0.0188572 25.2021 0.0180916 3.42376 0.0179996 0.0179369 104.868 0.0180071 14.8603 0.0179366 0.0181503 0.0179371 0.0179374 0.0179431 0.0179373 0.0180468 21.8702 0.0192121 0.0179391 0.0179447 92.1555 0.0179371 0.359847 0.0187989 0.0179898 0.0179419 206.83 0.0179366 0.0190063 0.018596 0.0180388 0.0180461 0.0179857 0.0179366 0.0179378 0.0179419 0.0179367 0.0224559 0.017959 0.0279888 0.0179925 0.0179756 0.0179501 0.0179386 2.11826 0.017938 4.67357 0.0179442 943.491 0.0179897 0.0179464 4.08682 0.0179397 137.431 0.0179455 0.0179907 119.461 0.017949 626.656 21.9602 0.0179536 0.0179368 0.0180239 0.0179691 0.0184629 0.0179391 0.01797 0.0179384 0.0179371 0.0179901 0.0179368 0.0196094 0.0180085 0.0179366 0.0179667 0.0179368 54.0181 0.0180419 0.0179488 73.5281 0.018018 102 0.0179369 0.0421622 0.0180169 0.0180789 0.0180076 0.018489 0.0179434 0.0179476 0.0179461 0.0190772 0.017987 0.0179373 0.0179381 18.9477 101.915 0.017937 0.0179368 297.877 29.8353 1.07394 0.0179369 0.0181377 0.0182638 0.0179366 0.0179366 0.0182366 0.0179366 0.0179882 11.7595 0.0362816 0.281947 0.0578058 0.0179374 0.0179367 102.12 0.0179446 0.017937 0.0179366 67.7512 0.0199188 0.0179748 0.0179377 0.0205792 0.0185236 0.0180794 16.158 0.0179752 0.276069 14.8626 0.0179366 0.1551 0.0179372 32.4407 0.0185073 0.0179377 0.018059 0.0179368 0.0179674 0.0180356 0.0179367 110.36 0.0179406 0.0207632 0.0180603 0.0179366 0.0179861 0.0181376 327.407 0.0179369 122.65 0.0179371 0.0260561 0.019387 0.0179433 42.0397 0.0180035 0.0179372 60.3551 0.020092 0.0179367 0.0183835 0.0179421 0.029858 0.0179997 0.0179366 0.0181909 0.0179367 0.0179367 0.125119 0.0179909 0.0181474 0.0179402 0.0179367 0.0179368 0.230954 0.0179366 0.0218784 0.0179371 0.0179478 0.0179593 0.0182941 0.0180445 0.311823 0.017937 97.7028 0.0179423 0.017937 0.0179804 0.018351 0.0181276 0.018579 0.0180017 0.90665 0.0179605 0.0179429 20.3782 0.0179371 0.019292 0.0180467 0.0181732 0.0180393 0.0179366 0.0179383 27.8781 0.0180524 0.0179533 48.523 0.0179709 0.0179594 0.0179859 0.0179367 0.0179366 120.167 0.017937 186.92 0.0179472 95.5018 95.2099 0.812031 0.0180356 0.0220877 0.0180416 0.0180538 0.0179375 1.15142 0.0179367 0.0179366 0.0179366 0.0179366 0.0180175 466.321 0.0204539 0.0180373 0.0179546 0.0186547 0.0179367 0.0179812 0.017961 0.018334 0.269713 0.0179624 0.0238921 33.668 0.0179392 0.0362924 0.017959 0.0189967 0.017961 0.0180291 0.0179367 0.0180205 28.6009 0.0180137 0.0179371 0.019928 0.0179453 0.0198679 0.017942 468.555 0.0179367 0.0180019 59.2975 5.95883 0.0179644 241.805 0.0179368 0.124701 0.0179382 0.0179384 0.0179624 0.0217038 0.0190461 0.0179817 22.5805 0.0179409 0.0179373 0.0179471 0.0186383 8.28031 1.26754 0.0205672 0.0179368 0.0179397 0.0179888 0.0189054 298.861 0.0179367 0.523911 0.0179617 38.1776 239.227 0.0179367 73.2257 213.72 0.0179546 13.4235 0.017944 389.166 0.0179474 171.135 0.0179471 0.0179426 0.0179554 65.0408 108.191 0.0179366 472.083 0.0183195 518.518 0.0180033 0.0180351 0.0179782 14.925 333.863 150.299 0.017984 0.0179369 0.0180145 0.0179366 0.0179453 0.017937 0.0179396 0.0179366 0.0179369 0.0196462 0.0179492 0.017938 0.0179369 0.0179947 0.0179507 85.5959 0.0179535 0.269688 0.0179367 136.669 0.017941 0.0180371 0.0179827 0.0179398 0.0347904 0.0179368 0.0180131 0.0180438 0.0179369 0.01823 0.0179872 54.3361 0.0183235 0.017974 0.0180125 0.0283045 0.0179366 0.0179391 2788.57 0.0179369 9.66003 0.0180043 0.0179377 0.017937 0.0182925 0.0179818 0.0179434 0.0182779 0.0179585 0.0188501 0.0179372 0.0180383 0.01803 0.0179479 0.0180208 0.017937 0.0179372 0.0179577 0.0205635 0.0181156 0.0186093 0.0179593 227.418 0.0179846 0.0180562 0.0180411 0.0179372 5.29839 0.0182587 0.0179549 0.0184767 0.0179729 0.0187741 0.020606 0.0181278 0.018027 38.574 0.0182666 0.0179369 34.1377 0.018276 0.0196859 0.0180598 0.0358273 14.7358 0.0179719 0.0179371 0.0180743 0.0182109 0.0179391 0.0179429 0.017939 0.0179423 0.0179901 0.0179366 0.0179366 0.0180239 0.0179366 0.0179369 0.0179375 0.0180149 79.549 0.0181088 0.0183378 0.0179368 0.0210281 75.0583 11.1034 0.0179383 0.0179366 0.0179374 0.0179966 0.0222644 0.0179371 0.0181091 0.0194476 0.0189763 0.0179368 0.0188894 0.0182649 0.0179397 0.0179366 0.018774 0.0182019 0.0179366 0.0179368 0.0179777 0.0182155 0.0179371 0.0179654 0.0179417 0.0179368 0.0180185 0.0250896 4.83353 0.0353918 123.245 0.0180031 0.0179404 66.969 0.018248 0.0179426 0.0180524 0.0181052 0.0179443 0.0247353 0.0180089 0.0192776 0.0179378 0.0179367 0.0182014 0.0179366 85.9084 4.59754 0.0210474 0.0193665 0.0194844 0.032051 0.0180017 0.0477433 0.0179751 0.0179366 0.0179426 0.0201949 0.307367 356.522 13.6345 0.0181402 0.0179366 0.0180806 0.0179802 0.0179511 0.017968 0.0182603 0.0179488 0.0213107 0.0179385 0.0179767 0.0461543 0.0179366 0.0179366 0.0179369 257.269 0.0179762 0.0180616 0.0191114 0.0180107 0.0179375 0.0179374 0.0180089 0.0183887 0.0179545 0.0179549 0.0179366 0.125819 0.0179882 128.335 0.0179366 0.0179857 0.443351 0.0179368 0.0185348 0.0184474 0.0179473 0.0417297 0.018075 0.0180023 0.017937 0.14832 0.0180179 34.8598 0.0180084 0.0180156 0.0180693 930.643 126.153 0.0179549 0.0179368 0.0180386 127.616 15.9879 14.5684 0.0179389 0.0179578 0.018059 0.0179367 0.0179535 0.0185895 0.0180764 0.017966 0.0179366 0.0179366 0.0179419 11.487 0.0180082 0.0179368 0.0179406 0.0190659 0.0179374 0.0179631 17.2346 0.0179415 0.0179834 0.0182757 0.0179747 0.0180821 0.0214894 0.017978 0.0184597 0.0181235 0.0179926 0.0179769 0.0179377 0.0179366 22.6318 0.0198743 0.032728 0.017937 0.0179366 0.0243424 0.0179377 0.0179374 0.0186287 0.0180567 0.022905 48.2897 0.0180892 0.0180607 0.0179366 80.8975 0.0179366 0.0179862 0.0179789 0.0180344 41.9151 0.0508317 0.0179454 0.0181104 0.0190879 126.188 0.0179416 0.0179372 0.0179368 0.0179545 0.0264266 0.0179733 0.0181271 0.0179417 0.0215339 0.0180369 0.0181299 249.36 0.0181569 149.746 0.017938 0.0180222 0.0182885 0.018018 0.0180314 0.0188316 0.0179371 0.0180794 0.0179966 0.0179383 0.0180612 0.0238332 501.855 0.0179367 0.143775 0.0179374 0.0227216 0.0181317 0.0179463 0.0179366 16.5423 0.0180259 0.0180128 0.0179494 0.0179876 0.0189053 0.017937 0.0180732 0.0438916 383.002 0.0181321 0.0179378 20.1287 0.0179853 0.0180031 103.678 0.0179369 0.0179513 170.396 0.0181065 413.601 0.0179374 0.0185772 0.0179775 360.665 0.0179368 0.029287 0.0179375 27.0783 0.0188519 0.0179996 0.0179854 0.0179366 0.0180567 0.017937 603.785 0.0179952 0.0180829 274.665 0.0179376 0.0185776 0.0179366 0.0186369 0.0179955 0.0179485 34.859 0.0179369 0.0179366 0.0179366 0.0179529 0.0183868 0.0189675 0.0179901 0.0179368 0.0179367 0.0179374 0.0179511 47.1219 0.0179373 0.0179651 179.174 0.0179729 0.0179419 0.0179399 16.9883 0.0179454 0.0180579 0.0179396 0.017937 15.9797 0.0179425 0.0179366 0.0211315 0.0179404 0.0179369 0.336212 0.0179911 153.573 0.0179544 33.1367 741.879 0.0182428 0.0179707 0.0179417 0.018157 0.157079 0.0179516 0.0179366 19.8754 0.0244584 0.017949 0.0181486 0.0210185 0.017939 0.0179371 0.0179366 0.017968 0.155225 0.0179423 0.181036 0.0180686 0.0179397 0.0181907 0.0224187 0.0217881 0.0179368 266.024 0.0179979 1.83816 104.786 0.0179367 0.0179369 721.698 0.0179461 0.0179366 0.0185 23.5506 195.334 0.0237668 0.0182048 0.025162 0.0180163 0.0179366 0.017939 0.0179377 0.0179456 108.894 0.0180711 0.239291 0.127063 0.0179373 0.0180335 0.017937 0.017937 0.0179616 0.617117 0.0179829 0.0179528 0.0179366 0.0179386 0.0179373 0.0179735 0.0179381 0.017968 0.017937 0.0191443 58.2478 12.0104 0.0179366 32.6199 0.0179367 162.459 268.579 0.0190983 23.0781 0.0179942 39.4155 0.0179382 0.0181481 43.7128 0.0179457 0.0179374 0.0179482 0.0179374 7.53578 0.0179584 0.0179366 0.018016 0.0179662 42.5085 0.0179568 0.0179938 0.0181038 0.020446 63.9511 0.0179367 0.0179366 0.0179515 0.0180295 0.0180493 0.0179368 0.0179419 0.0220358 0.017956 0.0186115 0.0179398 0.0179416 0.0248733 0.0179856 0.0179367 0.018063 0.0184604 0.0182403 0.0179728 0.0179759 0.0179438 0.0179388 0.0179372 0.0179497 2128.28 0.018297 0.0179399 0.0179366 0.0179423 0.0179366 0.0179436 225.51 82.2789 0.0179564 0.0187655 0.101638 0.017971 0.017961 0.0179692 0.0180255 0.0179414 0.0179366 0.017937 0.0179367 0.0179371 0.0179459 0.0180129 0.0235017 0.01801 17.9941 0.0179431 0.0179472 0.0180234 0.0913729 0.0179528 0.018025 0.0179382 0.0179989 0.0179777 0.0179367 0.0295692 0.0179366 0.017937 0.0180251 0.0179603 0.0182553 0.0179366 0.0311908 116.224 360.968 0.0180544 0.0179937 0.017941 0.018992 0.0183198 0.01814 0.0179366 0.017937 0.0180101 21.6192 0.0181424 0.0184128 0.0179508 0.0179762 0.017937 0.0179975 0.0184448 0.0179367 49.0083 0.0180128 0.0179473 0.0179608 0.0179817 0.0183123 0.0179398 0.0179637 0.0181925 0.0179409 0.0179436 0.0223814 41.5054 0.0262348 35.6482 0.0179615 0.0267835 0.0179366 17.2825 0.0187548 0.018003 0.0186916 0.0182783 0.0181937 0.0187141 0.0179812 0.0179372 0.0181567 0.020764 137.618 0.0179535 193.559 0.0179447 0.0179385 0.0181429 0.0179673 0.0179763 10.7762 0.106997 0.0179368 0.0182512 0.0179368 0.0179371 0.018189 135.696 70.5246 0.0179369 0.0179366 0.017939 76.5158 0.0180297 0.0183278 49.7903 0.0181127 0.0181955 0.0179367 0.0179367 0.0190033 0.0179438 0.0179397 0.0179367 0.0180543 0.0180169 73.0386 0.0179368 0.995596 18.5587 0.0179376 103.211 49.2391 0.0179411 0.0189372 0.0182102 0.0179843 0.0182607 0.017937 0.0179418 0.017946 0.0179379 0.0195649 0.0179381 0.0179391 11.3077 3.5985 0.0179376 2056.38 0.0180848 0.0179762 0.0179423 0.42339 0.0180332 5.52298 33.1049 0.0179597 0.0179497 0.0182892 0.0184275 0.0187109 0.0179936 0.0183981 0.0180341 0.0179367 0.0179366 0.0180591 0.0179377 0.0179366 0.0182569 18.0806 0.0198446 0.0179687 0.0179366 0.0201804 0.017964 0.0179374 0.0179644 0.0179366 0.0186144 19.5988 0.0182116 0.0179529 0.216029 0.0179366 0.0179649 0.017944 0.0205276 0.0179371 0.0179366 0.0179894 0.0179469 0.0179995 0.0180094 152.251 0.0179375 1987.66 0.0183787 0.0179546 4.5197 0.0179367 0.0196707 0.0180066 0.0179371 0.0180679 0.0179528 0.0179368 60.685 0.0179368 0.120957 0.0179564 0.0201353 0.0179786 0.0179366 0.0179814 7.86516 0.017944 0.0210411 0.0179373 0.0179366 0.0179414 0.0179415 0.0182305 0.421101 0.0183006 0.01794 2776.14 0.0179438 22066.5 0.01795 0.0180933 55.3272 18.6892 0.0210335 0.0179446 223.189 10.0768 0.0179685 0.0179729 0.0180408 0.0179879 74.947 0.0181836 0.0179748 10.8832 0.0180905 0.0179366 2.28105 0.017955 0.0179649 0.0179374 0.0417028 2.26171 0.018127 0.0181424 0.0179713 0.0180666 66.2487 0.0183583 0.0179387 0.0179369 0.0179369 0.0179366 0.0179509 0.0179366 0.0179568 0.0179585 0.0179775 0.0179369 0.0179369 0.0180162 0.0179374 42.5059 0.0179386 0.0180294 16194.3 0.0179368 0.0181028 0.0186558 0.0179882 7.97814 0.0179378 0.0179366 0.0179393 0.0179464 0.0179378 1487.95 0.0179366 0.0179431 0.0179424 47.9911 0.0186615 0.0180495 0.0179608 0.0182723 0.0179368 0.0179366 0.0179396 0.0179514 0.0179368 0.0179489 0.0179536 8.28 0.0181769 0.0179891 0.0179406 0.0182618 0.0179926 0.0179559 0.0179499 0.018804 0.0180571 171.433 0.0179368 0.0183399 0.0185733 0.0180003 718.662 0.0183455 228.952 0.0179552 16.4107 0.0180346 0.0187621 0.0198335 50.7664 0.0179468 51.2028 0.0184559 0.0179366 0.0179368 426.473 0.0179368 0.0179849 37.5379 0.0184863 0.017969 346.707 0.0179366 0.017946 0.0179366 0.0180704 0.0185877 0.0182684 256.8 0.0906313 213.69 0.0179459 0.0194797 0.0179378 114.013 0.252833 0.0179367 0.0179578 115.661 0.0179372 0.0179441 0.0179366 0.928052 0.0403594 0.0179494 0.0303215 32.8362 0.0184644 0.0182978 0.129626 25.2832 0.0181408 0.0181657 0.0179375 0.0180172 0.0867201 0.0179366 45.503 0.0193934 0.0237646 0.0179412 0.017937 69.5125 0.0179366 48.9475 1.62237 0.12787 0.017991 0.0179366 0.0179473 0.0179475 0.0179837 30.2272 0.0179367 0.0179645 0.0179369 0.0197934 0.017947 0.0179689 0.0179897 0.0179366 0.0184064 0.0182744 0.0179366 0.0179369 0.0179951 0.0179864 0.0179368 0.0184358 0.0181343 0.0188793 54.3066 0.0194044 0.0179653 0.0183225 0.0196524 0.0179536 0.0179506 0.0181274 1.83632 0.0186056 0.0179633 0.018074 0.0179628 119.61 0.0180008 0.0179775 23.8352 0.0179814 0.019404 18.1148 0.0179368 15.9879 79.6586 109.593 23.2893 0.018003 0.0196744 0.0188485 0.0179883 0.0179388 0.0180879 0.0194585 0.0179384 5.15179 0.0179447 0.01799 0.0180141 0.0179366 0.017942 0.0179426 0.0179883 0.0179733 12.7988 0.017952 0.0181709 0.018145 0.0179392 0.0608952 0.0181028 0.0179517 0.0181198 0.0179863 0.0179402 0.0181102 0.0179366 5.69214 0.0189884 0.0179553 0.0182586 0.0180263 0.017944 0.0182687 0.0181237 0.0184623 0.0179531 0.0181278 0.0179369 0.0179369 0.0200311 92.8888 0.0179369 0.0199953 0.0179532 0.0179367 0.0180161 0.0179386 0.0181718 0.0179366 0.018058 73.1272 133.623 0.0189924 0.0179384 0.017947 0.596795 0.0197239 0.0180319 0.0179862 0.0179369 7.34626 0.017937 0.0263467 0.0180407 0.0182463 0.0179412 0.0179406 0.017957 0.0183097 0.020948 0.0179366 0.0180453 0.017937 0.0179366 0.018139 0.0179387 0.0180102 0.0179367 0.0601299 78.563 0.0180967 0.0179383 0.0196583 0.0179417 0.017991 0.0182806 0.018179 0.0179503 234.573 0.0182344 9.71876 0.0179423 0.0179851 0.0179497 0.017944 0.0179858 0.017978 0.0180863 20.578 0.0180771 0.0179368 208.166 0.0180007 0.0179368 0.0179786 0.0186724 0.0500071 0.0180753 0.0330898 706.017 0.0179794 0.0179368 0.0179824 0.0179413 121.709 0.0224874 175.859 59.0134 0.0180837 253.167 0.0183668 0.0179473 0.0179367 0.0338993 0.0179447 0.0182171 0.0179993 0.0179776 28.4245 27.7403 0.0181161 0.0179375 0.0179399 0.0181748 97.4001 86.2141 0.0182648 0.0179368 0.0266902 0.0179373 0.0181081 0.0210509 0.252389 159.514 0.0194605 0.0179865 0.0187979 0.0183841 0.0179368 0.017937 0.0179412 0.0179391 0.0187017 0.0298181 44.1265 0.0179668 3.02872 0.0179496 0.0179366 7.34625 0.01795 0.0179535 0.0182639 0.0181292 0.0179368 0.0179522 0.0179428 0.130413 0.0179396 0.018166 0.0180145 0.0182041 1414.19 2.67651 0.017958 0.0179367 93.2918 1.63419 0.017975 0.0208729 0.0752825 0.0179432 0.0179372 0.0179408 10.7431 389.618 0.0210881 0.0179367 0.0191941 0.0179366 0.0179412 251.545 35.6296 5.79407 0.0179367 0.0183542 0.0182011 0.0179835 0.0179366 0.0180589 0.0187714 0.0179555 40.3556 0.0209061 0.0180365 0.01794 0.0180214 0.0180207 0.0179497 0.0185497 313.199 0.0179366 0.019131 0.0179421 0.0186607 0.0179367 15.3143 0.0179369 0.0179571 0.0179367 0.0183432 0.018047 40.943 142.119 0.0182154 0.0179378 0.0179376 2.42026 0.0399567 0.0391732 787.44 0.0193245 0.0179366 0.0179751 73.5644 0.0192607 0.0179384 0.0179483 0.0187752 0.0185008 0.0185758 0.0179404 0.0192439 0.0179394 0.0180769 0.0179407 0.0179862 10.4736 0.0183444 0.0179532 14.5684 0.0953571 0.0179394 0.0181649 0.0193689 0.0219506 0.0183069 0.0733145 0.0224878 0.0293488 0.0183919 0.0179369 0.0180423 0.0181139 0.0180221 0.0179433 0.0186189 0.0491617 0.0179371 0.0180088 0.0179526 0.0179491 283.566 0.0179682 0.017989 0.0179372 0.0179366 0.0179371 0.0179393 0.0179366 1.09772 0.0179366 0.0179388 0.0188301 5.62299 0.0179432 62.6704 0.0180671 188.686 0.018003 0.0179377 0.0581999 0.0180174 0.0180259 0.0179366 0.0179825 0.0180436 21.5262 0.0179373 0.0234495 0.0179366 0.0179367 0.0179369 0.0179371 15.9075 0.0179635 0.0182025 0.0180491 0.0179535 0.0186472 0.0180422 0.0179461 0.0179366 0.0180304 0.0179368 0.0179525 0.0180059 0.0184 0.0179367 0.0291208 0.0186419 21.4917 118.755 30.8184 0.0179998 0.0179369 0.017937 0.0180724 0.0179366 0.0179368 0.018631 0.0179651 0.0179668 0.0179387 0.0179643 0.0256888 0.0182597 0.0180199 0.0179383 0.0179557 0.0208732 0.0179377 0.0184506 0.0179508 0.017939 0.0179401 0.0179366 0.017946 0.0179384 0.0179368 0.0343242 0.0216153 0.0210484 0.0179372 0.583763 0.0179683 0.0179366 0.0179818 0.0186242 0.0179386 0.0270992 32.0472 0.0179413 0.0186396 0.0179371 0.018001 0.0179593 0.0179373 0.0179421 0.018143 0.0179615 0.0179371 0.0179369 14.6376 0.0179421 0.0179366 0.0179366 0.0179372 0.0179366 0.0218528 0.0179641 0.0179367 0.0179408 0.0179366 0.018033 0.0179382 0.0182079 23.6326 0.0190328 0.0179372 0.512365 0.0179366 0.0179367 0.0179524 0.0179419 0.0179369 0.0185996 71.2184 0.0179761 0.0179366 0.0179446 133.799 0.0186187 0.0179489 81.2972 0.0179393 0.0180989 0.0179507 0.0185241 0.0179383 70.0457 0.0180258 0.0179369 20.5897 0.0179367 0.0181567 36.382 66.7483 0.0189542 0.018554 0.0179366 0.017937 0.0179401 0.0179375 0.0179423 0.0183848 0.0192632 0.0236733 0.0187522 0.0179618 95.399 0.0179662 0.0179372 0.0179847 0.0179445 0.0194473 24.0117 0.019144 0.0179564 0.0179368 0.0179366 0.0179525 0.0235598 0.0179723 0.0180003 0.0179388 0.0180738 0.023023 0.0179426 0.0179369 0.0179534 10.9387 18.8358 0.0179366 0.0179427 0.0179641 0.0180427 28.4198 0.0179791 0.0179368 0.0180764 0.0197376 0.0179935 0.0180125 0.0355446 0.0186374 0.0180628 0.0180109 19.2664 0.0179737 0.0179783 0.0179552 14.0202 0.018051 0.017937 0.0181935 0.0179368 0.0179687 0.0190892 28.032 0.017937 0.0179701 0.0179372 0.0182572 0.0339005 0.0179821 0.0179581 28.5126 0.0184899 5.85406 0.0179386 35.3837 64.5396 15.7996 0.0197223 0.0179435 0.0180463 0.0184584 0.0179368 82.0131 0.017943 0.151789 102.825 0.0179366 0.0187927 0.0179404 0.0216427 0.0179407 0.0179627 0.018089 50.1666 0.0208366 61.8382 0.0773096 0.0179435 0.0179471 0.0181009 95.3822 0.017955 0.01802 0.0180331 0.0179907 0.0179449 0.0179423 0.0179367 0.0179374 0.0180577 24.5901 100.409 0.0179366 0.0179415 0.0185554 0.0181463 85.4912 0.0179372 0.0179375 0.018301 0.0179372 0.0695352 0.501932 0.0179366 0.0235024 0.0179393 14.8627 0.0179366 0.0180299 0.0180188 0.0179546 0.0179589 0.0179366 0.0179367 0.0180585 0.0195757 0.0179456 0.0179422 0.0185906 0.0363908 0.0180435 0.0184789 0.0186138 0.0180484 0.0182508 0.0179366 0.0179367 0.0179573 0.0179531 0.017937 0.0625409 0.0179889 0.0179736 842.072 0.0180754 0.0179367 0.0202695 0.0179698 0.0179698 0.0180537 0.0181861 0.0181053 0.0325553 0.0179943 0.0180451 0.018045 0.412911 0.0179458 0.0196715 0.0179366 0.0179366 0.0193729 0.017947 0.0179434 0.0181793 0.0179366 44.5776 0.0180781 0.0179546 0.0182599 0.0179397 0.0182781 0.0179641 0.952041 0.0179384 121.256 0.0205423 0.0179734 0.0179366 0.017937 5.36159 0.0179367 0.0179367 0.0179495 0.148421 0.0179366 0.0179875 0.0180053 0.0179475 0.0179427 54.4768 0.0206902 0.0181136 0.0180327 0.0179366 0.0179763 0.0182867 0.0179366 0.0180185 18.8005 0.018482 0.0184704 0.0184129 0.0179449 0.0180077 0.0179366 0.0890311 344.327 0.0184313 0.0179372 199.538 0.0179854 0.0180271 0.0179397 0.0179983 0.0179385 0.0183951 0.0290424 0.018084 0.0179417 0.0205636 28.0994 0.0179369 0.0179366 0.017937 17.6253 0.0179622 0.0179401 0.0179396 0.0179888 0.0194341 0.0179971 0.0204067 0.0181389 75.7657 0.0179433 0.0185066 0.0184825 0.0184185 3.23027 0.017937 10.3649 0.0179417 20.8419 20.6939 0.0179368 0.0184212 0.0179366 11.5704 0.0179366 0.0186127 0.0180082 0.0179738 0.0179367 0.0185866 0.0179654 0.0179793 107.589 0.0179464 0.0180203 0.0179722 0.0179766 17.4372 0.0182982 0.0181986 0.0180652 0.0179379 0.124798 0.0179471 0.0179486 123.885 0.0179605 0.0179498 0.0179863 0.017939 0.0179366 0.0179366 0.0312485 0.0180056 0.0182676 0.0844526 0.0231113 0.0185209 0.0179372 0.0179475 0.0184979 0.0182767 615.686 0.0180146 52.4867 0.0181219 0.0179377 0.0179366 0.0219806 0.0179366 0.0179831 0.0179713 0.0179547 0.0179371 0.0179777 0.0179369 0.0179367 0.0179932 0.0180554 106.44 0.0183236 0.0179372 0.0179369 20.578 30.32 0.017974 0.0179367 0.0179384 0.0179675 0.0356081 0.0179878 0.0179888 0.0179366 0.0179366 0.0186787 0.0179372 0.0179367 0.0179505 13.0201 0.0180515 0.017958 0.0179477 0.017937 0.0180588 0.0179371 139.989 0.0179477 0.017937 0.0179392 1.07763 0.032356 0.0179373 95.9114 0.0179502 0.0179531 0.0179513 0.0179366 130.887 0.0181439 0.0179374 0.0179404 0.0179369 7.53572 0.0179367 0.0182366 0.0179602 12.8081 0.0187384 0.0179367 0.0179367 0.026059 513.676 0.0179399 0.0746485 0.0184776 0.017947 0.0179445 0.0179401 0.0180236 0.0179413 0.0179366 0.0179509 0.0180227 18.7902 0.020591 0.0179795 0.0180162 0.0179426 0.0179372 0.017937 0.0179387 107.602 0.0179366 0.0179366 219.576 0.017937 0.0179366 5.33232 0.0179366 44.7605 0.0179578 0.0179424 144.598 0.184846 0.0179987 0.0179456 0.0192827 0.0179367 14.7397 0.0180224 15.7836 0.0180848 0.0180061 0.0179484 0.0179395 0.0189101 0.0179366 0.0179367 0.017937 0.0179366 0.0206318 0.0193749 0.018176 0.0179459 0.727239 0.0179437 189.029 0.0179369 0.0179366 47.2085 0.0179366 0.0179379 0.0179369 0.0179985 0.140149 0.0179368 115.079 33.1774 12.2337 0.0180015 3.17554 0.0271413 0.0179366 0.0179368 0.0179912 0.0180586 0.0208108 0.0179565 0.0179367 0.0179692 0.0180344 0.0179414 0.0180082 0.0179576 0.925399 0.0179716 0.0181596 0.0179366 17.6171 0.0179597 0.0179387 0.0179424 5.59908 0.0179644 0.0184793 0.0179705 0.0181726 0.0179369 22.859 0.0180385 243.016 0.0179929 0.0180061 0.0181021 0.0179523 0.0179983 0.0179615 0.0180762 0.017968 0.017937 0.0179722 0.0179966 0.280656 0.0181596 0.0179831 0.0179371 0.0184832 0.339912 0.018016 0.0179446 35.7116 0.0179425 0.0179809 0.0179366 169.053 0.0180208 0.0179369 0.017937 0.017938 0.0179368 8.33581 0.0181042 0.0183323 0.0179713 0.0179409 0.0179366 37.545 0.336502 0.0179833 0.017983 0.0179368 0.0181179 0.0179379 0.0179367 0.0179374 0.0184179 0.0179367 1144.4 0.0551171 0.0179531 0.0179371 0.018096 0.0179372 0.0200269 53.0303 0.0179941 0.0179713 0.502465 0.0179374 108.045 0.018855 0.0179547 0.0179366 0.0179373 0.0179368 0.0179372 0.0179601 0.299409 0.0179379 26.3615 0.0179366 0.0179368 0.0179987 0.0179366 149.924 27.6513 0.0179553 0.045902 0.825669 0.0179474 5.75127 0.018038 0.0179371 0.018646 0.01795 0.017938 0.0179475 0.0296317 0.018096 0.0179745 0.0180929 0.0179803 0.0220632 35.2165 0.0199162 0.0179366 0.0179366 0.017992 0.0179367 0.0179375 0.0180575 0.0211294 0.0181257 0.0179369 0.0179573 0.0179549 0.0179393 0.0191545 319.668 0.0179366 0.0189572 363.475 0.0179376 0.0180591 0.0183261 0.0179395 0.0180176 0.0179369 0.0181282 0.0179511 0.0179911 0.0204355 0.0179366 0.0179374 0.0179433 0.0186294 0.0179371 0.158368 0.01941 0.0179366 129.891 0.0180167 0.0180173 0.0179367 0.0180868 18.1298 270.271 0.0187752 0.0181736 0.0179375 39.4106 0.023402 0.0179616 0.0180076 0.0179862 0.0181728 47.3165 0.0179367 0.0179451 0.0181727 0.0179369 0.0182469 0.0179367 0.0180144 0.0179383 0.0183319 0.0179368 0.0179422 0.0179366 0.0179366 0.0254437 0.0179367 0.0191177 0.0179552 0.0180426 49.2262 9.6412 0.021534 0.0192048 0.0179368 0.0179405 0.0179762 0.0179386 0.0888045 78.7535 0.0179677 3.48547 197.525 0.0184348 0.0179367 0.0184536 0.0179369 0.0180844 0.0179496 0.0179373 0.0180551 0.0179453 19.495 0.0298852 0.0180708 0.0180069 0.0179658 103.673 0.0179809 0.0179369 896.197 0.0186058 0.0179497 148.577 0.0179367 0.0179393 0.0180206 0.0179712 0.0191607 0.0179369 0.018131 0.0179835 0.0245952 0.0180127 0.0179393 0.0179369 0.0179377 0.017937 0.0268704 0.0179384 0.0181638 0.0179441 40.0437 0.0179367 0.0179626 5.57124 0.0179884 15.7219 0.0247774 0.0179774 2.21778 0.0179368 436.559 0.0179429 0.0180371 0.0180326 0.019363 0.017941 0.0246368 0.0179433 0.0180636 0.0180885 0.0191229 0.018129 3.3002 0.0181046 0.0179517 0.0213484 0.0179714 0.0179424 0.0181889 0.0179942 0.0179368 0.0179371 0.0179797 0.0179931 0.0179405 0.0179367 0.0179366 0.0179393 0.0179405 0.0179479 0.0182002 46.0573 0.0179639 0.0180021 0.0179366 220.016 0.0179366 33.4842 0.017937 0.017937 0.0179366 0.0179379 0.0186629 0.0192419 0.0179387 0.0179436 0.0179596 8.11346 0.0179799 0.0179384 0.0180014 0.0180222 0.0297451 0.0180709 0.0179412 0.0179375 0.0181938 0.0179917 0.0280294 0.760288 0.0179528 0.676914 0.0179695 0.0180564 15.8006 0.0179368 0.0575562 0.248153 169.41 0.0179429 0.0179597 0.0179924 0.0179409 0.0179367 0.017991 0.0179366 14.2705 317.687 0.017941 0.0179894 0.0208743 42.3776 0.0180139 65.8187 0.017939 78.1304 53.1912 107.196 0.0179595 0.0180117 0.0179424 0.0179366 0.0179393 0.0180839 202.513 0.0179763 0.0215982 0.0179367 0.017938 1.07737 0.0179427 0.0179424 0.0438656 0.0179367 0.0195936 0.0198696 0.0189299 247.393 0.0179723 73.9035 2.2477 0.0180001 0.0179407 0.0207347 0.018333 0.0179368 0.0182999 0.0180366 0.0179482 0.0179528 7.34256 0.0179967 0.0180872 0.019675 0.0179415 0.0244906 0.0179447 0.017937 19.8782 0.0179372 35.5121 0.0493939 0.0179405 0.0179971 0.0179368 0.0179366 41.5505 0.0179771 0.0228746 18.4422 0.0181013 0.0179367 0.017974 0.0180731 56.5548 0.0179369 0.0179959 0.0191124 0.0179614 0.018159 0.0179461 0.0179366 0.0184225 0.0179505 0.0179368 0.0179615 0.0179366 0.017939 0.685757 0.0180238 0.0179368 0.197215 0.0179378 0.0179366 0.0179865 0.0217222 0.0179386 0.0395387 49.0445 0.0179385 0.0179368 0.0179893 0.0179426 0.0181774 0.017961 0.0179367 0.0180048 238.198 0.0183476 0.0179879 0.0195703 0.0179937 0.0179367 0.0182696 0.0181685 0.0181391 0.0180169 0.0179377 99.7455 0.536436 219.623 1.82241 0.0179369 0.0182438 0.017938 0.0179398 58.0896 0.0179555 0.0255886 0.0179368 0.0179398 0.15169 0.0185636 0.0179565 0.0184647 0.0179564 15.9797 3.19571 70.5162 0.0179416 0.0190847 0.0185154 0.0179436 0.0180425 0.0192747 0.0179378 85.0059 75.096 13.0092 0.0191455 0.0179712 0.0179551 0.0179383 0.0179378 0.0179368 0.0179371 0.0181419 0.0180889 0.0179368 0.0179871 124.808 0.0189951 0.0179369 0.0179462 0.0179367 0.0180589 0.0179786 0.0179552 0.017937 0.0179513 6.47049 0.0179384 0.017938 0.0204308 274.358 0.017967 5.66556 0.18323 0.0179371 15.3292 0.0193023 0.0179742 0.0179366 0.018981 0.0179432 0.0179366 0.0179432 0.0179919 0.0283055 0.0198061 0.0181803 0.0182155 0.0215544 0.0179368 0.0179366 0.0180469 0.0179371 0.0179366 21.7034 0.0179366 0.0179378 0.0179468 0.0179834 0.017937 0.0179367 0.0179529 0.0179516 0.0182282 60.9668 52.0627 0.017955 20.578 0.0179825 0.020701 41.9762 4.60232 0.0180137 232.345 0.0424773 0.0227892 0.0179372 0.0179899 167.032 0.017947 86.9829 0.018297 0.0183416 0.0179366 0.017939 0.0179367 0.0219616 0.0181666 0.0179367 0.0179606 0.017937 12.9552 0.017939 0.017969 0.0228674 0.0179367 0.0179457 0.0179367 0.0179521 0.018013 244.121 0.0185409 0.0180765 0.0228649 168.832 0.0179456 0.0199028 0.0179807 38.8949 0.0180106 64.4512 92.3907 0.0181927 0.0179369 0.0183614 18.6296 0.088591 0.0179366 0.018294 0.0179366 0.0179882 0.0182346 0.0179606 0.0179523 0.0179369 0.0179412 0.0179584 0.0179368 29.1448 0.0182296 0.0179366 0.0182514 0.0180184 0.0185059 0.017969 0.0179451 0.0179403 74.207 0.0181568 16.8922 0.0179539 0.0180817 0.0184247 0.0179404 0.0183335 0.0355158 0.0179406 0.0180715 0.0179641 36.9838 0.0179812 0.0179366 0.0179467 76.9533 0.0179367 0.0196701 0.0179516 0.0288291 149.729 0.0180585 0.0186613 0.0180303 0.0184668 10.0781 0.0179366 0.0180953 0.0180084 0.0179748 0.0185799 0.0179956 0.0179594 0.0179369 0.0180052 21.2039 0.0179429 0.0202958 1.0898 0.0191029 0.0621319 0.0179391 5.07496 12.4558 0.0179563 0.960129 0.0181596 0.946664 0.0179417 0.0180406 13.4847 0.0179368 0.0179442 0.0179367 0.0179765 13.548 0.0180337 0.0182201 40.6275 104.511 0.0180239 0.0179369 0.0179366 0.0179367 0.0179392 0.0179378 0.0180905 334.74 0.0179366 0.0179367 0.017939 0.0179366 0.0179496 0.0180312 0.0228151 0.0394363 0.0179367 0.0179378 0.0185908 67.4816 0.0179552 0.0179642 0.0325637 0.0179376 0.0179403 0.0182168 2.39118 0.0315417 0.680939 0.0179372 46.1361 0.017966 2722.22 20.1868 0.0180497 0.0185806 0.0179526 0.0180321 0.0179655 30.2073 0.0181909 0.0183935 0.0179703 0.0184153 0.0179564 0.0180253 0.0179631 0.0179559 0.0179631 0.0179411 0.0188991 0.0180318 0.0180087 0.0179366 0.199345 0.0179368 17.4445 33.5533 0.0183029 0.161991 0.0278184 0.0182732 0.0181715 17.9941 0.0185073 0.0179654 0.0179471 18.3305 86.6234 0.0179866 14.7397 0.01799 0.0179515 0.0179384 0.0180711 0.0179489 135.494 0.0179425 0.0179405 0.0179441 229.792 0.0179367 0.0179644 0.0179366 266.594 0.0179373 0.0179377 0.0215223 15.806 0.0180902 0.017937 101.323 0.0179591 0.017944 0.017994 0.0179389 0.017939 22.94 0.0180809 17.8315 0.0179424 0.0179583 0.0179368 0.0179935 117.01 0.0179373 0.0179371 0.0179368 0.0179913 998.796 265.863 0.0179367 0.0179367 0.0179713 0.0179426 224.241 0.0200293 0.019486 0.0179695 147.47 0.0179367 0.018007 0.0179574 0.0179371 0.0182696 0.0179702 0.017965 0.0184917 0.0179787 0.0179368 0.0183382 0.0179367 0.090085 0.0179366 0.0182738 0.199576 166.286 0.0179371 0.0181256 0.0179882 0.0179634 0.0179454 0.0180034 0.0180169 0.0179368 13.9742 0.0179372 0.0181309 0.0179368 0.0180031 0.0179528 0.0189002 45.0981 0.017937 0.0179366 0.0180055 103.641 0.0180923 25.4517 130 0.017939 0.0180474 0.0179695 0.01795 12.8456 0.0179758 0.0179368 1.56359 0.0179366 0.0179366 0.0179366 0.13853 4.90283 107.814 0.0179366 0.0179394 0.0179372 0.0179969 0.0179597 0.0185001 0.0223478 0.0179722 0.0206369 0.0181132 0.0179417 0.0198536 0.0180965 0.0182977 0.0179366 0.0184494 0.0199292 113.747 0.0179373 0.0181815 0.0182186 0.022657 0.0179513 0.0221978 0.0179367 0.0188456 0.0200849 0.018345 0.0180725 0.0189884 0.0375757 0.0181239 0.0180029 0.0209726 0.0353461 47.527 0.0179366 0.0339977 0.0179392 0.0182861 128.186 0.0179366 0.0185613 0.0180668 0.0185075 0.0180078 0.0315386 0.0909889 0.0184607 0.0179423 0.018258 0.0179415 0.0205392 38.3679 2725.96 0.0179374 0.0187547 0.0179859 0.0179367 0.0182051 55.6361 0.0179381 0.0179372 0.0203873 0.0179593 10.7335 0.0192227 0.0179491 0.0179366 0.019466 0.017937 0.0179367 0.0179369 0.0180609 0.0179442 0.0179366 0.0184991 0.0179737 542.677 0.0179366 25.5152 102.788 0.0182778 0.0664081 0.0179366 0.0179366 0.0180263 0.0179367 0.0179701 0.0181897 0.0180087 18.1717 0.0179372 0.0179367 0.0183369 0.0179366 0.0180018 0.0187328 0.0179494 0.0186523 0.0179366 0.0187698 0.0179369 0.0179369 0.0181727 0.017943 0.0184793 0.120137 0.0179852 0.0181221 0.0180161 0.017945 0.0179756 5.5746 0.0179372 0.0189497 0.0179524 0.0183563 0.0179596 0.0179449 0.0179383 0.0180593 0.017937 0.017937 0.0180187 0.0179416 0.0179466 0.0260258 0.017939 0.0179366 0.0181175 0.0179572 0.54293 0.0180917 0.0179366 0.0179372 0.0180525 37.545 0.0184809 0.0179366 0.0181245 0.0303955 0.0238849 0.0285729 16.341 136.144 0.0182082 0.0185841 0.0179391 0.0179715 0.0399706 48.8084 0.0179413 0.0223105 0.0179373 280.75 26.0732 0.0179383 0.0179821 0.0765661 0.0179378 0.0180961 0.0181233 17.6171 140.391 0.018061 0.0185811 0.0215052 49.1632 0.0179371 0.0190493 0.0179393 18.7902 0.0199354 0.0179503 18.7888 0.0199684 0.0179368 0.0179476 0.0179367 0.0179688 21.5994 0.0181896 0.0179419 0.0180252 0.0179385 0.0179375 0.0179366 0.0179462 0.0179411 0.0179572 0.0179387 16.4488 0.0179366 0.0179387 0.019315 0.0180146 0.0179493 0.0252058 12.7817 0.0181746 0.0179366 0.0179908 0.0180277 0.0179369 5.23092 0.0179369 0.0179763 0.115753 0.0433636 0.0364406 1341.33 0.0180607 0.0179368 0.0179367 0.0179371 298.058 0.0179425 0.0179698 0.0179371 0.0179401 0.0179484 0.0179503 0.0179442 0.0179369 0.0181891 788.684 214.754 0.0179451 83.3842 0.0179975 0.0179818 0.0284325 0.0179366 3.47597 0.317811 0.0179368 11656.9 0.0179878 0.0191993 6.71876 0.0187568 0.0251138 0.0179368 48.7789 0.0179366 0.0179722 0.0179425 0.0179366 1.17736 0.0181083 10.3369 0.072689 0.0179473 0.0179403 0.0179366 0.0179371 0.0236978 0.0179368 0.0179374 0.0179578 2.00222 0.0179366 123.92 0.0179545 0.0179373 0.017973 0.0179366 0.0180092 0.0179907 39.3551 0.0179367 0.0192533 0.0179454 0.0179366 0.0179369 0.0179368 0.0179946 0.017937 0.0180304 0.017981 4.17488 0.0179366 0.0179366 0.0179772 0.0260401 0.0180002 0.0179367 0.0179369 0.017962 0.0179367 0.0179769 438.304 0.0179946 0.0179372 0.0181515 0.0179574 0.0180181 8.40323 0.017938 140.498 0.134313 0.0180611 0.018012 0.0199402 250.506 0.0181698 0.017938 0.017938 0.0179366 0.0180966 0.0179367 63.8059 0.06396 0.0179368 0.0310349 0.0181066 0.0181779 0.0271853 0.0179997 0.0179414 0.0179366 0.018026 0.0180876 0.0179517 0.0179431 0.0179366 0.0180242 435.868 0.0179366 0.0179366 0.0198673 0.0179382 0.0179697 0.0181126 186.075 0.0182885 39.7868 0.0179475 0.0180463 67.0315 0.0179608 0.0179763 0.0183679 0.019179 79.3656 5.33231 0.017937 0.0179669 0.0179374 0.0180275 36.8666 0.0179774 0.017965 0.0197865 0.0180003 0.0180492 0.0187106 0.0179367 0.018112 0.0179366 0.017983 0.0179397 0.0191476 0.0179383 41.4605 242.996 0.0179405 21.8245 25.554 0.0179841 343.09 0.0205596 0.0179419 8.69888 0.0284343 0.0180002 11.7462 0.0180213 0.0179455 0.0181548 0.0199436 0.0179366 0.0179907 0.0179374 0.0179371 0.0180161 0.0179366 0.0465897 0.0200243 0.02052 0.0185812 0.0179373 516.572 0.0179687 0.017937 15.7648 0.0179368 0.0180919 0.0180035 0.0181745 0.0179373 494.939 48.8901 157.222 0.0179656 0.0179374 156.214 0.0181028 0.0184597 0.0188693 0.018716 0.0182747 24.2893 92.3848 0.0217499 0.0179366 0.0179436 0.0179469 0.0179366 1.30419 0.0179434 0.0289884 0.0252785 0.0179373 0.0179366 0.0179369 0.0181162 0.906413 0.0179385 0.0179485 0.0181213 0.0179367 2.14278 0.0179562 41.0549 0.0187651 0.0180905 189.569 0.0179379 0.0248969 0.0179789 0.0186396 0.0215494 0.0179371 0.0194755 31.4211 0.0179768 0.0234124 0.0181064 0.22073 0.0179769 44.2017 0.0254907 0.036491 0.018057 0.0180363 0.0180352 0.0179366 0.017937 0.258123 0.0180714 39.2597 0.0179465 0.0179665 0.018019 0.0182849 0.0209537 0.0179384 0.0179408 0.0179375 0.0179366 0.0180713 0.0179425 0.0263437 0.018051 0.0179807 0.0180406 0.0179691 0.0181864 0.0179366 0.0208817 0.0182629 0.0179633 0.0181636 2.30459 37.95 0.0179369 0.018109 480.363 0.0179399 2.86552 9.12498 0.0179686 0.0179382 61.9278 0.0185129 0.0179372 17.102 0.0179484 0.0179366 0.0179705 0.0180475 0.0179368 0.0179377 0.0180049 0.0179366 0.0181466 52.0878 0.0269396 49.3871 0.0183556 0.0179784 0.0179541 0.018575 0.0184957 0.0179368 0.017939 0.0179453 0.0179427 0.0179366 0.018297 0.0180127 51.6464 0.0180643 0.0179442 171.074 0.0191679 0.0179378 0.0179367 0.0181477 0.0184083 0.0192387 0.0179391 0.0180029 0.0179366 79.5913 0.0181518 0.017937 5.33227 0.0180141 0.0179367 0.0179716 0.017953 14.0172 0.0179367 0.0179367 0.0179368 0.0179366 0.0179366 0.0179375 0.0179366 0.0181348 0.0249935 0.0179844 0.018258 0.125748 0.0179368 0.0179442 0.0179381 0.0179479 0.0184712 0.0180049 5.23376 0.0264446 0.0179524 0.0179907 0.0180892 0.0179389 0.0179366 0.0179366 0.0179397 0.0179373 4.06663 0.0179645 0.215666 1.00736 0.0179367 0.0179366 0.0187511 0.0179366 0.0179368 0.0179845 0.017989 0.0180869 0.0179366 0.018026 18.0465 1.21234 0.0179376 0.0180986 0.0191598 0.0180576 0.0188408 0.0179505 0.0179367 0.0179368 0.019304 0.0179599 0.0180121 0.0180056 0.0179367 0.0179931 295.188 0.0179376 0.0179366 0.0179845 0.0184177 0.0180031 0.0213234 0.0179638 0.0180908 104.348 0.0179842 0.0179659 88.9623 87.5774 299.737 1.21167 10.3437 0.0179371 0.019477 33.0963 0.0293802 0.019688 0.0180188 0.0179398 0.0179603 2.66298 0.0180625 0.0179925 0.0180954 0.0179734 0.0184616 0.0180519 0.0182208 0.017987 0.018304 0.0181052 27.8243 0.0179644 9.40993 0.0179366 0.0181015 0.0179366 0.0182971 0.0181004 0.0179367 0.0181211 0.0179903 0.0179391 32.5358 4.26643 0.0179925 0.0179782 0.0179399 0.0185051 0.0179369 0.0179677 0.018627 0.0179373 0.0179878 0.0179458 0.0179366 41.7894 0.0179367 0.0179549 0.0179749 0.0179519 0.0179383 17.2894 25.4472 0.0181253 0.0179471 0.0179473 250.047 0.026989 0.0179366 0.0202901 0.017949 0.0179371 0.0179976 0.0181512 0.0179368 0.0179842 0.0181986 0.0179367 292.858 0.0376389 0.0179554 0.0179366 0.0179903 0.0202788 0.0179367 0.0179557 0.0179373 0.0179374 0.0179419 1.17064 0.0179388 0.0763392 0.0180049 0.0179366 0.0179366 0.0179366 0.0179375 0.0179398 0.0179373 0.0179394 0.0180258 0.0255618 0.0179368 0.0179382 0.0186613 0.0180052 0.0179686 0.0179678 197.534 0.0179366 68.7303 0.0185387 0.616809 0.0187854 0.018014 244.254 0.018754 0.0181125 0.0186852 0.0180469 0.0179366 0.0179927 0.0179396 0.0180456 0.018011 0.0180018 0.0179378 0.018043 0.0180481 0.0179368 0.0276498 0.0193475 0.017972 0.0181846 0.0179366 0.0209721 0.017953 0.0185268 0.249103 0.0180522 0.0179406 0.0180243 0.017937 0.0179369 0.0412966 0.0180902 0.0204951 0.0179386 0.0287444 0.0179371 0.0180265 0.0180992 0.018061 0.0180065 0.0183244 51.6868 0.0179551 0.0185143 0.017938 0.0179367 0.0194607 22.5573 0.0179366 0.0181666 66.7829 339.666 0.0179366 0.0179688 2.43505 0.018166 0.0179366 0.0180758 0.0182414 0.0179367 0.0179369 32.7282 0.0189638 0.0179368 0.017962 0.0227081 0.0179408 0.0179403 0.0179368 0.0209691 0.0179623 0.0179368 0.0257165 0.0179366 0.0179382 0.0179366 0.0179367 0.0181253 19.2186 0.017937 0.0180514 0.0180116 0.0179366 0.0179956 0.017938 0.0179479 0.0179426 0.0179367 0.0180242 0.0179374 0.0181153 0.0247043 0.0179405 0.0180641 0.0179368 0.0198686 0.0221622 0.0179565 15.9441 0.0247079 0.0180395 0.0182568 0.0193169 0.0179411 0.017937 146.796 0.0180381 0.0179763 0.0179382 0.0179545 0.017937 0.018376 55.6528 0.018441 647.381 0.0179371 12.8732 0.0181836 0.017937 0.0181226 0.0179375 0.0405199 0.0214298 0.0179621 0.0179493 0.0179751 0.0205609 0.0179367 0.0179369 0.0184905 0.18909 0.0188626 20.9811 0.0179405 0.0179382 0.0219054 0.0182332 0.0179419 1575.36 0.0182274 0.0180238 125.072 0.0179377 0.0179604 0.0179372 0.0179472 0.0179737 0.0179846 0.0186185 0.017951 195.953 0.0241802 124.722 0.0179374 0.0179372 0.024326 0.0179366 7.12442 2.44705 11.8108 0.0179366 0.0179366 0.0179433 299.401 0.017945 0.0179511 0.0179407 0.0186963 0.0179366 0.0179424 0.017963 553.105 0.0179367 0.0179366 0.0180885 0.0179367 0.0207321 0.0180094 14.6321 24.9043 0.0179374 0.0180266 0.0179366 0.0187573 0.019 0.0180242 0.0179435 0.0256447 0.0262293 0.0179649 0.0179366 0.017937 0.0181563 0.0195027 0.0180105 0.0179636 0.0179403 0.0407798 0.0179366 75.6026 0.0181578 0.0180952 0.0179471 0.0179513 0.0179433 0.017939 0.0180086 0.0180078 0.0188012 0.017937 0.0203735 18.8879 3.97649 0.017941 0.0194798 0.0190161 0.0181918 0.0180609 0.0181061 0.0179528 0.0179414 0.017999 0.0179369 10.0781 0.0793044 0.0181955 0.0180298 124.38 0.0179401 0.0185579 0.0179376 0.0179366 0.0183889 19.5177 0.0181541 0.0179368 0.0179794 0.421098 0.0179392 0.0181923 0.0179394 0.0179402 0.0179368 0.0181484 0.0179369 0.0284312 0.0180172 0.0181104 0.0179381 0.0179369 0.0179991 45.4577 0.0180694 0.0179914 0.0246379 0.0179814 0.0180021 0.0179366 0.0179762 0.0186568 0.542158 0.0180887 0.0181936 14.0176 0.0338411 0.0180554 0.0179433 0.0179366 0.0179419 160.315 0.0182471 0.0180135 0.0184616 18.4729 0.020276 0.0181361 2.61961 0.0179371 113.61 61.333 0.0179369 0.0179998 0.018086 0.017959 0.0179868 86.0059 114.718 0.0179614 0.0179369 0.0179367 7.30014 0.0179387 0.0775692 0.0179527 0.0182024 0.0184927 0.0186019 0.0180244 0.017937 0.017948 0.0185921 0.0179738 0.79447 0.0181016 0.0179366 0.0179366 0.0189677 194.448 0.0181579 0.0179368 0.018214 0.01799 0.0179367 9.23191 0.0192245 35.1451 0.01794 437.669 0.0180118 0.0179366 0.0179404 32.2571 0.0179375 0.0181819 18.5516 0.0180791 0.0179372 0.0179373 0.0714956 0.017998 0.0179813 0.0241038 0.0180725 0.0180128 11.1698 0.0183387 24.1629 0.0180188 0.0179447 0.025342 0.0179384 0.0182301 0.0179373 887.64 0.0179366 0.0179371 0.353682 0.0216777 0.0179376 0.0180737 0.0179375 0.0179401 0.0179369 0.0255426 0.0179464 0.0179367 0.0179371 0.0179769 0.0180001 0.0179403 0.0181264 0.0179508 0.0185103 0.0181024 0.0179613 23.8196 0.018905 0.0179371 15.9939 0.0179495 0.019284 0.0179366 0.0211974 0.0179675 0.0180055 0.0179374 0.0189386 0.0179366 0.0182155 666.248 0.0179396 21.0055 0.0179408 0.017937 0.0182771 0.0179366 0.0181564 0.0179798 0.0180278 0.0417152 0.0179367 0.0181278 0.0190758 0.0179375 0.0179366 0.0197344 0.0179389 9.90471 22.8059 0.0180475 0.0179367 0.017968 0.0182953 0.0195649 0.0179367 0.0232478 0.0179366 0.0180563 0.0179366 0.0180444 0.0179384 0.0179373 0.0180221 0.0179366 0.0213298 19.5394 0.0179648 0.0213592 0.0181377 0.0179375 0.0179898 0.0179458 93.5811 0.0179625 0.03602 0.0179445 12.9731 0.0180118 0.0179369 0.0179912 30.2735 0.0179758 0.0179366 37.6631 0.017982 0.0219887 40.7233 0.0180188 0.0182885 0.0179368 84.6169 0.018029 0.017937 0.0179366 0.0182809 0.749629 0.0179366 0.018014 0.0647563 0.0179412 0.169642 9.64121 0.0180273 0.0179454 0.0180001 0.0180353 0.0179494 0.020963 92.5386 0.0179368 0.0179579 0.0179372 0.0179379 0.0179878 0.017937 0.0183193 0.0179371 0.0181097 51.5278 0.0179475 0.0189009 0.0179437 0.017937 0.0180413 0.0204552 50.7763 0.0179369 0.0190955 0.0179377 0.0359632 0.0196539 0.0179899 796.416 0.0181839 0.0179366 0.0179379 0.703794 0.0375549 0.018281 0.0180852 0.0179721 0.0180762 0.0179367 0.0179369 0.0179576 7.78161 0.0179366 142.916 0.0180075 0.0179563 0.018421 0.0180842 26.4236 0.0230942 0.0179375 0.0180031 0.0208733 0.0179366 0.0179366 0.0179831 84.3326 0.0179368 0.0179418 0.0179367 0.0185124 0.0179368 22.0192 0.0179767 0.0179368 0.0179451 0.0179842 0.0181394 0.0179429 0.0179908 0.0179366 11.5598 0.0179367 0.0179392 0.0230456 0.0179406 0.138241 25.6728 0.0180615 0.0179368 0.0180126 0.0622199 0.0179674 0.0179538 0.0369967 6.35099 261.401 4.90749 0.0182623 64.5927 0.0183145 0.025696 0.0180305 0.0179419 0.0179974 0.0263422 0.0219394 0.0179369 0.0182329 0.0200704 0.0179509 0.0179605 0.0254938 0.0179899 0.0179451 0.0179447 0.0187995 0.0179386 0.019819 0.0182972 0.01795 0.0179807 200.156 0.0179366 0.0184489 0.0179366 0.017937 0.018611 0.0179366 0.0179368 0.0179366 0.0179366 0.0179592 0.0179366 0.0185185 0.0184841 0.017941 0.0183771 0.0179708 2.21508 0.018576 0.0189201 0.017937 57.3286 0.017978 0.0180023 0.0179727 0.0179461 0.0179372 0.0179379 0.0179676 10.0583 0.0179369 0.0184044 0.0180225 0.0179367 0.017939 0.0180891 0.0179493 0.021364 0.017981 0.0179384 0.0180662 0.0179366 0.0182152 0.0185832 0.017961 0.0180308 15.8396 0.0181777 0.0179368 0.0179366 0.0179366 0.0189085 0.0179373 0.0180852 0.0179816 0.135231 0.01798 0.0179369 0.0182003 0.0179489 0.0179406 0.0179943 0.0179443 0.0181588 0.0190929 0.017998 0.0181569 524.053 0.0179366 0.0179561 0.0179434 0.434342 160.068 0.022029 0.251533 0.0179971 82.6553 0.0179377 0.0244643 0.0204171 0.0179369 0.0179366 0.0179385 80.2292 0.017941 0.0181024 0.0179366 0.0179367 39.8911 0.0179367 0.0179366 0.125105 0.0181119 0.0180328 0.0179781 11.8268 0.018975 0.0179369 0.0179906 407.24 0.0179389 0.01799 0.0179673 0.0180298 0.0181404 0.0179368 0.0185832 0.0180126 0.0180205 0.0180813 0.0179366 0.0181674 0.0179767 0.0185029 14.9259 0.0181603 0.0179397 0.0179418 0.0179369 0.0179923 0.0179402 0.0179412 0.0179426 0.0182381 0.018073 95.7938 0.0179407 0.0179402 0.0179368 0.0182233 0.0194379 0.0186948 38.0114 0.018072 0.0492471 0.0179374 0.0192648 0.017937 0.0400495 0.0179388 48.0515 216.394 0.0179476 0.0343477 0.0179382 0.0181039 0.017937 0.0179375 0.0179367 0.0182637 18.5587 0.0180065 0.0179366 0.0182574 2.70258 0.0179366 0.0179366 90.0741 0.0179896 0.0244753 0.0179624 0.0180369 0.0180105 0.0179882 0.0179676 0.0179377 0.952193 0.0180549 0.0179375 0.0179377 0.0179367 0.0179472 0.0179398 33.5665 0.0179382 0.017966 0.0371021 0.0179372 131.847 0.0180145 0.0179366 0.0243665 0.0198195 0.0181609 0.0179372 0.0181047 0.0191189 0.0179367 3.23027 0.0179394 0.0181048 151.819 26.0899 2.40858 22.0499 0.0447239 0.0182889 0.0179368 0.0181429 0.0179488 0.0194683 0.0187289 250.03 0.0179367 0.202655 0.0179776 0.0179367 0.0186289 0.0179371 0.0179493 5.09171 0.0212908 164.561 0.0179367 0.0179367 0.0180914 35.909 0.0179574 0.017938 0.0182394 0.0183055 0.0180342 0.0179366 0.0207126 209.108 0.0179695 0.0179368 2.36075 0.0179556 0.0442866 38.4873 0.0179771 0.0179586 0.0179815 0.0186115 0.0179401 0.0179367 214.009 0.0179485 0.0180826 0.0179367 0.0179389 0.0179622 23.6384 0.0179393 308.16 0.102629 0.137925 0.0184889 0.0179576 0.0179807 0.0186004 6.80791 0.0181013 0.0179931 0.0179366 0.0188023 358.371 0.0179401 0.0179378 0.0180519 0.0179431 0.0345116 0.0179882 0.0180015 0.0179469 0.0179366 0.0205575 0.0181286 0.0180008 0.0179371 178.962 0.0180932 227.28 0.0179392 0.0181746 0.0181052 0.0179366 0.0182873 0.0179392 0.0179953 0.0179406 0.0179392 0.0179379 0.0180052 0.0179367 0.0200999 0.018138 0.017948 0.018011 0.0180097 0.0319883 0.0179932 0.0179882 0.0179539 0.0179516 0.017944 0.0179676 133.356 0.0183642 0.0205635 0.0180805 0.0179889 0.0766171 0.0179751 0.0181834 0.0180138 0.0180162 0.0179366 0.017949 0.138599 0.0179366 0.0179742 0.0179669 0.0179367 0.0179676 34.2018 0.0179375 17.9941 0.0180657 0.0185915 0.0179366 45.4611 0.018392 0.0179366 0.0208741 0.0179368 0.0179368 162.31 0.0180371 0.0257665 0.0179677 0.0179367 0.0179373 587.758 0.0249413 0.0179402 29.7826 0.0182971 0.0192815 0.017939 2.08347 0.0181813 3.03609 0.0187741 0.0179951 6.40397 0.0179366 0.0179366 17.2825 0.0179396 0.0180095 0.0457415 0.0179629 0.0179456 0.0180356 0.0235005 0.203643 0.0179454 0.0180617 1.48794 21.037 0.0179412 0.0179368 2.15451 0.0182579 0.0179366 0.017937 0.026391 0.0179368 13.7974 0.018079 0.0179502 0.0179769 0.0180088 0.0181789 477.406 0.0179525 0.0179992 0.0179368 0.0187675 0.023854 165.537 44.3858 0.0181186 0.0179366 0.0179367 0.0180707 248.119 0.0179367 0.0185036 0.0183507 0.0181463 0.0180437 0.0407272 0.0179377 0.0180206 0.0179832 0.0179366 0.0179369 0.0179366 0.0186115 0.0179377 75.4555 0.0179367 0.0179371 0.0185881 0.0179397 0.0398703 0.0180843 0.018944 0.0179901 223.118 0.0183881 20.3781 0.0180591 0.0179907 0.0194801 0.0179367 46.5379 0.0179495 20.3205 0.0179546 0.0179366 135.471 0.017999 0.0181444 0.0181046 0.0180479 0.0179368 0.0193416 0.0181605 21.0782 0.0179366 0.0179384 0.0179385 0.304984 0.0199453 0.0179373 18.6577 0.0186834 0.0179398 0.0179527 689.706 0.0181747 7.25825 60.2222 0.0179368 521.669 0.0370602 0.0180256 0.0179673 0.0179487 0.0179906 0.158773 0.0179717 0.017937 0.0488373 6.9368 2085.07 47.4646 0.0184906 0.017937 38.4222 0.0184324 0.0179508 0.0179367 0.0179367 61.5437 0.018271 25.9 0.0436375 0.0179393 16.003 213.784 77.3517 0.0179457 0.0179445 0.0179569 0.090594 0.0186675 0.0179739 0.0180382 0.0179374 0.0182085 0.0179731 0.0179366 0.0179389 0.0179367 0.0179368 0.0179721 0.0179426 190.643 0.0180195 0.0182923 0.0193885 0.0179827 0.0179368 0.0179457 0.0179366 169.14 0.017937 0.021461 0.017937 0.0179367 0.109181 0.0179366 0.0179393 0.0179794 0.0179721 0.0180986 0.0179383 0.0185008 55.2135 93.0636 0.0207059 0.0179366 0.0212167 14.9238 0.0180739 0.0672065 6.79681 0.0179378 0.0179898 0.018042 0.0179791 0.0181445 0.017967 0.0179366 234.448 0.0179715 0.0179775 14.2279 10.4602 0.0179396 0.0179372 0.0179405 21.6143 0.0179369 0.0179381 0.0273406 0.0179907 0.0179366 113.116 0.0239359 0.0308767 0.0784921 0.0180495 0.0187665 0.018026 0.0179483 0.0179366 0.0183123 0.0180254 0.0180533 0.0179836 0.0179513 15.36 0.0179366 0.017999 0.0180191 0.0179382 0.018171 0.0179368 0.033557 0.0180794 0.0179371 11.1034 22.9931 0.0179407 87.2591 0.0180103 4.55901 0.0180591 0.0179981 0.0179587 0.018133 0.0188841 0.0180344 0.0179515 0.01858 0.0179367 48.6182 0.0795424 0.145766 0.0181718 0.121052 0.0179569 0.0179376 0.0179769 0.0179367 69.6079 0.0179439 0.0180346 1.29431 0.0179368 222.894 0.0209556 0.0179617 0.475498 97.2175 0.0179374 0.0179375 210.018 0.0179366 0.0181515 0.0186115 0.0179366 59.5159 0.0179484 0.0235406 0.017937 0.0179402 0.0179366 0.0179382 0.0181558 0.0179371 0.0181024 5.57544 0.0179456 0.0184821 0.0218663 0.0179434 0.0233101 0.0181141 14.0451 0.0179366 0.0199959 0.0326069 0.0365278 0.229963 456.992 3.12949 0.0182708 0.017938 217.027 0.0770172 0.0180174 0.0179384 0.0179366 0.0179394 24.3939 0.0179368 0.0179366 0.0179371 0.0389509 0.0181726 0.0179385 0.0179368 0.0179865 0.0179546 0.0179394 0.0179529 0.0179473 0.0181933 0.0179463 271.429 14.027 0.0179388 0.0179528 0.0181542 0.0179371 0.0180179 0.0179366 45.0291 0.0179432 36.1331 0.0179366 41.4308 0.0179395 0.0184596 0.0179377 0.0199221 0.140684 0.0179373 0.0227365 0.0179412 0.0179366 0.0179465 0.0180797 0.0179367 0.0179378 0.0179366 0.0198604 0.0183529 0.0179451 0.0228233 219.111 0.0179719 0.017937 0.0179658 0.0179366 0.0179798 0.039408 0.0184527 0.713466 0.017982 0.0179369 0.017964 0.0179381 0.0179464 8.04931 0.0179366 0.0179861 0.0179388 0.0241485 0.018467 188.922 0.0180295 0.0179542 124.377 0.0189518 0.0181798 0.0179496 0.0179384 0.0179613 11.1565 0.0179369 0.0179444 0.0179367 0.0179371 0.0179956 0.0183935 1.6236 120.497 0.0180146 0.0179369 0.0179627 0.0179369 0.0194036 0.018092 0.0180661 395.015 0.018017 0.0179375 0.0179373 0.0179404 0.0180049 0.0179381 0.0179395 0.0180794 0.0179432 0.0179366 0.0202682 0.0179474 0.366067 0.0179373 0.835854 0.0179384 0.0183997 0.0179629 0.035028 217.204 0.0179378 0.0179383 0.0182985 0.0179368 0.0179415 0.0179401 0.0180763 0.0179374 0.0180373 6.3538 0.576352 0.018446 102.095 0.0179583 0.0179456 0.0179366 0.0179366 0.0180299 209.366 184.817 0.0179594 0.0179478 0.0180777 0.0179373 0.017937 0.0179487 0.0179793 0.0179373 0.0179369 0.0179426 0.0179439 0.0179553 0.0179368 0.0184236 0.0179394 0.0180065 0.017937 0.0179456 137.755 0.0181236 0.0179573 0.0179581 0.0179541 0.0179472 0.0477009 0.0179369 0.017947 0.0179868 0.0179366 0.0188305 0.0186971 20.578 84.5959 0.0180272 34.2332 0.0179421 0.019152 0.0179367 0.0182814 0.0180493 0.017943 0.0180027 0.0179366 0.0180143 44.9298 29.8303 0.0179708 0.017937 0.0179405 17.8053 0.0197673 0.0179366 0.0179597 298.843 0.0194736 0.0180039 0.0179366 0.0179368 0.017968 0.017937 0.0179695 116.918 0.0180131 0.0180174 0.0216525 217.715 0.0502575 0.017937 0.0201475 2.21716 0.0182634 0.0179366 0.0179539 0.0188186 0.0180074 148.109 69.6981 0.017981 47.5613 0.0180674 0.0179369 0.0269868 0.0179392 0.017937 0.548204 0.0197958 0.0179366 0.0181081 0.0183797 0.017945 0.0179553 0.018088 0.0179759 0.0179373 0.0179963 0.0180023 0.0181284 63.1855 0.0179367 0.0179383 21.5993 0.0179683 0.0187671 0.0195177 0.0185894 0.0179366 0.0279578 0.0205718 0.0180098 0.018942 0.0182362 0.0186319 0.0179453 0.0309805 0.0209684 0.0181015 0.0182571 0.0179805 0.0500505 0.0179382 234.401 0.0179368 0.0179388 41.4089 0.0184143 54.8144 0.0179429 0.0179366 0.0179371 0.0179368 0.0179366 41.6795 0.017946 0.0179366 0.0179369 0.0179366 148.56 0.0179366 0.0179424 0.0183301 0.0179374 0.0181765 0.0179368 17.2825 0.0179938 0.0180372 220.875 0.0179463 0.017963 0.0179372 0.01796 0.0179369 0.0179672 0.0179383 0.0179367 0.0194635 0.0180414 0.0179428 0.079261 0.0216856 0.0179366 0.0180282 0.0183969 38.2209 0.0179537 0.0180004 30.0014 0.0179366 0.0187623 0.017971 0.0179376 0.0179366 0.0179874 0.0181225 0.0179602 0.0180314 0.018151 0.0182899 0.0179376 0.0746015 81.7309 0.0179646 129.095 0.0611363 0.0180111 109.203 0.0179403 30.534 0.0179368 0.0207571 40.6636 0.0208729 0.0179366 0.0179442 0.0218939 0.0179366 0.0180179 1.50328 0.0447916 47.0915 0.0181346 337.551 0.0181631 0.0182544 0.0179366 0.0179366 0.0179419 0.0179369 0.0187663 0.0227195 0.0226886 0.0179366 0.0206812 0.0179366 0.0179368 0.0185183 0.0179429 0.0179369 0.0179552 0.0192667 0.0179366 0.0179862 0.0179392 0.018181 0.0179377 0.0179366 0.017937 0.0179723 0.0180213 0.0194362 0.0180425 0.0179579 0.0179687 0.0179366 0.0179815 0.0180939 0.0179761 0.0179899 0.0179728 0.0183707 14.0829 0.0181344 0.0179373 0.0179374 0.0179371 14.2805 0.0179366 0.0179386 0.017961 236.396 0.0179368 0.0180206 0.0179367 0.0179366 0.549407 38.7182 0.0184925 0.0179377 0.0179553 0.0901739 0.0179366 0.0180294 0.0179371 52.9935 0.0180155 10.8029 0.0183704 0.0179373 0.0183337 0.0179367 0.017937 0.0269822 0.017943 504.016 70.9488 0.0179366 0.0179852 0.0179454 0.0179748 0.0179366 0.0201975 0.0179369 0.0179366 0.0191978 0.0179367 0.0179366 17.7429 0.017941 0.0179492 0.017991 0.0179846 0.017994 0.0179387 0.0179367 0.0189506 0.0184645 0.017937 0.0179425 0.0179399 0.0180943 0.0179573 0.0182958 0.0179366 90.6411 0.0181971 0.022438 27.7561 0.0179373 0.0179443 0.0231937 0.0449014 0.018388 55.4409 0.0179366 0.0179382 0.0181894 0.0183543 0.0179367 0.017987 227.77 0.0179617 0.0180127 0.0181652 0.0179433 0.123288 0.0763482 171.664 0.0179764 0.0179641 0.0179825 0.0179366 0.0179367 0.0179367 0.0187435 0.0179366 0.017937 0.0180108 0.0179368 597.57 0.0179366 0.0179421 0.0181817 0.0179853 0.0179405 0.0183654 0.0179435 0.0180188 0.0205296 0.01816 0.0179638 0.0969458 0.0180111 0.0273457 0.0179366 0.017945 0.0179828 0.0266255 0.0179366 0.0179963 0.101202 122.12 0.0179368 0.0179544 0.0313595 139.174 0.0179367 0.0179379 0.0193395 0.0179368 0.017981 0.0179366 0.0181781 0.0183171 0.0179487 0.0180695 0.017969 0.0183335 0.0290701 0.0179368 0.0179366 5.48255 0.0179745 15.153 26.4305 0.0179366 0.0180794 0.0179368 22.9608 0.0180858 0.0179368 0.0181472 0.0179456 0.0179433 0.0181988 0.0179397 0.0180479 0.017937 0.017939 0.0179433 0.0182077 0.017937 0.0179366 25.4073 0.0179382 102.59 0.0182078 0.017937 0.0193425 0.0179372 0.0179575 0.0193111 0.0179369 0.0179393 0.0179686 0.0181531 0.0180179 0.0181456 0.0179372 0.0545819 0.0183511 0.017937 17.596 176.82 0.0179692 0.0179377 0.0217516 0.0179366 0.017937 0.0179385 0.0240437 0.0179438 0.0180236 0.0179367 0.0269831 0.0179372 0.0179369 0.0180074 0.0179626 0.0179976 52.1963 0.0179798 0.0215066 16.8098 0.0179392 0.0187464 0.0179564 0.017982 60.6395 0.0179521 0.0179656 0.0190819 0.0187828 0.0180353 0.0179366 0.0179367 0.0179559 12.7577 0.0179367 0.0179366 0.0179368 0.0196344 0.0179665 0.0193161 0.0179896 2.92927 0.0180637 22.0562 0.0180131 54.4464 0.0179379 0.0179844 189.29 0.0179385 0.0180279 538.386 108.448 0.0235346 0.14221 0.0179366 0.0248281 0.0179366 0.0179369 0.0179537 198.345 0.0179371 0.0180761 0.0179366 0.0180815 0.023768 0.0180636 0.0180428 0.0199994 0.0179981 39.1944 0.580029 0.0195806 0.0541282 0.0179366 0.0181266 0.0181728 3.29393 0.0180313 0.616766 0.0179767 0.0179468 0.0179366 0.0549033 28.5099 0.0198337 0.0182872 350.082 0.0179367 0.0179367 0.0179367 0.020188 0.0179384 115.728 33.1321 0.0200971 0.019057 0.022138 0.0179394 0.0179366 0.0183593 0.0330785 68.7504 0.0180644 0.0185824 0.0179554 0.0187115 0.0179695 33.563 0.0179645 0.0179449 0.0196557 38.5879 0.0179677 0.0179368 0.0186277 0.0179404 0.0179465 0.0185843 0.0179367 0.0179367 0.0180589 0.0179611 0.0180144 0.0179456 0.0179366 0.0179374 0.0182057 0.0186058 0.0182601 0.0179369 0.018026 0.0179375 25.072 0.0179615 0.0209232 0.0190054 0.0187241 139.112 0.0179408 0.0180682 0.0182113 0.0179632 0.0179487 0.0179366 0.0360665 0.0179368 0.017937 27.6333 0.0186359 0.0184366 97.2973 0.018064 0.0226794 37.4152 0.0521054 0.0189007 0.0179407 0.0179369 0.0183557 0.0183314 1.13681 0.0179373 0.0179565 0.0182741 0.0179376 0.0231172 42.9648 0.0179384 0.0179421 0.0179648 143.356 0.0180232 0.0179389 0.0185619 0.0296128 32.1512 0.0179521 0.0179388 0.0179944 0.0179371 0.124856 0.017955 0.036274 3.46686 0.034152 0.0274576 0.0179492 0.0179366 0.0179368 0.0179554 0.0181446 0.0182305 23.1584 0.0180543 0.019652 0.0179387 0.0180731 0.0180327 0.0179414 0.0179368 0.0201819 0.017937 0.0179372 0.0179372 0.0179372 184.549 0.0179884 0.0306105 0.0185227 0.017952 0.01794 0.0182884 0.0180794 0.0180141 0.018801 0.0180571 0.0179483 55.0615 0.0180015 0.0180049 0.233343 0.0179366 0.0180039 0.018368 0.017942 0.0182284 0.0219873 0.017938 0.017937 0.0179544 0.0179367 0.0183057 0.0990155 0.0184208 2.3057 0.0179383 0.0179367 0.0179454 0.0179367 124.587 0.0180427 0.0180169 0.0179366 0.0179371 0.0180649 0.0179367 0.0179591 0.0179366 120.402 0.0179368 0.0179377 0.0179366 0.0179528 0.0179516 0.0179376 0.0179381 0.0179969 0.0179366 0.0183754 0.0179404 0.0179466 36.6854 0.0179374 37.8579 0.0179435 0.0179367 0.0365392 0.017938 208.675 0.019425 0.0195093 0.0179366 0.620949 0.232176 3.34121 0.0192234 0.0179379 0.0179367 0.0179403 0.0181053 0.0179808 0.0181073 0.0180052 0.0179473 0.0179421 0.0179385 0.0179492 0.0180029 21.5993 0.0179461 0.018108 0.017937 0.017943 0.0180353 0.0180542 0.0182876 0.0179367 0.018032 0.018769 0.018 0.0182279 0.0180228 0.0179366 0.018009 11.1017 0.0180199 0.0185672 0.0180424 0.018416 0.0212538 0.0184778 0.0179472 0.017937 17.9826 3.0606 0.0179532 0.0180239 0.0703026 0.0181215 0.0180566 0.108126 0.0179496 0.0180102 0.017944 0.0182802 94.9399 0.0179626 0.0179858 0.0179407 0.0285675 0.0179368 0.0412538 0.0399761 0.0180698 43.9105 597.889 0.0195767 0.0199285 0.0183416 23.1444 0.0179457 0.0179972 0.0183513 0.0179698 1689.56 0.017937 15.7645 0.0179369 1.24182 15.4062 0.0179367 0.0179468 0.0179367 30.7245 0.0179373 0.0181739 0.0179472 0.0184996 0.0179473 0.097065 0.0200741 0.0191057 0.0179412 0.0180157 0.0179748 0.0179402 0.0179435 0.0179774 0.0179366 0.0230803 0.017937 25.1886 0.017953 0.0180111 0.0179372 0.0179411 0.0181053 0.0179405 0.0179366 0.0180725 28.7692 0.0180213 0.01903 0.017938 0.0182154 0.0179516 0.0244684 0.0179385 0.0182403 139.688 0.0180211 0.019557 0.017944 0.542974 2.08381 0.0179382 0.0181919 17.8315 0.0179666 0.0179413 128.016 0.0179472 0.0179385 21.5404 0.0179368 0.0179773 0.119966 1066.86 34.1934 0.0179721 0.0179387 0.0182591 0.0892567 0.0179367 0.018241 0.0179366 0.0179521 0.0259051 28.2932 1.51269 0.0271318 0.15436 0.017937 0.0179781 376.739 0.0195696 19.2186 0.0179368 0.0179373 0.0179411 317.27 0.0180472 0.0179432 0.0179579 35.0798 0.0179457 0.01798 0.0179366 0.0179367 0.018297 0.0180589 0.0179379 0.0485914 0.0182786 1.0895 0.0193957 0.0179593 0.0179366 0.0546133 32.4813 0.0181783 0.0180998 0.0187019 0.0179867 0.0179398 0.0829136 0.017971 0.0179407 0.0179628 0.0181626 0.0180136 51.3662 356.29 7.34626 0.027161 0.0181003 0.0181966 716.591 0.0181676 0.118416 0.018094 0.0179371 0.0181473 0.017944 0.0180291 0.0179442 0.0179465 0.0179412 0.0179368 0.0179453 0.0179381 0.0179367 0.0179893 0.0179504 0.0184461 0.0179513 0.0186499 0.0179524 18.6754 0.0179366 0.0179573 0.0180599 0.0179368 0.0286203 0.0180242 0.0183684 0.017952 0.0179373 0.0179599 0.0185796 0.0179497 98.8204 0.0179401 0.0241768 59.6182 0.0179775 0.018961 0.0179993 0.0179704 0.0244802 117.256 38.9623 0.0179724 0.0179409 0.0179369 0.0202419 0.0179367 0.0179409 0.053728 167.71 0.0179676 0.0179366 0.0179369 0.0179441 0.017978 0.0179366 0.0213797 39.7801 0.0505967 0.0179375 0.017937 0.0179368 0.0179462 0.0179694 0.017999 0.0179451 0.0179371 0.0179369 6.78641 0.0180404 0.0179387 116.959 0.0179822 0.0179372 0.0179811 0.017937 0.0180494 0.0180228 0.0179539 0.0179488 0.0179374 0.0179534 0.0182179 0.0179574 69.602 0.0179483 1.92322 0.0183348 0.0183272 0.08244 0.0179366 0.0183045 0.0179367 0.0179699 0.0180911 642.623 0.0179418 0.0239074 56.6094 0.042212 0.0188687 157.483 34.5701 0.0179375 0.0179398 0.0179367 0.0179722 0.0179769 0.0179488 0.269617 0.0179395 0.0179393 0.0180639 0.0182805 74.664 156.026 0.0180433 0.0181028 0.017944 0.0179969 0.0238238 0.0179375 0.0181357 0.0179377 0.115359 0.0181032 0.0179609 93.1607 0.017944 0.0179368 0.0179393 0.0179371 196.347 0.0179443 0.0179424 0.112717 0.0179369 0.0181737 0.0180303 0.0180396 0.0236283 0.017949 0.0179366 0.0180911 0.0179421 0.0531919 0.0179408 0.0200328 1.07848 0.017943 39.7526 0.0179377 53.5468 18.7167 0.0179366 1.38891 0.0179415 0.019827 0.0179375 0.0191101 4.29144 0.019342 0.0179671 0.0207471 0.018258 0.0234993 0.0179968 0.0186169 0.0187864 0.0179367 0.620427 0.0179366 0.0179367 0.0179504 0.0179367 0.0182749 0.0179456 0.017937 0.0179716 128.546 0.0179968 0.0180707 0.0179372 0.0179368 0.01794 305.707 0.0179739 0.0212156 35.9499 0.0179366 0.0179366 0.0182468 0.018336 0.0179436 0.0179732 0.0185586 44.9955 4.27956 26.7995 0.0179368 347.997 0.0198939 1.80217 0.0179371 0.017968 0.017997 1.54506 0.0179366 0.0179946 0.0179369 0.10611 48.8996 47.4637 104.143 0.0179398 0.0179367 0.0179749 0.0180286 0.0181205 0.0206683 0.017968 0.0179968 15.8934 176.618 0.0179367 155.787 0.0240822 0.017951 0.017944 0.0184595 0.0179882 0.0181434 0.0179381 0.0179903 153.295 0.0180138 0.0182929 0.0180109 0.0183106 0.0179563 0.0179373 81.9163 0.0179368 104.268 0.0179368 0.0179368 0.017937 0.0179367 46.7046 0.0201085 0.0179426 0.0179367 0.0181765 0.0179368 0.0181359 179.167 0.0180872 0.0179384 0.0179871 0.0183665 208.257 0.0180674 0.0179374 0.0179433 317.583 0.0179751 88.0531 0.0179368 0.0181408 0.018258 0.019576 0.0198707 0.0179458 0.0179367 0.0179371 0.0185935 0.0180265 0.0179372 0.0195825 19.3301 0.0182668 0.0179388 0.0180171 0.0181627 0.0183493 0.0179367 0.0179404 0.0179366 0.0179366 61.697 0.0190663 19.8847 0.0179368 0.0179366 0.0181262 0.019456 0.0179974 0.017961 0.0179372 0.0179393 0.017972 0.0180187 0.0179763 0.0215098 0.0211155 0.0180528 0.0186512 0.0901822 0.018032 0.0179454 0.0179366 0.0179366 3.77764 0.0182642 0.0197957 0.0183113 0.018078 0.0179369 0.0327251 0.018006 15.5615 0.0183958 0.0179377 124.744 8.33556 0.0181841 305.886 0.0179607 0.0186431 0.0179502 0.0468317 0.0180284 0.0179763 0.0179572 0.0179522 0.0179546 0.0179451 0.0506407 16.5488 0.0179502 0.0179367 2879.57 0.0179558 0.0181581 0.0179367 0.0179367 0.0179394 0.0179366 0.0179371 0.0179369 0.0179366 0.0179469 0.0181854 0.0179367 0.0179367 0.0180353 0.0179619 0.0179371 78.0842 0.0180064 0.0179367 184.492 0.0179435 15.4437 0.0202277 0.0179634 158.659 0.0179366 0.0231113 0.0183951 0.0179366 0.0179557 0.0179757 0.018045 0.0181081 93.5149 0.0183562 0.0179838 0.017983 0.0181622 0.0230441 0.162615 0.0238875 0.0179732 0.0179685 0.0189909 0.0188012 0.0179636 0.0179392 17.3201 0.0179366 0.0867767 0.0180856 0.0179688 0.0179412 276.69 0.0179366 0.0194745 62.6589 0.0179366 57.014 0.368705 0.0179374 0.443667 0.069463 0.0183398 0.0180183 0.0183935 0.0179471 122.207 0.0182222 0.0179931 0.0183215 172.863 0.0179407 0.0196568 0.030643 0.0179372 0.0179634 0.0388419 0.0179367 0.0180566 0.0182598 0.0179367 0.0179784 0.0179497 0.0181464 0.0179383 4.67363 0.0179459 0.018016 0.0179366 0.0179611 0.0179368 0.0198415 0.0179403 0.0197944 0.0287581 95.5714 0.017981 0.0180194 32.7333 0.0179366 55.7128 11.6119 0.0181266 0.0186239 0.0179368 0.0179374 0.0179372 522.283 0.0186146 0.0183972 0.0366531 0.017941 0.0179366 0.0215216 0.018542 0.0179366 0.0179366 0.0179369 0.0179437 0.0179373 26.4307 0.0181579 0.0187982 0.0179454 0.0179366 0.0179417 0.0194613 0.0235008 13.9153 0.0294613 0.0179384 0.0179441 0.0181778 0.0179368 0.018018 0.0179617 0.0180474 0.018048 0.0179732 0.0180414 0.0179369 0.0179392 0.0179368 0.0179371 25.0378 0.0179366 0.0187689 0.0179366 0.0181866 187.334 0.0183978 0.0179473 88.3377 0.0179387 0.0637949 0.0179371 0.0179368 0.0179372 0.017944 0.0185996 0.0179374 0.0179368 0.0181621 0.0179988 0.0181376 0.0258051 0.0181067 0.0179592 0.0179366 0.017947 0.0648022 0.0179372 2.09054 102.977 0.0179403 0.0465879 0.0179615 0.0179368 0.0180618 0.017947 0.0181412 0.0184251 87.9718 0.960109 0.0281931 222.602 18.9495 0.0203386 0.017939 0.0214895 0.0183888 0.0180437 14.2863 0.0179366 0.0179377 0.017937 14.7347 0.0213274 0.0179607 0.017937 0.0180494 0.0206037 0.0179368 0.0181939 0.0179376 0.0179369 0.0182212 0.0179374 0.0179961 0.0179989 0.0180486 0.0179366 0.0179366 0.0454529 0.0179486 0.0181205 0.0251616 22.0469 0.0184486 0.018396 0.0179366 0.0179369 0.0179371 0.0179376 0.0179609 0.018001 0.0202353 0.018362 0.0179396 0.0179408 0.0179389 0.0179418 0.0181016 84.5681 0.0179452 0.0179685 0.0180049 451.532 0.0184417 0.017937 0.0179374 0.0179549 0.018568 14.4742 0.0179763 0.0179366 0.0179366 0.0179691 0.0179371 0.0179366 0.0182505 35.3962 169.669 0.0179727 0.0179367 0.0179371 0.0444316 2.7076 0.0179384 0.017947 0.018168 0.0180929 0.0335226 0.0180394 0.0187438 0.0179676 0.0184425 0.0179385 0.0179583 0.0182507 0.0179916 0.0179366 0.0179366 0.0179368 0.0179367 0.0179385 0.0185028 0.0885115 0.0185264 0.0221818 0.024223 0.019945 0.0188245 0.0182992 0.0179536 0.0179369 0.017969 0.0179398 0.0179369 0.0186586 0.0179372 0.0274415 0.0186641 0.0185524 0.0179367 0.0179417 0.0181642 0.017937 0.017941 0.0180337 0.0179386 0.0179782 0.0179366 0.0185671 0.0179751 0.0954515 0.0186136 0.0189634 0.0191948 11.7962 0.01796 0.017957 0.0179368 196.435 0.018397 124.082 54.1852 0.0179396 0.0179738 0.0179368 0.0179368 0.017957 0.0181308 0.0181528 0.0361587 17.9407 0.0180013 0.0179369 10.0781 13.5003 0.0180881 47.7525 0.0179448 0.0179581 258.624 0.0180256 0.0179368 0.0185633 0.0187435 78.337 64.4053 0.165739 7.1641 0.0179852 0.0179372 0.0179393 0.0180395 0.0205412 0.0179369 144.18 0.0179613 0.0181756 0.0179368 0.0179366 0.0182726 0.0182877 0.0244582 0.017939 0.0179791 0.0179366 116.368 0.0179415 0.017937 0.017937 0.0703101 0.0180088 0.0179366 257.009 0.0179377 0.0180052 0.0179386 0.0182525 0.0179627 0.0179367 0.0180486 0.0179366 0.0189652 0.0179373 109.933 0.0179542 0.0180571 0.0179366 0.017937 0.0179367 0.0179419 0.0181577 0.0179366 4.98227 0.0179414 0.0180216 0.0179371 0.0179366 0.0180253 18.8695 0.0179366 0.0179571 80.3348 0.0186666 0.0181251 0.017992 0.0179406 0.017937 0.0180021 30.6312 0.0179366 0.0180475 0.0194919 0.0190303 89.1753 0.0181376 0.0179366 0.0180274 0.0182055 0.0230904 0.0181558 23.7731 304.666 0.0179377 0.0179366 0.0179373 0.0179399 0.0179375 0.0181549 0.0179366 4.6327 0.0179366 0.0179393 0.0179688 91.1751 0.041153 0.0179412 70.4843 0.0179366 0.0787039 0.0182602 0.0179366 55.706 0.0179366 831.276 0.0181077 0.0181738 0.0208728 0.017986 331.251 0.0180708 14.7525 0.018037 0.0182829 1.292 0.0180593 0.0182265 0.0179383 0.042712 30.0688 0.0179373 0.0179367 0.0180191 533.56 0.0179372 0.0179454 0.017938 0.0179779 0.0179382 0.0182249 0.017981 0.0179407 0.0179368 725.083 0.0180661 0.0179366 0.0182864 0.0179556 0.0179366 0.0179372 0.0179622 0.017937 122.499 0.0179722 0.017938 0.0179374 106.69 0.0179548 0.0180076 0.017937 2.85245 0.0179412 0.0179368 0.0179461 0.0179412 0.0179411 0.0179514 0.0179366 104.224 0.0180033 9.05937 0.0179369 0.0181453 0.0179369 0.0184852 0.0179487 58.2471 0.0179402 270.702 0.0179368 0.0179374 0.0179749 0.0179367 0.0179367 0.0186467 112.153 39.719 0.0179369 0.0182095 0.0179678 0.0179388 0.0179442 0.018146 0.0179366 0.360256 0.017941 0.0179751 0.0179632 0.0179381 0.0747295 0.018006 196.202 0.0187039 273.894 0.0179718 0.0179384 0.0281621 0.0179368 0.0180942 0.017937 30.5156 0.0179366 0.0179368 0.0180737 0.19495 0.017937 0.0179366 0.0179369 0.0179526 0.0185138 0.0179366 0.0180145 0.0179608 0.0179785 0.0180513 0.017943 309.376 0.0182865 0.0179896 0.019642 0.0179406 0.0181598 0.018176 0.018086 0.0179366 0.0179374 0.0179768 0.0179757 0.017975 85.1314 826.324 0.0179367 0.018691 0.0181596 0.0179373 0.0183546 73.8911 12.955 0.0179366 0.0179369 0.0179392 0.0194507 0.0183067 0.0516401 0.0179377 0.0179397 0.0180408 99.0426 0.0185388 0.0179608 0.0199016 214.415 0.017956 0.017943 0.0180855 0.0179414 0.0179366 0.0179728 0.0181281 0.0180164 0.0179374 0.0179731 0.0179367 34.5585 0.0179514 0.0188243 0.0179514 0.0179371 0.0179367 0.0183566 3.71713 0.0188303 1.46341 0.0179461 0.0181236 150.125 0.0183646 0.0185171 0.0179366 0.0179366 0.0181596 0.0183906 0.0179433 0.0179366 0.0179954 0.0187339 0.0185797 69.0871 0.0447174 0.0180307 0.905518 666.115 0.0179387 0.0179875 0.0182992 0.0180564 0.0179369 0.0179389 0.0180244 0.0179634 0.0179366 0.0179366 0.017937 0.0179809 0.0386921 0.0179366 0.12705 0.0179366 0.0179392 0.0181159 0.0179515 0.0188651 0.0179664 159.243 6.59661 0.0179367 6.8512 0.0181148 0.0179366 0.0179366 0.0179388 0.0179673 20.587 0.0179672 0.0179715 0.0184931 0.0198887 0.0179696 0.0180895 0.0216068 327.551 0.0180057 80.0227 0.0180077 84.3258 0.0179367 0.0179413 0.0179373 0.0179368 13.8266 0.0179368 11.1565 0.0179414 0.0179453 0.0179384 209.515 0.0179396 0.0179418 0.0387944 0.0183007 0.0179485 132.455 0.0179367 0.0180157 0.0179374 0.0180722 0.01794 0.017937 0.0179366 0.0181211 0.0179367 0.0179537 0.0179457 0.0180457 0.0179368 0.0188526 0.0179895 17.0464 0.0179366 0.0193015 0.0179866 0.0179413 0.0182491 0.0179367 0.0185011 0.0179461 25.5304 0.0179372 0.0179524 0.0179383 14.925 0.0179377 0.0179366 0.0179368 0.0179368 154.452 0.0179368 0.0182565 0.0179371 259.581 0.0179551 0.0217697 0.0186318 0.0179859 0.0179366 0.0179367 2.29746 0.0366523 0.0179366 0.0179368 0.0179369 0.0179452 0.0179375 0.0184214 0.0179366 91.3897 0.0179705 12.6107 0.0179366 0.0179366 0.0179644 0.0179721 0.0203178 0.0183441 0.0179402 0.0179366 463.207 0.0179368 0.0179395 0.0180425 0.029167 29.8692 0.0179399 0.0179404 0.0179472 13.2147 0.0180103 0.0179395 0.053331 0.017947 0.0179373 0.0181155 0.0944394 0.0179369 0.0181317 0.0179366 0.0179366 0.0179704 0.0179552 0.0179948 0.0179368 4.85394 0.0179367 0.0179533 0.0179473 0.0179605 0.0179481 0.0179534 0.0179455 0.0179366 0.0179366 0.0179369 0.0259213 0.0179377 0.0179866 0.0179367 0.0180267 0.0179619 173.679 0.0219706 0.0179546 0.0179366 0.0179366 0.0179504 0.0181828 81.2808 0.0190572 0.0179369 0.0185535 0.0198075 0.0249638 0.0179471 0.0179375 0.0179777 0.0246677 129.046 0.0179382 0.0179374 0.0179594 0.0179394 0.0180134 0.0179636 0.0179366 0.0298992 0.0184232 0.0272823 0.0179467 0.0190247 0.0180139 0.0181148 0.0179464 1421.06 40.8968 0.018616 1.3357 0.0179372 0.0180593 0.0179371 0.0179521 0.0179367 0.01796 0.0441488 14.0171 0.0180035 0.0179366 472.492 0.0834929 55.3946 0.01796 0.0179398 0.0179701 0.0179366 0.0179382 15.4582 0.0180689 0.0180197 0.0180239 0.0180796 0.0179871 0.0179602 0.0179367 0.0220396 0.0179818 0.0180906 62.5287 0.018808 0.0179378 0.0182121 0.01794 0.0179529 0.0183293 3.50314 228.238 0.0179494 0.0361539 0.0184566 0.0206072 0.018124 50.9393 0.0179369 0.0184721 172.58 0.0179443 0.0190548 0.01806 0.0180695 26.051 0.0183674 91.8779 0.018884 0.0183677 0.018271 0.0180289 0.0179609 0.0179366 0.0179402 0.0179775 0.0179532 0.0179369 0.0182829 0.0180054 0.0204964 99.2844 0.0179366 0.0180255 0.0179366 0.0208572 0.0187659 19.2666 0.017942 7.85533 15.861 0.0180429 0.578193 0.0179719 0.0179385 0.0180445 0.0187734 0.0180213 0.0348214 0.0179412 0.0179374 1.07274 0.0182902 0.0179366 0.019384 0.0545117 0.0180144 54.9962 0.0219717 14.8627 0.0179454 0.017937 0.0181983 0.0179925 0.0185896 0.0179372 0.0179366 0.0179383 0.0179388 1.21582 0.0179383 0.0179372 0.0179374 0.361479 0.0180504 0.025806 0.0180319 0.017938 0.0179368 0.0179448 0.0179417 0.0179373 0.0179369 0.0179368 0.0179368 0.0179417 0.0180928 0.0180536 0.0179524 0.0179442 0.0278465 102.994 0.017941 0.0179366 0.0188164 0.0179406 0.0179413 48.4684 0.0180119 0.0179499 19.5738 0.0179366 0.0179372 27.5581 73.8097 0.0179367 0.0179449 0.0179378 28.8884 0.0206394 0.017983 0.0179367 0.0179874 0.0179368 0.0183067 0.0179366 0.0179368 0.0185408 0.0179654 0.0179428 0.0179368 20.9558 149.24 0.0179471 0.0187687 0.0179369 0.0180055 0.0180061 0.0179483 0.0242883 0.018012 0.0179503 0.017979 0.0179371 0.0179374 0.0179368 0.0179366 0.0179367 0.0179371 0.0336672 0.0179371 23.733 0.0179366 0.017943 50.6064 0.0189684 0.0180237 0.0179368 175.623 0.0365751 204.155 266.42 40.1211 0.0179368 0.0182843 0.017937 0.0179958 0.0196333 0.0179369 0.0180537 0.0202934 0.0414303 122.364 1.98723 0.0179367 0.0181219 0.0179805 0.0181158 0.129792 0.0180604 0.0179866 24.244 0.0181587 1263.77 0.0179368 0.0179366 0.0179753 0.0181455 0.0179705 25.3471 0.018564 23.6908 0.0188383 371.678 0.0259925 0.0181897 0.0179402 0.0179366 0.0179386 0.0179385 707.157 0.0182802 0.0179582 0.0179599 0.0179368 0.0181611 0.0179606 0.0270249 0.0179787 0.0180252 0.0179366 0.967754 0.0180978 0.0180477 0.0180241 0.0179371 0.0180072 0.173318 0.0203584 52.7986 0.0179366 0.0182676 353.972 0.018833 0.0179448 0.195801 0.0179367 0.017988 3.21453 0.960235 0.017938 0.0179383 0.0179378 154.078 10.0719 0.0188217 0.0179427 108.702 0.0179373 0.0179368 0.0182077 0.0179366 0.0179685 0.0179366 0.0179368 0.0179375 0.0179453 0.0179393 0.0179381 0.0200376 0.0179366 0.0179953 37.6624 0.018548 0.0184916 0.0179529 0.0182663 0.0179366 0.0179489 0.017937 0.0179459 125.612 24.9437 0.0185336 0.0179367 0.0179635 0.0182319 0.0202513 77.3009 0.0179372 0.0179814 0.0179368 0.0179662 0.0185629 0.019106 0.0179367 106.694 0.018397 0.0179763 0.0510692 0.0179371 0.0185289 0.0179366 0.017953 0.0179366 0.0391157 200.567 0.0179753 0.0179705 0.0180271 0.0179779 0.0205531 0.0181102 0.0179367 37.7302 0.0179411 0.0179503 304.048 231.256 135.659 0.0181667 0.0179412 1.6452 0.0183182 0.017983 0.0179431 0.0181209 0.0193437 0.0179499 43.4548 0.0179689 0.0179367 0.0179367 0.0179366 0.0179367 18.5292 0.017937 22.1613 0.0388434 0.0184034 0.0179815 0.0181809 0.0179767 0.0180022 259.679 0.224704 203.073 0.018002 0.0179369 0.0179366 0.0179376 0.0724213 0.0179677 0.0248894 0.0191273 0.0179367 124.618 0.0182071 0.0179499 0.0179443 0.0614788 0.0182397 0.0180269 89.9593 0.0179372 4012.14 0.0179402 0.0181968 0.0224614 0.0179461 0.0180112 0.018258 0.0179423 0.0181101 1740.7 0.0179763 0.0179368 0.0186394 0.0179634 0.0179394 0.0179366 0.018189 0.0179404 37.8681 0.0179919 0.0180682 2.50334 122.942 0.0180018 436.47 0.0192554 0.0179712 0.0181411 212.168 0.0187532 0.0180033 0.017937 0.0179445 0.0180865 0.0179378 0.017938 0.0179385 0.0179581 0.0179369 70.362 0.0182298 0.0179367 0.0507915 0.0179381 0.0797537 0.0185206 0.0180009 0.0179368 0.0179449 80.0592 63.217 0.0180883 0.0180166 0.0179909 5.99939 0.363867 0.0179367 18.2208 0.0179453 0.0179366 79.6786 0.020873 0.0179367 197.465 0.0179368 0.017938 0.0195958 0.017952 5.07583 0.0185477 0.0179964 0.0181314 402.663 0.018302 0.0179552 1916.02 0.0179381 0.0179385 0.0179406 0.0183047 0.0179653 0.0179371 0.018711 0.0179366 151.878 0.0185973 0.0188864 0.0186074 0.0179366 17.5089 0.0181664 0.0179367 0.0187276 0.0179367 0.0179496 0.0179431 0.0179369 0.017942 0.017947 0.0207374 0.0181472 0.0180812 0.0179371 0.0183033 0.0179371 0.0182354 0.0179838 40.0375 0.0179369 0.0180101 0.0180984 0.0179366 0.0179429 0.0206413 0.0179903 76.1734 0.0179368 0.0179549 0.0179522 0.0179453 0.0179366 66.6583 0.0181246 0.0180504 0.0179461 0.0659071 0.0180091 0.0181097 0.0180354 0.0179381 0.0180082 0.0186477 0.0181053 0.0179671 0.017944 0.0227799 0.017976 0.0185019 6.54846 0.017941 0.446142 0.0179525 0.0179367 0.0183134 0.0179744 0.0179371 0.0179454 0.0180069 61.494 21.1453 0.0179772 0.0180591 0.0212227 0.018113 0.0179546 5.59908 0.0179462 0.0186253 0.0179367 0.0890056 93.212 0.0187688 0.0180468 0.0210441 0.0561397 0.0179687 0.0179386 0.0179473 0.0179816 0.0180056 0.0179366 0.018013 0.0180591 0.0242479 0.0179533 0.0180737 102.096 0.0183182 0.0179425 0.183051 0.0180287 0.0179366 0.0179817 0.0192571 0.0179371 0.0179378 0.018 0.0317259 180.537 0.018047 14.9875 0.0180217 0.0219691 0.0179366 0.113471 0.0179366 0.0179369 0.0179366 0.0183794 0.0179415 0.0179366 13.1873 0.017957 105.036 0.0183263 0.018048 0.0531963 0.0179378 0.0179376 0.0179843 0.0180204 0.0179681 0.0179368 3.23027 0.0179663 0.0183976 0.017937 0.0181943 0.0184935 0.0179469 0.0179367 0.0179417 279.193 0.018022 0.58256 0.0179366 17.0061 0.0179646 0.017945 10.9387 0.0180473 0.0179366 0.0179854 0.0179387 0.0194804 0.0179376 0.0181373 0.0249217 0.0181653 0.0179442 0.0180179 0.0179369 0.0179416 0.0179366 0.0414901 0.0180415 0.0179664 0.0179444 0.0179368 0.0179592 203.259 0.0263297 0.0180046 63.9267 13.6916 0.0179372 0.0179366 0.018604 0.0179405 0.0179676 0.0179491 0.0179366 0.0179391 0.0179366 0.0200631 0.0179373 0.0179558 0.0519372 0.134171 0.017937 0.0194749 0.0179484 0.0179453 0.0185501 0.0180337 204.161 0.0179377 0.0179369 0.017949 10.0781 0.0179371 0.017938 121.649 0.0179367 0.0181056 0.371338 0.017937 0.0179376 0.0179408 458.223 0.0191772 0.0180803 11.1525 0.0180999 0.0179443 0.0179387 1883.03 0.018019 0.0179645 0.0179473 0.029422 0.0179821 0.0179418 0.0179474 0.0179367 0.0179367 0.0180057 0.0181741 0.0179375 0.0181195 0.0179423 0.0179405 0.0179391 0.0181595 0.0858742 0.0179366 0.0191973 0.0179367 0.0182049 0.0181646 0.0179367 0.0179372 0.01796 0.0179694 0.0179366 0.0179701 0.0179505 0.0182355 0.0180279 0.0179532 160.093 61.846 0.0201736 0.0179427 0.0182129 0.832571 0.0179403 0.0179368 0.0179928 0.0179399 0.0179435 0.0179371 0.0182038 0.0261024 0.0179373 58.7283 0.0179623 0.0184058 0.0215479 0.0180571 0.0916447 0.0181144 0.0181076 0.017983 109.95 0.0344164 0.0179366 0.0179439 0.0179369 0.0185164 0.0180743 0.0179372 0.0203423 19.6166 0.0181763 8.06078 0.0179498 0.0179856 0.0181356 0.0179996 86.003 0.0179579 0.0180246 0.0179366 0.0179573 0.017989 39.9565 0.0201703 0.0184793 2391.33 151.729 0.0179371 0.0181685 0.0179378 0.0181049 0.0211293 0.0179627 0.0179375 772.13 0.0186214 16.4959 0.0179776 0.0189113 0.0184144 0.0185604 0.0179387 0.017981 0.0179491 0.0179366 2.98217 0.0179372 0.0180248 0.102148 0.0182623 0.0179583 190.76 50.285 0.0179495 0.017937 26.9831 0.0263558 15.988 0.0446285 0.0179366 0.0182683 153.62 0.0179374 0.0179387 0.017937 0.0180138 0.035289 0.0179447 0.017965 1.91164 0.0233585 0.0246582 0.0211585 1.13037 0.0180794 0.0179404 0.0180495 0.0179422 0.458268 0.017989 0.0179836 72.1241 35.3445 0.0179411 31.1256 0.0179874 0.017951 21.5159 0.0179371 0.0193 0.01796 286.342 0.0180124 0.0179482 0.0179407 7.78723 0.0180839 0.0179429 0.0179404 0.0179763 0.017987 27.35 0.0540933 0.0179369 140.309 0.0179435 0.0179381 0.0179374 0.299468 0.0180553 0.0179375 0.0334681 0.0187431 0.018004 0.0179467 0.0179469 0.0179439 131.86 0.0181072 0.01809 75.1897 0.0412395 291.287 0.0181129 0.0184516 0.0179717 130.877 0.0180018 0.0179384 0.0179816 1033.14 0.0179368 0.0179835 0.017959 0.0202606 0.0180596 8.10298 0.0504081 0.0179371 0.0185551 0.0190819 0.0184281 0.0179372 0.0179905 0.0179368 0.0180821 0.017971 0.0181103 0.0179366 0.0356609 0.018301 0.0179933 0.0180963 0.0179493 0.0179367 0.0275973 0.0183643 0.0209058 36.9775 27.5364 0.0239434 0.0183888 0.0179369 3.0154 0.0179382 0.0179933 0.0179723 0.025579 0.0179381 0.0179422 0.0183253 0.0179367 0.0179387 0.0179968 0.0179372 0.0182874 0.0375177 0.087035 0.0179687 0.0180091 10.6932 0.017937 0.0180159 0.0179537 0.0179666 0.0179987 0.0179734 0.0207615 0.0180419 35.4792 0.0179683 0.0189274 0.0179366 0.017937 0.0186026 0.0180282 0.017962 263.443 0.0179366 0.0179584 0.0216776 0.017941 1.00417 0.0180152 0.0179743 0.0179858 0.0179366 0.0179366 0.0179657 0.0181807 0.0180268 0.0182822 0.0184159 0.0179366 198.869 0.0179392 0.0180889 0.0179372 0.0179515 0.0179718 0.0179368 119.767 0.0188847 0.0180378 0.0179366 0.0182884 0.0179486 89.2119 0.0179437 0.0238571 305.869 6.40398 0.0180726 0.0179688 0.0179368 0.0187982 0.0179397 0.0180203 56.1701 0.0179468 17.2825 17.8827 0.0179397 0.0179393 0.0179366 0.0179366 0.0236499 0.0180606 0.0649493 17.7369 0.0181728 0.0179369 0.0179376 0.0179367 0.0180229 0.0179763 0.0179369 1.58282 0.0179366 1.18545 0.0179367 0.0179383 0.0179368 16.3486 0.0180959 0.0179374 26.7292 0.017939 196.267 0.0179763 0.0197398 0.0179496 0.188474 0.0180547 0.0213637 0.0222471 0.017937 0.0181656 30.0014 0.0179737 0.0179637 53.8728 0.0179675 0.0179597 628.677 11.9662 0.0180092 0.0179371 0.0179466 0.0180293 0.0609357 0.0182963 0.0190494 161.145 0.0179378 0.0179366 0.0655064 0.0179366 0.0185711 0.019583 0.0192132 0.0182154 0.0179398 0.0180424 0.0179368 0.0179366 0.0180127 0.0179638 0.0183217 0.0179366 0.0179671 0.0179618 17.2929 0.0179376 0.0179367 0.0183167 0.0179366 0.0179385 0.0180806 0.0180701 0.0179369 0.0179388 0.093349 0.0179763 1.05155 0.0179815 0.0179366 1.44894 0.0179485 103.06 91.9432 0.0182884 18.1298 0.0179366 0.0180378 0.0179512 0.475997 0.0180927 198.146 0.0938321 0.0179482 0.0179436 0.0183924 0.0179379 0.0179707 0.0179369 0.0179368 0.0182744 0.017937 0.0201545 0.0183916 0.0179366 0.0179367 247.177 0.0179576 0.0216521 0.0181087 0.0180267 0.0179381 0.0179371 0.0179995 0.0179859 0.0180839 0.0180978 0.0179366 0.0179724 0.0179783 0.0179532 18.9452 0.0184123 0.0179379 0.0203272 0.017937 0.0179564 0.018021 64.6258 0.0179436 0.0179367 0.0179738 0.0179903 0.0179649 0.0187456 0.0181674 0.0180412 0.017937 0.0181326 0.0179366 131.383 0.0180578 0.0181425 0.0179846 1.30904 0.0179366 0.0185139 0.0182022 0.0179402 0.0179368 0.0179945 0.0179376 0.0179376 0.0179372 0.0179705 0.151446 0.0179397 0.0335882 0.0179494 0.0304429 0.0179367 0.017939 0.0184246 0.0214054 0.0180371 0.0219815 0.0179943 0.0179404 0.0179405 0.0179371 241.684 0.0185989 0.0179376 0.0179367 131.483 0.0179366 0.0236131 0.0185417 0.017984 0.0179369 0.0179368 0.0180411 0.0179366 0.0179405 414.185 0.0179427 0.0179395 0.0179543 0.019259 0.0179594 0.0179366 0.0179778 0.0180241 0.0189818 0.0179787 0.0184731 0.0179366 0.0179368 0.0179757 2613.98 0.0180567 0.0179564 0.0179367 0.0231852 0.017959 0.0179702 0.0185573 0.0191616 0.0184692 345.154 0.018027 0.0179411 0.017937 0.303608 261.418 0.0232479 0.0179397 25.2206 0.466669 0.01803 0.0179368 0.0179369 0.0179366 0.0179368 38.6606 60.3289 0.0183318 0.0183419 0.0183123 0.0180049 0.0179369 0.0179383 0.0179366 0.0181475 0.0180161 0.0179371 0.0179612 0.0179873 0.0418449 0.0190069 36.5277 0.017937 56.1759 0.0179412 0.0181286 0.0179379 529.642 4.12342 0.0179366 0.0187075 0.0179371 0.0194295 0.0179405 0.0179672 0.0179636 0.0179739 0.0179372 0.0179368 0.017945 0.0179386 0.0179664 0.0179368 0.0179375 0.0187027 439.053 0.0181106 0.0179366 0.0181472 0.0180571 51.9797 0.0183265 183.056 0.0179856 0.0179366 0.0179372 0.0179409 0.0179449 0.0179763 0.0181225 0.0183416 0.0304036 0.0182583 0.017937 14.3743 0.0179896 0.0179474 17.8315 0.0181212 0.0182989 0.0179367 0.0179393 0.0179366 0.298093 0.0179369 0.0179373 0.0181545 0.0184149 0.0179388 5.22956 0.0179538 0.0184176 0.0179367 36.1781 0.0208739 0.0181579 0.0179404 0.0179375 0.0179522 0.0179369 0.0179367 0.017937 0.0608934 0.0181067 0.0179613 0.0179418 0.0179369 0.692499 0.018103 61.9023 0.019481 0.0180609 0.0986637 0.0179367 0.0183736 0.0179378 0.0364455 0.0179962 0.0179843 0.0484896 0.0180678 0.0182884 0.0179609 0.017942 0.0203296 0.0179375 106.416 0.0184551 0.0179421 0.017939 0.709627 0.0179366 0.0622789 161.075 341.619 0.0184203 39.1327 0.0179367 0.0188724 0.018181 0.0207314 0.671144 0.0179469 0.0180179 6.00691 0.018355 0.0179422 58.468 0.018615 0.0180779 38.5706 0.0179436 3.92518 0.0243704 0.0183062 0.0179705 0.0179369 66.3641 0.0180861 0.0181679 0.02134 0.0517135 0.0184141 0.0179366 0.0186182 0.0179366 17.7965 0.0188928 0.0192875 0.0182735 0.0179704 0.0180706 0.0183697 0.0179368 0.018595 0.0179381 0.0185677 0.0179367 0.0183905 0.0180168 0.0198446 0.017955 0.0179394 0.017937 0.0260347 0.018041 0.0180468 0.0179368 18.6693 53.9466 0.01802 0.0186761 0.0184549 0.0179924 0.0179441 0.0179375 0.0179369 0.0179372 0.0240626 0.0183956 0.0179366 292.945 0.0180813 0.017939 0.0179373 18.3543 0.0181891 0.0180844 0.0182689 0.0179705 13.9742 0.0183622 0.0179775 137.866 3.94937 0.0184587 0.017946 278.696 0.0179367 17.1421 0.0180577 0.0179446 2.08101 0.0180573 0.022317 0.0180045 0.0196624 0.0179486 0.943239 0.0193759 0.018089 0.0179991 68.623 0.0179367 0.0179599 0.0179859 0.0184139 0.0179438 0.0179513 0.0179371 0.0179829 47.3829 0.030399 356.522 0.0179366 11.1524 175.809 0.0179483 30.9714 0.0179467 0.0183144 0.017937 0.0179366 0.0179366 0.0179367 0.0179393 0.0179369 0.0179594 0.0179458 0.0179371 0.0179435 0.0179408 0.0179533 0.0183887 0.017937 0.0180166 0.0179682 32.7966 0.0179478 0.0182334 0.0179919 0.0179369 0.0179369 8.76453 0.0179366 0.018008 0.0181408 0.017945 0.0180308 0.0179513 3.74746 0.0179367 0.0179545 0.0200738 0.0179658 0.0179497 0.0196344 0.0179408 0.0179974 0.0179552 0.0179366 0.0192313 0.0179367 0.0179616 0.0179366 10.4939 0.0182304 0.0181318 0.0185462 0.0179383 0.0179869 0.0179366 0.017983 0.0179367 0.018187 0.0180017 0.0183538 0.0182405 0.017937 0.0183797 0.0179594 0.0184134 0.0191153 0.0179367 0.0179425 0.0179705 230.974 945.755 0.0180009 0.0179471 0.0179559 10.1414 0.0186689 0.0189262 0.0192033 176.602 0.0179391 109.241 0.0179773 41.7535 17.1715 0.0529831 0.0179474 0.0179679 27.376 0.0179753 0.0182941 0.0179373 0.0179548 0.0179743 8.31327 0.0180044 0.0179849 0.0253973 0.0179372 0.0179366 841.529 0.0956514 0.0179371 0.138464 0.0185271 0.534056 35.1722 0.0182783 0.0179371 0.018143 0.017984 0.0179442 0.0181498 0.0179388 0.0182171 0.017937 0.0179413 0.017937 0.0181657 0.0181104 0.0179369 21.5064 14.0174 0.018343 0.018321 0.0180491 0.0182565 0.0179388 0.0179373 0.0179486 0.0192233 199.435 0.0182883 2095.46 138.207 0.0179709 0.0179367 0.0196602 0.0456417 0.0179366 177.067 0.0179911 0.0179388 0.0228058 0.0179473 0.0179413 0.0179482 0.0211743 0.0179392 0.017964 0.0179366 0.022876 0.0179533 5.57791 0.018188 0.0179376 0.0179658 0.079326 0.0886823 0.0182626 0.0180063 0.0179367 0.0179502 0.0179801 623.121 3.75703 0.0179374 0.0179366 0.0183214 0.0179366 424.392 0.0179703 204.729 0.0180098 0.0179452 17.4922 10.8287 0.0179383 0.0179368 0.0179443 0.0180493 53.3154 0.017937 0.0179378 0.0180102 0.0179464 0.0179471 0.0179377 0.0186833 0.0179373 0.0179571 189.576 0.0179438 0.0179372 0.0179368 0.0179436 265.397 0.017937 0.0180375 257.439 0.0179372 0.0179367 0.0179369 0.0181071 0.0180744 0.0179967 0.0179461 0.0186321 984.257 0.0181028 0.0179614 0.017939 0.0179366 0.0179366 0.443587 0.0211643 0.0180158 0.0179374 25.9137 0.0179368 0.0179882 0.0179621 458.525 106.81 0.0184727 87.1273 0.0179382 0.0179387 0.0179409 0.0179552 0.0200725 0.0183654 0.0179366 0.0179367 92.1668 0.0179376 0.0179477 17.5681 0.0179881 0.0179551 16.4635 39.8614 0.0179366 0.0226563 0.017939 24.3939 0.0179434 0.0183097 0.0179401 0.0180335 0.0180143 0.0179381 0.0179905 0.0179383 0.0179368 0.0186337 1.7969 0.0179379 52.4355 0.0448357 0.0190354 0.0179468 0.0179366 0.0180814 82.1281 0.0179468 643.934 0.0180005 0.0210365 0.0179367 0.0202442 88.8208 0.0179391 47.113 0.0179367 0.0185568 0.0179373 0.084911 0.0179547 0.0179384 456.443 0.0179384 0.0194387 0.017997 0.0179366 372.543 0.0180365 0.0179376 5.59909 0.0179416 0.018242 202.064 0.0184065 0.0235791 0.0180488 251.293 0.0181239 0.0179366 0.0231038 0.0180192 0.0179366 0.7153 43.4038 0.0182537 0.0180595 0.0179382 0.0179422 0.017972 0.0179366 0.0179587 0.0180109 28.01 0.0180555 0.0180167 0.0183426 0.0179367 0.0180681 0.0179371 0.0179904 0.0179421 0.0179371 0.0179366 0.0188484 0.0185332 0.0182731 0.0179704 0.0181017 0.018052 0.0294783 0.0179539 0.0179533 0.017947 0.0440823 0.0179374 0.0181333 0.017937 0.0183872 0.0259108 0.0179369 0.0179389 0.0179393 0.0189778 0.0182051 0.0179991 0.0179366 0.0179939 0.0179548 0.0182533 0.0233577 0.0182957 0.0179368 0.0179391 0.0183134 0.0179366 0.0185344 45.3244 0.0181839 0.0185756 0.0595619 0.0235045 0.0185027 0.0182314 0.0179367 31.9815 0.0179624 239.62 97.0816 0.0242556 0.0182872 0.0186898 0.0179862 2.82918 0.0179366 0.0228402 0.0179374 0.0180209 15.9441 0.0180382 0.0179367 0.0179446 0.0182181 0.0179366 0.0179366 0.0179494 10.1004 0.0179675 72.5658 12.6081 0.0179378 0.0179366 0.0179374 0.017938 0.017941 47.13 29.9977 0.0179366 0.0181174 24.4601 0.0179397 0.0179375 0.619232 0.0179417 0.017943 15.4619 0.0180002 32.7808 0.0179531 0.0179366 40.2583 0.533047 0.0438718 0.0179758 0.0179419 0.0179373 0.0179366 0.0180063 0.0180973 1.29872 0.0179381 0.0179367 0.0180239 0.019266 0.0179969 0.0179695 0.0179615 0.0182658 0.01795 0.0184684 0.0179371 10.9994 0.0179367 0.018044 0.0843203 0.0183928 0.0179374 0.0179378 69.3426 0.118802 0.0179384 0.0179923 0.0179424 0.0179378 0.018608 0.0179366 0.0179388 0.0179796 168.468 0.0179494 0.0179465 0.119471 0.0189682 0.0206169 0.0199591 0.0179368 0.44989 0.0179377 0.0179381 0.0179369 0.0179749 0.0179366 0.0317652 367.318 0.01814 49.7721 0.018068 0.0179371 0.0182363 20.578 126.121 31.0201 0.0180478 0.0179379 12.0593 0.0179366 0.0179661 0.0179366 0.0179437 0.0179471 0.0256752 0.0179518 0.0179377 0.0192224 0.0186415 0.0282542 0.0182999 0.0180197 0.0179382 0.0186833 0.0179368 0.0191908 0.0180317 0.0179367 0.017938 0.0179367 0.0181298 0.0179914 0.0179567 0.0179369 70.5249 0.0179938 0.0179416 0.0206556 0.0251621 0.0180464 0.0180628 13.6811 0.0180278 0.0179368 0.0179369 0.0179366 0.0179509 0.0179367 0.0179795 0.0180513 0.017937 0.0179689 0.0179401 0.0179366 0.0179372 145.308 0.0474423 0.031537 0.017937 210.873 0.0179548 0.0179412 0.0179454 0.0195073 0.0711646 625.216 0.0179367 60.4786 0.0179431 0.0207863 0.0194799 0.017937 0.0179371 0.0179366 0.0185591 79.906 0.0179371 0.0179624 0.0179402 0.0180528 323.742 0.0179366 3.1457 0.0180699 5.18389 0.0179526 0.0179368 0.0179371 0.0179367 0.0179372 0.0179367 0.0179665 0.017937 0.0182349 0.0179369 22.3814 0.0179652 0.0179881 0.0179367 0.0180455 14.6154 0.0180106 0.0191779 0.0183466 0.0179367 0.0193213 0.0190582 0.0179476 0.0280669 0.0179367 0.0182012 0.0179902 58.448 0.0179368 0.0181813 0.0179378 0.0179372 0.0179366 35.7349 0.0179393 0.11096 0.0186937 0.0180139 0.0179591 0.0179379 0.0179367 0.0192676 0.0180733 0.017939 0.0179373 0.0181498 0.0179371 997.778 0.0179368 0.017967 0.0179392 265.737 16.8921 0.0179366 0.0179372 0.0179425 0.0183058 0.0179368 14.9875 0.772827 165.023 0.0179366 0.0179604 0.0179429 0.0179369 0.0179506 0.0179463 0.0218358 0.0179368 0.0179368 0.0200121 0.0180227 103.249 0.0181455 0.0179368 0.0180186 436.715 0.018979 96.2736 0.018018 0.0179367 0.0180274 0.0180465 0.0180184 0.0179579 0.0181251 0.0184949 30.6633 0.0179379 0.0189643 0.0180603 0.0181941 0.0179376 0.0179378 0.017944 0.0184343 0.0179371 0.0271253 0.017959 0.0179366 0.0180936 0.0179806 0.0186961 0.0179366 11.1893 1.07824 0.0179389 0.177329 0.0179366 0.0179366 0.0180066 0.0183477 0.0180776 0.0179368 0.0179371 0.0182048 13.2712 0.0179366 0.0179367 0.0179366 0.017978 0.0179547 0.0181495 0.0203355 0.0179907 0.0180206 0.0187339 0.0179786 0.018614 121.791 0.0181084 0.0179593 0.0179366 0.0179947 0.0183293 0.0195831 0.0249053 160.414 0.0186769 0.0179385 0.0200544 0.0179369 0.018008 0.017949 0.0179605 715.038 0.0180065 0.0179926 0.0179366 0.0179368 0.0179368 0.0180974 0.0540938 0.017937 0.0179367 0.017962 0.0179709 0.0197806 2.40979 0.0179394 0.0180438 0.017992 0.0181836 0.0179417 0.0230327 46.1511 0.0179769 11.1565 0.017964 0.0179467 0.0227579 0.017942 0.017937 1.79214 0.0182274 132.446 0.0193079 0.0181828 0.027436 0.0179368 0.0179367 0.0278472 0.0181457 0.0184327 0.0179642 0.0179366 0.0184278 0.0179366 0.0179373 0.0209089 0.0179368 0.0179724 0.0182375 0.0179366 1.21513 5.67973 0.0180931 0.0180441 0.0180678 53.7202 0.0179368 0.0180725 0.017937 40.0415 0.0179723 0.0179366 0.0179375 398.166 86.2481 0.0179546 0.0179619 0.0181787 233.555 77.9108 0.0179367 0.0179439 0.0179549 0.147584 0.0186042 38.2008 0.0179395 0.0179416 0.0185573 4.63898 0.0179366 0.0180869 0.0179372 0.0546858 168.096 0.0183044 0.0181704 0.0179374 0.0179404 0.017937 0.0180622 0.0181899 0.0179369 0.0181127 0.0189362 0.0179672 0.0186288 0.0179496 0.0180509 0.0179368 0.0185402 0.0179676 0.0181341 0.0179367 34.5196 0.0179366 0.0183036 0.0179396 0.0181667 0.0179366 270.467 88.7026 0.0179671 0.0179487 0.0495214 0.0182739 0.0179367 0.0179614 0.019058 0.0179763 0.0180715 339.473 0.0179367 0.0179634 0.0179366 17.146 0.017962 0.0179371 0.0179578 0.0179456 0.0181281 0.0185414 0.018231 0.071086 224.375 0.018036 184.5 0.017947 0.0186115 0.0179414 0.0179384 0.017942 0.0179483 0.0179368 0.0179621 0.0179406 13.6559 0.0179372 13.8355 0.0179378 0.0180065 0.0179472 0.0184246 0.022449 0.017937 0.0189531 0.0179367 0.0186902 0.0216601 0.0179582 0.0179376 0.0180781 0.0183204 33.5479 0.380449 0.0180456 0.0179369 50.8432 0.0179473 0.0179366 234.952 0.0179525 0.018014 0.0180347 0.189363 0.0182215 0.0179377 5.52043 0.0179899 53.9463 0.0183805 0.0179369 172.732 0.0179368 0.0179367 16.0418 15.2886 0.0179367 0.0179573 72.5295 0.017971 0.0180204 0.0179737 0.0179383 0.0179415 7.53592 2.04366 0.0180668 0.018657 0.0179367 0.0181361 0.0202001 0.916432 0.0179436 0.0180021 0.0179458 0.017939 0.0179369 0.0348138 0.017937 0.041069 0.0179381 0.0180111 0.0179455 0.0191374 0.0179395 0.0246378 0.0179368 14.9068 0.0180986 0.0181732 2.45748 0.0179562 0.0187349 0.0181108 0.0179367 0.0179378 0.0179738 156.704 0.0179366 3.06055 0.0179531 0.0179829 0.0179366 40.4595 67.0953 14.3748 0.0186098 0.0179366 0.0179566 0.0182535 18.155 0.0179532 11.5052 0.018043 0.0254292 657.86 0.0179378 145.328 99.3748 20.1035 0.0179366 0.0179447 31.1026 0.0179768 0.0179366 1354.02 0.0606811 0.018041 0.0179392 0.0179701 132.871 0.0189508 0.0179394 0.0179557 0.0179756 314.046 0.469797 0.0180492 0.0179366 0.0179368 0.0181666 0.0179635 641.75 0.0179525 0.0184242 0.018008 0.116391 0.0181122 0.018066 0.0179369 0.0179374 88.349 0.0179378 0.0182871 0.0179415 20.8481 0.0181459 0.0179366 0.0180007 0.0179423 49.2978 0.0179368 0.0179369 0.0180408 0.018379 0.0179961 0.0183928 0.0179923 0.0179403 0.0181614 33.5881 0.0179705 35.4647 0.0179366 0.0179369 0.0179366 0.0194707 0.0179367 0.018659 0.0179366 0.0179366 0.0179748 0.0179951 0.0179999 0.0181487 0.01794 0.0179366 6.60563 0.0179368 0.0179737 0.0266849 0.0179485 0.0187055 394.122 19.8755 0.167256 134.704 0.0179612 0.0179382 0.0185352 0.0179443 0.061837 0.0180251 0.0179374 338.084 0.018019 0.017937 0.0179371 0.0179367 0.0179371 0.0179976 7.55457 0.0179643 0.0179912 0.0179738 0.0179744 0.0179887 0.0182787 0.0179911 11.1565 0.0184055 0.0179415 0.0179672 0.0179604 34.0092 0.0179481 0.0179912 0.0179808 0.0179673 0.0191805 0.0181545 0.018115 0.235938 0.0179567 0.0180012 0.0221832 0.0179554 0.0179498 0.0179366 0.0179368 0.0179973 0.0294858 0.0179785 65.5639 352.615 0.0179629 39.0979 0.0179695 0.0186811 348.839 14.1765 0.0180759 0.0180343 0.79631 0.0179369 0.0179366 0.0179972 0.0183892 0.0179389 0.0179371 0.0188816 0.0180075 0.0179367 0.0179483 0.0180145 200.419 0.0179368 15.0771 0.0183553 0.0179613 20.8815 0.0179366 0.017937 0.0179871 0.0179835 15.988 144.354 0.0179585 0.0212878 0.0179368 0.0179968 0.0179366 0.0179366 0.0179961 0.0181343 0.0179366 0.0180622 0.0179558 0.0179658 0.0457164 0.0181931 0.535046 0.0179372 0.0179391 9.84792 0.0179436 0.0179398 0.0179366 4.67403 0.0182357 503.947 43.0923 22.6678 0.0179372 0.10882 0.0179391 0.0179409 0.159161 0.0180827 0.0179775 0.0179372 377.886 0.0179497 0.0181632 0.0200805 0.0180161 25.8998 0.0181185 2790.86 0.0179368 0.0179397 0.017938 0.0179367 0.0179951 0.0187208 0.0184523 0.0388335 0.0182709 0.0204513 0.0179636 13.1874 0.017945 0.0179925 0.0825986 0.0180616 0.0181825 0.0180758 0.0179592 0.0179717 0.0179366 0.0179383 0.0179369 0.358361 0.0334399 0.017937 0.0767422 0.0179391 0.0179366 0.0179387 0.0182325 0.0179901 0.0185022 0.017937 0.0182092 153.508 0.0180486 0.0492222 0.0179368 0.0179369 0.0179419 0.0179737 0.0179393 0.0186471 0.0179377 0.0179366 0.0197992 0.0287995 130.286 0.0179392 0.047058 7.46118 0.0179883 0.0179508 0.0189367 0.0188645 0.0593834 0.0215822 0.0181324 38.0268 0.018809 0.0180673 0.0179536 0.0179372 0.0179386 32.3787 218.403 0.0179673 0.0179411 0.0179367 0.0242593 8.3177 0.0179421 0.0179366 0.024263 0.01797 0.0183753 0.0179849 0.0179422 0.0322088 0.0181774 29.5753 68.7718 0.0179368 0.0199833 0.0180801 0.0179366 12.9396 0.0179367 0.0180355 23.7338 0.0179366 0.0179879 0.0179811 0.0179389 0.0179399 0.0179366 0.0181654 110.708 0.0179366 152.058 47.7693 0.0179453 0.0179892 0.0179683 0.017937 0.0179368 0.716278 0.0180319 0.0180149 3.94413 0.0179789 0.0180573 0.017937 0.0179374 0.0181062 0.0179367 0.0188886 0.0179367 0.0385182 0.0179392 0.0676475 127.198 0.0360606 0.0179369 0.0184748 0.0179415 0.0179387 0.0179366 0.0726351 0.0179434 0.0179366 182.143 0.0180308 0.0179377 0.0179435 95.5187 2790.18 0.0179407 0.0179489 0.0179371 0.0179617 0.0179368 0.0179616 732.039 0.154724 0.0179459 31.8663 0.0491726 224.764 0.0180031 0.0179527 0.0179379 0.0179928 0.0179376 0.0180737 0.0179427 23.1986 57.6949 0.0179375 0.017947 0.0180532 11.2322 0.0179553 157.302 0.0262177 0.0179366 2.27499 0.0180557 0.0185054 0.0179393 0.0185399 0.0180172 0.0179419 239.53 0.0179489 0.0179367 241.129 0.0180257 0.0179375 0.0179723 0.0179626 0.0179376 0.0179405 0.0245571 0.0179409 0.0192018 0.0876631 0.0180026 0.0179366 0.0913866 0.0179367 0.0182859 0.0179366 0.0179366 0.0179385 0.0190856 0.0293044 0.0180515 0.0179367 0.0179798 0.0183082 0.0179366 0.0183136 0.0179623 0.0179367 0.542505 64.0696 0.0180225 0.0179423 0.0179372 0.0182994 0.0179482 0.0180902 0.0181647 0.017937 0.0179705 0.0179368 0.0187641 246.516 0.0182626 0.0182241 0.0179377 0.0181836 0.0184347 0.0179366 198.607 0.0185466 0.0206135 0.0180718 0.0179598 0.0179408 0.0180595 45.2297 0.0179447 0.0179366 0.183479 0.0216047 0.0182609 0.0179381 0.0179366 0.019193 0.0204738 0.0185581 0.0313954 0.0183522 0.0179394 0.0179819 0.0179802 1467.2 0.0179848 0.0179452 0.0182548 0.0505298 0.0179518 0.0181 288.962 0.0328502 0.0179481 0.0179394 0.0179369 0.018001 0.0179549 108.009 0.0239012 213.588 0.0180554 0.0179656 0.0180308 0.0180566 0.0182832 0.018035 0.0179377 23.5526 0.0179373 0.0179377 0.0179433 272.817 0.0183231 0.0179368 0.018125 0.0190534 0.0180997 24.8027 0.0179497 0.0189293 0.0179663 0.0179366 0.0179408 0.0179373 0.0180087 0.0180299 0.0179586 0.0200855 0.0179837 0.0179421 0.0184673 0.0179424 23.5344 0.017941 0.0179367 0.0179511 0.0185941 0.017937 204.043 0.0180356 0.0179393 0.0179371 7.99683 0.0179366 38.389 0.0179601 0.0179588 0.0179367 0.0179414 0.0179381 0.0183712 0.0179366 0.0179628 9.8851 0.0179395 0.0179366 0.0179878 297.191 0.0180276 0.0179593 45.2925 6.26195 0.0180733 213.646 0.0179366 0.0179733 0.0179571 2264.75 0.018298 887.77 0.0179931 0.0179367 24.8216 62.3451 0.017942 0.0179931 0.0180094 0.0179377 0.0447554 0.0179459 0.0180039 0.0179371 0.0179373 0.0181617 262.393 0.0194405 0.0179606 0.0179474 0.0197113 0.0179379 0.0179607 0.0179379 0.0179588 0.0179366 0.0179385 0.0179679 0.555425 0.0179472 19.5739 0.017938 0.0181861 0.0179366 0.0179376 0.0201817 0.017969 0.0179449 0.0179366 0.0179372 0.0179494 15.9441 0.0181966 42.4115 7.34626 0.0179969 0.0184521 0.018055 118.839 0.0182798 0.0179367 0.017937 0.0179395 0.0179366 0.0179369 0.0179372 0.0180325 21.1453 0.0179367 56.6871 0.0448941 0.0403956 0.018034 0.0179574 10.6419 0.0181425 0.0179366 0.0179366 0.0179366 64.4744 0.0179482 0.0179621 59.7795 473.252 0.0179514 0.017962 19.5892 0.0205622 0.0179583 0.0180527 0.0179976 0.0179535 0.0179549 0.0179368 0.0184543 0.0181639 0.0179366 104.74 0.0179366 0.0179367 26.3596 0.0179366 64.5691 0.0179376 0.0179714 0.0180155 349.902 0.0179448 0.0251261 0.0179375 93.6393 0.0181121 0.0180464 0.0183963 0.0179914 0.0179366 0.0181887 0.0179366 0.0179955 1192.73 0.339983 0.0179379 0.0179368 0.0207063 0.0183711 0.0179367 0.0179366 0.0179371 101.418 0.0211042 38.9832 0.0182028 0.0180763 0.0180539 0.0179366 0.0179366 0.0179479 0.0179372 22.8091 0.0179439 0.0181726 0.0179762 0.0179372 0.0179608 0.0179706 0.018213 0.0181456 0.0179374 0.0180044 0.0179366 0.0305931 0.0179387 0.0179406 91.3199 0.0180035 0.0179393 0.0198801 0.0179368 0.0182751 0.017983 0.0181382 0.0179423 0.018074 0.0181378 0.0179854 0.0181773 0.0179659 0.0597605 0.0179373 0.0180187 0.0179381 0.0181664 0.0179368 63.7197 0.0180149 0.0213458 92.3078 0.0179374 0.0212568 0.0179455 17.1421 0.0205395 0.0179366 25.4431 0.017959 0.0350103 0.0179367 0.0179367 0.0185931 0.0179733 0.0181614 0.0225364 0.0179544 0.0179444 1.50985 0.185829 18.5433 0.0182481 0.0179383 0.0179407 0.0180213 0.0179473 0.0186371 0.0179882 30.4014 78.3359 0.0239273 0.0179366 198.835 0.0179651 0.0191788 0.0180693 0.0180623 0.0179371 0.0179778 0.0180812 0.0196803 0.0179952 0.0179366 0.0179366 0.0179366 0.0179426 0.0179863 0.0179371 0.0183391 282.208 0.0183444 0.0189325 0.0354616 0.0180797 0.017942 0.0180222 0.0179853 2.61266 0.0179393 0.0179473 0.0179512 0.0180273 0.0180692 0.0179941 0.017944 0.0179584 0.02725 0.0180084 0.0187098 0.0179366 0.0179375 351.228 0.0180898 0.0179471 0.0179368 0.0209056 0.0179366 0.0179426 0.0181956 0.0180619 0.0532077 0.0179367 166.787 0.0179413 0.0183212 0.0181595 0.0180254 0.0179558 0.0181893 1222.95 0.0179443 0.0179426 0.0179388 0.0193114 0.0181515 10.6845 0.0179368 0.0417605 18.8878 0.0255619 0.0179367 0.0359876 0.0179367 0.0179437 0.0364496 0.0179404 0.0179368 0.0179374 0.0179368 0.0179384 0.017937 0.0182498 0.0179366 0.0179392 42.2818 0.0179368 0.0179366 69.1347 0.0197327 0.0180432 0.0179983 0.030931 0.125922 0.0179367 0.0180514 0.0179567 0.017937 0.021046 0.0179926 0.0301081 0.018207 25.4094 0.0179374 0.0179453 0.0179369 24.4147 0.0179367 0.0179375 0.0179367 0.0179371 0.0179386 0.018348 0.0179555 0.0181586 0.0182338 0.017946 0.0179502 0.0179367 0.0179381 0.0179429 102.452 0.0210391 365.374 0.0179372 0.0179781 0.0462741 20.809 0.0179367 0.0179373 0.0180039 0.0186843 0.017943 0.0179707 0.0181818 0.0179367 0.017984 50.0928 23.4952 22.1392 0.0214815 20.8051 0.0179917 0.0179366 0.017939 0.0184576 0.0179366 0.0238754 0.0179708 0.0180329 0.0179503 0.0179376 0.028301 0.0179553 0.0179366 0.0179377 0.0179454 0.017939 2.36537 0.0179877 0.0185387 0.0179605 0.0179369 0.018216 0.0180376 0.0180377 0.0179533 47.7 35.092 0.0180418 0.0208821 0.0181842 0.0182174 0.0179366 290.679 66.7924 0.017968 0.0179756 0.0181524 0.0182556 0.0180001 0.0179429 9.93249 0.0184396 0.0180592 0.0179367 0.0179402 0.0179422 16.4507 0.0182837 0.0179372 0.0185751 0.0181285 0.0179456 0.149981 27.3419 0.0179366 0.0179525 0.0179366 0.0208727 0.0179366 141.752 0.0179863 0.0180109 0.0179382 0.0181957 0.0179366 0.0179494 0.0187829 0.0179418 0.0179366 0.0179419 0.0179856 0.0179491 0.0185034 0.018034 0.0179367 0.0271019 0.0281124 0.0189172 0.018163 0.0179398 0.0179367 0.0179636 420.248 0.0179392 0.0179366 0.0179368 0.0180558 8.63768 0.0179547 0.0179366 0.0192106 0.0192341 406.69 0.017937 0.0179367 0.0179915 0.0180055 0.0179831 0.0180005 0.017937 0.0182387 24.9043 176.82 0.0181783 0.0189431 0.0179366 110.772 0.0239458 0.0179375 0.0179366 0.0179532 0.017991 13.4983 0.0180056 0.0219848 0.0179813 0.0179954 211.691 0.0179397 0.0179366 0.0179367 0.0179432 0.0179443 0.0197608 0.0181335 0.0194225 86.2667 0.0185218 0.0181401 14.6321 0.0181379 0.0180296 0.0179366 0.0182804 0.017961 0.0186933 0.017942 0.0179366 0.0179382 0.0194496 0.0179368 0.018188 0.0356725 0.0179808 0.0179366 0.0180683 0.233278 0.0289152 0.0180447 6.50423 0.0182597 7.91747 4.16257 0.0179844 0.0180242 143.686 0.0179368 16.8921 0.0179635 22.9264 0.0181924 0.0179968 0.250761 0.0184952 18.1428 0.0183465 34.0821 0.0183989 18.0572 0.0179384 0.0179393 0.0179381 13.0945 1643.43 0.0179543 137.736 8.46448 0.0185572 0.0180666 0.0181469 0.0182338 8.07938 0.0193202 0.0179379 0.0179503 0.0337105 0.0179991 0.0182481 0.0179963 0.0179372 0.0179372 0.017937 0.0184577 0.0336198 0.0189258 0.017942 70.2995 0.0183316 0.0181848 0.0181113 0.0180027 1.34185 0.0180312 0.0180553 0.0187208 0.0179499 0.0786749 0.0179368 0.0180162 0.0179671 116.35 0.0179372 0.236635 1.08138 0.0180141 0.0179367 0.0180677 0.0182954 0.0179816 0.0183408 0.0179812 26.3257 0.0179408 15.988 0.388515 0.0179915 0.0185547 0.0179367 1.95259 0.0179515 0.0179366 0.0180305 0.0185094 0.0179366 25.6377 0.0192361 0.0179849 0.018074 0.0179368 0.0179392 0.0182313 0.0179367 0.0380502 24.6055 0.0179384 0.0179927 0.0179708 0.0179634 0.0181557 0.0251016 0.0179366 0.0179876 0.0179374 0.017965 0.0179368 0.0179366 0.0194436 0.017937 0.0179375 0.0183719 0.0182108 0.0179367 0.0179379 0.0179406 35.3873 0.0179368 0.0185808 0.0180117 31.9447 0.0184796 160.29 0.0181561 0.0180935 0.0179482 0.0179416 0.0179369 0.0180716 0.114066 0.0179368 0.0179517 0.0186421 0.0179366 0.0179413 0.0179366 0.0179366 20.3782 0.0182505 0.0179367 13.7371 0.0179489 0.0192813 0.0180236 0.0188841 0.0179445 0.0181045 229.21 0.0186049 0.0214116 0.0179384 0.0179368 0.0179414 0.0179414 0.351986 0.0546086 0.0180857 35.3666 0.0313159 0.0180259 0.0179368 0.0181587 1.18284 0.0295101 0.0319938 0.0184938 0.0202955 0.0180284 0.0179392 0.0179376 43.3565 0.0179464 0.0179367 0.0179366 3.70452 0.0179369 0.0181779 0.354629 0.0179466 0.0187306 0.0181322 0.0195242 0.0179369 0.0179368 0.0179423 0.0179757 0.0179371 0.0179548 0.0179366 0.0179407 0.0179367 65.1841 0.0179366 0.0179425 0.0179411 3.37698 0.239021 26.7745 0.0179535 0.0179448 0.0226696 10.9209 0.0179489 0.0188205 0.0179394 0.0179827 13.556 0.0179368 0.0179841 0.018026 0.0179483 0.0180002 0.0186554 0.0180409 22.7013 0.0179376 0.0180371 0.0196996 0.0399355 0.0179428 0.0179372 0.0179695 240.559 0.0179384 0.0179415 0.0306024 0.0180451 0.0189457 21.5299 0.0179366 0.0227321 0.0185926 0.0190593 0.0179574 0.0181864 0.0179428 0.0179498 0.0180017 0.017941 0.017942 0.0184392 0.0179717 0.018352 0.0227025 0.0179366 189.317 67.1424 9.82529 0.0179373 59.6154 0.0179446 184.166 0.0179905 0.0179709 0.0179549 18.8045 0.017962 0.0180157 7.53589 0.0179721 0.0179463 0.0310957 2.75553 0.0179366 0.017981 0.0193428 0.0179366 0.0179367 0.0181711 0.0179366 0.0179366 1.07377 0.0190109 0.0185654 0.0180011 0.0179628 0.0179447 0.0180412 0.0179371 0.017948 0.0180068 0.017937 0.0179472 0.021862 0.150156 0.0179368 0.0179416 0.0179367 25.8882 0.0182352 0.0180586 0.0185418 0.018364 0.017959 620.422 4.04632 0.0179834 0.0179477 0.0179485 0.0179377 0.0246359 0.0194322 0.0180234 0.0179413 0.0184552 0.0184005 0.0179413 0.0179385 0.0182597 383.173 27.7768 0.0179878 0.0638032 0.0180408 0.0185049 0.0180002 0.017937 0.0264986 0.0179368 0.0179367 62.518 0.0179864 0.0180131 0.492636 30.8341 0.0179381 1.42413 17.0666 139.235 0.0217752 0.0179433 0.0179884 216.33 0.0180618 0.0497256 0.0179371 0.0179457 0.0181337 0.0181859 0.0179371 38.5195 0.0179452 407.161 0.0180086 0.0179372 0.0179366 0.0188313 0.0179384 0.0179366 0.0179453 0.0179366 0.0185879 0.0179382 0.0179956 0.0179381 0.0179378 0.0364143 0.1091 0.0179517 0.0179824 0.0179811 199.939 0.0209655 96.4354 0.0203616 0.0179537 0.017951 0.0180146 554.36 0.0179367 0.0184793 0.0179366 0.0180239 0.0179863 0.0179591 0.0179812 0.0179673 0.0275339 0.0179371 0.0179366 0.0189432 20.578 0.0179373 307.689 0.0180356 26.1351 0.0179368 0.0179366 0.0179451 0.0179838 0.0179831 0.0179409 0.0179379 92.8674 0.0179367 0.0179366 2.22054 0.0180678 0.0306698 0.0179423 0.0179507 0.0180525 32.9684 0.0180525 0.0191553 0.018008 0.0179366 0.0179373 0.017989 588.191 0.0179367 26.3996 0.0179573 0.0179366 13.1874 133.123 0.0179511 263.593 0.0179371 0.0180344 0.0179434 0.0181684 0.020956 16.0419 0.0186478 0.0180006 0.0251344 0.0179366 0.0179368 0.0190745 0.017937 0.018071 0.0179368 0.0180023 0.0179524 0.0179572 0.0179366 0.0179366 0.0180652 805.923 40.7669 0.0179369 0.0179909 3.45617 0.0197564 0.0179863 0.0180034 0.0181052 127.007 0.0179596 330.285 0.0179577 17.4922 0.0179398 0.0260858 0.0179452 0.0180244 0.0179369 0.0179383 0.0180168 0.0179368 195.257 0.0179934 0.0179375 0.0179366 0.0179373 0.0179367 0.017938 0.0181114 0.140223 0.0179371 0.0179828 0.0286287 0.0179391 299.174 0.017957 0.0179404 0.0181826 0.0179384 14.8479 0.0179415 0.0179584 0.0180537 0.0691644 0.0183216 0.0179556 0.0276584 0.018354 0.0206198 0.0270477 30.7052 0.018026 16.9584 0.0179366 50.6319 0.0188406 0.017947 0.0179518 0.020055 0.0179366 0.0201317 0.0179728 0.017987 0.0179368 0.0181576 0.0179366 0.0179385 0.0181878 0.0179369 0.0179367 0.0180402 0.0179869 0.0195314 0.0179408 0.0179405 0.0197265 0.0179833 0.0953656 0.0179367 58.1958 0.0179368 0.0179541 0.0180319 0.0380921 0.0179406 0.0179943 0.0179367 0.0179722 0.0180452 0.0181087 0.0182738 0.0179366 0.0179366 0.0181687 0.0181628 5.30389 0.0179448 176.056 0.383869 0.0185904 0.0183025 0.0181678 0.0179667 220.417 0.0179649 0.0179366 0.0179523 0.0183053 0.0179366 0.0179708 0.0180278 40.1329 5.58238 0.0187778 0.0179391 146.246 0.0179366 15.0115 0.0179366 0.0398966 75.6588 10.0227 0.017938 0.0183383 0.0179594 26.3973 0.0179366 0.0179433 0.617369 0.0185838 0.171543 0.0180132 0.0311865 32.5164 0.0186664 0.0179498 63.0039 0.0179683 0.0179911 0.288531 14.7525 0.017963 0.0207643 0.0179374 0.0226124 0.0179372 0.0179366 0.0179383 0.0179421 0.0179392 0.0188691 0.0179562 2.71677 0.0179369 0.0180233 0.0179429 0.0185645 0.0190994 23.6937 0.0180282 0.0179959 0.0181119 0.0196065 0.0179982 0.0509951 137.054 0.0179367 0.0179372 0.0206409 0.0179368 0.0185427 0.0179366 0.0179821 31.9125 13.9121 454.588 907.565 0.0179841 0.0179366 12.0858 0.0180456 3.42938 0.0179381 0.0179402 0.0179367 0.0179381 0.0179369 73.5334 0.0182883 0.0181192 0.0179582 0.0182005 0.018394 0.0179519 0.0181615 183.234 0.0179366 127.073 24.1739 0.0179558 0.0179367 0.0219115 0.0179366 0.0179374 0.0179631 17.4922 0.017943 0.0179543 0.0179368 0.0186811 0.0180091 0.0179516 0.0179367 0.0194122 0.0232018 0.0819069 0.0179537 0.0179372 231.58 3.31764 0.0274735 0.0180018 0.0179366 0.0180868 0.0179396 0.149286 0.0179369 0.12704 0.017954 0.0220554 0.0179409 0.0179392 0.0179403 0.0184793 0.0179782 141.585 0.0180516 0.0179471 0.017937 0.0179366 0.018085 27.1579 0.0197464 13.4234 0.0179378 0.0179367 1342.5 0.0194995 0.0179366 0.0303967 460.006 0.0195973 0.0179367 41.4785 0.541937 0.0179571 28.2052 0.018258 0.0179372 0.0180937 0.0179516 251.307 0.0179543 0.017974 0.0179398 3.76241 0.0179534 6.15506 0.0179378 0.0180622 0.0179372 5.06748 0.0179412 0.0185421 0.0179923 0.0179418 0.0179429 0.0179376 0.0179451 92.5948 0.0184263 0.0179415 0.0179381 0.0180743 0.0179367 0.017943 129.473 0.0183057 0.0179406 0.0186064 0.0181611 0.0179369 0.0179368 0.0179366 0.0179437 0.0181406 0.0179381 0.0180243 30.4479 0.0179728 5.12145 0.0615747 0.0179471 0.0179366 0.0180117 11.4905 0.0265413 0.0180236 0.0179367 0.0180398 61.2784 0.0179366 39.0523 0.0179399 0.0179366 0.55644 0.0180033 0.0180592 147.079 0.0179366 0.0179374 0.0346165 0.0179366 0.0379759 0.0181322 171.401 0.0179502 0.0179608 0.0179539 0.017941 0.033624 0.0180053 0.0180096 0.0183142 52.5791 0.0180952 0.0182899 0.0179763 0.017993 0.0181921 270.441 0.0179388 0.0179442 0.0179368 0.0242233 0.0179368 0.122353 0.0179697 0.0179721 0.0180056 0.0179366 0.0260813 0.0181027 0.0179368 0.0187438 0.0179366 0.0179381 0.0179369 0.0179456 0.017951 0.0179409 0.0181707 0.0180571 0.033416 0.0179933 0.0180844 0.017983 0.0179366 0.0179795 0.0179395 0.0179366 0.0179519 0.0179377 0.0179392 21.6852 9.12499 0.0186013 0.0179372 0.0180126 0.0441085 0.0180836 0.0179447 0.0179411 0.0179424 0.0236751 0.0179457 35.5545 0.0223976 0.0179393 0.0179708 0.0179999 25.4678 0.0179436 338.907 0.0179367 0.0208581 0.0179373 0.018889 0.0179372 0.0179507 158.453 0.587814 0.0179565 0.0179376 0.0179371 49.2226 0.0192236 0.0200214 0.0179432 59.5685 0.0179366 5.97556 0.0179423 820.065 0.0180973 72.9242 0.0179366 0.0179652 5.67223 0.0181606 0.0578047 0.0179367 0.0212551 0.0181504 0.0180377 11.4313 0.0249969 0.0188678 0.0182124 0.0179368 0.0179368 0.017978 0.0700702 0.0179502 0.0179399 0.0179394 0.0179446 0.018 36.7615 0.0179367 12.2381 0.0181299 0.018088 0.0181263 0.0190392 0.0179368 0.0179866 627.584 309.085 0.0239039 0.0179366 0.0179366 22.6016 0.017937 0.0179366 38.3276 0.0179367 0.0179437 0.0179366 0.0251635 0.0182168 0.0179503 0.0179863 0.0184649 0.0179456 0.0179366 64.0689 0.017938 0.0179382 0.0179369 0.0179366 0.025692 0.0186029 0.017937 0.0179647 0.017938 0.0181492 0.0179479 0.0188419 17.6171 2.36417 28.5696 0.0183469 0.017937 0.0179572 228.727 0.0183897 0.0179453 0.0179366 0.0756608 65.045 0.017937 0.018335 0.0179366 0.01891 0.0179366 12.0066 0.0179391 0.0180103 0.775871 0.0179368 0.017937 0.0179377 5.23493 0.0201941 0.0183084 0.0179378 0.0179539 0.0179373 0.0179862 0.0179438 0.0182624 0.0754404 144.163 0.0189325 0.020384 0.0203512 0.0179711 0.0179766 0.0180003 13.4234 0.0361237 12.443 0.0179368 0.0179831 0.0179366 0.0179366 0.0180527 0.0179439 0.0180042 0.0179476 14.69 0.0181549 0.0179395 0.01812 0.0179577 0.0180592 0.01798 0.0351039 0.0179767 0.0179368 0.0219702 0.0346119 0.0185427 0.0179372 0.0179367 0.0179412 73.5008 0.0179371 1.19485 14.7358 0.0179475 0.0179366 14.9253 0.0324674 0.0181324 0.0179633 0.0179583 0.0181043 0.0184599 0.0179394 0.0339424 0.0179406 0.0194319 0.0179426 0.018365 6.20163 0.017989 0.0179367 0.655026 0.0179367 0.149569 0.348344 0.0444634 0.0179435 146.349 0.0179373 0.0535957 0.018006 0.0179366 0.0179548 0.0183945 10.9863 0.0179372 0.0179416 0.017946 0.0179399 0.0179366 0.0179932 28.2309 0.0313286 0.0179382 0.0179366 0.0179388 0.0179374 0.0179368 15.4619 1.05432 0.0179508 0.0182108 0.0179366 0.0179366 0.0179366 0.0179367 0.0186967 0.0180784 0.026853 0.0179374 0.0179609 0.0179631 2.3092 52.2806 0.421049 0.0225691 0.0180914 27.4378 0.0259817 0.0179504 0.0188891 0.0423205 109.251 0.0180583 0.028406 0.0179374 0.0843804 35.896 0.0179371 0.0179373 0.0179567 0.017945 0.0263692 0.0257459 48.334 0.0179366 373.594 0.0180456 0.0179367 0.0181546 0.0180036 0.0179371 0.0179601 0.0181167 0.0179389 0.01794 0.0179501 0.0179439 0.0179366 0.0179737 0.0179368 15.1518 0.017937 0.0180141 0.0181626 99.6807 0.0183205 0.0181545 0.860199 108.652 90.106 0.017979 0.031151 35.9616 38.2102 0.0179882 174.788 21.2649 0.0179366 0.0179552 0.123435 47.4395 0.0191847 0.0192098 0.0179369 0.0180682 60.1669 0.0237634 0.0182067 0.0275426 0.0179398 0.0187198 0.0184583 0.0179373 187.937 0.0179375 0.0204162 0.017938 0.0179733 0.0244429 0.0179434 0.0180904 0.0184857 0.0179795 0.0179414 0.0179387 0.0179378 0.0179366 0.0181644 0.0180594 58.9023 0.0179691 0.0179391 0.0179406 0.0179584 0.0182005 0.0179368 0.0184244 0.0182939 0.018054 0.0179418 0.0239908 0.0179378 0.0192322 4.50805 0.0179366 0.0179821 0.017999 0.0179848 0.0180411 0.0179908 0.0179721 0.0179415 0.302683 0.0190651 0.0179664 0.0180347 6.74083 0.0179369 0.0179371 78.9995 0.0179369 0.060315 0.0179749 0.0180226 0.0179366 0.0180591 27.1716 25.3314 0.0183941 0.0188373 0.0180088 0.0179367 230.38 0.0179611 0.0179663 0.0180253 0.0179366 0.0179369 50.5878 0.0190556 0.0179905 0.142597 0.0179366 0.0179366 0.0179367 0.0179738 21.0055 0.0186378 0.0181039 0.0179387 0.0180149 0.192535 0.0180191 0.0180103 33.0521 0.0183703 18.7902 0.0180294 0.0197648 0.0179435 0.017939 0.0181053 0.0179366 0.0180945 0.017939 0.0180887 0.0180064 0.0185869 205.987 0.0179383 169.657 0.0179492 36.5287 0.0179378 0.0191922 0.0179573 0.0226584 0.0179398 0.0308267 0.0785542 0.0179643 0.0179366 0.0179417 12.7939 303.497 0.0179407 39.0978 0.0180021 0.0179379 0.0193461 0.0179635 0.0182048 0.0179583 0.0179601 0.0179405 0.0179366 0.0179619 0.0179367 11.8115 0.0179392 0.0526279 117.605 167.522 14.0928 0.0179372 0.0179391 82.0346 0.0179862 3.50576 0.0179438 0.017948 0.0179692 0.017961 0.0179367 0.017943 0.0179383 0.0179366 11.8054 67.0836 49.2461 0.017961 0.0190987 0.0180791 0.0200308 0.0179471 0.0180227 0.0179934 0.0179554 46.9695 0.0185991 0.0179674 51.9544 0.0180002 0.0179521 0.0181672 5.50351 0.0179444 95.8897 0.0192589 0.0179407 1.1279 0.0181014 15.0077 0.0179925 0.0189874 0.0180609 0.0179392 213.886 0.0179375 0.0180769 0.017937 0.231651 0.0179366 0.0179696 0.0249482 0.0201732 0.018287 0.0180872 0.0184063 0.0179392 0.017937 0.0182306 0.0179614 0.0179375 0.0179369 0.0179744 0.0184578 0.0179543 42.1324 12.5062 0.017942 0.0244944 0.0179366 0.0180312 117.831 9.93246 0.0179474 0.0213731 0.0179939 0.0179614 0.0180121 0.0179415 0.0182793 0.0200335 0.0183491 0.0179467 0.0213744 9.45267 0.0179578 52.8402 0.0179367 0.0179371 0.0179598 0.0179368 0.0179368 0.0179402 0.0203902 0.0180505 0.017938 0.0179397 0.0206081 0.0179369 0.0179936 0.0179372 0.0179446 0.0187184 0.0195639 0.0179372 78.3979 0.0179681 1.9094 0.0179415 0.0959796 0.0180456 0.0179375 0.0180091 0.0239476 24.4029 151.037 0.0179662 0.0179751 0.0179828 0.0179708 0.0181213 785.197 0.0179366 0.0179888 0.0179368 7.49412 0.0196955 0.0180431 0.753211 0.0179369 0.0179366 0.0179399 0.0180445 0.0179367 0.0179472 0.0179379 0.0179466 0.0179383 0.0183644 0.0179376 132.266 0.0179743 0.0179571 0.0179475 0.0179372 0.0179399 0.0179512 0.0183208 0.0179741 0.018874 0.0180228 0.0179375 0.0179743 0.0179368 26.6103 0.018147 0.0180318 0.0179439 0.0179459 0.0179435 0.0179366 0.0179892 0.0179623 33.2988 0.0249061 14.7358 0.0186059 0.0179367 0.0179389 5.57096 0.0181476 0.0179536 0.668004 126.309 0.0180148 0.537517 0.0179368 0.0179775 0.0184694 119.096 3206.17 0.0222005 0.0179366 0.017937 0.0204331 56.231 0.0179437 0.0179521 0.0180984 17.7869 0.0179739 0.0179417 164.601 0.0179366 0.0179756 0.0186732 126.533 0.0183407 0.0502383 0.018122 0.0180101 0.0185079 0.0180397 0.017937 0.0179919 0.0179454 0.0179584 0.0179366 0.0180131 9.40991 0.0180743 0.0179796 0.0179366 0.0189179 0.0180472 0.0179493 0.027433 0.0179366 0.0179366 0.0179366 0.0183509 147.097 173.529 0.0180246 164.535 0.0179394 0.0179367 3648.31 0.0180709 0.0181848 0.018897 0.0179368 0.0180341 9.64121 0.0180166 0.0179368 0.017941 0.0181699 0.0179511 0.0179368 0.0179367 0.0222295 0.0179366 0.0179379 0.0179366 0.0179367 0.0180613 0.0180142 0.0179366 0.0179366 0.0183128 0.018405 0.0179368 0.0180441 0.0179577 0.020371 0.0179369 0.0180335 55.037 18.0856 0.0179367 0.0193161 0.0180753 27.1625 30.1442 0.018258 0.0179366 0.0185427 0.0179708 0.0179643 0.0179368 1.17436 0.0179369 0.0179583 0.017948 0.0179367 0.0179368 0.0180463 0.0179633 0.0179367 0.0181746 0.0192767 14.1708 0.0182704 0.0179374 3.07457 0.0179842 0.0179424 0.0181617 0.0179366 11.243 0.0183987 0.0181924 0.0179839 0.0179366 0.0179748 0.556032 36.8586 0.0179389 0.0180621 0.0179368 0.0179443 0.0187733 0.0227052 0.0179577 0.0179384 188.178 0.726564 0.0179366 0.0194178 77.9176 0.0179457 0.018385 0.0179366 0.0180662 0.017937 114.029 0.0179372 0.0181814 0.0280881 0.0179379 0.0179828 0.155851 0.0179368 0.0179984 4.67353 0.0179366 0.0179367 0.0194986 60.5266 0.0179584 0.0179395 105.518 0.0179366 0.0183295 0.018218 0.0179367 16.0784 0.0179367 0.0182272 0.0179754 0.0179439 0.017939 0.0180255 0.0179426 0.0184064 0.0295218 0.0194301 48.9027 0.0179519 83.839 0.0179366 23.8957 43.1717 0.0352005 0.0181837 750.192 0.0179366 0.0180638 0.0179951 0.0182612 0.0179536 0.0179368 0.0179464 0.044141 0.0179855 268.138 0.0179378 0.0179384 0.0180316 0.0179373 11.1525 0.0180849 11.8159 0.0183013 0.0179381 0.0179428 19.9619 0.0179366 0.0184136 0.0179426 0.0179449 7.34626 0.0181643 0.018075 0.0179403 0.018123 0.0180887 0.0179366 0.018607 0.018046 0.0180426 187.013 0.0179407 0.0190092 0.0179595 0.0241341 0.0179405 0.0179723 0.017938 0.0186916 0.0179375 0.0179487 0.0179453 13.7889 0.0213795 75.322 0.0179502 0.0179398 0.0179813 26.6554 0.017994 0.0179373 0.0204028 0.0179517 0.0179367 0.0179379 0.0181192 14.0829 0.0179391 0.0179619 0.0179366 0.0179431 0.0179371 0.0179366 0.0179372 0.0179367 0.018781 0.0256954 0.0179415 0.0182885 0.0183203 0.0187361 5609.63 982.654 0.0280968 0.018088 0.0179427 0.017977 0.01794 0.017962 0.0179388 0.0186833 267.48 0.0179366 31.7245 0.0179482 0.0179368 0.0179366 0.0179368 0.0179367 0.0179366 0.0180071 0.0179373 0.0181301 0.0194308 0.0185834 21.0055 29.2987 0.137889 0.0179397 0.0179439 0.0183298 0.0179366 0.0184543 0.0179951 0.0179808 0.0197641 0.0187751 330.876 0.0179534 0.0399704 0.0179367 0.0179371 69.0837 0.018189 39.1019 0.0179746 0.0179429 0.0235335 0.017938 0.0179891 173.67 0.0183496 0.0179747 0.0179366 0.017937 0.0179876 0.0200348 0.0179522 0.0180128 0.0179366 38.2098 0.0179366 4.20755 0.0179367 0.0179458 0.0179366 0.01794 0.0179986 0.0184922 0.0179379 0.0179426 0.0180118 0.0206676 0.0179366 574.628 0.0179369 0.017944 0.210733 0.017939 0.0179391 9.84112 0.0179755 0.0859468 0.0268036 0.0231728 0.0180147 0.0179602 19.2186 0.0191076 0.045193 0.0179713 0.0182479 0.0204675 0.0179368 0.0180334 0.0179366 0.0195292 0.0180556 0.0179382 0.0179367 0.0256978 34.3477 0.0179366 0.0183074 0.0179366 0.0179368 0.0179369 905.423 0.0200203 1.82558 0.0179628 0.0366159 0.0179366 334.084 12.1811 0.0180137 0.0180617 0.017938 0.0179367 0.0179901 826.37 0.0181215 0.0180143 0.0179929 0.0179397 0.0217325 0.0179713 179.149 0.017938 0.0179366 0.017943 0.0179461 614.32 0.0179516 0.0181434 0.0180645 0.0179369 0.0179372 0.154916 0.0185641 0.0181367 26.3145 0.0179633 0.0179404 2.4774 0.0179368 242.633 0.0179378 0.0179853 0.0179451 0.0179441 0.0179368 0.0620071 72.5585 0.0179369 0.0272899 20.0096 0.0179408 0.0923209 0.0179367 0.0180632 0.0225313 0.0179916 8.50593 0.0298735 0.0181756 0.0179369 0.0180769 0.129607 0.0179367 0.0179372 0.0674269 0.0181123 74.4464 0.0184312 0.0179367 0.0179614 0.0183914 7.40771 0.0181421 66.3902 181.861 0.0179554 0.0179366 0.0183929 0.0179386 138.778 32.9378 0.05673 0.0179383 0.0179585 0.0179366 0.0179548 0.0179435 0.0179529 0.0180104 0.0180613 0.0181313 0.017941 0.0179366 0.018857 18.8037 548.374 0.0179406 0.0332508 0.017939 0.0179368 0.0179366 0.019481 0.0179726 1.36429 0.0181015 0.0206739 0.0200376 0.0179605 27.2739 0.0180022 0.023215 0.0181357 44.9786 0.0183888 0.0179366 0.0184624 0.0179366 45.9745 0.0179552 0.0180638 0.0202434 0.017989 0.017959 0.018252 0.020287 17.4993 0.0180101 0.0179416 0.0474737 0.0179368 0.0179366 0.0179376 0.0179416 0.0179366 0.0179366 0.0179371 0.0223334 0.737676 0.0370013 1473.67 0.0179367 14.1881 0.0179369 0.0181204 6.95725 122.684 0.0188514 0.0179808 210.445 0.0179371 0.0179733 133.203 0.0184301 14.9689 0.449465 0.017996 0.0179386 0.0179385 0.0179366 0.0180896 0.0179389 0.0179465 0.0179762 0.0180083 0.0180084 0.0225424 0.0179371 0.0179376 0.0210147 0.0179437 25.3178 10.2569 0.0179379 0.0179381 0.0180608 0.0233258 0.0278515 0.0179657 0.0179367 0.0179395 0.0180178 16.5352 0.0179372 0.0179702 64.8823 0.0181282 0.0179592 0.0255016 0.0179368 0.0185645 0.0179602 0.0180129 0.0179366 0.0181102 41.1731 0.0179366 0.0179967 0.0187331 202.937 0.155239 192.232 0.0181164 3052.18 0.0179367 308.908 0.0181528 0.0179367 0.017958 0.0179366 0.0179884 0.0195727 0.0425611 0.0179371 0.0180756 0.0179657 0.0179372 0.0491109 352.004 0.0339042 0.018504 0.0182304 0.0179367 0.0181047 0.0308207 0.0179538 0.0179375 0.0179366 0.0179366 0.0179437 0.0207237 0.0179649 214.234 0.0179387 0.018066 0.0194128 0.0179977 34.2266 0.0185457 0.0289581 0.0180743 0.0179367 0.0179369 0.0180185 227.018 0.0179371 0.0223761 0.0180289 0.0183844 0.0181022 0.0179624 0.0180109 0.0261819 0.0180541 0.0179366 0.0179373 0.0182697 0.0179367 0.0179534 0.0179373 0.017939 0.021529 5.79824 0.0179369 20.8206 221.19 0.0190102 0.0179687 0.0181323 0.0179366 0.0179367 0.0179388 0.0179368 0.0179366 330.954 0.0196258 0.0179367 0.0179366 184.86 0.0179374 0.017942 0.0179484 0.0181012 0.0414478 0.0849523 0.0184332 0.0179378 0.0179467 0.0182107 0.0181789 0.0179777 131.404 0.0179372 137.919 0.0179369 0.0179779 0.0179366 0.0179405 0.017948 0.0180039 0.017941 0.212037 0.0187544 0.0181359 0.0179458 52.9696 0.0180886 97.2097 0.0179369 0.0179753 0.298851 0.0180804 0.017944 0.0180203 18.5516 0.0192072 0.0179371 0.0179772 0.0179414 0.0182853 0.0179373 0.0179366 0.0423375 0.0180953 367.937 0.0179464 0.0179367 0.0179367 0.0181137 0.0179496 0.0180233 0.0180517 0.0179366 136.415 0.0179367 0.0183117 0.0179367 0.0179698 0.0179436 0.0454542 0.0179678 36.3664 0.0179368 0.0179527 177.223 2.44784 60.2804 0.381243 0.0179475 0.0179953 0.0181102 0.0403453 0.0179367 0.018312 0.0179366 0.0369348 0.0180283 0.0179387 0.0179367 6.03586 3.01774 0.017983 0.0180726 67.3882 0.0179672 0.0179366 21.5993 0.0179591 9.65899 278.493 0.0179367 0.0183118 0.0179908 0.0179561 0.0179881 0.0179375 0.0179366 0.0179392 0.0179366 0.0180878 0.0179372 0.017937 0.0186888 0.0179368 54.7241 0.0182971 42.3787 0.018389 0.0278303 0.0184708 0.0179469 0.017938 0.018324 0.017944 0.0180103 0.018059 0.018124 0.0179893 0.0179468 0.0179372 0.0179648 0.0179454 132.672 0.0180633 0.017945 0.0180288 0.0179529 0.017937 0.0179371 0.0180462 0.0212631 0.0179366 0.017937 0.0179448 1.00719 0.017937 0.0179371 0.017937 32.4695 0.0179369 0.0234171 0.0179366 91.4957 0.0179369 0.0179366 0.0180716 0.0179366 0.0179366 17.237 0.0179367 0.0180248 3.79771 0.017949 0.0179547 0.0179629 0.0179744 39.724 0.0182001 0.0179385 0.0179369 0.025593 0.0179724 0.0181774 0.0179803 0.0223513 0.0274709 0.0180048 0.0179944 0.0179383 0.0179367 0.0187655 0.0179607 0.0180239 0.0185478 0.0179518 0.0687039 0.0179637 0.0180519 0.0179479 0.0183323 0.0179368 183.238 0.034967 0.0179366 0.0179408 0.0183582 0.0263924 0.0179383 0.0210276 80.6879 0.0179383 0.017938 0.0179432 0.0182946 0.0179368 0.0179452 0.0184917 0.0179433 0.0179745 0.542684 0.0184878 0.0179464 0.0179367 0.0179727 5.52743 0.0179366 0.0179884 1096.79 0.0179372 0.0179367 0.0179366 0.0180367 0.0180645 0.0179366 104.808 895.816 0.0179366 0.0179411 0.0179705 0.0179494 0.0179896 0.0251619 0.0179371 0.0220847 752.763 68.5205 1517.87 0.0179366 0.0179846 0.0179916 0.0180622 219.245 0.132719 0.0179848 94.2248 0.0179754 0.0180036 0.0179403 0.0234883 0.0180447 0.0179366 0.0179369 0.0179372 0.0179535 0.0179454 109.015 0.0188782 0.0185498 0.0179368 0.0179366 0.0179384 0.018043 0.0180021 92.441 12.9782 0.0180535 0.0179437 1.31241 87.5801 0.0179366 0.0179369 0.0294707 0.0179976 0.0179664 0.0179756 0.0179366 0.0179366 0.0179407 0.0179367 0.0179369 0.0179375 0.0179366 0.0179389 0.0179372 0.0180628 0.0179366 94.3082 154.412 0.0181163 19.5348 0.0179366 9.43012 0.020261 0.0244167 0.0179417 28.0785 7.78534 0.018534 0.0179374 189.584 2.54953 0.547683 0.0181623 0.017944 0.0179385 0.0180794 0.0179371 0.0179397 0.0179453 0.0206729 0.0222453 0.961265 0.0207171 0.0179366 0.0180454 0.0180019 0.0180562 0.0180223 0.0179506 0.0180846 0.0179367 0.0185779 0.0179529 0.0179366 0.0190037 0.0179451 0.025728 1927.71 0.0181834 0.0179763 0.0179367 0.018375 0.0179411 0.0179368 0.0180652 26.5523 0.0179392 0.0294228 0.0212937 76.549 0.0186869 0.0182008 0.0179366 0.0179544 0.0179368 0.0179373 0.0179366 0.017937 0.0179834 0.0181593 0.0180363 0.0181867 0.0181468 29.0534 0.017942 0.0179432 0.0179367 0.0179366 0.0208876 134.525 8.60209 0.0179387 0.0179367 7.9223 0.0179367 0.0283317 0.0180296 0.0179959 0.0179369 0.0179425 0.0179371 0.0179707 0.0179366 0.0180815 0.0179902 0.0179366 0.0179366 0.0179491 0.0179367 0.0179366 0.0183171 0.0180396 0.0179379 92.583 0.0179366 0.018014 0.0179411 0.0179731 0.019304 0.0179369 0.034132 0.0262796 0.0179778 0.0179906 0.0179402 0.017944 0.017945 0.0179378 0.0179369 0.0181245 0.0179375 65.9377 0.0180188 0.0181393 0.0179369 0.0179366 0.017991 0.0179367 0.0179368 44.2355 0.0217676 135.914 0.0182197 0.0179799 0.0213875 0.0308411 0.0181322 72.1896 0.017937 0.0179369 0.0179366 0.0180194 0.0179392 0.0179372 583.108 19.8549 0.0179696 0.017937 1012.03 0.0179432 2.2136 0.0179464 0.0179367 0.0179439 71.1921 0.137987 61.141 0.0184649 0.0179819 26.576 0.0179378 368.617 0.0179535 0.0179367 0.017961 0.0179452 0.0204528 0.0179375 0.0179368 0.0179369 0.0180663 0.0179603 0.0179548 0.0179403 4.29743 0.0205605 0.0179366 0.0180561 37.9251 0.0179371 0.0179759 56.1915 32.7602 0.0182977 0.112291 0.0179441 0.017939 0.0180858 23.3736 0.0179735 0.0179367 0.0180985 6.66384 0.0416329 100.554 0.0179484 0.017938 5.62717 0.367608 373.78 0.0179369 0.0179366 0.0321305 0.0179373 5.2303 0.0180601 0.0194504 0.0179366 0.132939 0.0179366 0.0180211 0.0179366 0.0185007 0.0179638 0.0179697 368.087 1.16654 0.0189311 0.0543692 158.995 0.0179367 173.282 0.0179371 0.0179368 0.0179579 0.0179377 0.0179562 0.0179368 0.0179366 7.935 0.0179369 32.833 0.0179403 87.9963 0.0179464 0.0180339 0.0182032 0.0179366 0.0194823 0.017938 0.0182216 0.0179366 0.0180973 0.0324604 0.0179366 0.0179367 1.484 0.0179368 0.0179368 0.0182806 0.0180391 34.4573 0.0179403 23.373 0.018001 0.0179367 0.0179366 0.0197777 0.017949 0.0180278 0.0179367 0.0848828 11.1565 0.0179373 24.7814 0.0179366 179.707 0.0179366 0.0179431 0.0179369 0.0179379 0.0180009 0.018083 0.0179589 0.0179439 0.0179367 10.6845 41.4292 0.0179622 0.0179366 82.7196 14.5536 0.017946 0.0179367 0.0179394 0.0182676 20.8949 0.0179967 0.017937 0.019827 38.0545 0.0183507 0.0179367 0.0179403 0.0655671 0.0179405 0.0185332 0.0334357 0.0179367 0.018199 37.967 0.0179763 0.017987 0.0179366 0.0196941 17.8315 0.0216476 84.5703 0.019781 32.181 0.0180362 0.0179366 0.0179848 0.0180798 0.0180707 20.578 0.0200061 0.018103 0.0179844 0.0179366 0.0180494 0.0184943 0.0184932 13.4234 0.0183377 0.0179372 0.0179366 0.0184317 0.0179366 0.0179372 0.0181075 0.018497 18.1298 2.3457 14.9875 0.0179372 0.0179367 0.0182089 348.071 0.0181368 0.0179366 0.0179366 18.9334 0.0179366 0.0291861 0.0286173 0.0179449 0.0182987 0.0179526 0.0180547 0.0180026 0.017937 0.0179758 0.0180869 50.756 0.0179366 111.962 0.0707542 0.029224 0.0179558 0.0179395 0.0231199 0.0179399 21.9448 0.017937 0.0179975 30.0015 0.0181735 0.0182087 0.0180499 0.0183936 0.0205795 0.0179693 0.021297 0.0179521 0.0182884 0.0193167 0.0179991 0.0349729 8.10165 0.0179369 0.0203017 0.0179411 0.0179417 0.0187571 0.172772 0.0179391 0.0179635 0.0179479 0.0179366 0.0179483 0.0200728 0.0179366 0.0179366 32.4955 0.0180029 0.0179367 0.0179366 0.0179419 0.0185153 0.0179418 0.0192302 0.017939 0.339707 0.0245985 254.782 0.0179374 0.018027 0.0201643 4665 0.0249903 0.0179393 0.0179366 0.017949 0.0179617 0.0179366 0.0179965 0.0179432 0.0180314 0.0180189 0.0182633 0.018801 28.3631 0.906457 0.0185916 0.0179366 0.0179531 0.0179445 0.0179992 10.0781 16.3896 86.3112 0.0179548 0.0179455 0.019871 756.257 0.0179366 0.0180206 0.0179453 0.0180406 97.4377 0.018388 961.643 0.0179969 0.0179369 0.0180005 0.0179367 0.0179379 0.0180686 0.0220937 127.226 1686.04 73.7597 112.386 0.0179366 0.0465868 0.017937 0.01802 0.0180743 0.0187019 0.0191203 0.0205368 0.0179444 0.0179367 0.0184365 0.017939 0.0179981 0.0189429 0.0179366 0.0186381 0.0179375 0.0179375 0.0181429 0.0179432 0.0179481 0.0179367 0.0179375 15.7645 0.0179389 0.0623957 23.7446 9.12499 0.0179495 85.7139 570.424 17.492 0.0179367 441.709 0.0179529 0.0179367 6.44524 0.0179574 20.578 0.0203447 0.0179393 0.0179376 41.021 0.0220585 0.0187278 0.0179367 20.6294 0.0179368 0.0179368 0.0179369 0.0182885 0.0179859 0.0207348 22.5602 0.54023 0.0179367 0.0206395 0.0189565 0.0179367 0.0181315 8.60426 0.0179616 0.0180678 0.626602 0.0188274 0.0599395 363.103 0.0179393 0.0180218 48.8882 0.022531 0.0236643 0.745843 0.0179407 203.751 0.0179367 138.127 21.677 0.0179932 0.0184914 0.0182342 0.0179842 0.0185427 0.0179994 0.412125 0.0357313 28.032 0.018275 0.0584056 0.0184752 0.0184954 0.0179366 0.0179389 0.0223461 0.0185771 0.0179708 87.6897 0.025942 37.4904 115.042 0.0179367 94.1255 0.0179613 0.0187404 0.0179807 0.018005 0.0182271 32.401 0.017937 0.017937 107.005 0.0179366 0.0197875 35.8185 121.509 0.0179367 0.0179878 0.0179366 0.0179844 0.0179366 17.2898 0.0179422 50.2781 24.6055 0.0190842 0.0447603 0.0179802 0.0179366 15.6484 0.017937 0.0182769 48.0463 0.0179538 0.0182628 0.0179368 0.0180896 0.0179418 0.0179445 0.0179366 0.017937 0.017938 0.0179368 0.017937 0.0181899 0.0179635 825.773 32.4055 0.0181777 0.0179594 0.0390585 0.0179746 14.3793 0.0179798 0.0180403 10.2524 0.0179366 0.0179544 0.130556 0.0179897 0.0224214 0.0179548 0.0189665 0.0179968 0.0190891 1.87347 0.0182033 0.01799 0.0179618 0.0301248 0.0179374 19.2186 0.0179634 0.0179613 0.0183575 0.0179368 0.0183713 12.2529 0.0179379 0.0179368 0.0197495 19.2227 0.0184662 0.253523 134.922 0.0179431 0.0179384 0.0179366 0.0179412 0.0249071 0.0179368 0.0179366 0.0179385 0.0246895 46.323 0.0180218 0.0185187 0.0179368 0.018581 62.7316 0.0179435 6.02395 0.0201148 142.403 0.0179545 0.0179393 0.0179502 0.0433448 0.0180519 18.0806 0.0180266 0.0179366 0.0179367 16.3982 0.0179492 0.0396371 0.0180536 0.0179367 150.882 0.017937 0.0179366 0.0185563 917.3 0.0179783 0.0179463 0.0179578 0.0179996 0.0180127 0.0179977 0.0189015 0.0250357 0.0293808 0.0179366 274.012 0.0179458 0.0180197 0.018088 0.0179705 0.0181386 0.0200739 0.0179431 0.0184225 0.0180097 0.0179366 0.0179404 0.0180405 0.018015 20.7637 0.0189845 0.0186396 0.0179423 92.8366 0.0179921 0.0181937 0.0179568 0.0179616 193.454 0.0180497 0.0179367 0.0180282 0.0179366 0.0179596 7.18715 39.5799 0.0179366 0.0179366 0.0179534 0.0180863 0.0193415 0.0181959 0.0179687 0.0182332 0.0179367 16.4129 0.0179504 0.0179466 0.0179405 0.0179412 0.0180302 0.0179393 0.0179427 0.0179382 83.1523 29.2409 0.0189705 0.0179467 0.017954 0.018125 0.0179966 0.0180771 0.0179538 0.0181143 0.0179524 0.0179366 1775.34 0.0179913 0.0179583 0.017966 0.0468138 81.8491 0.0179369 0.0183658 0.035284 0.0179752 4.90807 0.0179709 0.0179369 0.017942 0.0180743 0.0204487 0.018072 0.0186377 0.0205974 0.0181886 0.0180005 0.0258445 0.0219715 0.0179424 0.0179366 0.0179525 17.9941 0.017938 0.0193687 0.0180566 0.0183756 0.0179879 28.5871 0.0181335 0.018026 4.9838 0.0182712 0.0179897 0.0181283 0.0945916 0.0353924 0.0179367 0.0179373 0.0179366 0.0179368 0.0338978 0.0179706 0.0179535 0.017962 0.017937 0.018547 0.0179403 84.0403 0.0179366 2.12956 0.0181621 0.0182676 0.0179366 0.0179368 0.0180026 0.0179523 0.0180356 0.0217572 0.0179387 17.9464 44.0528 0.0179375 0.018204 0.0179695 0.0190726 0.0179369 125.841 21.0055 19.8755 0.0180061 1.54362 0.018011 0.0190874 0.0179406 0.01808 6.37035 0.0180101 0.018424 271.78 0.0179443 0.0186926 0.0179842 0.0257517 0.0179884 90.6508 0.0183935 0.511186 0.0179811 0.0179555 0.0179425 0.01795 0.0182837 0.0239062 26.09 0.0181155 205.721 0.0179833 0.0179377 0.0179366 125.448 0.0194809 0.0180128 0.017937 0.0179394 0.0179392 0.0185653 16.5293 0.0180251 0.0179417 0.0352596 0.0229324 0.0183152 59.5082 0.0179366 0.0179369 0.0179559 0.0179613 0.0179733 0.0183508 0.0184873 0.0179374 0.0179371 0.0179916 0.0179381 0.0179369 0.0195056 0.0179849 0.374433 151.998 0.0180743 0.0179366 0.0198078 0.0395717 0.0179375 0.0179864 0.0179366 29.6917 0.0181209 0.0179366 0.0179367 0.0180035 0.0179525 0.0179596 29.4596 0.0179366 0.0179422 0.0179411 80.199 0.0224368 35.4664 0.0201542 0.0179454 0.0179622 0.0191884 0.0179379 0.0179563 0.0179567 0.0179367 0.0182518 0.017973 0.0183622 0.0207619 0.0297133 0.0179681 2.40464 0.0179366 0.0179369 0.0179374 0.0179367 0.0179606 0.0201551 0.0179507 0.0179485 0.0205246 315.24 0.0179366 0.0179366 0.0179474 0.0179425 0.0372543 0.0182885 1.60862 0.0179446 0.0180494 0.0179381 0.0179366 0.0179393 0.0179366 0.0179413 0.0180756 0.018384 0.0186668 0.0201601 0.0179661 0.0179366 0.0179372 0.0180231 0.0185086 0.0180709 0.0179367 0.0181534 0.0180017 0.0179368 0.0185033 0.0179369 0.0182165 0.0179369 0.0179367 0.0179538 0.0187728 0.0293898 0.0189672 14.6155 0.0179381 0.0179507 0.0179414 0.0179392 0.0179405 0.0180026 0.0179587 0.0179615 0.107234 0.0179367 0.0179406 0.0179368 0.0179369 0.0179366 0.017937 0.01794 0.0180044 0.018265 30.6416 0.018767 0.0179458 0.0179366 0.0179392 0.0180341 0.0179401 0.0179533 0.0180566 0.0181812 22.4367 0.0179368 0.0201943 0.0180275 0.017941 0.0179371 0.0179446 14.0829 0.0182538 0.0194227 179.278 14.9849 0.0179711 0.0179367 0.0179368 0.0179548 0.0415521 0.0180791 0.0179967 0.0179524 0.0179802 23.9842 0.0181611 148.408 0.0179717 0.0179759 22.2953 0.0179822 0.017937 0.0179369 0.0179366 0.0179474 0.0191438 0.0179367 0.0309594 0.0179369 0.0179487 0.0179366 0.0179378 0.0179582 0.0179674 131.612 0.0179377 0.018989 0.0183752 34.2733 0.0187019 0.0180146 0.0496387 0.0180179 0.017996 0.0180356 0.0251695 0.0179368 0.0179383 0.0180079 0.0182429 0.0180239 94.4329 0.0179883 0.017937 0.0179928 0.0179367 132.434 181.129 0.0181234 0.0179366 222.884 2128.93 0.017968 0.0195437 0.0187723 0.0179389 0.0179368 0.0179398 0.0179471 0.0180179 0.0179423 0.0185225 0.0179367 0.0180313 0.0179367 0.0215451 0.0242599 0.0179366 0.0180339 0.0284261 12.955 0.0179371 0.0180888 0.408592 0.0181766 0.0179425 0.0179735 0.0179381 0.0573207 0.0179848 0.0181018 0.0179367 0.0179448 0.0179368 1.00055 0.021608 0.0179371 0.0179366 11.1801 0.0181086 0.0179705 21.2639 6095.16 0.0179371 0.0406584 21.0055 0.0179366 0.0180349 0.0186239 17.679 0.0195704 0.0184418 61.7831 0.0179385 14.6154 0.0179965 0.018708 10.146 0.0213639 0.0179366 2.50198 0.0179495 0.0180821 11.8298 0.0179735 0.0179406 0.0180253 72.2546 63.1492 60.6517 0.0179431 0.0246374 0.0179445 79.3399 0.0179631 0.0179427 0.0181617 23.341 0.0181794 0.0179366 0.0255539 0.0179495 0.0213323 22.5601 0.0179559 0.0179366 20535.8 0.0184233 0.0179526 0.0179451 0.0179511 0.0179366 0.0180056 0.0179425 0.0180267 45.7465 0.0195697 0.0179373 0.0181089 0.0819879 0.0183383 0.0199643 0.0215279 0.0179399 0.0179862 0.0180794 0.0179748 776.532 0.0180593 0.0180141 230.553 0.0179373 0.018002 0.0179368 0.0180455 0.0179407 0.0179469 0.0179383 0.0179367 43.9771 0.0179442 0.017966 0.0182736 0.0179395 0.711116 0.0179409 0.0182478 103.35 0.0179366 0.0249636 0.0179441 0.0179368 0.0180384 0.0179746 0.0179368 0.0179367 0.0179534 0.0179366 0.0179367 0.0179721 18.7431 0.0179417 0.0179366 0.0180096 0.018148 0.0183494 198.153 0.01845 0.0180137 235.472 1.31537 0.0179366 0.0179519 0.0179383 0.019221 0.0181036 0.0355637 0.0179459 0.0184313 0.0179683 0.0181999 0.0179875 0.0184385 207.967 0.0180891 0.0180422 0.0179366 0.0235683 0.0794697 0.0261579 0.0179775 0.0188309 0.0179469 0.0179369 0.0199501 89.1059 0.0179412 0.0180135 0.017938 16.387 36.5483 20.578 0.0179483 0.0179366 0.0179679 0.0179366 0.0182969 54.4917 0.0182676 0.0179371 0.0193392 0.0179414 0.0179366 0.0181772 0.0180399 0.0179413 0.0179366 0.0180405 0.0180488 0.0179366 0.0179449 0.0179527 0.0179897 0.0179366 0.0190045 0.017947 0.0179368 0.0179399 0.0179366 96.7389 0.0182806 0.0191825 0.0179721 15.6183 0.0195674 0.0179396 0.0243085 0.0179377 0.0188424 70.1813 0.0179366 0.0179368 0.0179915 0.0179366 0.0187588 74.6394 0.0179366 59.5309 0.196791 0.249812 0.0179366 0.0179658 0.0181095 0.0179366 0.0179484 0.0179437 0.0179369 0.0179969 0.0179413 0.0185604 0.0180475 0.0179717 0.0182884 0.0179369 59.226 0.0179369 0.0181579 58.2629 0.017939 27.1624 624.436 0.0179899 0.0179373 0.0180918 0.0185327 0.0321827 0.0179368 0.0288051 0.0179412 0.0598932 0.0179413 0.0179438 0.0181069 0.0181474 0.0179903 0.0186566 2.18697 0.0180238 0.0179823 0.0181581 0.0179509 0.0186572 0.0180133 0.017937 0.0180843 0.0179433 0.0189717 54.6776 0.0179384 0.0189718 0.0179366 0.018669 0.0179366 87.7326 0.0179366 154.464 0.018081 0.017945 0.0180356 0.0181763 0.0179366 49.3224 0.0179713 12.871 0.0179369 33.1156 0.0179373 0.0185388 0.0180258 0.017937 0.0179695 0.0179788 0.0179618 0.0179955 0.0185515 0.0179474 0.0182978 0.0179368 0.0180813 0.0209729 0.0180332 0.0179367 0.0179377 0.0179369 0.0179544 0.0179375 0.0179518 16.0416 0.0179446 0.0179366 0.0179606 0.018535 0.0179367 0.0181836 0.020113 518.483 0.0194775 0.018309 0.0179366 0.0179928 0.0179502 0.0184415 34.6013 0.0179546 0.0179404 0.0180035 0.0179414 19.402 0.0179368 0.0179367 0.01794 248.856 10.9387 0.0182316 0.0183888 0.0180895 0.0180031 0.0179367 0.0181545 0.0179398 0.0179369 0.0179383 0.0179464 0.0181179 0.0179371 0.0179394 0.0179814 0.204254 0.0180823 0.0179383 0.0179618 0.0479792 1.85257 0.0181449 0.0179366 0.0182093 0.0184535 0.0179377 0.0179389 67.9951 0.0190507 0.0214891 34.6766 0.0179421 0.017942 0.0179951 0.0179372 0.0197042 8.72092 144.856 0.0179431 0.0241848 0.020113 0.0179395 0.0179385 0.018388 0.0179466 0.0179508 0.0179504 54.5596 95.9352 0.0185779 0.0179803 0.0914999 0.0179366 0.0181633 0.0179424 0.0179373 0.0179461 0.0179396 95.5252 0.0179368 0.0181152 0.0191366 0.225197 0.0179555 0.0246215 5.12145 469.983 0.0179378 0.0180529 0.0179416 0.0179366 135.639 0.0179366 0.018673 0.017976 109.695 0.0182914 0.0290632 0.018037 0.0197206 0.0179552 0.0179367 0.0179366 0.0188686 1.22859 0.0180082 0.017937 0.0180247 56.5313 0.0179369 0.0179414 0.0179662 0.017945 242.401 0.0179366 930.273 0.0179405 0.0179368 0.0180183 0.0179715 22.2966 0.0180813 0.715733 0.01794 0.0179366 0.0179374 0.0181104 0.0179945 0.0179371 0.0179555 983.105 0.0179412 0.0179394 0.0478687 4.21119 358.798 15.8137 0.0179631 0.0179367 0.0179425 0.0179366 0.0189194 0.018225 7.50643 35.929 0.0180613 0.0179371 0.0181402 83.9681 0.0181057 0.0179404 0.0179934 0.0649647 0.0179366 0.0179636 0.0193622 0.0179884 23.1384 345.776 0.0179606 0.0179497 0.0179386 0.0180131 0.0180695 0.0195425 0.0179804 0.0200789 0.0179366 0.0179575 0.0248891 0.017944 669.52 0.0179415 0.0182332 0.0179647 530.299 0.0186338 16.8098 14.0173 0.0179371 15.9441 0.0179624 0.0180491 0.017937 0.0180086 0.0181221 0.0509246 0.0180613 0.0179399 7.96615 0.0179366 0.0181885 0.018554 0.0370792 0.0179368 126.8 0.0181153 247.412 0.0179986 0.0179368 0.017938 0.0203636 0.0180897 0.0179366 0.0179369 0.0179371 0.0179778 0.0187444 0.0179366 0.0179691 0.0179439 124.117 0.0179774 0.0179472 0.017942 0.017937 0.0263196 222.039 0.0180361 149.309 19.2758 0.0179614 0.0179771 0.0179371 0.0179611 2261.81 0.0179367 0.0181309 0.0179366 0.017939 0.0180889 0.0184072 0.0181213 21.8246 407.575 0.0180466 0.0180223 0.0179369 0.0182331 21.8609 0.0179398 44.1562 0.01801 0.0179376 0.0179366 0.0179698 0.0193343 0.0179372 0.0179495 11.4306 0.0179821 17.4927 0.0182076 0.0179405 0.0182527 0.0180462 0.0180363 0.0179366 0.018065 17.6171 0.0179774 0.0180166 76.028 0.0210431 0.0179981 0.0179367 93.1847 47.3793 0.0179374 3.19728 0.0884967 0.0205599 0.0179437 0.017994 0.043346 0.0179369 246.654 165.031 0.0181583 0.0180826 0.0181834 0.0179978 0.0179723 315.852 0.0181401 0.0179687 0.018795 0.0186035 0.0179534 27.8033 0.0179368 0.0180412 0.0179594 0.0179521 0.017937 0.0179366 0.0179543 0.0179797 0.0179516 0.0181808 0.0180213 0.017993 0.0296404 0.017942 0.0179366 0.0179367 0.0179953 0.0179366 0.017938 0.0212354 0.0179457 0.0179733 0.0197552 0.0179769 57.314 0.0179412 255.067 0.0469157 0.017937 0.0297778 0.0179666 0.0180243 0.0179494 0.0192988 0.0179728 0.0179368 0.0180486 0.017955 0.0180591 293.787 61.998 0.0205058 15.988 0.0180621 0.0179367 0.0184616 14.7397 0.0181135 0.0179367 0.0180958 0.0179405 0.0179366 5.57079 0.0179366 0.0179705 0.0179698 0.0179368 0.0179366 0.0378234 0.0179555 0.0179367 38.8724 0.0179423 0.0291203 0.0185389 0.0179512 964.337 0.0179654 0.0179379 0.15292 0.0179367 0.022119 0.0179368 0.0185855 0.017972 0.0181041 0.0180542 0.0231134 0.0179429 0.018085 0.0751941 0.0180941 0.0179478 0.897343 0.0179567 0.0603733 0.017992 9.84728 19.5348 0.0179459 0.0182492 0.0180355 0.0179371 0.0179533 0.0179466 0.0179367 0.0179367 0.0179392 0.017937 0.0179433 16.4106 0.0179369 0.0181885 0.017941 0.0179594 0.0223915 0.0182511 0.0179367 0.0179374 0.0181872 0.0179367 0.0180075 0.0180357 0.0183923 0.0180546 0.0182456 0.0179735 0.0179617 0.0268563 0.0179387 12.527 0.0179415 0.0188842 0.0179366 0.0206176 0.0179835 0.0179367 0.0191954 0.0187697 0.0179682 0.0179367 0.0179804 0.0179367 19.8755 0.0179874 179.19 0.0319586 0.0179452 0.0179366 0.0181264 0.01795 0.017949 0.0179371 0.0224208 0.0190038 40.9144 0.0179975 43.9554 26.1837 0.0209956 0.0179638 0.411991 0.0192372 0.0179379 0.0179366 0.017963 0.035316 0.0179413 318.626 0.0179681 0.0183233 0.0179366 0.0179418 0.0179375 97.8031 0.0179606 0.0703113 0.0179517 0.017937 11.9057 0.0179473 0.0203557 0.0182399 0.0179454 0.017981 0.0179529 0.0179536 0.020111 0.0179373 0.0180352 221.572 0.0180653 0.0180242 0.0190614 334.947 0.0179559 0.0266513 2.59797 0.017938 0.0179368 0.0179431 0.0221168 0.0179449 0.0182269 0.0179392 0.0183536 0.0183966 0.0179366 0.0179547 0.0179605 0.0401577 0.0180567 0.0179367 0.0179367 0.0195146 0.0179842 0.0179372 0.0192925 0.0180902 0.0270737 0.0179381 0.0180131 0.0179368 0.0180325 0.0179373 252.347 0.018293 129.822 258.818 0.0222681 0.0179369 0.0179371 0.0179506 0.0179383 0.0305125 0.0179384 0.0179415 0.0180569 1.00501 0.0181527 0.0704139 0.0180739 0.0179638 17.9875 0.0181887 210.421 0.0179673 0.0183135 0.0179367 0.0183126 0.017943 0.0181884 0.0191522 0.0181086 56.359 0.0189047 0.017939 0.0301415 0.0182884 97.7949 0.0179369 0.0334534 1.94208 0.0179369 0.0179617 0.018076 0.0208023 0.0179448 0.0187422 0.0179367 0.0435117 0.0179371 0.017991 0.0179417 0.0179366 0.0239591 0.018012 0.0179372 0.0238057 0.0179503 0.0180044 0.914731 27.878 0.0179804 0.0179367 0.0179703 0.0179367 0.0179368 0.018002 0.0179598 0.0179431 0.0179429 0.0183934 0.0181606 0.0179707 28.8698 0.0179607 213.584 19.9289 0.0179366 39.0523 63.3687 0.0179381 0.0179476 35.6252 17.0139 0.0179366 0.0179403 0.0180377 0.0658441 0.0179384 17.6961 0.0196801 0.273213 0.0179368 132.753 28.6935 0.0179627 929.954 0.0366756 0.0179368 0.0185536 0.018018 16.8921 0.0179366 0.0192487 0.0197989 0.0190278 0.0179823 212.213 0.018397 0.017939 0.0183493 0.0179563 0.017937 0.017937 0.0180451 21.1453 0.0179367 161.568 0.0179429 0.0179369 0.0179403 0.0186441 0.0179367 0.0179536 31.9447 0.0179377 0.0179685 0.0179366 0.0179395 0.0179369 0.0179366 101.429 0.0179367 0.0179403 145.842 0.0210303 0.0180145 0.0182921 0.0179412 0.0179371 212.452 0.0605341 0.0179696 0.0179384 0.018702 0.018028 52.0853 0.0184959 0.0180685 0.0179426 1044.08 0.0179672 0.0180178 0.0179375 0.0179686 0.0179367 17.4926 0.019092 0.0179409 0.0179547 0.0179886 0.0179389 0.0180721 0.0179372 15.0398 0.0179487 0.0197344 0.0182421 0.017952 0.0179368 0.0179366 0.0179366 0.0180211 0.0179366 104.634 0.0181035 0.0180228 0.0179366 0.154725 0.0179908 0.0179381 15.6959 0.0181891 0.0180348 194.934 0.0179632 0.0180259 12.5014 0.0364896 0.0179369 0.0203569 63.0272 394.041 0.0179366 0.0226701 0.0179488 4.51504 0.0179366 0.0179525 0.0180018 52.3959 37.9577 156.155 0.0180012 0.0179568 0.0180493 0.0179462 0.0179403 0.017938 0.0179596 0.0181072 0.0179366 0.0179368 5.58577 0.0179367 7.05814 0.0179384 13.4236 0.0188737 13.5619 0.0179883 0.017937 0.0184244 0.0182268 0.0180516 0.0179371 0.0179366 0.0179368 0.0179625 0.0180247 81.8092 0.017973 0.0197208 0.0179373 0.0179369 0.017943 0.0195726 20.5952 0.0179985 133.604 0.0309221 182.16 0.0179369 0.0180434 0.0180745 0.0179368 0.0179366 0.0179369 0.0179478 0.0179368 0.0179606 0.0179372 0.0179391 0.0179569 0.0179366 0.0179392 0.0179368 17.4922 0.0179434 0.0179927 0.0185435 18.2689 0.0181122 0.0179471 0.0179369 0.0179369 0.017974 0.0179416 0.0179559 0.0263616 0.0187081 0.0184681 0.0179384 0.0218348 0.0183334 0.0179366 0.0179367 0.0192897 5.0628 0.0181777 0.0179405 0.0199864 35.5442 0.0179376 0.0790109 0.0179373 0.0179791 0.0179384 0.0179375 0.0179366 0.0184948 0.0181569 0.0179417 0.0179368 0.0180313 0.0182903 0.0180718 0.0179746 140.546 0.0188274 0.0181393 0.0179508 23.2893 625.094 0.0200397 0.0179376 48.0771 0.0179367 53.2883 0.0179904 0.0179375 12.8828 0.017947 0.017937 93.0475 0.0179378 21.3265 0.0179367 0.0179441 0.0179543 39.0702 0.0179367 0.018228 0.0179379 0.0181306 0.0197749 0.017947 0.0179456 0.0179411 0.0179448 0.0179402 0.0179514 0.0179452 0.0179379 42.3322 0.0244568 0.0179374 0.0179782 0.0181596 0.0183262 0.0185483 0.017937 0.0179763 0.0179372 0.0179384 30.9117 19.9619 0.0180192 147.368 57.2678 0.0179986 0.0180377 0.017981 21.6143 0.0179505 0.0179366 0.0179366 0.0179704 0.0179398 24.9511 0.0179466 0.0179379 0.0179384 0.0186682 0.0179394 0.018281 0.0181803 0.0179541 0.0281788 0.0179366 0.0179705 0.0179366 0.0250521 0.0181033 0.0179367 243.702 0.0179367 0.0183666 0.0179523 0.0179447 0.017964 0.01794 0.0179366 0.0179366 0.0179381 5.69315 0.0179386 0.0179741 30.9081 0.0179368 0.0179371 0.0179369 0.0190173 0.0182043 0.0179957 0.0179369 19.5738 0.0179372 8.05254 0.212804 0.0180443 0.0179366 420.199 0.118622 0.0179574 0.0179375 0.0179367 0.0179559 0.017938 0.0179396 0.0179367 0.0179492 0.01797 0.0179374 0.0179475 0.0180136 0.0179851 0.018029 0.0179399 0.0179378 15.7863 0.0179454 0.0179376 43.9814 0.0179376 0.0179481 31.4956 0.0180204 0.0179754 0.0425693 0.0179468 0.0179578 0.0180973 0.0179369 0.0179371 0.0186166 0.0179628 0.0179366 24.1299 0.0179896 0.0186653 0.017937 0.0179366 132.884 0.0179366 0.0179366 0.0182175 0.0179433 0.0179522 0.0196305 0.0179395 0.019059 68.5299 0.0179962 0.0179366 0.768673 0.029689 0.0179366 0.0179373 0.0179366 0.0179366 15.1325 0.0179772 0.0181349 3.78635 0.0179367 0.0179783 13.4983 0.0179366 0.0179475 0.0206655 0.0228161 0.017958 0.0179618 0.017956 108.289 0.0186372 0.0180635 0.0182371 0.0222019 0.0179373 0.017986 0.0179368 0.0180101 0.0181743 31.0228 0.017976 0.0179802 307.411 0.0179375 0.0184601 0.0179661 0.0179478 0.0179884 0.0179598 0.0179624 0.0180748 48.9956 0.0180047 0.0188212 0.0179387 0.0179432 0.0224491 0.017937 0.0187987 0.0179468 0.0185596 0.0179367 0.0179367 0.0184277 0.0235854 0.0179367 0.0180014 35.9904 26.601 0.018135 0.0187075 21.5496 0.0181641 101.207 0.0179366 0.0180162 0.0179441 0.0186012 0.0757237 0.0220283 0.0179629 0.0179372 0.0182595 0.0190095 0.0181919 0.0179692 0.0190095 0.0179698 0.0179566 0.021013 0.0182093 0.0179367 0.0195772 1.06612 0.0180332 0.0470156 11.8267 0.0208499 0.0186179 0.0476175 236.929 0.0179425 0.261845 73.0303 0.0179384 59.7134 0.017937 0.0179366 476.692 0.0413702 0.0179383 0.0180976 0.0179665 0.0179449 0.0181574 0.0179958 0.0179388 0.0179489 0.0179899 0.0179705 0.0337633 0.0179436 0.0201037 120.512 0.018115 0.0180201 0.0179403 0.0179591 0.0179496 45.0027 0.0181554 0.0179367 0.0179392 0.0279735 8.94136 0.0219626 0.018018 0.017983 0.0179372 0.0190929 9.10459 0.0183195 0.0180929 0.0180194 0.0180335 0.0179367 0.0311395 14.9561 0.0179463 0.0181847 0.0179619 0.0180716 0.0352042 21.7154 0.0179873 0.0196445 0.0179369 20.3528 0.0190621 0.0181666 0.728959 0.0568669 0.0179473 0.0192027 0.0194209 0.0179371 0.0180687 0.017937 0.0196553 0.0179441 0.0179958 22.6138 0.0181812 243.162 0.0334009 0.0180926 20.047 0.0180392 0.0179384 45.7577 0.0179391 0.0179414 0.0179371 0.0179366 0.0180356 5.23784 8.54225 0.0360584 0.0179389 0.0179969 0.0179367 0.0179435 0.0179374 0.017937 0.0179366 0.0179368 0.0181083 0.0194238 0.0179763 0.0179977 0.0407657 0.0179368 0.0179821 0.429311 0.0180373 0.0179366 0.0179471 0.0179372 0.0179366 0.0204195 0.0179501 0.0180415 0.0180662 1.09301 0.0179371 0.0179761 36.2421 0.0179377 0.0179547 0.0179389 0.0179578 0.0190107 0.0179369 0.0179366 0.0179404 0.0215112 0.0185352 12.8828 0.0179651 0.0198361 0.0179452 0.0180746 0.0179514 16.9587 29.723 0.0179366 0.0181276 0.0203672 0.0179525 0.0180255 0.0184099 0.0194376 444.707 0.0179368 281.301 0.0179366 65.8048 0.0337225 0.0179366 0.0179366 0.0274386 0.0179963 0.0179366 222.77 0.0181004 144.253 0.0182117 2729 0.0179366 0.0180346 0.0179472 0.154854 242.336 0.0179902 0.0179366 14.5033 0.017937 0.0453788 0.017947 0.0179388 0.0179497 0.0181561 0.0199306 0.0179395 77.141 0.0179374 0.017996 0.0183493 0.0180849 0.017937 0.0180063 0.0179842 0.0179434 1.40712 74.6705 0.017937 104.82 0.0179373 0.0179368 0.0179372 128.457 0.0190063 41.2613 0.0180415 0.0179949 0.018534 2.25317 0.0624544 0.0180479 0.0271236 0.0182423 41.7136 0.01948 0.0384203 500.001 0.0179689 26.183 0.0181148 0.0191239 0.0179621 37.6537 15.3545 0.0190169 0.0179367 81.0205 54.3338 0.0181565 0.0179418 0.0179366 0.0181649 0.0182084 329.082 0.0179554 0.0179367 0.0179448 146.121 14.9256 0.0179847 0.0266643 0.0179412 0.0179367 54.9442 0.0179578 0.0191004 72.7969 0.0179373 0.0179528 0.0384026 0.0179367 116.388 0.0180002 0.56358 0.0179368 0.0179366 43.1763 0.0788944 0.0179409 0.0179372 0.0269663 0.0180415 0.0212754 47.9213 0.0179366 0.0179366 0.0179375 0.0180049 0.0179387 0.0179832 0.0179369 0.0180334 0.029357 0.0179367 0.0183035 0.0179383 0.0179368 0.0179366 0.0185611 0.0183513 0.0179392 0.0179367 0.0180231 0.0179367 0.0181456 0.0179403 0.0179615 0.017946 0.0179368 0.0179368 0.018355 0.0179461 0.0179366 0.0470081 16.0162 0.339914 0.0179369 325.824 186.537 165.292 0.0179368 0.0180481 7.39835 0.0179367 0.0179373 0.0179416 0.0395913 0.0179373 0.0179366 0.0179393 0.0354148 9.88674 0.0179553 20.1163 0.0179717 0.578032 0.0182213 0.0180204 0.018881 0.0381823 0.0205627 0.0179367 0.0200876 0.0206168 0.0179419 0.0180753 0.0184326 0.0179428 0.0179552 0.0179909 0.0180342 0.0179366 0.0182264 0.0179378 0.0179366 0.318279 0.0180156 0.0179368 180.082 75.7739 0.0179368 0.0216562 0.0179402 0.0184957 0.0179377 0.0179368 0.0179368 0.0179369 0.0237914 34.3194 53.8743 217.583 0.0182132 0.0180846 0.0180901 0.0179366 0.0179515 0.0179401 0.0180506 0.0179376 0.0179469 0.0184139 0.0179368 0.0180738 0.0179366 0.0179399 0.018725 0.0181044 0.0179366 0.0179444 0.0179513 18.5516 0.0179535 0.0180899 0.0179367 0.0179508 0.0179453 46.9205 10.3813 0.0179855 42.5481 433.607 0.0181034 0.0180126 0.017949 0.0179804 0.0179367 0.0179367 0.0190573 0.0180348 0.0179914 0.0179391 0.0179366 0.0402223 0.0179367 0.018149 0.0186362 0.0179372 0.0249052 0.0179533 0.0179375 0.0232603 0.0179367 0.0179373 0.0215898 0.0179368 78.354 0.0179941 0.018 0.0179397 0.0179463 0.017939 0.0179701 0.0179399 0.0179367 0.0179915 0.0505128 0.0179606 0.0180372 163.446 0.0179382 0.0182864 0.0182757 0.023802 0.0179832 0.0182247 0.0181243 0.0179385 0.0179454 0.0179368 0.0180951 0.0179367 0.0180209 114.128 0.0239119 319.292 0.0179463 0.0179366 0.0179672 0.0179836 20.1868 0.0188886 0.0180245 118.215 0.0179578 0.0186688 0.0179366 0.018059 0.0179373 0.0179499 0.0179762 0.763044 146.633 0.0181368 0.0179367 137.814 0.018647 23.6387 0.0179721 0.0179373 0.0179527 0.018014 0.0179369 0.0179555 0.0180454 0.0671722 0.0179372 0.0190695 0.0209527 0.0181556 194.048 0.0180373 0.0192821 114.991 0.0179377 42.527 0.0179421 0.0209123 33.4215 0.0179368 0.0179376 59.2879 0.0179368 0.0179379 0.0179643 18.7121 230.213 0.0179367 0.0210111 0.119018 0.0182587 16.3475 0.0184091 0.0179369 0.0179541 1645.62 0.0254436 0.0179499 297.964 0.0195677 0.0179394 0.0186998 0.0179417 0.0179393 0.0185671 5.48421 0.0179777 0.0179366 0.0179366 0.0180027 0.0184895 0.0179368 0.0179651 1.11033 0.018093 2.33381 0.0181052 153.601 0.0180607 0.0189711 0.0179366 18.5931 0.0179374 0.0179417 0.0179368 0.0180314 0.0179367 0.0180172 0.0186293 207.017 0.0179664 0.017961 0.0179613 0.0185989 0.0179759 43.6283 13.548 0.0179368 0.0179374 0.0179571 0.0179478 18.1298 0.0213178 0.020841 0.0179378 0.017959 0.0183958 0.0179737 0.0179366 0.0179368 0.0179489 0.0179372 0.0179366 0.0194822 43.4172 0.0180305 0.0179428 0.0179371 0.0184925 0.0179763 0.0179913 0.0179383 0.0179622 0.878365 0.0181468 68.9007 0.0375822 0.0179366 28.4312 0.0182374 0.0179446 0.0179503 0.0180125 12.9794 0.0179381 0.0179681 105.465 0.0180311 0.86994 0.0188815 0.0180572 0.0212921 0.0179366 0.0179986 8.10558 295.912 0.0180218 0.0188591 0.0179403 0.0257415 75.3971 0.0180231 0.0268829 6.27503 0.0179371 0.0179402 0.0179366 0.0179539 0.0179761 0.0179367 0.509835 0.0186073 0.0179414 391.68 118.639 0.0370699 0.0179367 0.0179372 0.0179366 60.2599 0.0242835 0.017979 0.0315508 0.018064 0.0179584 0.023945 53.4326 0.0179367 7.55017 0.0180324 0.0179508 0.0179366 0.0179386 0.0185941 0.0179817 0.019487 0.0179367 0.0179371 0.0180371 0.0220134 0.0180089 0.0221708 0.0253722 0.0179366 0.0179462 0.0179366 0.0179366 217.803 0.0179374 0.0183829 256.656 0.0581099 0.0179367 42.6773 0.0254435 0.0179571 3.05721 0.0181148 0.0179464 103.669 0.02009 0.0181531 0.0179456 0.128485 0.0179372 0.0179398 0.018002 0.0185404 0.0179372 0.0179503 141.608 0.0253719 8.11516 4.10848 0.0179626 0.0179373 0.0180085 0.0179366 0.0179397 148.416 0.0322904 0.0184526 0.0179695 0.0179628 2.14729 0.0179569 0.018243 39.8112 0.0179366 82.1014 0.0179703 0.0641334 0.0180145 0.0179433 346.095 0.0179614 0.017957 0.0179369 0.478432 0.0179646 131.158 0.0179492 0.0179591 0.0197095 0.0179495 0.0179375 2.03597 0.017938 0.0179369 0.0213517 0.0179592 0.0180144 2.36434 0.0179392 0.0179395 0.0182005 45.3665 0.0179366 0.0179414 0.0182187 0.0273315 168.041 706.212 0.534875 0.0399595 0.0185382 0.526358 0.0179641 0.0179637 0.0179611 0.0179368 0.0179405 0.0180651 0.0183776 0.0180602 0.0179403 0.0181094 0.0195397 0.0179371 0.0378323 0.017955 0.0179465 0.0183977 0.0181086 0.0179899 0.0179366 0.0182549 0.0179372 0.0179369 0.0315262 0.0182584 0.0179509 0.0190777 0.0179482 0.0181429 0.0180517 0.0180206 7.78639 26.6277 0.0180239 0.0179785 0.0826247 0.0187977 13.4983 110.06 0.0184042 0.0179793 0.0180163 0.0179371 0.0180279 0.0183481 0.0179366 0.381422 56.3283 0.0179472 0.0179387 11.1525 0.017937 41.2635 0.0235522 0.0179569 0.0179822 0.0181174 0.0179371 0.0180594 0.0179588 1.08886 0.0179412 0.0179375 0.0179959 0.0179371 0.0179684 17.7429 0.0179376 0.0179595 0.0189558 0.0179404 0.456173 0.0179589 0.0179369 0.0197134 0.0179368 0.0183216 0.0238633 0.2201 0.0179413 79.3147 0.0182221 0.0179367 0.01797 0.018445 0.0183161 0.0231965 1.69379 0.018438 0.0180219 0.0179446 87.8468 0.0179366 0.017937 0.0179372 0.0179368 31.4024 316.819 0.0179366 0.0179478 41.3419 0.0179988 0.0179621 0.0179373 0.0179457 0.0179369 0.0180606 0.017937 0.0179378 0.0180216 15.2498 0.0184927 0.0179412 0.0179692 0.0179672 0.0179366 150.219 0.0179628 0.0179892 0.0179377 0.0179652 0.0179366 0.0179389 0.0179371 0.0179898 0.017937 0.020617 0.0179857 0.0179369 0.017951 0.0180592 0.0180794 0.0183343 0.0180759 0.0179962 0.018037 0.0179378 0.0184462 0.0180475 0.0188314 0.0370749 9.62019 0.0179366 0.0179381 0.0179736 0.0185713 48.0999 0.0190892 0.0179402 0.0179366 4.8064 0.0179799 0.0179415 28.7507 0.0179633 0.0179701 0.018588 23.1987 0.0179541 0.0179572 0.0228523 0.0179512 0.0179457 0.017955 0.0179367 0.0179382 0.0179753 0.0179399 0.0183364 0.0179449 0.0179371 0.0186689 0.0179366 0.0179366 0.0179374 0.0186058 32.5136 0.0180171 0.0180335 0.0181442 0.0179418 0.0179498 0.0191691 0.0179366 45.0027 0.0179367 0.0188194 0.0179717 0.0190113 0.0179466 0.01794 0.0180245 610.298 0.0179602 0.0244602 0.271217 0.0179403 0.0179367 0.0179368 0.0179369 0.0179371 0.0181589 0.0182668 0.0179366 0.0187133 0.0180906 0.0179367 0.0179388 0.0180321 0.0199408 14.7526 0.0179693 0.017937 0.0179396 0.0179367 0.0179384 0.0180023 1.49971 0.0181906 1.60655 0.01854 0.994851 0.0187065 0.0181983 0.0179379 0.0179369 0.0533815 43.608 9.82529 0.0179558 0.0179405 0.0179372 0.0179684 0.0179366 0.0179385 0.0179435 68.15 0.0179367 0.0182524 152.318 0.0183948 0.0179366 0.0179366 74.9722 0.0181877 0.0179366 0.0179462 0.0179902 0.026648 0.0179371 0.0179405 0.0190765 0.0179897 0.0184494 0.0180454 0.0179911 0.0179366 0.0179768 0.0179668 0.0179419 0.0179465 13.9348 0.0179699 13.9731 0.0181034 0.0179371 0.0488371 0.0274145 111.029 0.018003 0.0183711 0.018358 0.0179448 0.0180217 0.0179421 0.018231 0.0179539 0.0179866 46.0575 0.0236067 36.8344 0.0179381 0.0180615 0.0179538 0.0179844 0.017939 0.0179732 0.0179367 0.0179375 0.0179987 0.021534 0.0180595 0.0179369 0.0179373 0.0179543 0.0179367 0.0180989 0.0186904 0.0180184 0.0189683 0.0181055 0.017939 0.0179922 0.0179369 0.0179443 0.0180191 0.0179368 75.4388 0.0193869 0.01794 0.0179498 0.0179415 3.13737 0.0179378 0.0180395 0.187803 0.0179542 0.0183543 0.017937 0.0181449 5.78401 0.0180808 102.971 0.0179367 0.0255574 0.0179429 0.0179401 0.0180242 0.0179523 0.0179775 0.0179369 0.0179415 0.0179416 0.0179573 0.018003 0.0184577 0.0179371 0.0179368 0.0180076 0.0179878 0.017947 0.0179378 0.0179367 0.0179556 0.0213416 0.0179455 0.0179391 13.9742 0.0179367 0.0179883 0.0179391 0.0179368 15.3041 22.571 0.0183123 0.0179373 0.0189487 0.0179366 0.0179844 0.0179366 0.0180713 0.0179576 0.018282 0.0192817 113.373 34.2765 0.0179704 0.0179666 0.0180406 0.0184935 0.0198448 0.0179999 0.0225849 0.0186665 0.215879 0.0179427 0.0179882 0.0180628 0.0179669 0.0186677 0.017943 18.5459 0.0179867 0.0179381 14.0829 0.017999 0.0185042 0.0179384 0.0179375 0.0181049 0.0179408 0.018822 0.0181465 0.0179382 0.0180793 0.0179371 10.952 377.62 34.6438 0.0179372 0.0179366 0.017939 0.0179381 0.0179384 0.0179428 0.0188914 0.017969 0.0179467 0.0179367 0.0455906 0.0179373 85.7673 91.2575 0.0179368 0.0182586 0.0179957 0.0181202 0.0179555 0.017984 0.0180341 0.0179366 0.0179366 1.55222 0.0187375 0.0179367 92.622 69.2035 0.0179381 0.0180018 45.8628 0.0181148 0.0247883 175.159 0.0179415 0.0187757 0.0179498 0.0180169 0.0180475 0.0179367 0.0179369 0.0179367 22.0512 0.0179733 0.018081 0.0280501 0.0179443 0.0186138 0.0239325 73.4689 0.0179521 0.0183588 0.0179576 0.0179371 0.0207553 0.0179391 0.0179463 0.0182097 0.0180348 0.0185698 0.0180028 0.0988071 0.0179456 0.0203988 0.0179979 0.0180051 0.0217226 0.0180702 0.0179445 0.0179366 0.0179367 0.0179387 0.0658991 0.361295 0.0182996 0.0179384 0.0179437 0.0199306 0.0179379 0.0179368 2024.22 0.0179374 0.0181376 0.0179824 0.0181331 0.0179795 0.017938 0.0179366 131.617 5.59907 98.7924 0.0185098 0.0179367 0.0179645 32.6335 0.0179599 1.25838 0.0179424 0.0179366 0.0179368 0.0179411 0.0179372 23.6845 0.0181644 0.0179366 0.0179374 0.0180058 0.0180248 0.0179368 0.019565 72.6764 0.0179448 0.0179441 0.0198296 0.0416163 0.0180412 61.9239 0.0179473 0.0179495 0.0236118 0.0179366 10.776 0.0182546 0.31332 0.0179814 23.632 0.017946 0.0180396 0.0179366 0.0179413 0.0179369 0.0196962 15.6797 26.8379 0.0180838 38.7377 3.43154 66.6236 0.0179442 14.0753 0.0179682 0.018302 0.017938 0.0179366 70.9832 0.0179384 0.0206545 0.0179568 0.0180259 0.0181611 0.0179366 0.0182074 0.0181141 0.0180312 0.0179623 0.0180349 0.0312293 0.0180777 0.0179366 0.0181149 0.0179368 0.0180747 0.017937 0.420784 0.0180057 0.0179525 0.0179368 28.7613 0.0179427 0.0183318 0.0179366 0.0179527 0.0180457 0.0179406 0.0179676 0.0179367 0.0179782 0.0179371 0.0187108 312.921 898.037 0.0179366 22.3215 0.0179366 0.0194409 0.0182924 0.0181685 0.018373 0.0179607 0.0179547 0.516803 0.0179472 0.0179367 0.0179844 0.0179434 81.0115 0.0384784 0.0179367 0.0182297 0.0179366 0.0290121 0.0179422 20.1869 0.0184793 1631.28 0.0179398 0.0191421 0.0656241 0.0179662 0.0472095 0.0179546 0.0181563 17.2825 0.0179444 499.143 0.0179445 24.1935 0.0179368 6.15295 0.0180419 0.0183071 0.0199316 0.0179366 0.0179366 0.0182114 0.500474 88.0268 0.0180308 0.0179483 0.0179547 0.0180398 0.020888 0.0179368 0.0179774 25.6164 0.0198725 0.0179743 0.0184649 0.0179367 0.01837 0.0181407 23.5083 0.01794 0.0179836 0.0182107 0.0180154 0.0179387 0.0179632 173.778 0.0179366 0.0409759 0.0179632 0.018248 0.018023 0.0187485 0.0537483 0.0179366 0.0179368 0.0182987 0.0182205 0.0180758 249.031 0.0179451 1.077 0.0181624 0.0434801 0.0179396 0.0179366 59.0951 0.0237415 0.0179373 0.0187796 0.0181076 114.382 0.0179369 0.0179525 98.0461 0.0201801 0.0180721 0.0179367 0.0179366 37.6661 0.0179372 0.0179366 0.0181226 1.21008 0.0179465 0.0182966 0.0179728 0.0179613 0.0179657 0.0179437 0.0179492 0.0179644 0.018089 0.0179368 0.0179464 0.0179366 51.5123 0.0179585 0.0179372 0.0179367 0.0179378 0.0179366 0.0179375 0.0191781 46.2919 0.0179533 0.0196547 0.494083 0.0179366 11.1034 0.0179445 0.0182885 54.0074 0.0179368 0.0179368 0.0179366 0.0218196 0.0193751 0.0179423 12.7928 0.0179607 0.0180133 0.0179416 29.3424 0.0179378 0.0179371 0.0196659 115.169 0.0179366 0.017937 0.0179366 0.0179369 0.0180209 0.0179845 0.0179366 0.0191674 0.109251 0.0179366 0.0226408 0.0179457 48.0413 0.0179442 0.235978 0.0179452 0.0180556 0.0193004 0.0180459 0.0179381 0.0179487 0.0179366 12.2192 0.0179367 0.0335871 0.0179372 0.0181518 0.0180525 0.0179373 1.25066 0.0868796 0.0179366 64.3022 0.0179375 0.0179588 0.0179392 0.0505961 0.0179367 0.0488459 0.0179381 0.0179366 0.0179496 0.0181512 0.0179814 0.0179366 32.8027 0.0179366 0.0179537 0.0188079 0.0179366 0.0179367 0.0181552 0.0270869 0.0179367 0.0180521 0.0179375 0.0179367 0.0179374 150.185 0.0181277 0.0180451 0.0179366 0.017937 30.4344 0.0179376 0.0179597 0.0179368 0.0179763 0.0179366 0.0179372 2.32979 0.0181238 0.0179367 445.525 0.0179433 0.0181574 235.781 0.0179377 0.0182477 2.31305 0.0179622 10.9845 0.0179434 26.3964 0.0179705 0.0180188 0.0179367 308.222 0.0179376 0.0179433 0.0179599 0.0180429 0.0179573 0.0181159 0.0179541 0.0179892 0.0179471 0.0182678 28.3546 0.0179366 0.0179368 0.0179367 0.0201469 0.0179368 0.0179371 0.0179378 0.0180091 58.5153 0.0180794 0.0200017 0.0179384 0.0185968 0.0182217 0.0179902 0.0179463 0.0184095 0.017952 0.0222318 0.0179368 0.0179367 0.0182641 0.017955 0.0187381 0.0179802 0.018043 0.0180029 0.0221037 0.0181678 0.0185896 0.0179411 0.0614148 0.0182015 0.0208616 0.0179368 0.0179388 0.0179612 0.0179374 0.018106 0.0203042 0.0181467 0.023187 32.9867 0.0179372 0.0492225 284.827 0.0179769 0.0180085 0.0179459 16.5243 0.0180525 134.837 0.0179439 14.3745 0.0179797 0.0181841 0.0179368 184.279 0.0179368 0.0179366 0.0179858 0.0179625 0.0179366 0.01799 0.0179379 561.969 0.0179366 0.0179383 0.0179436 3.20612 0.0179392 0.019252 0.0179813 0.0181777 0.0181997 0.0179804 0.0186353 6.44524 0.0180342 0.0253721 0.0182543 0.0181941 0.0179371 0.0188986 18.7454 0.0179636 204.282 0.0179372 0.0179366 0.0179814 0.0179368 0.0179519 0.0179445 0.0184038 0.0182852 14.1802 0.0793143 311.51 0.0180348 0.0215168 0.0179687 0.0179572 0.023665 0.0215135 0.0183238 28.4761 0.0180258 0.0179558 51.2524 0.0179423 10.5472 0.0193386 5.08176 0.0179412 0.0180175 0.0185378 0.0183721 0.0180592 0.0184036 0.017938 0.0179366 143.199 0.0179368 1.92116 0.0179668 0.0179376 0.0207897 0.0187156 0.0179389 0.022745 0.0179366 176.086 116.95 0.0179445 0.204786 0.0180783 0.0179414 0.0179432 0.0183758 0.0179886 0.017983 0.0179367 0.0183768 0.0179371 0.0180126 0.0179771 0.0202952 0.0179912 0.0180892 0.0179918 0.0179508 70.2503 0.0179367 0.0179366 21.0558 0.0179372 0.0333927 0.0179372 0.0179366 0.0249547 13.9023 276.567 0.0179595 20.5629 0.0206195 0.0179367 80.4255 0.0184894 27.4021 0.0242148 0.0179508 0.0179374 0.0180699 0.0179369 0.0179496 55.0358 0.0447384 0.0179549 0.0180735 0.0180469 0.0184074 0.0179366 0.0186891 0.0179367 0.0181037 0.0179419 0.0322835 181.987 187.566 0.0258557 72.6832 0.0179397 0.0179936 0.0179499 0.0179368 0.0249053 0.019424 0.0180194 0.0179595 234.064 0.018138 0.248338 0.0179557 0.0179373 0.0188381 0.017941 0.0179373 0.0179394 0.0179366 0.0179556 0.0185284 0.0179915 34.4133 0.0179366 0.0182267 0.0179978 92.5778 0.0197001 0.93468 115.25 0.0217991 0.018997 0.0179366 0.0186458 223.268 50.1211 12.7948 0.0181067 0.0180341 0.0179456 0.0713827 10.0751 81.0261 0.0180591 0.0180278 36.0858 0.0179366 0.0179366 2228.78 0.0180748 0.0179374 0.0179558 0.0179385 0.0183365 0.0180045 0.0179551 0.0179524 0.0179897 50.1457 0.0180394 20.8419 0.018279 0.0185909 0.0179366 0.0180783 0.0179782 0.0179366 0.0179366 0.017937 0.0179368 0.0191365 0.0179689 0.0179366 0.01819 20.1166 0.0183321 0.0179366 0.0179366 0.0179413 150.522 0.0180405 0.0179724 0.0179368 0.0181734 0.0179379 0.0179411 0.0179473 0.0182763 0.0179627 0.0179594 0.0179378 0.0182174 0.0179641 0.0180178 0.0180066 0.0179853 21.3756 0.0179366 0.0179424 0.0179379 0.0179367 323.297 0.0179508 0.0179371 0.0281159 35.1043 1.77976 0.0179469 0.0179811 7.18495 0.0179366 0.0179366 0.0179414 0.0447925 13.9121 0.0181649 0.0179406 18.4238 27.4375 0.0447846 0.0179366 0.0179482 0.018024 0.0180449 159.916 0.0179374 0.0179414 1248.64 0.0180268 0.0179399 0.0179653 0.0179372 0.0182338 0.0179397 0.0179366 0.0179371 3.28769 0.0180119 0.0179369 0.0179609 0.0180468 0.0241559 0.0179366 0.0299107 47.7534 0.0179565 0.0179366 176.334 0.0179591 0.0179664 50.9956 0.0179368 0.0179366 0.0181687 0.0179369 0.0179366 0.0515695 262.309 0.0188467 16.6972 0.0179573 0.018058 100.822 0.0180884 0.0179366 56.8837 0.0179369 0.0179514 0.5966 65.9188 67.8985 0.0180031 0.0187904 0.0246615 0.0186614 0.017937 206.702 0.0192919 0.0179366 0.0179483 46.9086 0.0180539 0.0180259 0.0179377 0.0702592 0.0179787 30.4013 0.017937 0.0179545 0.0179394 1.12307 0.0179368 0.0179366 0.0179386 0.0180551 0.0179432 0.0179388 0.017937 0.0179376 0.0180186 0.0179366 0.0194743 0.0183773 0.0179956 0.0179367 0.0179594 431.605 0.0179609 0.017939 0.0179381 0.0179471 28.1643 505.963 0.0179382 0.0726923 0.0180108 0.0187655 0.0193458 37.9104 0.0179449 0.0179856 0.0179406 0.017937 42.9144 0.0179542 0.0180057 536.965 0.0189099 0.0182988 0.0179853 0.0179764 0.0766068 0.0179649 39.3141 0.0179492 0.017981 0.0179543 0.0179366 0.0180204 0.0183319 0.0179405 0.018438 0.0179366 0.0179433 0.0183337 0.017957 0.018438 0.0179366 0.0179366 0.0179534 0.0181075 0.0181212 0.0186689 27.8777 0.0179407 0.0181178 80.7447 0.0179372 0.0179515 17.2418 0.0437578 52.7724 0.0180518 0.0179394 0.0179518 0.0179369 0.0181086 0.0179417 0.0182586 24.1714 0.0180002 0.0179366 0.0179376 0.017959 118.965 0.0179366 0.017938 0.017952 0.0185171 0.0179369 0.211778 0.0179368 0.0179867 0.0225232 0.018035 0.0181999 0.0179394 0.0263337 0.0179482 0.0179454 0.0179452 0.0185622 0.0179434 0.0179871 0.017937 0.0179366 0.187793 0.0179528 8.1031 0.0179368 0.0185767 0.0179366 0.0179703 0.0179684 0.0179378 19.9692 0.0179367 0.0209117 0.0191658 0.0182077 13.9121 0.0179873 0.0181162 5.47409 0.0179379 0.0179424 0.0179814 0.0179399 0.0179445 0.0179525 0.0179487 0.0179798 0.0179366 0.0179656 0.018792 0.0179377 0.0187069 0.0179366 0.0179373 0.0179367 0.0179371 0.0179491 0.0179367 0.0179367 0.0179396 0.0179644 0.0179366 617.338 0.0201551 0.017937 0.0179367 0.0179366 0.0181344 203.817 0.0179465 0.0179517 0.0179382 0.0179376 0.0181887 0.0194761 0.0179366 55.1404 0.0179756 0.0179803 3.16634 0.0179413 9.34661 54.5716 0.0179381 0.0188067 0.0179383 0.0191031 0.0179423 0.0179366 0.018808 0.0179366 0.0179367 0.0179535 5.34075 0.0180167 19.6835 0.0622102 0.0179416 0.0179366 0.0351212 0.0179369 0.0179943 0.0276297 0.0179372 0.0179395 35.6283 0.0183825 82.7747 0.0179366 30.809 21.0055 0.0179366 0.0179408 0.0182787 0.0179391 0.0179367 0.0179729 0.018062 17.6171 0.0180603 4.67364 0.01799 0.0179475 0.0182684 0.0180121 0.0179369 0.0179382 0.0216956 0.0179379 0.01815 0.0623074 34.4288 7.92227 0.0180096 307.767 0.0184114 0.0180377 46.0462 0.0182883 0.0179371 0.0212834 0.0304091 0.017996 48.3353 0.0179493 0.0241748 0.0179366 0.0179368 0.0181047 0.0179374 24.0967 0.0179625 0.0180878 0.018181 498.019 0.017998 0.0179366 0.0179705 0.0180072 0.0193906 0.0179367 0.0240825 0.0312762 0.0179381 0.0182913 0.0179424 0.0180284 0.0179421 0.018417 21.6815 0.0179408 0.0182531 0.0179921 0.0179516 0.0179583 0.0610144 0.0179366 0.0179436 0.0194795 0.0180046 0.0179509 0.0181309 0.0190269 0.0203291 0.0181627 0.0185602 0.0185369 0.0179499 15.2209 0.0181627 0.0179986 16.6776 0.0179413 0.0179366 3.41334 0.0180152 0.020003 0.017943 44.4934 0.0181861 17.9941 0.0179366 0.0179887 0.0180078 0.0179769 217.027 0.0180458 0.0179458 132.098 0.0179371 0.0180266 0.017937 0.0179614 0.0186371 0.0180043 0.018003 0.0180399 230.422 0.0266686 0.0180458 0.0186884 11.321 20.7356 8.10193 0.0180215 0.018004 0.0195799 40.494 0.0179368 0.0179461 0.0179366 0.0186115 0.0179529 0.0184941 0.0182762 0.221882 0.0193414 0.0180344 0.0179783 0.0184033 1173.77 0.0190953 0.0180451 0.0180916 95.8045 0.018016 0.0209696 0.0179366 11.1525 0.0179502 0.018002 0.0179599 0.0180052 0.535069 0.0180313 0.0217302 0.0296842 0.0182783 0.0268678 120.735 0.0179418 0.0179391 0.0179888 0.0179368 0.0179461 0.0180226 0.0179657 13.4235 0.0192107 0.0182247 0.0179407 40.3193 352.819 0.0179366 0.0181221 0.0179366 0.0190663 0.0179584 0.0179367 0.0179368 0.01859 0.0179435 0.01804 0.017937 17.4885 0.0180094 0.0179388 0.221863 52.2458 0.017937 0.0179921 0.0179388 0.0179366 71.9556 0.0182502 0.0179864 0.0179567 0.018171 0.01795 0.0179498 0.0179366 0.0202289 0.0179451 0.0223101 0.0186652 1.23132 25.5181 0.0182885 119.766 37.2017 0.017944 0.0224899 0.0179377 0.0216233 0.0179376 0.0194569 306.798 0.0179367 0.0180037 61.9243 0.0179502 0.0179924 0.0179366 0.0182077 0.0179366 82.2571 0.0179517 0.0179587 0.0180525 197.842 0.0179443 0.017939 0.0181 0.0179367 0.0179367 0.0179605 0.0188566 0.0260853 34.0163 0.0179366 0.0193074 0.017943 0.0179458 0.0184104 0.0179368 384.744 0.0179517 0.0179366 0.024969 0.0179428 0.0182343 0.0515689 0.0179755 0.0179376 0.0179537 0.0180379 0.0183437 0.0180126 0.0179552 0.0179391 0.0189208 0.0183244 0.0179551 29.2831 0.0182662 0.0180242 0.0182541 0.0179955 0.0184585 0.0179577 0.0179524 0.0179369 0.0179373 0.0180358 0.0179383 0.0179413 0.0179374 0.0182074 0.0179367 0.0179381 0.0179366 0.0184939 0.0189216 0.0183926 0.0179374 196.505 2.30336 48.1076 0.0180069 0.0179372 0.0179537 0.0184862 0.0179881 3.06022 47.8975 0.0181596 11.2299 0.0179394 0.0179456 0.0180588 0.0179406 0.112776 0.0179383 0.0179372 0.0545694 0.018838 0.0194301 0.0179368 50.573 0.0228234 0.0185575 0.0179366 0.0248887 30.887 0.0179399 195.925 0.0179462 0.0230912 0.0396099 0.0179628 0.0180606 501.118 0.0180018 0.0179367 0.105856 0.0183945 211.163 0.0179852 0.018624 0.0311125 0.0180076 0.0179376 0.0295876 16.0249 0.0179369 0.017937 0.0179377 0.0179371 0.0180415 0.0313195 0.0179597 0.01837 0.0197901 0.0179722 0.0181813 0.0230336 0.0179525 0.018837 0.0179375 0.0179421 0.0184742 0.0182557 0.0179366 0.018033 0.0179641 0.0307199 0.0747063 0.0179367 0.0179366 0.0179516 0.0179899 0.0182611 0.0182776 0.0179373 0.0179367 7.53838 0.0183377 2157.77 0.017937 0.0179366 0.0182358 21.2715 130.695 0.0179366 0.0183209 0.0179367 0.0492521 270.85 98.9817 0.0180311 0.0199868 0.0184628 31.7867 0.0187193 0.0179368 0.0179372 0.0179375 0.0179377 0.0179367 2.8654 0.017937 133.296 0.0184475 0.0181162 0.140899 1.0032 1.98988 0.0179846 0.0179408 0.0179621 0.0179366 0.0183956 0.0180257 0.0211274 0.0179371 0.0179377 0.0179479 0.0179366 0.0180051 0.0179386 0.0180474 0.0179368 57.909 0.0179411 0.0179366 0.0179376 0.0180267 9.40993 0.0179614 0.0179396 0.0230037 0.0179567 101.956 0.0179367 0.017944 0.0179388 221.946 0.0179617 0.0191241 0.0192176 0.0179369 195.451 0.0193192 0.0179686 0.0179367 53.9289 0.0950828 0.0179763 0.0181766 0.017943 0.0179384 0.0179532 1630.24 0.0179589 0.0179591 0.0203724 0.0180388 20.77 0.0241127 0.0192277 0.0187568 0.0182061 0.0179922 0.0179399 0.0180129 0.0225773 73.1201 0.0188319 0.0179386 0.0179504 94.8175 0.0179366 0.0180223 0.0180831 0.0179368 0.0179393 0.0179373 0.0179976 0.0179484 0.0179504 0.0181122 0.0179375 0.0181229 0.0183067 0.0195541 0.0179367 0.0187518 0.0181532 0.0179368 0.0179369 0.0179436 0.017949 0.017972 0.0181627 0.0179448 0.0179401 0.0179366 0.0182276 0.0179366 0.0180185 0.0179367 0.0179419 0.0179482 0.019016 443.29 0.0179367 0.0185093 0.0609479 0.0179825 0.0179516 0.017947 0.0179375 0.020264 0.0240365 0.018294 0.0179367 0.0179385 0.017938 0.0180042 0.0404105 0.0179366 0.151264 0.0179678 152.007 0.0179367 0.0179368 0.0179367 0.0181297 15.9992 1.28022 0.0179366 0.0179367 0.0180221 0.0184431 0.0190224 0.0179529 0.0179858 0.136325 0.0204244 0.0179473 0.0180495 0.0208982 0.0508841 0.0180031 0.018116 0.0179413 0.0179423 0.0179588 0.0179741 0.0180431 0.017937 0.0179867 0.0179368 0.0179367 0.0179372 0.0180095 4.99088 19.1671 0.0179371 0.0179366 0.0180553 0.0179381 0.0179366 0.0183819 0.0189014 0.678674 0.0179809 0.017938 0.0179369 0.0179367 0.0179452 75.4587 419.663 0.0179402 0.017939 0.0179366 0.0179367 0.0181765 0.0179378 0.0179484 0.0185918 0.0179523 0.0187851 0.018052 0.0179368 103.255 0.0181958 0.0179817 0.0359845 0.017984 0.0185323 0.0179377 0.0179367 0.0180144 0.0179592 21.0055 0.0185654 0.0192367 0.0179383 0.01794 0.0180791 0.0180234 100.689 0.0179889 0.0179408 0.0179367 0.0897688 0.024641 0.0179522 0.0182467 0.0457425 0.0383337 0.017942 0.0181102 0.0180375 0.017937 0.0179366 0.0439568 0.0179416 0.0179367 0.0179366 0.0179464 0.0181818 0.0179437 0.0179593 0.0179405 0.0180825 8.68065 0.0187205 113.073 0.0179411 0.0179366 0.0179367 0.0179417 12.0503 0.0179405 0.0179403 0.0179366 0.0194547 0.0179366 0.0179366 0.0487491 0.0179553 0.0182864 0.0179373 0.0179576 0.112261 391.733 0.0184661 0.0179384 971.016 0.0179367 0.0185904 0.017958 0.0181669 0.0180607 0.0179565 0.0181059 0.0179372 0.0179377 0.0181033 0.0179368 0.0179373 0.0280882 0.191368 0.0196227 0.0180472 0.0180656 539.536 0.0180368 0.0179473 0.0179366 0.0179505 0.0179438 0.018009 65.1449 0.0179366 0.0189152 51.2817 0.0180651 62.4412 0.0181954 0.0182199 0.0179385 0.0209494 0.0179387 0.0179366 68.7457 0.0179645 0.0179367 0.0220396 0.0179366 0.0179374 0.0180989 0.0179376 0.0179438 0.0186376 0.0179366 36.4237 0.0179443 0.0179383 0.0180313 47.1859 0.017937 0.0179366 0.0182083 0.0179366 0.0204025 0.018217 0.0179673 137.836 0.0179545 0.0179374 0.0182221 0.018505 0.017938 0.017996 0.0188355 0.0181572 0.0181978 0.0180743 0.017937 0.0180009 0.0180526 0.0180076 0.0181144 0.0179763 0.0180316 0.0198064 0.020241 0.0185373 0.020801 0.0181484 0.0182265 1.16025 0.0179454 23.4128 0.0179593 0.0499172 0.0179573 0.0180183 0.0180332 0.0180302 0.0179591 0.0179522 25.4518 0.0179466 0.021247 29.6194 581.226 0.0179369 0.0180747 0.0179366 0.0179384 0.0179416 0.0179629 0.0195972 0.0242835 0.0184844 0.0179852 0.0241893 0.0179367 0.0179379 0.0179377 0.0179378 0.0179366 0.0181965 0.0179437 0.0180683 0.0218724 0.017946 0.0180743 0.0220613 0.0179396 0.0669124 0.0179546 0.0283748 0.223011 0.0179366 95.4176 357.575 4.39355 0.0326621 0.0179508 0.0180268 0.0255319 0.0179867 0.0180535 0.142702 0.0179367 0.0179379 7.92254 0.0180494 0.019459 21.8246 0.0189399 0.018034 17.1421 0.0214497 387.442 16.388 0.0179458 0.0179366 0.0179911 0.0278245 0.0180664 0.0180734 0.0179479 0.0239495 51.6503 0.182225 0.0179367 0.01795 0.018048 0.0184938 31.6695 0.0179808 0.0180926 0.0179366 0.018101 0.0179406 0.0179391 0.0179605 0.0179372 0.0179366 0.0181401 0.0180056 0.0179779 0.01809 0.0179366 0.0179394 0.0179366 0.0542606 0.0179618 0.0249052 0.0191062 0.0179429 0.0179415 0.0193706 0.0179407 0.0179367 0.0183889 0.0187779 0.0179591 0.4217 19.1464 0.0201134 0.0179572 0.0179368 33.3504 0.0184446 0.0179415 0.029879 0.0179366 0.0179368 0.0179428 31.9237 0.0433469 7.9859 0.018874 0.0237692 0.0179368 0.0181653 0.0298426 0.0233575 0.0179579 0.0180688 0.0179366 0.0179371 0.0312054 0.0192244 0.0186437 0.0179371 875.336 0.0179547 0.0179516 21.6815 0.0182455 195.057 0.0179504 0.0179366 0.0181489 0.0184615 0.0179369 0.0179542 0.0179412 0.0179373 0.0179581 19.5348 33.7273 0.0179793 0.0179366 0.0179366 0.0181312 0.0179421 0.0180021 3.6899 0.017999 0.0188811 68.0464 0.271609 0.0181358 0.0179646 12.2386 0.017948 0.0179366 0.0179514 0.0179366 0.0179391 0.0179366 0.0185271 0.0180754 0.0179366 0.0184505 0.0179369 0.0251128 0.0179366 0.0179366 0.0179712 0.452593 0.0179366 40.4529 0.0180308 0.0179378 208.44 0.0179605 0.0179992 35.1047 0.0179402 0.018015 0.0179434 0.0179366 0.0181086 0.018491 0.0179366 14.7555 0.0752839 0.0179384 0.0179605 0.0179384 0.0259492 0.0181988 0.0179369 0.0182636 181.782 0.0180103 0.0417015 0.0179371 629.483 0.0185022 0.0187583 0.0199128 0.0196758 0.0180365 312.173 0.0179404 0.0180176 0.0179425 51.1975 0.0179572 0.0181917 0.0180193 0.0179936 0.019535 0.0487667 0.193348 0.0179735 0.018001 0.0179366 0.0262853 0.0180616 0.0180105 0.0179607 150.026 55.028 0.0179381 0.0179366 0.0179369 0.017938 0.885367 10.9387 0.018491 0.0179367 0.0179373 0.0188894 0.0180081 0.0179381 136.176 0.0180929 0.0179483 0.0184951 0.0182284 3.69195 0.0200723 0.0179366 0.018544 0.0179571 0.0179662 223.337 0.0179366 0.0180066 0.0182509 0.018409 41.0312 0.0194318 0.0263433 127.346 0.0179368 0.0179616 0.0179449 0.0179368 0.0180444 0.0179762 0.0179614 0.725947 0.0181755 0.541825 0.01796 362.143 0.0179664 0.0403467 0.017989 27.735 144.058 0.0179649 0.0179366 0.0179843 0.0179537 0.0190301 0.0179369 0.0180127 0.0179517 0.0183664 0.0278737 61.2684 0.0180004 0.017981 0.0179508 0.0179367 0.0179366 0.0179391 0.0236412 0.0179368 0.0183466 0.0179367 2.62929 0.0204274 0.0180416 18.1298 0.0179368 96.9224 0.0179368 0.0179368 0.0180671 734.16 7.75075 51.2753 0.0179588 13.9042 0.0215807 0.0179366 0.0179367 0.0180347 0.0180039 0.0198447 0.034576 0.017939 0.0189168 0.0213807 0.0188698 677.409 0.0179946 0.017961 0.0179756 0.0179372 0.0179381 0.0399429 2388.75 0.0179376 23.24 0.0179891 0.0180016 0.0180372 115.377 0.0179366 0.0180491 14.9602 317.557 0.0179379 0.0180944 0.0179366 20.8709 0.0179546 0.0179433 0.0179375 0.0179425 230.356 0.0318985 0.0179399 0.0179426 176.576 0.018026 0.0185858 0.0179718 50.7443 0.0179462 0.017939 0.0306293 0.0179369 0.0179369 0.0355507 0.0237823 0.017937 0.0179398 0.0180026 0.0179495 0.021443 0.0184737 0.0191941 2.50607 0.0179375 0.0179688 81.7836 0.017947 29.9291 0.0181344 0.0179521 0.0181095 21.8727 39.0724 0.020055 0.017937 0.0179834 0.0189561 0.0179368 19.962 0.0180004 69.4254 0.0179957 1486.77 0.0179368 143.911 0.0179556 0.0184145 0.0179823 0.0179485 0.0179537 0.0194829 59.0511 0.0181092 0.0179429 0.0179366 0.0461577 0.521863 0.0185277 0.0180081 38.8708 0.0179378 0.0181162 0.0179368 0.0179649 0.0179372 0.0179366 0.0179366 0.0193882 21.6143 0.0185028 0.0184616 0.906189 157.541 0.0204777 0.0180308 105.57 0.0181615 0.0179696 26.0899 0.0180512 0.018529 0.0180184 0.0179366 0.01794 14.5684 0.0179371 0.0179516 0.0179383 384.332 0.018389 17.2825 0.0179766 0.018058 0.0179377 0.0179473 0.0179368 0.01798 1.83193 0.0180038 0.0179369 480.34 42.355 0.0179653 2.59385 0.0179403 0.0179901 0.0179412 0.0254542 0.019582 0.0179366 0.812479 0.0179477 0.0267865 187.843 0.0179386 0.0179404 28.556 0.0179533 0.0179751 0.0179412 0.0179366 0.0179366 654.585 0.0179457 0.0179367 0.0179369 0.018191 0.0180177 0.0179585 0.0179498 0.0179914 0.0179796 0.0180708 0.0179616 0.0180188 0.0181624 0.0179366 0.0179376 0.0179439 339.449 0.0179366 0.017937 0.0223737 0.0227841 0.0182686 44.3308 67.3024 0.0179367 0.0179782 0.0179874 0.0179476 0.0205637 0.0181202 0.0179366 0.0179798 0.0180362 0.0185711 0.0179366 0.0179366 95.0593 0.0182036 0.0179549 0.0179763 0.0179378 0.0181091 0.0179653 0.0179437 0.0183891 0.0180092 0.0179402 0.0179368 0.0181629 0.0179523 0.0179464 0.0179371 0.0184258 99.2308 78.087 0.0179367 0.0179403 0.0447968 0.0179366 60.2992 0.0179923 0.0180549 0.0247419 0.0182164 0.0179529 278.237 0.0180893 0.0180494 0.0209147 0.0179383 39.45 0.0224728 0.0180364 0.0179367 0.0180725 0.0181515 0.0180419 0.0179434 0.0179836 0.0179367 0.0179524 2.81153 180.644 0.0179368 0.0181022 0.0179741 0.0179412 0.0179431 0.0180835 0.0180807 0.0179368 0.018045 0.0179797 0.0179442 36.4225 0.0179366 0.0453282 0.0179529 0.0180017 0.139322 0.0179396 0.01812 0.0180721 36.9115 0.0254011 0.0179994 0.0179455 0.0179366 56.4439 0.0179367 0.0185919 0.0207126 0.0192035 0.0736997 0.0179605 147.243 0.157308 0.0187695 0.0179384 0.029952 0.0179842 0.0180807 0.0180617 0.0179454 80.1446 0.018748 398.305 0.0226641 0.0200903 0.0179405 0.0179473 0.0179421 0.0181554 0.0180441 0.0179366 0.0198337 0.139716 0.0179436 0.0268397 0.0179963 0.0179366 0.017956 96.355 0.0179559 0.0179372 0.0181136 93.7071 2.28658 0.018963 0.0179939 0.0179367 0.018407 0.017941 0.0179843 0.0179418 0.0241501 0.0180673 0.0180187 0.0251632 0.0285273 505.84 0.0179467 0.0179407 372.489 0.0179434 0.0179626 0.0193766 0.0179882 0.304465 0.0179376 0.0187573 0.0179532 0.0179368 13.9457 0.0179404 0.0369352 0.0179371 0.0179367 0.0179409 0.0179366 0.0423112 0.0318222 51.3041 0.0186991 0.0209846 0.0187886 0.0179778 0.019328 0.0179367 0.0181387 0.0190971 0.0179368 0.0179509 17.4336 0.0179369 108.605 0.0179496 27.6865 0.018264 0.0186483 0.0179988 0.0192756 0.0179914 0.0183545 5.51465 80.2592 0.0179366 0.0183519 0.0197262 0.0221148 0.0194201 0.0179683 0.0201823 0.0181611 0.0179366 0.0179473 0.019177 0.0179366 9.95876 0.0267732 0.111883 0.0179375 0.0179366 0.0179514 0.0179506 0.0179368 0.0180275 13.8398 0.0179379 0.0179758 0.0484639 0.0182032 28.3776 0.0179371 0.0180235 0.0180375 71.3663 0.0179367 0.0179405 0.0179863 0.0179377 0.0193582 0.0186115 0.0218454 260.615 0.0182649 50.0891 0.0179624 10.5331 0.018936 0.0207333 0.0180008 0.0179366 0.169602 351.672 0.0179506 0.0179368 0.0179644 0.0179508 0.0179858 0.0179366 0.0179715 0.0179786 0.0179366 0.0179657 0.0180013 0.0179367 0.0180415 0.0180156 0.0179608 0.373214 146.242 0.0179842 61.601 0.0180776 0.0179366 0.0187802 0.0179407 0.0179512 0.0179388 0.0179367 0.0180012 0.265364 0.0179387 0.0357011 0.0188304 0.0183633 0.0179408 0.0179482 0.0181162 0.0181379 0.018148 0.0179442 0.018322 0.0179407 0.0179384 0.0180258 0.0179573 0.0179985 0.0180091 0.0179543 0.0180432 0.0180218 0.0179712 0.0181022 32.3128 0.0179366 427.27 0.0179621 16.8098 19.9236 0.361058 0.0193326 0.0179431 0.0180499 0.0179726 3.37786 0.017939 0.0179378 0.0516202 0.0179537 0.0179367 0.0179373 143.078 0.0209553 0.0183728 0.01794 0.0179366 37.545 0.0183887 3174.82 18.2688 0.0179366 0.0288134 0.123438 0.0216584 0.0179738 0.0179462 15.1152 0.0179782 108.224 0.0217144 0.0179733 2.21569 0.0179648 0.0179624 0.0179466 0.0225166 0.018605 464.83 0.0180291 0.0199798 0.0179478 0.146567 0.0179389 0.0180344 0.0180219 0.0179506 0.0179625 0.0180074 0.0181022 91.8257 0.0179366 54.3173 0.0181658 0.017948 0.0179831 0.225706 0.0207234 0.0185209 0.018538 0.0183122 81.4559 18.5292 0.0179366 0.0180459 0.0191592 288.187 4.72234 0.0179366 0.0179397 0.0182645 0.0179404 0.0179483 72.3341 0.0179463 0.0179475 0.0192728 0.017943 0.0179367 0.0182288 0.0184104 0.0179368 0.0180114 0.018459 0.058134 0.0180084 0.0179756 0.017937 18.4621 0.0179384 0.0179366 0.0229899 81.2983 0.0180217 0.0179369 0.0179726 0.0179366 0.0186299 0.0242448 0.0179379 0.0182721 0.101766 19.3752 0.0179367 0.0179371 0.0179605 894.642 0.0182262 0.0181383 0.0179375 0.0182542 0.0179397 7.34627 21.6143 51.2967 0.0179377 0.0179417 0.0179452 0.0190094 0.0179795 0.0179508 0.0179372 0.0189449 0.018189 0.0180477 0.0179422 0.0184243 0.0179366 0.0179366 0.0179375 0.0180172 0.0180376 0.0179585 0.017937 0.0182321 0.0180213 0.0179371 0.0179373 0.0179413 0.0179367 0.0179635 0.0179941 0.0179407 21.0784 0.0179367 0.0179447 0.0179691 56.3336 0.0179509 0.0179523 0.0188582 0.017981 0.0179384 21.8979 0.0180075 101.833 0.0180365 0.0179366 0.0179421 0.0491052 0.0179366 0.0199279 0.0182919 92.1036 0.0179704 0.0237675 0.0195895 40.6425 0.0179367 0.0183779 0.0187134 0.0403441 0.0188891 0.0180063 0.0181423 0.0179482 0.0181916 0.0179606 413.986 0.017987 0.0179389 0.0179366 13.4234 0.0183143 3743.08 1.25987 0.0179366 0.0179367 0.0179368 0.0179774 99.2416 0.0182223 0.0179532 23.2183 13.7495 0.179099 0.0179771 13.4647 0.0179369 0.0180677 0.0179729 0.0370191 131.876 0.0233735 0.0179498 0.0179537 0.0179366 0.0179855 0.0179367 255.305 0.0179431 0.0179366 72.3049 75.7322 393.313 0.0186975 0.0181475 0.0179369 8.42625 53.1941 0.018805 0.0492743 1.72272 0.0179366 0.464127 19.7579 0.0179407 0.0179401 0.017943 0.0182163 0.0179681 0.017937 0.0187019 0.0179909 0.0239141 0.0179367 0.0179871 0.0179648 0.0179367 0.0179624 0.0179366 0.0179366 0.0179373 0.0179663 0.0353901 0.358887 0.0372955 0.0179406 0.0179366 0.0181242 0.0179922 0.0179368 0.0185762 67.7626 103.483 0.0179435 0.0179366 0.0183218 0.0179382 0.0179395 0.0186156 80.4206 0.0179726 0.017937 0.0180056 101.149 0.0179506 0.017941 0.0180067 0.0179366 0.0179367 0.0180517 0.0179367 0.0179367 0.018391 0.0179819 0.0179769 0.0179419 0.0186142 0.0184546 0.0376214 0.0179458 34.7774 0.0179367 0.0179394 0.0179371 0.0179366 0.0179374 124.625 0.0179716 52.8274 73.5825 0.0179376 0.0182567 22.8137 11.2272 5.82463 0.0179611 0.0179833 29.0089 0.0179506 61.6104 0.0179367 0.0180872 0.0179465 9.12501 0.0179559 0.0179437 0.801324 0.0180074 0.0179608 0.0179374 0.0193114 0.0187275 0.018808 35.6031 62.6488 9.6412 0.0179369 0.0185631 0.0181118 0.0179378 0.0184694 0.0179502 0.0180653 0.0179366 0.0179789 0.0270814 0.0190657 0.0179366 0.0190387 0.0179592 0.017937 0.0179394 0.0179366 39.7173 0.018086 0.0195696 0.0196415 0.0179367 58.3027 22.5367 0.0179418 0.0658118 0.017939 0.0179393 0.0179368 0.0179707 0.0179873 0.0179377 0.0181234 0.0179943 0.0211401 999.565 0.0179488 3.42197 0.0186283 0.0193067 0.0179369 0.0182754 0.0257137 0.0182862 0.0182209 18.9477 0.0179388 0.0179366 0.0179366 0.0179366 0.0179528 0.112397 0.0179366 0.017938 0.0179931 0.0180743 0.0236848 0.018089 0.0179458 0.418083 0.0179367 0.0416481 0.018069 0.0180841 46.6519 9.40993 0.0179374 0.0200737 0.0179384 0.0179378 0.0179736 0.0179366 0.317473 0.0179958 0.0179376 3.77754 0.0179397 0.0185126 0.0179368 25.9878 0.0179368 0.0179372 0.0179367 0.0180641 0.0179586 0.0179425 0.0751723 190.384 225.406 0.0179367 0.0179684 0.0179367 0.0179598 0.0179501 129.068 0.0202853 0.0180827 0.0179391 39.0523 0.0187267 0.0179366 0.017951 0.0180232 0.0179769 0.0180517 0.0180808 0.0180407 0.0585199 26.9833 0.0209673 0.0179406 0.0179367 0.0305151 0.0179368 0.017984 0.0191871 0.0179429 0.0180728 0.0179366 0.542637 144.185 0.0179992 0.0185433 0.0179368 0.0179367 0.0179366 70.9923 0.0179528 76.2669 0.0179556 0.0192728 0.0179376 0.0215339 0.0179367 0.0179368 0.0199202 5.58516 0.0190167 0.0180571 0.0179541 0.0179367 0.0194403 0.0179972 0.542443 0.0180087 0.0184819 0.0180446 0.017991 0.0179931 0.0179368 0.0179715 0.0179367 44.7322 0.0179473 0.0179506 13.1874 22.8059 0.024036 0.0191454 0.0188459 0.0180167 0.0434171 0.0205616 585.417 0.0179909 17.2374 81.7934 0.0179374 0.0179615 0.0181155 0.0192181 0.0182559 0.0179399 0.0179651 0.0179367 0.018483 0.0179378 0.017967 0.018682 189.169 0.018727 0.0179382 0.017937 0.0179366 0.0194095 0.0179374 0.0179372 0.01823 0.0182509 0.0215924 0.0183901 0.115369 0.017937 0.0179366 0.0183066 0.0180166 0.0179371 0.0179681 19.7922 6.89978 0.0179366 0.0179711 0.0179366 0.018025 0.0179764 0.0179406 0.0179532 0.0179368 0.0179377 0.0179366 0.0179441 56.9221 0.0179366 0.0181888 121.64 0.0193973 0.0179492 0.769417 17.9356 0.0179509 82.4986 0.0179367 0.0179366 422.215 39.2937 0.0179803 0.0179423 0.0179766 0.018354 0.0179727 0.0181249 0.0182157 0.0179377 0.0182418 14.2075 0.0179454 0.0197787 0.0179366 128.454 0.0179369 0.0179931 168.043 23.4697 0.0183124 0.0179366 0.0179603 0.0179523 71.9524 0.0179479 0.0179445 0.0179527 0.0179517 0.0179415 0.0186894 0.0179382 0.0179409 0.0179374 0.017939 0.017949 0.0179366 0.0180892 231.891 0.0179563 0.0179367 0.0179605 0.0179371 0.0181025 0.0179401 0.0179366 0.0179704 0.0180214 0.0190812 0.0183894 0.0179366 0.0179443 76.5515 0.018068 0.0179367 0.0179373 0.0179366 0.0180138 0.0188327 0.0179366 0.0179783 0.0180221 38.4985 0.0179456 0.0179417 0.0179366 0.0182134 0.0179444 0.195375 21.6143 115.757 0.0179515 8.40323 0.0179766 0.0179366 0.0181596 20.7686 0.0224683 0.0180971 0.0180474 0.0179931 0.0191742 0.018125 0.0180097 0.0179517 70.6869 0.0179849 0.0179366 0.0179368 46.1174 0.0179834 0.0179366 0.026479 0.0179651 0.0181453 0.0182241 0.0179396 0.0179366 0.0181015 0.0179389 0.0179386 0.017949 0.0179601 0.0179366 0.0179373 0.018089 0.0180501 0.0179411 0.0179641 0.017949 0.01798 0.0179373 0.0607149 0.0179366 15.4622 0.0213344 0.0216867 15.7974 157.219 0.0179373 82.0574 0.0179862 0.0228501 0.0179369 0.0179478 0.0179843 0.0179366 1.00468 0.018095 0.0179366 14.7357 0.0179372 0.0190667 0.0186603 237.742 0.0179366 0.0293686 0.01801 0.436693 0.0202979 0.0192244 0.0179406 0.0180044 0.0179369 27.0918 0.0179366 0.0179531 0.0179576 2.30369 0.0181485 23.2833 0.0188787 0.0179367 0.0179406 0.0179375 0.0179366 51.2215 0.0179366 0.0179366 0.0182902 63.2297 0.0179367 0.0179366 0.0179379 0.0183127 0.0179517 0.0194195 0.0279381 0.0179512 0.0179366 0.0179882 0.0246466 0.0179715 0.0179955 0.0179839 0.0183044 24.6972 0.01794 63.6862 0.0180656 0.0179436 0.0179492 0.0179368 14.9875 0.0230307 0.0179589 0.0179369 0.0179367 0.017937 196.478 0.0181742 0.0179366 0.0179649 0.0179369 0.0179368 0.0182966 18.0806 223.171 0.0179772 0.0179882 0.0179534 81.8791 0.017944 5.57354 0.0180475 0.0182133 0.318526 0.0179776 0.0181164 0.0182496 38.3093 0.0179426 0.0179701 0.0179449 0.0180301 0.0179376 0.0180512 0.0179417 0.0182174 0.0179908 11.4503 0.0180133 0.0179366 0.017942 0.0179385 0.0179897 0.0179379 75.485 0.0179537 0.0179373 80.751 557.439 0.0179367 0.0180557 8.40965 0.0179777 281.473 0.0179681 0.0179408 0.0227092 0.0186204 0.0258552 0.0181596 0.0192248 0.0190655 0.0179369 0.0179367 0.0179479 0.0180949 0.0179709 0.0224679 37.545 14.0533 0.0334537 0.0179594 0.0183068 91.5754 0.0191784 36.3267 0.0194217 0.017937 0.104945 0.0179388 0.0179368 329.871 0.0179367 0.0180056 0.0181657 0.0179685 0.0182258 0.0180537 0.0181384 0.0179366 0.0179366 0.0179367 0.0179718 0.0179366 0.0181226 0.0179424 0.0179366 0.0179461 0.0227666 0.0179366 0.0179397 0.0179437 13.5846 0.0179369 0.0180104 0.0179506 14.0084 0.0179604 0.0187463 0.0181819 0.0180589 0.018424 0.0179416 0.0179975 0.0198468 0.0180417 269.36 30.0014 0.0233372 76.9018 200.718 0.0179387 18.9351 0.0179366 0.0179366 0.017947 530.53 0.017979 0.0179938 0.692479 0.0189002 464.144 0.0179661 0.0179748 0.0179846 15.0963 0.0179367 0.0205427 25.1701 0.0181364 0.0223414 0.0180884 0.0179425 0.0179412 113.511 109.582 0.0179366 0.0180694 0.0179403 0.0179369 0.0184587 0.0179643 0.0179366 0.0179367 151.947 0.0179544 0.0179401 0.0181202 0.0181831 0.0179366 0.0179408 0.253098 0.0179369 0.0179727 0.0179369 38.9903 0.0179373 0.0183085 0.0179431 36.5287 0.0180082 0.0180016 0.017958 0.0179376 0.0184293 0.0188649 0.0179368 0.0726463 37.0667 27.1189 1438.15 0.0213724 56.9753 0.0181985 0.019576 0.0190658 0.0179968 0.0179397 0.0180657 0.0179723 2409.07 0.0180619 0.0179366 0.0179366 0.0184551 0.0179694 0.0188656 0.0180067 1.03383 0.0180289 0.0179767 0.0179382 0.0179373 0.0183563 0.0181987 0.0182632 0.0192828 0.017979 20.447 0.0179392 0.0179535 0.0183318 0.0179374 0.0180866 0.0181329 0.0198484 0.0179397 0.0179712 0.0179491 0.0181093 0.0180119 0.0179981 0.0185143 0.0179406 0.0179572 0.0179366 0.0179667 0.0186241 0.0179366 0.0179366 0.0179366 0.0183359 0.0179656 0.0179366 124.77 0.0179376 0.0184219 0.0179381 10.9845 0.0179576 0.0179367 0.0182238 0.0179367 0.0181254 0.0183635 0.0674216 20.4834 0.0225998 0.0179367 0.0179366 0.0181604 39.9096 0.0182151 0.0179369 0.017958 0.0644411 0.0180027 0.0218925 0.0179368 338.352 422.28 0.0185356 0.0179689 0.0179799 0.0179375 0.0211606 0.0180257 0.0499699 0.032477 0.0179375 47.9326 0.409527 0.0179369 0.0201691 43.5172 0.0179759 0.0180583 0.0179445 13.4234 0.0180206 0.0181741 0.0179585 0.0182766 0.0179457 84.1573 0.082907 0.0179827 0.0262445 0.0179549 0.0179425 609.132 0.541468 0.0179457 19.9404 20.7536 0.0179369 54.5652 0.0182776 0.0179366 81.8121 0.0179377 0.0179366 0.0182182 0.0358704 0.0180153 0.0181302 1.19964 0.0180634 0.018238 0.0180613 3.10617 0.0180476 0.0179368 0.0179455 0.0179401 0.0179548 0.0189172 0.0179603 0.0179366 52.0263 0.0191947 0.0180593 0.017937 0.0179957 0.0179377 0.0193542 74.1564 0.0179675 11.0901 0.0193092 242.812 0.0179746 0.0179455 0.018105 1365.95 0.0191928 0.0184586 0.0179473 0.01947 0.0181973 0.0179769 0.0181394 0.0179908 20.171 0.0179418 0.0179366 0.0179369 0.0179367 0.0179375 0.0181895 0.0180967 0.0179366 0.0179366 84.8347 0.0180053 32.4061 0.0179389 0.0180364 0.511507 239.534 0.018097 0.0179382 0.0180371 0.0179457 0.0179518 0.0179889 58.3746 18.0705 0.0185121 0.0179827 0.106965 0.018189 0.018699 0.0179616 0.0725697 0.0179536 0.0202732 0.0185226 0.0180216 5.00566 0.0179366 0.0179377 19.5738 0.0179367 0.0179501 0.0180316 0.375487 0.0179651 0.0179366 0.0179366 0.0179374 0.017968 0.0180056 0.542145 0.0179373 0.0179366 67.6144 249.261 0.0179559 456.724 0.0536537 96.3938 0.0183588 0.0180609 0.0179369 0.0180228 0.0179366 0.0186295 62.959 0.0187847 0.0180545 0.0179388 0.0179385 0.0239712 0.0179547 0.0179974 544.835 0.0180724 0.0179505 0.0179392 0.162711 0.0179412 137.83 0.269192 0.0183827 0.0180039 0.0179846 0.0180252 0.0181212 0.017963 0.0179371 0.0179403 33.0244 0.0179396 0.01813 0.0179996 0.0322896 0.017938 0.0179369 0.0180679 0.0181868 0.0179374 0.017937 0.0184146 0.0179608 128.245 20.3782 0.0179368 0.0180144 0.0377994 9.46348 0.0179539 904.978 224.826 0.0179416 1.41012 23.6677 0.0209949 0.0179513 20.1528 0.0179802 497.002 167.927 0.0179371 744.992 325.985 31.4185 0.0179369 0.0181081 0.017938 25.6734 0.0179941 0.0198687 0.0179368 0.0181044 17.6171 0.017955 0.017944 348.445 0.0179712 117.306 0.0179427 207.343 0.0215806 0.0179716 0.0179405 0.0292596 0.0179367 0.0179378 0.0179494 0.0179432 0.0183756 0.017989 5.46074 272.015 11.5262 0.0179366 0.14824 0.0186982 0.0179802 0.020521 0.0179595 0.0179443 0.0247488 0.0180003 12.5757 0.0185296 0.0179367 1.90187 14.8627 0.0179419 0.0179384 0.0179371 0.0180996 0.0186922 0.0180604 0.0179955 12.7954 0.0183682 30.874 0.0184141 0.017937 0.0183606 0.0179951 0.0179367 0.0179401 0.0180832 0.0179368 0.0619615 0.0179628 0.32986 0.0180493 113.323 0.0179368 0.0183655 0.0179366 0.0179412 0.0179639 21.3726 0.0180651 0.0180139 89.5411 0.0179492 6.63192 0.017937 0.0179508 0.0179366 38.908 668.821 0.0179376 90.5178 0.0179681 0.0179746 18.1298 0.0196809 4.46253 0.0180725 0.0180923 0.0201489 0.018112 0.0184676 0.0179366 134.091 0.0179799 52.2586 0.0179954 0.0179398 40.0834 290.853 0.018141 0.0180853 0.0208358 0.0180024 0.0179777 0.0181009 0.0180638 0.0179377 0.0179367 0.0179368 40.2622 0.0179366 0.0179515 0.0183519 0.0210418 0.0266845 0.0179886 0.0179584 0.0179378 0.017963 0.0179665 0.017937 0.333014 0.017945 0.0196986 0.0179423 0.0211198 0.0181426 0.0179987 0.0180101 0.0179395 0.0179379 0.0179618 21.4084 0.0179378 9.6412 0.0179366 0.0212208 0.0179372 0.0180823 0.0179367 0.0957862 0.0180028 0.0179366 0.0179753 0.542659 0.019688 13.9625 0.018097 0.0191026 0.0179416 0.0180758 0.0179383 0.0179408 0.0498722 0.0185779 0.0179474 0.0190091 0.0179798 0.0180065 0.0179368 0.0179381 0.0184451 0.0179387 0.0179419 0.0179369 0.0179593 0.0185647 0.0179366 0.0179449 0.0179366 51.9642 0.0179366 0.018491 22.4877 41.5516 0.0179366 0.0179366 0.017943 0.0179587 0.0179443 0.0179695 0.0180194 0.0179381 0.018071 44.9688 77.0811 0.0181807 0.018548 0.01794 0.0179414 0.150309 0.0179366 0.0179411 0.0181281 0.0210457 0.0190113 0.0179641 0.0218472 0.107459 59.3276 0.0192855 0.0181471 0.0180416 6.40398 0.0181146 79.5738 0.96952 0.0252553 0.0179388 0.01976 0.0179746 13.1544 0.0179408 24.5761 43.5668 0.0180075 0.0195935 0.0179656 0.0179394 142.3 0.0179435 0.0179382 0.0179366 0.0179839 0.0182791 0.0179959 0.0179367 0.161614 0.0179371 296.287 0.017937 0.0179367 0.0179501 0.0179378 0.0179367 0.017937 0.0179378 0.0179368 0.0182955 0.0179562 0.0179521 0.0224975 0.0180325 0.0195241 74.5171 0.0179558 0.0179384 154.764 0.0179964 0.0179654 0.0193508 0.0179479 0.0179373 0.0180065 74.8021 0.0186509 0.017937 0.0179366 0.0179371 0.0179865 0.018858 0.0179368 0.0179369 0.0179368 0.0180689 1202.5 0.0179371 0.0179769 808.6 30.8919 0.0179381 17.2932 0.0179379 0.0179368 24.5494 25.3322 0.0179367 0.0179366 0.0179504 0.0180789 0.0350282 0.0179416 0.0180554 0.0179553 0.0179366 0.0179558 0.615603 0.0185228 0.0179366 0.0180916 0.0186633 51.3581 0.0179366 0.0179368 8.23197 0.0241747 0.018175 0.0179746 0.0179837 0.0255015 0.0179734 0.0179803 0.0179366 0.0179593 0.0194441 0.0179385 0.0179367 0.0180139 0.0189429 997.139 0.0179412 0.0179751 0.0182306 0.0179771 122.499 0.0387964 0.0184779 0.0180634 0.018758 0.0180241 0.0179366 0.0179868 0.0179523 0.0180466 0.0179366 1507.88 0.0179369 0.0179387 0.0180794 0.018294 0.0184223 0.0182586 0.0179366 0.025207 195.672 227.507 0.0179369 0.0179569 0.0179366 0.0179403 0.0181398 219.886 0.018859 0.018165 0.0180188 0.0179496 0.0180164 0.471185 0.0179367 0.0179366 0.0180079 0.0179368 0.017975 0.0179373 97.4763 0.0179423 0.0180725 0.640747 0.0180314 0.0179806 0.0179368 0.0199071 0.0179554 0.0266487 0.019613 0.0179367 12.9689 32.328 0.0180028 0.01826 0.025558 0.0179366 0.0179376 0.0181075 0.0180578 325.373 0.0182995 0.0200168 1.11745 323.066 0.0180506 0.0179474 0.0241797 0.0179374 0.0179499 0.0180012 0.0179384 0.0179728 0.0179374 0.0179537 26.042 0.0179757 0.0179494 24.6055 21.1453 0.0186705 0.017947 192.028 0.0180511 28.1519 0.0179368 0.0179746 0.0179372 0.0180338 9.9208 0.0180896 0.0180094 0.0186181 0.0179784 232.761 0.0179366 0.0179393 50.2359 0.0179366 0.0179388 0.0179803 0.0179808 0.0179417 0.018696 0.017937 0.0179628 0.0179833 0.0180492 0.0334945 10.9083 0.0179367 485.015 0.281985 0.0179514 0.0179373 14.8599 0.0181447 0.018274 20.9816 0.0179367 0.437158 0.0179549 0.0179411 0.0179399 12.8828 0.0181838 0.0179448 0.018059 0.0179854 0.0180829 0.0183696 0.0871894 0.0184069 41.1658 0.0179538 29.3129 0.0198414 0.018002 15.096 2.10776 2.01498 0.0183401 0.0180726 0.0179608 0.443609 0.0179366 0.0180239 0.0193713 0.0253759 0.0180993 0.0191983 0.0179369 10.8603 0.0179366 0.0179372 0.0183916 0.0180031 0.0179367 0.0182284 32.1942 0.018019 0.0179369 0.0179874 18.5516 1334.96 0.0232635 0.0179368 0.0179557 0.0179376 0.0179423 0.0179491 0.0179425 0.0179367 0.017937 0.0181399 0.0180347 0.0186058 0.0186225 0.018086 0.0179366 0.0179568 241.167 20.578 0.0179397 0.018071 0.0179366 0.0179387 0.0179369 0.0199085 0.0179888 35580.2 0.0180553 0.0179366 0.0179367 0.0179366 0.0183927 0.0191322 18.061 0.0179385 86.5839 157.024 0.0179367 0.0260285 0.0179529 68.7057 88.8589 0.0179601 1.31243 0.0179374 0.018957 0.0238781 0.0180866 0.0183929 0.017945 0.0179584 0.0188333 104.514 0.0179913 0.0179439 0.0179778 0.0179806 8.00456 64.4447 0.0180683 0.0179371 0.017937 621.648 0.0179367 6.75271 18.2688 0.017945 0.0561222 30.8131 0.0180305 35.5206 0.0179889 0.0179897 0.0179383 0.0179403 0.0179374 0.0179409 0.0180292 0.0179366 0.0179406 0.0179803 0.0179366 0.0179401 0.0179408 0.0179386 8.90674 315.742 0.0179369 0.0179367 0.0179368 0.0617476 0.018016 0.0179726 0.017948 0.0182124 0.0186787 0.0179384 0.0179366 0.0190123 0.0179369 0.0179882 0.0179367 0.0179384 0.0179895 0.0179474 0.0186466 0.017937 63.4685 0.0179368 0.07564 0.0179609 0.0608518 19.2186 0.0181141 0.0180643 0.0180794 43.1387 184.319 0.0179414 0.0306371 0.0237412 0.0180313 0.0251462 0.0179369 0.0990284 0.0179371 0.0180787 0.0179367 0.0179366 55.828 0.0179369 0.0179384 0.0179453 0.0179383 0.0179506 0.0180344 0.0179366 0.0179814 0.0179367 0.0179366 1572.98 0.0182965 988.025 0.0182753 0.0179413 10.9041 0.0179368 0.0201136 0.0179533 0.0186 0.0180519 2.30611 0.184467 0.0179524 0.0179366 0.0183261 0.0179375 0.0180065 0.0179366 0.0196201 0.0179373 0.0195465 0.0236011 0.0182885 0.132592 16.5718 0.0185889 0.0180847 0.0179485 0.0179367 0.0509694 0.0179493 0.0205389 0.0179375 10.8447 0.0192973 35.596 0.0180267 0.0191888 0.0179899 0.0193429 0.0335867 0.0179383 0.0179369 0.0181793 0.0181685 20.4661 382.066 0.0183169 3.6807 0.216747 0.0179586 0.0179369 0.0179381 0.0179367 8.35761 0.0179672 0.0195306 0.019215 0.018674 75.2455 0.0179373 0.0181209 0.0179646 0.0179369 0.0180217 0.0185686 0.0184599 0.0180864 0.0179863 0.0336237 0.0179375 0.0179366 0.018025 0.0180017 0.017937 0.0179367 0.0729532 0.0179479 0.320949 0.0187382 24.0635 0.024814 0.0179799 0.0179371 0.0179366 0.0182666 0.038869 0.0180485 0.0179369 0.0272607 0.0194409 0.0179727 0.0316219 0.0179372 0.0181425 0.017953 0.0180627 0.150109 0.0179994 0.0179367 0.0179369 0.0179366 89.2508 0.0180284 0.0179425 0.0179366 0.0179504 0.0182634 0.043178 0.0496384 68.493 0.0179367 0.0179368 103.537 0.0180333 0.110115 27.1218 0.0179831 0.0179992 183.203 0.01809 0.0260861 82.0649 0.0179504 0.066537 0.018053 0.0179506 0.0182396 0.0180917 0.0198979 0.0179366 0.0179953 27.4765 0.0179866 0.0179451 0.0179818 0.0180701 0.0179369 0.0179366 0.0200688 98.4523 0.0179448 1127.14 0.0179647 0.0179366 0.0202758 0.017958 0.0180094 0.0179367 0.0180417 0.0181239 0.0182515 0.0179442 0.0179804 0.017973 0.0199851 14.3747 0.0222014 0.0179368 0.01796 0.0179516 0.0184831 0.0179371 0.0179497 0.0179367 0.0179562 0.0179387 0.0179422 0.0179465 0.0179366 0.0179669 0.0179557 0.0211045 44.9729 462.445 0.0179373 0.017939 26.6493 0.0179366 0.0179366 0.0179366 0.0179373 0.0180029 0.0179455 0.0179366 0.0179525 0.0605431 115.423 0.0180478 0.0179502 0.0182653 0.0179854 0.017945 0.0179882 0.0179392 109.494 0.0179372 0.0179379 0.0179424 126.445 5.8007 0.0179585 0.0179424 0.0179392 0.018593 0.0179594 0.0185715 0.0179584 0.0184934 0.02067 97.2336 0.017982 106.997 0.0179809 103.421 0.0179374 0.0257868 0.0289438 0.018491 0.0203148 0.0179435 0.0179372 0.0179559 0.0179427 0.0180547 0.0179372 0.0179784 0.0179366 0.0181251 0.0179374 37.8499 0.0181404 0.0179366 0.0179511 0.0180536 0.0179588 0.0179752 0.018824 286.295 0.0179661 0.018191 75.6624 0.0179573 0.018037 18.7902 0.0179958 12.1582 0.0179908 0.0180017 0.0179564 13.7826 0.0179366 0.0179366 0.0180615 0.0205436 0.0181364 0.0179627 0.0283246 0.0179366 24.9043 0.198339 0.0179417 0.0187536 0.0258509 0.0179366 0.0179562 119.783 0.0179371 0.0179873 0.0179431 0.0327733 0.0180178 0.017937 0.0179468 0.0179573 0.0179498 0.0179399 0.0180458 3.52555 0.0191266 0.0179425 0.0179826 36.9989 64.0704 80.0669 0.0179407 0.0179695 0.0230953 0.0180711 0.0179366 0.356787 0.0179369 0.0179437 0.0703237 0.0179775 0.0179377 0.0192261 0.0179377 34.0911 0.0182472 0.0179371 0.0179366 0.0197494 47.5096 130.1 0.0181394 0.0182223 0.0179373 0.0179374 0.0179366 14.9263 61.9847 0.0179472 0.0179584 0.0180272 0.0179404 0.0183453 0.0179404 0.0179622 0.0179374 0.0179369 43.0686 0.017999 0.0181204 0.01794 0.0346493 23.6318 0.0180298 0.0179389 0.0179607 0.0179844 0.0179367 0.0180266 72.5791 0.0179367 21.9678 57.0479 0.0179367 0.0179386 0.0179366 0.0179366 0.0179403 0.0179367 62.5616 0.0184543 0.0179676 0.017991 0.0179366 0.0179377 0.0183819 0.0180229 16.8221 0.0179817 0.0180098 0.0181619 0.0179367 22.2924 0.0183023 0.0180353 0.0188843 0.0179536 0.0180046 589.389 175.828 0.0603339 0.0179554 11.1877 0.0329346 25.1359 0.0180057 0.0179366 0.0179387 0.0179366 0.0185798 0.0179415 0.0179368 0.0182197 0.0180791 0.0179367 0.0179734 0.0179368 0.0179723 0.0179379 0.0193631 0.0179408 0.0179383 0.0182046 0.0179392 0.0187719 0.0179366 0.0179366 14.6154 0.0179393 0.0181098 0.0179575 0.0186803 0.0195587 0.0180412 0.0179494 0.0180867 0.0179412 0.0210378 0.0884148 0.0192654 0.0179833 0.0179366 0.0239116 0.017974 0.0186791 0.0182428 0.0202493 0.0180546 0.0179396 0.473482 0.0235976 0.0182151 0.0525514 0.0219678 18.8342 0.0179704 0.0179367 0.034306 0.0259467 0.0179398 76.5313 102.482 0.0181831 14.4939 0.0179435 0.0179584 0.0179367 0.0179367 48.0687 0.0179372 17.4923 0.0179398 0.0179594 0.0180163 0.0180403 0.0179369 43.8273 0.0180979 0.0189153 0.0180789 0.0187113 0.017937 0.017937 0.0206244 0.017989 0.0179405 27.9181 18.0705 0.0201547 0.0179389 0.0183048 0.0179366 29.193 0.0180086 110.158 0.0179986 0.0179529 0.0179386 0.0180332 0.0179367 454.116 0.0189312 0.0179841 0.0179366 0.0183481 0.0179495 0.0180737 0.0179366 0.0180081 0.0179366 113.671 120.45 0.0179951 0.0179388 0.0179371 0.0185211 0.0246835 0.0180491 0.0179371 0.0179366 0.027703 0.0182211 0.0334944 88.1809 0.0184919 0.0186833 0.0179565 0.0179416 0.0190302 7.71128 0.0180187 0.0179366 0.017959 0.0180283 0.0179802 0.0187742 14.7358 0.0179377 0.0183513 0.0179384 0.0181095 0.0179887 0.0179699 0.0179366 0.0190394 0.0205624 0.0179836 10.9984 0.0179367 0.0179673 64.9271 0.0179599 0.0179367 50.0429 0.0182206 0.0179595 968.459 0.0186342 0.0264407 31.4328 0.018619 0.0180277 0.0179552 11.7962 0.0179669 0.0767229 32.4955 0.0180606 0.0179405 0.0182755 0.0179366 0.0181429 113.649 0.0191074 0.017983 257.948 0.0179379 0.0179367 0.0180075 40.8388 0.0179782 0.0179401 0.017937 0.124897 0.017981 0.0634017 0.017988 0.0180089 0.0179379 0.0179631 18.7262 18.0713 0.0180213 0.0179732 0.0179366 7.8068 0.018014 204.765 0.0179393 0.0447487 0.0179366 0.0179957 103.128 0.0188073 0.0189686 0.0369469 0.0179394 0.017938 0.0179367 0.0179439 0.0180903 20.0736 0.0181986 0.0179374 0.0179366 0.0328336 0.0179459 0.0192285 0.0179369 0.0179616 0.0179366 0.0179372 0.017937 0.017942 0.0233287 45.9684 0.017937 0.0330579 0.0179368 8.25827 26.1322 0.0179369 0.0179374 0.0179623 277.28 0.0190141 14.4287 0.0179368 0.018024 0.0181837 4.29938 0.01795 0.0185666 0.0179387 0.0192729 0.0179639 0.0182531 0.0179366 0.0179398 0.0592032 215.673 0.0211722 0.0179415 0.0179837 0.0179366 1.13399 0.0180619 0.021067 0.0180878 0.017937 0.0184547 392.791 0.0179402 0.0181022 0.0182719 0.0179486 0.0182852 0.0179374 0.0179893 0.0179742 0.0179538 0.0179369 0.0179371 0.018247 0.0179376 0.0179366 0.0179424 0.0461351 0.0183869 0.0179367 105.959 0.0179372 39.9609 0.0179876 0.0179381 0.0179366 0.0192656 0.0179426 0.0188359 233.474 0.0179407 0.0181144 0.0181291 0.01803 0.017992 0.0179366 0.0179367 0.0180034 0.126135 0.0179377 0.0179372 0.0192672 0.0181433 0.0179378 0.019414 17.2825 0.0179385 5.78052 19.6863 8.00515 915.059 0.618073 15.988 0.0179391 0.0179888 0.0226031 0.0179554 0.203776 0.0795675 0.0179369 0.0227363 0.0179749 0.0179366 0.0179367 6.79008 0.0179452 0.0179371 0.0179369 0.0179378 0.0180638 0.0181808 5.8185 0.0179366 0.0179373 54.0872 0.0180387 159.284 0.0179367 0.0184425 34.3474 2.34257 0.0184653 0.0179377 0.0179366 0.0186141 0.0184986 0.017937 0.0179398 16.4784 540.102 0.0182948 0.0179429 0.392855 0.0179402 0.017962 0.0179557 0.0185334 0.0182159 0.018119 0.0179914 0.0185562 156.107 0.0179366 0.017939 0.0179366 59.3602 0.0179407 0.0179448 0.0179366 0.0179371 79.8517 0.0266279 0.0179371 0.0715064 0.0179367 0.0181305 0.017938 0.0179381 0.0181332 14.0202 0.0660925 0.0215097 0.0179417 0.0179933 0.017983 0.0179369 13.1302 0.0197113 2.94702 0.0180869 0.0179409 0.0179677 0.0180027 0.0180031 0.017937 0.017941 0.0181205 0.0182569 0.0181045 25.4101 0.0180439 0.0179985 0.0179783 21.8858 0.0179582 0.0180496 59.6626 0.0179469 0.0180516 0.0265925 0.0179397 0.0179811 0.0179487 0.0179367 18.4406 0.0179517 0.0181554 0.0335966 189.723 0.0179372 0.0179366 0.018376 0.0179458 0.0179369 0.0179381 48.0206 0.0184334 0.0179366 0.0180133 0.0179718 0.0181939 0.0179376 9.12499 0.017976 0.0179413 0.0242103 94.727 4.67354 0.0202541 0.0180271 0.018913 0.0180271 0.0680172 0.0179499 0.0179369 0.0183233 0.0180292 0.0338895 0.0187492 0.0179494 0.0182918 0.0179367 0.018018 0.0179431 0.0179366 0.0179737 0.0179369 0.0185628 0.73442 112.307 0.0179617 0.0179369 0.0179753 17.4922 89.6356 0.0184146 0.0187982 0.443233 11.9766 0.0179679 0.0179578 0.0179373 0.0250624 0.0179366 0.0234391 0.0179943 0.0186689 16.5238 1830.5 0.0179366 0.0180265 0.0458858 219.18 0.0180791 0.0192356 0.0179403 0.0179366 0.0185033 0.0183513 0.0179849 0.0179901 0.0179387 0.0179366 21.3615 0.0179468 0.0179366 0.0181984 0.0365315 0.0181158 0.0824309 0.0186632 0.0181295 0.0179366 0.0179369 0.0179366 0.0182156 0.0179367 0.0182293 0.0179454 0.0180942 0.0183963 0.0180659 9.24939 0.0266039 0.019164 0.0179426 0.0179368 0.0179462 26.8375 0.0269529 0.0179377 0.0179424 0.0222751 0.0179368 0.0183825 0.040705 0.0182022 0.0179468 0.0182276 0.0179366 0.0181517 0.0186211 0.017937 0.0492196 0.0179383 0.0197369 0.0179559 17.9941 0.0179369 0.0179994 0.0179367 0.0701115 0.0179421 0.0179367 0.0179391 128.993 0.0188025 0.0179768 0.0179368 0.0180406 610.922 0.0179616 0.0179366 987.39 0.0218719 1.70051 0.0397058 0.0242961 0.019339 0.017937 19.2186 0.018043 0.0840679 0.018062 0.0187077 0.0180694 0.0179367 0.0180517 0.0179381 9.32766 0.0179383 9.62019 0.0179699 0.0179417 0.0186243 0.0194109 0.0179367 0.017937 0.0389257 0.0179388 0.110167 0.0180104 0.0179381 1.65661 0.0180685 0.0179377 0.0330614 73.5564 0.019565 0.0179371 0.0179367 0.0179506 0.0179366 0.0179508 0.0179373 0.0179656 132.341 0.0179411 0.0182576 637.155 0.0179853 0.017993 0.0365859 0.01809 0.0179385 1087.13 0.0187401 0.0179369 0.018658 0.0179366 0.0179417 0.0179379 0.0179406 0.0179368 0.0179371 0.0179443 0.0179369 0.0179377 2.97696 0.0202481 0.018124 0.0181041 0.0179651 10.0781 0.0181579 2.9982 0.020906 0.0179474 0.0189269 0.0179456 0.0179384 60.7261 0.0179602 0.0180466 0.0186058 0.0180086 0.0198048 21.7422 0.0203342 0.0179368 0.0179613 0.0179889 0.0179636 0.0179382 0.0181823 157.363 0.117463 0.017937 6.12338 0.0179846 22.7594 0.0179442 0.0190592 0.0179848 0.0179373 0.0179802 188.586 0.0179366 0.0180099 0.0179367 0.0180031 0.0179574 1.23867 0.0179653 71.0162 0.023615 0.0179368 22.5695 0.0180428 0.0179449 0.0180445 0.0224632 16.8921 0.0179405 0.0179462 0.0184595 0.0179586 0.706382 0.0238601 0.0183061 0.0179366 0.0179367 61.4425 0.0182953 0.0179516 0.0185753 0.0180794 0.0240352 0.0179403 0.0179695 0.0179523 0.0179506 1.65473 0.0183459 0.0181433 0.0179404 37.7327 0.0179404 0.0221812 0.0181465 0.0179367 0.017963 0.0179388 0.0179366 43.9362 0.0179367 0.0179457 0.0179447 631.396 0.0190421 0.0179367 0.0193688 0.0180893 0.0182604 44.8229 24.6431 97.7099 0.0180778 67.4299 0.0817515 146.528 0.0179563 3.19474 0.0291515 0.0180221 0.0200172 0.0179369 0.0179378 5.33235 0.0179727 5.55417 0.0179367 0.0179377 0.0179384 0.0179367 0.0190608 0.0186182 27.2499 222.84 0.0179373 0.0216312 32.1072 0.0179445 274.02 6.91085 0.0179478 0.0212389 0.0180013 0.0179736 0.017937 0.0181682 49.6443 0.0179366 88.8582 0.0179366 0.0180006 0.0180127 0.0179451 0.0179366 0.017998 25.5371 0.0179535 0.0193383 0.0816829 10.8994 13.1558 0.017937 14.3749 0.0179366 0.0179372 0.0179366 0.0179467 0.0402127 0.0180475 0.0766424 0.0255666 0.0180169 0.0180279 0.0179366 229.035 0.0184572 0.0207752 0.0181517 50.9956 0.105904 0.01795 17.9941 75.0384 3.39327 0.0179366 0.224703 111.876 0.0179366 12.3552 0.018166 0.0180152 30.6041 0.0179764 0.0179369 0.0188309 171.95 0.0179967 0.0187074 0.0179366 0.0179768 0.0180486 0.0179366 0.0179367 0.0179368 0.0181347 0.0179418 0.017972 0.0179896 0.0184832 0.0181477 0.0179366 0.0187127 0.0180032 0.0179382 0.022904 0.0179383 0.0179368 0.0179366 0.0179405 0.017959 3.97826 0.0179518 0.0179437 0.017937 0.0179421 0.0186344 0.0191361 20.884 0.0179367 0.018124 0.0179929 0.616556 0.018038 0.0239164 0.0182884 6.23691 97.5997 0.0179481 36.6645 0.0179722 0.0179746 19.3645 0.0180491 0.0179368 66.4819 0.0179411 0.0179372 0.0179366 0.0180488 0.0188464 0.0417755 0.0179448 0.0179698 0.0179668 0.0179561 0.0179366 0.0179366 0.0179366 0.0179368 0.0179369 0.0183958 0.0179672 0.0199209 0.0300723 0.0179387 0.017941 0.0180097 0.0207731 30.938 0.0179402 0.0179366 0.0335073 0.0179377 76.5003 0.0189694 0.0179681 0.0194301 0.0179469 0.0179523 0.0181457 0.0179379 0.0179367 32.0536 173.214 0.0179366 0.0179458 0.018372 0.0179366 0.0179625 0.0179391 0.0179744 8.0167 0.0180453 0.0185318 0.0179402 0.0209564 0.0181283 0.0179578 0.0179435 0.0184551 0.0191107 0.0183398 0.0180019 0.0200135 0.0179367 0.0179374 38.982 0.0180028 0.017948 0.018005 0.0184223 0.017975 0.0179366 153.19 0.0440015 0.0179855 0.0179394 0.0180633 0.130791 3.94932 0.0179405 0.0179374 0.017937 0.0887396 0.0242835 0.0185331 0.0179374 0.0179562 0.0179406 0.0185077 0.0179372 0.0189604 0.0179883 0.0179366 0.0179367 0.0179366 11.9916 0.0179989 0.0179366 0.0180162 90.9428 94.0595 0.024981 0.0640827 0.0179366 0.0246099 0.0179366 0.0179872 0.0185058 0.0180711 0.0179391 0.018286 0.0179368 0.0179686 42.9433 15.3667 0.0179402 0.0179368 0.0179368 0.0180071 0.0179457 0.0189036 15.879 0.0181881 0.0179368 0.0180961 0.0179739 0.0179405 0.0335139 171.259 0.0179431 0.0179385 0.0179368 0.0179366 0.0179394 0.0179372 153.507 0.0256441 0.0181561 0.0180751 0.0179446 0.0179393 0.0179369 0.0179374 0.0183513 0.0182095 0.0180678 0.0179446 0.0179366 0.0179374 0.0379875 0.0180466 41.2738 1.63368 14.5684 0.0179367 0.0179445 0.0179372 0.0180551 0.017982 0.0179373 0.0179366 0.018045 0.0182618 0.0179372 0.0179372 0.0183339 0.0180427 0.017937 43.7132 220.643 98.749 0.0874113 0.0179745 0.0184042 0.0179386 0.018048 0.0179398 178.604 0.0190168 0.0179886 0.0179371 0.028708 424.248 0.01834 0.0179368 0.0179717 475.683 0.0179975 0.0257114 0.0179412 0.0183933 0.0179368 0.0179366 0.0179371 0.0179368 103.851 0.0179704 0.0183101 0.0179498 0.0204658 0.498375 0.0179412 0.0179768 0.0179398 0.0179596 73.5513 0.0179369 0.030159 0.0237138 0.0179369 0.0185979 0.0179517 0.0179366 0.0179438 5.624 0.0179482 0.0220679 0.0186736 0.018547 0.017938 0.0179993 0.0180393 0.0179629 0.0181843 0.0179368 114.812 0.0180864 0.0179367 0.0179392 1396.11 0.0179725 0.0617966 4.23418 10.2524 0.0179366 0.0180721 0.0182587 0.0179366 0.0180866 0.0179366 0.0179368 0.0181948 0.0179367 0.020198 0.0201777 380.077 0.0189581 0.0191843 201.845 0.0179366 0.0179697 0.0182113 0.0181156 0.0180994 4.50072 0.0179509 0.0180888 1.06819 0.0179368 0.0183741 0.0179368 0.0179369 0.0179366 0.0179366 34.2245 122.64 0.0179976 0.0180718 589.946 0.0201303 0.0181035 0.017955 0.151069 0.0179374 0.0179547 0.0180818 0.0180049 0.0179366 0.0179466 0.0179454 0.0227501 0.0184114 0.0179933 0.018018 0.0179661 0.0182058 3.23027 0.0179366 0.0181869 0.017939 0.0179474 0.0179514 7.34627 0.0269567 0.0316187 164.183 0.0181363 0.0179689 0.0179537 0.0468747 15.0719 0.0248485 54.7426 132.772 0.0179369 0.018208 0.0179366 0.053578 32.9958 0.249255 0.0179371 0.017937 0.0179943 0.0179763 125.361 0.0179797 229.772 56.1412 0.0179981 0.0179831 0.529978 0.0196765 0.0180343 0.0179893 0.0180657 0.0179366 344.279 45.9592 75.2945 0.0183121 0.018156 65.3801 0.0182458 0.0191331 0.0179464 0.913042 0.387099 0.0182769 0.0203346 0.0181368 0.02074 0.0196521 0.0181027 0.0179382 0.0180163 0.0182557 0.0180011 0.0184965 97.4034 0.0179366 0.0468928 0.0179705 0.0235088 0.0180542 0.0179366 0.0179372 0.0179503 0.0185667 0.018051 0.299468 0.0179366 0.0179559 193.339 0.0181099 0.613679 0.0179426 186.825 0.0179395 0.0369355 0.0179366 0.318204 0.0180442 0.0179609 0.0179368 0.0179647 0.0179367 0.018355 0.0197813 0.0181634 0.0182879 0.0431439 263.517 14.9244 0.017938 0.018055 0.0395168 0.0179367 0.0179366 0.0180319 0.0186465 0.0179373 20.032 0.0179368 16.4547 0.0179371 0.0179405 0.0250176 0.0179366 389.71 0.0179501 0.0179413 0.0179366 0.0180392 0.0179382 10.9909 0.0223503 0.0179755 0.018522 0.0179366 0.0185063 0.0889397 0.0179836 0.0179366 0.0179419 0.269736 0.0179366 0.0246367 0.0179366 0.0179366 0.0179763 0.0179366 0.0179735 0.0179366 0.0179367 0.0179491 0.0256846 0.0179381 0.0179405 0.0179381 0.0179366 0.0179416 0.0179614 0.0179366 0.0180242 0.0181251 0.0179848 0.166865 32.9684 0.0180302 0.0179408 0.0179549 0.0179366 283.937 0.0179379 78.7424 0.0187121 0.0180495 103.711 0.017941 50.9956 0.0277172 162.727 0.0179584 0.0181286 0.017937 0.0180438 0.0183993 0.0180059 0.0180507 403.796 0.0179427 0.0179645 0.0545328 0.0179373 0.0179366 0.0186207 0.0179374 0.0180593 0.0180313 0.0193417 0.0181691 0.0179371 0.0179846 0.0179901 0.0179486 0.0179751 0.0179437 0.0179952 0.0179369 0.0179371 0.0288901 0.0180128 14.375 0.0179392 0.0182156 0.570528 0.0194318 0.0184591 26.1322 0.0179373 0.052539 0.0197125 0.0179768 0.0187651 0.0179727 0.0179366 0.017938 0.0179534 0.0179371 0.0179899 50.4513 0.0179367 0.0179366 0.0180856 0.0179366 0.0179553 0.0180002 26.047 0.0179366 745.096 0.0179366 137.61 0.0181142 6.61527 0.017999 0.0179372 0.0179461 0.0189574 0.0180102 0.017957 0.017937 0.0235294 0.0180495 0.0182984 0.0181052 0.0179376 0.0179372 0.0184902 451.6 0.0179368 0.0179464 0.0179371 0.0495397 0.017949 0.0179384 0.0179366 0.0179368 0.0179376 0.0193973 0.0179492 23.5506 0.018068 0.675299 0.0180122 0.0377744 0.017937 142.551 18.6275 0.0179428 0.0335746 26.7995 0.0179376 0.0181918 0.0179648 0.0183935 0.0181084 0.0899095 0.0179369 0.0179718 0.0181488 0.018009 0.0179368 0.0179911 12.8732 0.0180317 0.0179369 0.0179366 34.1645 0.0187631 0.018355 0.0179367 0.22348 0.0179366 12.3601 0.0179451 0.0179408 0.0420948 0.0179384 0.0182621 0.0185661 1.24706 0.0179367 0.0198381 0.0179366 0.312653 0.507984 0.0181529 0.0179366 105.704 0.0195595 0.0179368 0.0179368 0.0181965 30.0589 197.406 0.0179448 0.0193827 0.443031 0.0179579 31.9447 0.0181487 0.0186469 0.0179368 0.0179893 0.0179755 0.0180257 0.0179519 0.0179367 0.0179366 0.0246567 0.75816 0.0179943 3.46353 15.6037 0.036175 0.0473077 0.0179366 0.0179369 140.986 0.0188198 116.766 0.0180127 0.0179366 0.0188581 0.0179543 0.0187529 0.0217316 0.0214074 37.5626 0.0179366 0.0179366 0.0194942 0.0180032 0.0179472 19.2664 0.0182971 0.0179368 28.9873 0.0179373 0.022506 718.139 0.0179367 0.0179595 65.1944 0.0179368 0.017938 0.0179367 0.0179381 0.017968 23.0792 161.162 0.0232753 0.0179366 3.59964 11.9954 0.0179386 0.0180476 0.0179366 0.0179369 80.2873 0.0179369 0.0180182 0.0179863 0.0179386 0.0179366 0.0179367 0.0179366 0.0182814 0.0179457 8.27999 0.0179367 0.0179367 0.0215341 0.0179422 0.0204394 0.0179366 0.0200245 0.0192298 0.0179369 0.0208082 0.017938 0.0179887 0.0179814 258.649 0.0179366 0.0179426 0.0180884 0.0179366 0.097638 0.0179821 0.0201599 0.0179735 93.0386 0.0179374 0.0179904 0.0195214 0.0179763 0.0179609 81.0073 0.0180245 38.4597 103.005 1127.79 0.0179652 0.0327731 0.0182598 0.0192488 139.359 0.017937 0.0204525 0.0180142 0.0211618 0.0179868 0.0179375 0.0179694 0.0181916 0.0179366 0.0179493 0.0179444 0.0220364 14.3121 1.00142 0.867273 38.1095 0.0335413 0.0179366 0.0241601 0.0179368 0.0179402 0.0187595 0.019364 233.769 0.0180001 0.0179371 0.0179366 10.9387 61.3207 21.2839 0.0183896 0.0953568 0.0406213 14.8627 0.0179468 0.0179381 0.0179392 0.017937 2.56347 66.4557 0.0179368 0.018012 0.0180805 0.0179385 0.232834 5.0843 0.0179367 0.0179377 0.0180023 0.0180005 0.0210387 0.0179907 0.0179367 0.0179457 854.309 0.017937 0.0179366 0.0180199 0.0184118 0.0182696 1134.22 92.7231 0.0179499 0.0179431 0.0179369 0.0181835 0.0179627 0.324155 0.0181061 0.0179585 0.017942 0.0179366 0.0179367 0.0186013 0.0180813 1114.36 0.0179524 0.0179705 0.0179616 0.0180632 0.0179378 0.0179368 0.0179517 0.0179622 0.0179366 0.0179377 0.0188987 0.0180296 53.8479 0.0179366 2350.02 0.0179734 0.0179368 0.0180509 139.427 0.0180481 0.0179426 0.0179368 0.0180048 0.0180763 0.0179456 0.0181161 0.0718948 0.0179806 54.8499 0.0195533 19.0049 0.0179367 0.0179518 0.0179533 0.0179381 0.0180162 0.207598 96.4886 0.0179376 0.0179585 0.0179366 194.114 0.0179366 0.0179485 0.0179377 0.0180954 0.0180503 0.0183025 0.0181733 0.16846 0.017937 0.0179373 0.462332 0.0179367 0.0179723 0.0180082 40.546 73.3548 0.0699881 44.5917 0.0180002 27.9749 0.0179495 655.689 0.0179372 0.0179521 20.8419 0.0179606 0.0180107 3.08355 0.0179527 0.0179366 0.0180301 0.017942 0.0179368 0.0184934 0.018038 0.0233608 0.018744 0.0179771 0.0179366 0.0195237 0.0212496 0.0785996 0.017938 13.4653 0.0179367 0.0186115 0.0194793 0.0179396 0.0231113 0.017939 0.0216782 55.1469 0.0184224 0.0179394 26.3306 0.0368486 0.0179924 0.0179367 0.018029 0.751214 0.542088 0.0179465 0.0189411 0.0179433 38.0452 0.0179384 0.0180225 0.0179411 0.0179423 0.018164 0.0204428 0.017937 0.118928 0.017971 0.0179804 14.4672 0.0191553 0.0194901 0.0180442 0.0179507 0.131927 0.0181008 0.0183517 0.0189832 0.0179551 0.0179389 0.0181007 37.2971 0.0179368 0.0179375 27.4378 1.97124 0.0179398 0.0316245 0.0182974 0.0179569 0.018065 0.0211735 0.0206552 14.2191 0.0179788 0.0180978 0.0412375 0.0180518 0.0179861 0.0179437 0.0179425 0.0179415 0.0179367 0.0329919 0.0179366 18.7665 0.0182097 0.0179843 0.01794 0.0179441 17.9941 0.0362217 0.0179614 15.661 0.0179752 28.0664 0.0607719 0.0179782 977.88 0.0180078 0.0179373 0.017939 0.0179366 0.0179472 0.0179371 0.017939 0.0179368 0.0181481 158.506 0.0179369 0.0179384 0.0179549 133.433 2.67875 0.018214 0.024906 0.0227086 0.0179577 17.1904 0.0179367 0.0183541 0.0179366 0.0183343 682.34 0.0187209 0.0179367 0.0179372 0.0179366 306.579 0.0201984 10.5974 0.0185298 0.0196868 0.0179378 0.0179372 0.0179367 151.593 0.0180268 0.0801991 0.0179366 15.6977 0.0179366 18.2688 0.0179366 0.0196325 717.918 0.0179372 0.0179406 0.0291472 0.017937 0.0179447 0.0181969 0.0196521 0.0179472 0.0179368 0.0179366 0.0179366 0.0188523 0.0197344 0.0192057 295.864 5.56663 49.64 0.0179402 0.0179376 0.0179367 0.0179367 28.3458 0.0179375 0.0198466 0.0179368 0.0180452 0.0179939 0.0179368 0.0224989 0.0181686 0.0181923 0.0179483 0.0185226 0.0179432 77.0939 15.4619 33.7089 0.0180315 0.0180417 0.0179988 0.0190596 0.0179425 0.0180906 0.0179366 0.0181537 0.0179968 0.503731 108.736 0.0181737 0.0179675 0.0179366 323.166 0.0179366 0.0179411 11.1525 0.0179411 0.0180084 0.0335506 0.021094 104.098 0.0179366 0.0179641 0.0179368 75.6479 52.7249 0.0179366 32.5323 90.5957 0.0183295 0.0179367 0.0179366 0.0180666 147.612 0.0180072 0.0191028 0.0179383 0.0181941 0.0180542 0.0179566 63.4154 0.0185209 0.0179368 0.0180344 0.0179605 0.0179814 0.0179369 0.0179377 0.0179367 0.017954 0.0179641 0.0291182 0.0179407 0.0179368 71.4065 0.0179368 0.0179388 0.0179385 0.0179586 0.0186622 0.017937 0.0179366 0.108014 0.0184809 0.0179607 0.0179386 0.0186291 0.0179376 9.12498 0.0179414 0.180914 0.0179374 0.0201666 0.756092 0.0179584 0.0179366 0.0193578 19.3235 0.0182131 0.0179391 0.0179368 0.0179366 0.0179367 0.0185662 0.0179429 102.412 0.0179369 0.0190051 0.019044 0.0199301 0.0180434 0.0179389 0.0179379 0.025696 1.36594 3.29965 0.0179525 1.68133 0.0179366 0.01794 0.0179366 0.0454683 0.0181357 0.0434032 0.0191472 0.0179368 0.0179366 157.356 0.0179595 0.0266772 0.0179372 0.0179443 0.0189323 0.0213092 24.4139 0.0179369 0.0184531 0.0200582 0.0179875 0.018294 0.0179367 0.0180023 0.0179943 0.0179369 0.0186126 463.458 0.0179667 258.824 0.0179369 0.0179965 0.0179366 0.0181843 0.017937 0.0181659 0.017937 0.0182944 144.007 0.0179368 13.1293 0.0222295 0.0212745 0.0179873 745.367 0.0183888 34.4813 0.0180897 588.15 0.0179366 0.017988 0.0179808 0.0179506 0.0179366 0.0179922 0.0179373 390.576 0.0179377 0.0180008 0.0179376 0.0195757 0.0180417 0.0179389 0.0179509 0.0179378 0.0179366 9.64122 0.0179872 7.86019 0.0179978 0.0180308 5.59913 0.0180082 0.0179366 0.0179366 0.0179466 0.471911 0.0314413 0.0191982 31.673 0.0179778 74.5351 39.2247 0.0206547 0.0185997 0.0179682 0.0179374 9.23683 0.0179409 0.032684 0.0179414 20.5952 0.0190353 0.0179399 0.0180722 0.0197864 72.7753 0.01794 18.8032 0.0182579 0.0180407 0.0179798 0.0179367 0.0179366 0.0179366 0.0179377 0.017937 0.0179918 0.0179368 0.0191591 0.0179366 0.0179377 0.0179366 0.0180038 0.0179381 0.0179369 1135.08 0.0179625 21.0548 0.0279817 0.0179366 0.018248 0.0179368 0.0179378 0.0201544 14.3741 0.017937 0.0179376 298.403 0.0180538 0.0199536 0.0193941 0.017952 0.0179367 0.0325406 0.018366 0.0180032 0.0179418 0.0179366 0.0181301 0.0186503 0.0179366 0.0179416 0.0179437 0.0180165 0.0179366 0.0237323 0.017937 0.0179405 0.0193413 0.0179376 0.0179442 446.223 0.0179421 0.0179367 0.0208708 0.0179366 0.0180128 106.988 0.0260502 25.0143 0.0179382 31.8523 0.0179382 0.0189528 0.0210747 0.0179375 0.0185345 0.0193046 0.0179545 0.0424799 0.0180798 0.0179379 0.0179761 0.017937 0.017958 0.0179386 30.1468 0.0179369 68.986 0.0179818 0.0179366 0.0179368 0.0179406 0.0179366 0.0179374 114.382 0.0179449 0.0179414 531.439 352.97 5.51097 0.0187049 0.0181179 0.0179515 0.0179366 46.3638 31.7388 0.0179888 0.0179444 0.0179372 0.0179368 0.0179376 0.0179366 0.0180817 0.434609 0.0179369 0.0179398 0.0180104 0.0179366 161.478 0.0179901 0.018255 0.0188905 0.0179379 0.0221213 0.0179367 0.0180475 0.0179368 0.017937 0.017937 0.0179556 0.018151 0.0179376 0.0179368 0.0179422 0.0181729 0.0179369 0.0193754 0.0269536 9.93495 0.391761 0.0181709 0.0182174 0.0179369 0.0181004 0.0179372 83.5286 0.0182898 0.0179543 0.0180404 0.0179369 0.028787 0.401484 0.017938 0.0179893 0.0185193 0.0180345 0.018171 0.0179372 3.19101 0.0179366 0.0179369 0.018333 0.715653 0.0179709 0.017963 0.0219412 0.0180032 0.0180629 588.451 0.0179369 0.0179366 0.0179454 0.0180001 0.0313493 0.0181075 0.0179366 0.0224139 0.0180235 0.0266435 0.0221209 0.019002 0.0199899 0.0179371 459.058 16.8361 12920 0.0179507 0.0227947 17.8315 1.37275 0.0179987 0.0189664 0.0179741 0.0179367 110.827 92.8804 0.0186243 39.5387 0.0179368 0.0180202 0.0179368 0.0179537 0.0206178 34.8534 0.0179437 2792.59 0.0184802 0.0187843 0.0179388 0.0179366 0.018112 0.0179388 0.0182928 110.625 0.0204137 34.7302 0.0179369 0.0184366 39.2135 13.4643 0.0179366 42.9563 97.7476 0.0179493 0.0179432 0.0188512 0.0179809 0.0352041 151.235 0.0179392 0.0180701 0.0179941 0.0179421 0.0180855 0.017937 30.0014 0.0179532 0.0187208 0.0179454 0.0179366 0.0180236 0.0585631 17.1421 20.4089 30.0859 0.018027 91.9492 0.0179367 0.0256682 0.0179369 82.286 0.0179402 0.0179613 0.01801 21.0055 0.52909 0.715853 0.0179437 239.616 0.0179373 3.62398 0.0187601 0.0179504 0.0200217 0.0179368 141.353 0.0208267 0.0182268 14.1881 0.565388 0.0179367 0.0179369 0.0179366 1224.42 0.0179367 0.0180166 0.0183317 0.0180001 0.0179628 0.0179542 0.0183089 403.892 0.018049 0.0179366 0.0181195 0.0179409 0.0179749 0.0210694 30.8051 0.0181721 0.0179654 0.0179379 0.0179368 0.0180658 0.0179486 0.755737 0.0179584 17.9356 1.48366 0.0179383 0.0180153 0.0198025 0.0183178 0.0253664 0.0181076 30.1442 0.0182697 388.212 0.0179432 0.0179412 0.0193443 0.0179386 0.0179368 0.0180082 224.55 50.6301 0.0184353 132.718 170.723 0.0179366 0.199474 0.0182748 0.0184953 0.0338849 0.0180656 0.0234196 0.0179416 0.0179902 13.6141 0.0179369 0.0195308 0.0180115 0.0179645 0.0179383 537.107 0.0179366 0.0179511 22.0185 0.0464806 0.017942 0.0180244 328.145 0.0221557 0.0181596 0.0179569 0.0179681 0.0252358 0.0179366 98.5888 0.0180722 0.018048 0.0239091 8.1018 36.6117 0.0179394 450.55 1.26234 81.8375 0.017989 0.017937 0.0185795 0.0179843 0.019565 0.0179388 63.1126 0.0182332 0.0179723 0.0179408 0.0207902 0.0179368 0.0179955 0.0181174 37.5626 0.0187364 0.0179366 0.0179367 0.0184572 0.0180627 32.316 0.0179369 0.0179366 0.0179702 50.6578 0.0179366 0.0180391 0.0179573 0.0186753 0.0179366 0.018048 0.0192728 0.0181596 0.0179405 0.0180461 0.0181943 0.0180504 0.0180345 0.0179402 0.0179482 0.0245937 0.0180003 0.0179465 0.0181581 0.0179366 0.0179991 0.0179366 0.432066 0.017937 0.0179366 0.0179367 0.0182816 0.0179559 0.0188474 0.0179779 0.0185443 0.017938 0.0179385 0.017959 171.224 0.0223627 0.0188111 0.0330509 0.0179371 0.0179419 0.0179371 0.0181204 0.0179366 0.0180994 0.0182478 0.0179369 0.0180304 11.8332 53.2738 0.0179541 0.0179375 0.0179366 0.135931 2.66726 304.114 6.64155 0.0179614 0.0179367 0.0179469 280.934 0.0182775 0.0179366 0.0180084 0.0179367 0.0506031 0.0179366 0.0179695 0.0180062 0.017937 0.0182093 0.0179487 0.0181596 0.0179367 1.33714 0.0179381 0.0179368 0.0179367 0.0181676 0.0183165 0.0182314 0.0190044 0.0181612 0.0180302 0.0179714 0.0182501 0.017937 0.0179366 0.0179369 35.4653 0.0179369 0.0179612 0.228865 0.0179654 72.2947 0.018174 257.621 0.0182535 0.0184447 0.0179367 0.0180743 0.01794 21.1453 0.0182307 563.305 0.0179366 0.0179605 0.0179401 0.0183596 5.43797 0.0179367 3.05461 0.059681 0.0180205 0.0179367 27.8521 0.0246375 0.0181396 0.0179775 0.0179366 0.0179375 0.0179374 17.6171 0.0179539 0.017937 0.0179474 18.5516 0.129138 0.0179367 0.0179376 0.0179376 42.0432 0.0179366 0.0269659 13.548 0.0179366 0.0179366 0.0179968 0.0221156 0.017953 0.0194657 0.0179372 0.0208729 0.0179378 100.915 0.0214198 5.51681 0.0179497 0.0179443 0.0179374 0.0179368 0.0179431 0.0179366 0.017939 0.0181478 0.0179369 94.6262 0.0181866 0.0179366 0.0180013 0.01812 0.017939 0.0179388 0.0193415 0.0179682 14.7526 0.0179598 0.0180851 0.0179394 0.0179477 0.0888934 0.017938 0.0179367 0.0179387 0.0179609 132.733 373.355 422.924 0.0179366 0.0192524 0.0189421 0.131621 0.0181691 0.0179395 0.0179395 0.0179748 66.1014 0.0179656 55.3244 0.0180647 0.0180909 0.0179405 0.0180135 0.0183472 0.0208713 0.0180794 0.0180249 0.0179402 0.0179366 231.333 0.0189338 0.0179663 0.0395093 0.179171 0.0179379 0.0447881 0.0179376 0.0180457 0.0179366 0.0179526 0.0224767 0.0179366 179.403 0.0179603 0.0179416 0.0185166 0.0179386 0.018332 0.0183725 0.0182726 0.133735 0.0179412 0.0188442 0.0179376 0.0179648 0.0179606 0.017943 0.0179386 0.0288294 0.0181433 0.0179371 0.018514 0.0179379 0.0179371 0.0184324 0.0179366 194.509 0.0179768 0.0182182 0.0179367 0.0180119 42.2987 0.0179366 0.0179756 0.0180924 0.0179366 0.018024 0.0179368 17.4772 0.0185621 0.0180235 0.0180182 0.0179559 0.0191252 0.0180657 0.0179371 0.0185239 0.0179366 0.0271495 0.0179369 0.0179366 0.017938 0.0179371 0.0179366 158.958 0.0179366 0.0179366 0.0393345 0.0179405 0.022236 0.017937 0.0179369 0.0181335 0.0179383 0.0179367 0.0180929 0.0179367 0.0180238 0.0179378 0.0179552 0.0185904 29.195 62.4312 0.0182517 0.0179366 1400.35 0.01987 0.0179587 0.0179406 0.0179366 0.0179407 0.0179837 0.0211047 0.0181713 0.0181148 0.0179393 0.0213209 0.0179366 13.5014 0.0179366 0.221658 0.0179402 0.0179366 0.0183262 0.0179368 0.0179558 0.0184225 0.0837045 0.0193426 0.018002 0.0179367 0.0179929 0.0509324 0.0179383 0.0179429 0.0207058 0.0179367 0.0179442 0.017937 0.0183982 0.0179971 0.0216862 0.0179371 0.0223093 0.0179367 0.0179836 149.336 4.08021 37.8489 0.0180194 0.0179367 0.0179793 86.8053 0.0179366 91.683 0.0179671 0.0179651 0.0180431 0.018061 0.0179374 0.0186182 0.0188959 0.0179521 0.0179997 0.017953 0.0179484 0.0185499 0.0181817 0.0179433 0.0256695 0.0180683 0.0182896 0.0179374 11.0167 0.018076 0.0179964 14.848 18.7902 0.0179677 111.681 0.0179576 0.0179371 0.0181818 0.0182031 55.0609 0.0179543 173.302 120.571 0.0179781 0.0179444 0.0179366 16.8355 26.8832 291.035 0.0181621 0.0180916 433.084 0.0182051 0.0180891 0.0182168 0.0180443 0.0179367 0.0179368 0.0179585 0.0179391 0.0179514 0.0185053 0.0179438 0.0179387 0.0179441 0.0179369 0.017937 12.7951 0.0179369 0.0179642 114.699 0.017937 0.0179405 0.0179366 0.0179366 0.741357 0.0179468 0.018104 44.6028 0.0328432 25.6205 0.0254436 0.017946 0.0179366 0.0181669 0.0179613 92.0113 0.0179507 0.0298402 0.181068 0.0179892 0.0179368 14.0202 0.0179558 17.0157 0.017964 0.0181273 0.0179375 0.0180067 0.018098 0.0188299 0.145618 0.0179406 70.043 15.9441 0.0179369 0.03357 0.0179366 0.0179588 0.01801 0.017943 4.30183 0.0194483 0.0179435 0.0179623 0.017937 0.0179374 0.0179409 0.070304 4.50125 0.0179784 22.7479 0.0205083 97.7136 0.0180163 0.0179388 0.0187384 0.0179907 0.0179455 0.0179675 0.0189656 0.0179473 0.0184994 0.0180556 0.0179421 0.0179552 0.0179366 0.019153 40.952 0.0179366 0.0179367 0.0179508 0.0179374 0.0180521 0.0179367 0.017937 0.017937 376.594 159.782 0.0181058 0.0179728 0.0180532 0.0179368 0.0179384 0.0179403 14.5684 0.0179528 0.018568 0.0179588 0.0191411 0.0180648 0.0184032 0.0351898 0.0213372 0.017945 0.017952 0.0179368 0.0201695 0.0179763 0.0183323 0.0181293 0.0286696 0.0179366 0.0181906 0.0188359 0.0219947 0.0179367 0.0182536 0.0180185 0.0179366 0.0180472 0.0179482 0.0181242 0.0179664 0.0179626 0.0189821 0.0179826 0.0268448 0.018079 0.0179367 0.0185256 0.0179559 0.0179366 0.0185752 0.017938 155.126 0.0179414 0.0179433 121.042 0.0496248 0.0179661 0.032792 0.0179369 0.0179366 0.0179409 0.0179368 0.0247558 0.0179374 0.0181834 0.0237711 0.0179366 0.017939 0.0179374 23.2414 26.7995 0.0185386 0.0186784 0.0179717 0.0179403 0.0179378 0.0179406 174.878 0.0182684 0.0181678 0.0179384 3.14662 0.0179696 0.01796 0.135934 0.0179872 0.0181672 0.0179453 0.0180963 0.0180595 444.745 0.0186115 0.0181253 0.0179764 0.0179367 0.0179366 0.027597 54.7344 0.0179786 0.0181519 0.066506 0.0195517 0.0179458 4.66322 0.0179631 0.0179573 0.0179367 0.0181089 130.916 0.0325068 0.0179439 0.018053 0.0179366 0.0179418 0.0179583 0.0179673 0.0197372 0.0182284 22.8059 0.0179611 0.0179453 0.0179612 0.0179366 0.0183953 0.0179662 0.0179369 0.0926737 0.0180369 0.018191 0.0179492 0.0179367 0.0179876 48.3217 80.6241 0.0181121 0.0227546 0.0179371 0.0179573 0.0253734 3.66371 0.0179799 15.9441 0.0179514 0.0179378 0.017981 0.0182596 0.0228227 0.0179896 0.0179367 0.0180239 0.0190283 0.0179377 0.0188653 0.0179386 0.0179377 18.3657 0.0179456 0.0179425 0.0179912 0.0181408 0.017946 326.804 0.0179368 0.0183474 0.017941 190.744 0.0179367 0.0179367 120.534 0.0179597 0.0179375 0.0179413 0.0179366 0.0179367 20.8968 0.018142 37.5671 0.0179769 58.3062 298.515 0.0180304 0.0194474 0.250549 0.0179366 0.0179366 0.0179377 0.0184679 1.54765 32.9684 0.0179407 0.0201465 0.0179366 0.0180304 0.0185825 0.0179366 0.0189885 0.0179393 357.852 0.0179368 0.0179398 0.0179366 0.0200096 0.0179763 0.0238591 0.0180739 16.8098 0.0180143 7.51457 89.5121 0.0179595 0.018002 0.0180242 0.0179366 0.0179437 0.0179792 9.12499 0.0179464 0.0384316 0.0182431 0.0180082 0.0179366 0.0179793 23.4389 0.0179498 0.0179366 0.0179437 0.0179368 0.0179455 0.0179369 18.9561 0.0182436 0.0344745 0.0179411 0.0187004 0.0179367 19.5085 0.0179976 162.856 0.0179413 9.47589 0.0858908 45.2368 0.0179366 7.62062 0.017938 0.018158 0.0179615 0.0181407 214.33 0.0205441 0.0214377 0.0179426 0.0179386 0.0179369 0.0179547 0.0179369 0.0183935 0.0179412 0.0179975 0.0179426 0.124894 0.0180237 0.0179373 0.0180516 0.0179489 0.0179366 0.0179523 0.0179372 0.0185211 5.30974 502.438 0.0179372 0.017943 0.0179471 0.0179495 0.0184551 127.462 0.0180454 0.0181869 0.0179366 0.017954 0.0179369 0.0180244 0.0179366 0.0181898 0.0179392 41.7551 0.0179366 0.0221148 0.018121 0.0179437 0.270393 0.0517871 11.1501 0.0180903 0.0179923 14.3751 0.0179369 4.67364 0.0179373 17.4561 0.0179367 0.0179393 0.0179442 0.017938 0.0179512 0.0179366 0.0180888 0.113589 0.0187902 0.0370624 0.0183184 0.0179375 0.0322834 110.397 291.775 0.0179913 50.41 0.0182676 0.0181491 0.0182349 0.0179615 0.0179368 11.426 0.0977405 0.0421899 0.0179366 0.0179371 0.01796 0.0181389 0.0221607 0.0794251 0.0179462 0.01795 0.0179526 0.0179436 23.7202 0.0180424 0.0179559 0.0179625 0.0179397 0.0179367 12.6691 0.0179367 0.0366299 0.0179512 0.0179654 0.0179368 0.0180944 0.0182318 0.0179459 21.5994 0.0179525 0.0179386 0.0192903 0.0179372 0.0179993 0.0179367 0.0179454 0.018053 0.017937 0.0179795 21.0098 0.0179404 0.0179366 0.017946 0.0180659 644.459 0.0180178 0.0179376 0.0179578 0.0183037 0.0185145 0.0304019 0.0230319 0.0181949 0.0179379 0.0180377 0.0184309 0.018348 0.0180841 0.0493402 0.0179368 0.0179413 0.017937 0.0179421 0.144175 0.0179621 0.0184408 0.0202514 46.3597 0.0179373 0.0237287 22.1889 73.2611 0.017943 0.0179369 0.0180289 0.0179373 74.5767 0.0199441 132.314 0.0180805 0.0184824 0.0179755 0.0179384 17.6171 0.0180879 0.0179367 0.0179884 0.0179628 0.157298 0.0179435 0.0203886 0.0179367 0.0179673 0.0179605 0.0180821 0.0179366 0.0179394 0.0179366 0.01797 0.0179481 0.0180548 0.0179367 13.5449 0.0181188 0.0182058 50.0534 61.1321 0.029892 0.462904 0.017947 0.457985 0.0180082 0.0179367 0.0179366 0.0179369 0.0179565 0.0180133 0.017937 0.0185279 0.0179373 0.0179366 0.0179635 0.0179366 103.966 0.0179371 0.0181928 0.0485418 0.0181306 0.0179368 47.7172 0.0179372 0.01808 11.6893 0.0179877 0.0179569 0.0180406 0.0182169 0.0179416 24.6077 0.0179429 291.961 0.0179622 0.143324 25.3155 0.0179371 0.0179376 0.0179563 0.0179732 0.017937 35.8041 0.0180798 15.9105 0.0179366 0.0179531 0.0179366 0.0181871 11.4964 0.0180859 23.695 0.0179761 0.0179465 0.0182493 4.00589 0.0179367 0.0180303 0.0179366 0.0179418 0.0179394 79.7088 0.0179381 0.017955 0.0185081 0.0180011 0.0179888 0.0192876 0.0179425 0.0334805 0.0179366 0.0179377 0.0179912 0.0179799 0.0179447 0.017956 0.0179531 0.0179366 0.0181169 0.0179368 8.38253 32.6128 0.0180264 0.0488371 0.0179366 0.0179901 0.0179367 1.00614 0.0179456 0.01794 8.07675 0.0179414 0.0179366 0.0209551 0.0179585 0.0179505 0.0179398 0.0179886 0.0179711 0.0204163 0.0296735 0.0179366 0.0179373 0.0190862 0.0179367 1078.76 0.0179386 0.0179888 0.017949 0.0179373 0.0312785 0.0185738 0.0179366 0.0180016 0.0180364 0.0179366 0.0179948 0.0184667 0.0179368 0.0179383 0.0179395 0.0179506 90.1204 0.0179377 0.0179378 0.0179366 0.0179368 0.0179533 0.0179474 0.0180811 0.0179366 0.0180147 0.0179366 0.0179763 0.0180082 0.017937 0.0180116 0.104982 0.0179632 0.0179592 0.0180758 0.0179424 0.0211038 99.6954 0.0179453 0.0179368 0.017937 0.0179366 0.0190816 0.0180164 0.0179756 0.017937 0.0179418 0.0180032 0.0180482 13.9121 20.6358 0.01822 0.0179366 0.0179366 0.0179778 0.0179367 0.0179366 0.0182443 0.0179377 179.438 0.0185493 0.0179368 0.0179368 31.8679 0.0246362 0.107637 0.26348 0.0179366 0.0207427 0.017969 0.0180504 0.0191254 81.8444 45.8893 0.0180912 0.0179374 0.0179366 0.0181135 121.11 0.0188546 1.0757 0.0186223 0.0273143 0.0179938 0.0182551 79.1584 0.0179869 0.0181663 0.0179366 0.0224736 0.0179367 0.0179704 0.0179394 0.0179376 0.0190527 0.0179565 21.0055 0.0447507 0.0179374 0.0179393 2.36188 0.0179506 0.0180471 0.0179381 0.0181049 0.0179374 0.0180536 0.0182234 0.0179367 28.0319 0.0179373 0.0221706 0.0179401 0.0179366 0.0179368 0.0179541 0.017983 60.8583 7.93983 0.021049 0.0181215 0.0179698 0.0179637 0.01838 0.0179382 0.0179369 0.0183966 0.0179676 0.0179404 0.0217472 0.017937 0.0179997 88.1072 0.0184509 18.72 0.0194348 0.0181749 0.017985 61.0592 0.0181309 4.37911 2.98243 0.0179367 0.0179391 20.0915 0.0179366 42.7485 0.0179368 0.0179382 0.0179369 0.0179369 0.0179368 0.0180018 0.0179571 0.0179548 0.0179508 0.0182936 0.0179367 0.0179418 0.0181871 0.0179366 0.0380047 304.288 0.0670064 0.0179827 0.0179557 0.0179543 0.0179893 0.0179367 0.0179369 0.0263425 13.556 0.0179369 0.0179366 31.4286 3.19079 0.0179472 0.0181708 19.8754 0.0179369 0.0179366 1153.38 0.0182917 0.0194796 0.0180548 40.1407 0.0179366 0.0179715 0.0179375 0.0202655 0.0179366 15.1978 0.0179366 0.0179366 0.0184002 0.0180067 24.9043 0.0180084 0.0179508 115.252 0.0280962 0.0179821 0.0179367 0.0211405 0.0179493 39.8226 11.2627 0.0181239 0.0179385 0.0247481 69.2342 0.0179366 0.0180675 0.020583 0.018079 0.0181143 0.0187236 0.0179383 387.459 0.0179366 0.0179374 0.0179366 0.0179368 0.0179596 0.0182077 0.0179366 0.0184626 0.0179398 0.0179367 0.0179429 415.711 0.0179723 0.0181303 0.0182482 0.0179367 0.0180573 0.0179506 0.0261775 0.0179371 0.0179488 0.0179698 50.943 0.0181282 0.0179861 0.0179403 0.017939 0.0180878 0.0180976 0.017971 0.0179366 3.205 0.0179414 0.0180378 0.0179366 0.0180188 112.868 0.0179368 0.0179368 35.712 0.0179366 0.0184574 55.7501 0.0179367 0.0219867 0.0180978 97.7937 0.0179728 0.0181396 0.0190451 0.0181583 0.0179647 0.0179405 0.0179577 127.336 0.0179367 0.0179368 0.0239799 0.0179466 1191.28 0.0179381 0.0179408 0.0179366 0.0179379 0.017937 0.0179395 0.0179416 0.017939 0.0183799 61.2623 0.01795 0.0188226 0.0180327 0.0179498 0.0180978 0.0179574 0.0179366 0.0200742 146.961 0.0179461 0.0179372 0.0179366 66.0315 0.378191 16.8921 0.0179488 0.0179733 0.0179367 0.0182522 0.0179654 0.0179838 13.3176 0.0179377 0.017937 0.0179897 0.0179426 0.0180689 0.0179428 0.0219364 0.0179429 0.017937 0.0191684 0.0336599 0.0183507 73.8538 0.018099 0.0179388 17.7429 0.0179817 0.0179622 0.0179385 0.0334861 0.0179406 10.2524 0.0181222 0.0180311 0.0179407 25.9 0.0179513 0.0183316 0.0179835 0.0181962 0.0179705 0.0179366 0.0179366 0.0179368 0.0179412 0.0191954 0.0179368 0.658043 0.0179494 0.0179375 0.0179368 17.9188 0.017937 0.0179587 0.0179366 257.5 0.0179671 0.0272032 0.0179391 0.0179368 0.0180029 0.0179378 0.0179805 1546.7 0.0179706 0.0180248 0.0180224 0.0179517 0.0179598 0.0180717 0.0179366 43.3603 0.0186182 457.738 43.195 0.0179592 0.0205413 113.459 0.020349 0.0179367 0.0180267 0.0179835 0.0179375 0.0299882 0.0179382 103.308 0.0188076 73.8442 0.0179759 73.5474 0.0179367 0.0180139 0.0179369 0.0179366 0.0179718 0.018013 0.0183 0.0179372 0.0180165 0.0180616 0.0181023 0.018247 49.4271 0.0179416 0.0179498 4.43717 0.0179367 0.0182855 0.0180157 0.0181301 0.0179816 0.0180972 0.0370171 0.0181946 2.00584 0.018027 0.0179552 0.0185611 0.0272192 0.0180142 0.0179748 36.5288 13.6927 84.2971 0.0179425 31.8679 2.36681 0.0179366 0.0179367 0.0179366 0.0181765 0.0179391 0.0181483 0.0180107 0.0180483 0.0179366 0.0183006 0.0180134 0.0179366 0.018254 0.0179367 0.0184255 0.0180337 0.0180907 0.0181317 0.0179371 0.0179454 0.0179383 0.0179456 0.0184763 0.017937 0.0179381 0.0289766 0.0181022 55.5829 0.0179369 0.0179408 0.0179795 0.018009 0.0179544 0.0179371 0.0179367 0.0334713 0.0179784 0.0179624 0.0192003 0.0183132 0.0185152 0.0207337 90.9462 0.0179549 0.0179366 139.215 0.0186202 0.0187694 0.0180102 301.623 0.0179584 0.0179519 0.0182715 54.1278 13.556 0.0199847 0.0179665 0.0181387 34.746 0.0193276 0.0180406 1.21689 0.0179368 0.0217091 45.933 0.0179369 4.83132 0.0181051 0.0180063 734.519 0.0179382 0.0179393 0.0180705 0.017937 0.0179667 0.0179371 0.0179369 0.029081 284.216 0.0179646 0.0181653 0.0191052 0.0182664 0.0182959 0.0179367 0.0179555 0.0179368 0.0179404 0.296697 0.0179366 0.0179366 0.0179406 0.140712 0.0179369 0.0179368 28.3778 0.0179554 0.0179384 0.017938 0.0179542 0.0179618 0.0198174 0.0179367 0.0179375 0.017976 0.0185849 0.0181984 15.7333 305.381 0.223533 0.0179366 0.0179921 175.025 0.0179451 13.1603 0.0179888 0.0179529 0.0179455 0.0179586 0.017937 0.0179367 0.0183959 0.0180244 0.0183337 0.0179609 0.0179515 0.0180942 0.0180487 0.0179366 0.0179366 0.0185633 0.017991 37.0962 0.0220532 0.0179367 0.0179373 0.0185317 0.0179368 0.0181298 0.0188275 44.1583 0.0179392 0.0179418 0.0203697 11.1525 0.0253702 0.0179442 0.0179574 0.0179368 40.6157 0.0180537 55.1537 20.7094 0.0181399 0.0179551 108.492 0.0266201 275.867 0.0179486 0.0180126 0.0179368 0.0180416 0.0180268 0.017937 0.0179932 0.017937 0.0179602 0.640191 0.0179368 0.0180529 0.0179642 0.0180026 0.0179367 0.0179496 0.0179378 75.658 1.50487 0.0180749 0.0179525 0.0179368 12.7959 27.5086 0.0179981 0.0179386 0.0179379 0.0183541 0.0189619 0.0182711 1.3893 18.1298 0.0197257 26.0419 13.2701 0.0179382 0.0179511 0.0180494 80.7104 0.0179369 0.0184719 0.017938 0.0179369 0.0179367 0.0179369 0.0701663 30.0784 0.0181451 0.017937 13.5462 0.0179546 0.0179367 0.0179371 0.0179734 0.017993 0.0179385 0.017937 0.0179516 61.6704 0.017937 0.0204999 0.0179369 0.0179368 0.0179458 0.0179389 0.0179366 0.0179851 0.0188281 17.9733 0.0186974 11.1565 0.0181763 0.0205453 0.0183269 0.590831 0.0179366 0.0179552 0.0179503 0.0179838 0.0181164 0.0179366 0.0179366 0.0250723 0.0179371 0.0179367 0.0179366 0.0179676 0.0179373 0.0182126 0.0180414 0.0180032 43.2425 61.1607 0.018023 0.0179479 0.0179366 0.0179366 0.0179562 0.0179951 0.0179552 2.98483 0.0180043 0.0179603 0.0277364 212.695 0.020348 0.0179651 28.9152 16.4107 0.021656 0.0270643 0.0180272 25.6911 0.0179613 0.0179473 0.0179558 0.018302 13.4983 0.0179367 0.0179858 0.0190661 0.0255795 0.0179366 0.0270073 0.0185387 0.0180306 452.66 0.0187168 0.0179543 35.662 0.0179936 66.4455 0.018099 0.0210388 0.0183743 0.0197497 0.0295502 0.0179484 1.53105 0.0179369 0.0179614 0.0180086 0.0182239 0.0179367 0.0179377 0.0179366 0.0179367 0.0179369 0.0179373 0.0179416 9.49711 0.0179412 0.0179385 49.6055 0.215776 0.450154 0.0181005 0.0179375 0.0185625 0.0179371 0.0179394 0.0181041 0.0183532 0.0183361 0.0179639 0.0179366 0.249461 0.0179368 0.0185097 0.0180673 0.0179366 0.0181007 0.0260424 0.0198981 0.0180251 0.0179515 0.0179385 0.0179427 1.09257 0.162219 4.08943 0.0183046 0.0193418 0.0179482 0.0181258 0.0179366 17.6171 81.141 0.0179383 28.032 0.017942 0.0251563 0.0181464 35.5879 0.0179368 0.0179397 0.0179371 0.018294 0.0179787 0.0180622 57.4604 0.0180268 0.0179442 0.0187385 0.0273821 0.01796 0.0179366 0.0235485 0.0179486 0.0215097 0.0179649 0.0179546 0.0179366 44.6566 0.0179366 0.017938 0.0184521 0.0179398 0.0182707 0.0179684 0.0179371 16.1734 49.7079 0.0179516 26.9744 0.0188826 0.017971 0.0179367 0.0179459 552.395 0.0179367 0.0309922 0.0179702 0.0181275 0.0182733 0.0179366 0.0179372 0.0179469 0.0180267 0.0180129 0.0180006 0.0636002 55.716 0.018487 0.0197266 0.018005 0.0179383 0.0179416 0.0179893 0.0180842 0.0179367 573.483 0.017937 1625.97 0.0271556 0.0179386 0.0179456 0.0179368 0.0181338 0.0179382 0.0179793 0.0201086 0.0179381 0.017939 0.018854 0.018492 47.0916 0.0179546 0.0180098 0.0212737 19.5348 0.0179383 0.017957 0.0179377 0.019185 0.0180161 35.2998 0.0403567 0.0179485 8.09344 0.0202201 0.0184429 0.0179366 0.0179367 0.0179373 0.0198447 0.0179435 0.0179384 0.0179497 489.447 304.694 50.3701 0.0179366 38.718 0.017948 0.0183545 0.0235012 0.0181593 79.4147 0.0181916 0.0181547 0.017955 0.018162 0.0179489 0.0179682 0.0179366 0.0179446 0.0179368 71.4064 0.0181493 0.0188523 0.018323 0.0179368 0.0179645 55.2573 0.017955 0.0179375 0.0179376 0.0179831 0.0180656 0.0179495 0.0179592 0.0179751 0.0180474 0.0179366 0.0183389 16.377 0.0184663 0.0179726 0.0179419 0.0179366 0.0179378 0.0179371 0.0395014 0.017937 44.9877 0.159642 0.0179378 0.0179695 0.0179506 0.0179391 0.0179368 0.0179366 0.0179689 0.0179366 0.0179368 12.4651 0.0179391 0.0179466 0.0179411 0.0816345 0.0179369 0.0179367 0.0179527 0.0182474 60.2305 0.0180139 0.0180301 0.0179368 0.0179381 110.527 49.1987 0.0179573 0.017937 0.0183351 0.0183359 0.0180164 0.0179593 0.0195894 0.0504721 0.0179439 161.96 0.0179558 0.0179777 0.0181156 0.0180475 0.0179818 0.017946 0.0179566 0.0338531 0.0179366 173.299 4.38565 0.0179367 0.0179455 0.0266009 0.0179369 0.0179431 0.0181104 197.644 0.0209925 0.0179454 21.3812 0.0610695 0.0180386 0.0182332 0.0179366 0.0180917 0.0182495 10.334 0.0179696 0.0180097 0.0200744 0.0179406 95.2529 0.0210598 0.0179526 0.0179374 25.5836 140.953 0.0179405 119.324 0.0239404 0.0187656 0.0187339 0.0179596 0.0179494 0.0180106 0.0179366 0.018253 0.017938 0.0179378 0.0179943 0.0179366 0.0179374 0.0179435 0.0179366 0.0179399 59.5024 0.0180215 0.0179921 0.0179376 0.0193131 0.0179598 0.0179999 0.0179558 0.0179677 138.858 0.0179374 0.017937 304.344 55.2584 0.0179811 0.0179375 0.0180404 0.0179366 0.01833 13.8943 0.0190705 0.0182414 14.506 0.0179516 0.436101 0.0179987 0.0183303 0.0179647 0.0179861 0.0180798 0.0188677 17.3753 0.0181044 0.0183134 0.0179369 0.0179375 0.0179366 0.0179368 0.0180016 0.017955 0.0180683 0.028827 51.172 0.0181729 0.0179988 0.0179857 0.0200579 14.531 0.0198878 0.0179371 0.311379 0.0179378 0.0179376 0.0179932 0.0180082 0.0179384 0.304983 0.0181079 0.0179368 0.0179366 0.0179698 12.3999 0.018011 0.0179382 386.742 0.0179386 39.5497 0.0179579 0.0179415 0.0179489 0.0247222 0.0179374 0.0181763 0.0179651 0.0195648 0.0179487 0.0179383 0.0179403 0.0179366 15.025 0.0179901 0.0180803 0.0242038 0.0183046 0.0179468 35.0168 18.5516 0.0179594 0.0179367 0.0182169 0.0186832 23.9837 11.3407 349.807 0.0179386 0.0179366 0.0179366 0.0182063 0.0179498 0.0179472 0.0179459 0.0179377 0.0179373 54.2306 0.0190122 0.992154 0.0181992 0.0179737 0.0179881 0.0179403 0.0179369 0.0500063 3.91344 0.0179389 0.0179385 30.6063 0.0179371 0.0179366 0.0198193 0.0179435 0.0179367 29.7089 0.0179814 0.0183621 0.0182218 0.0186975 0.905523 0.0181685 91.6879 0.0180163 0.0179925 0.0179409 233.473 0.0179367 0.0179369 0.0180606 0.018216 0.0201123 0.017944 0.0184121 11.1524 0.0196559 0.0179402 0.0179568 0.0184067 0.0179366 0.01794 0.0179717 0.0179839 0.0216772 0.018025 0.0179984 0.0179369 0.0179426 0.020873 0.0179403 8.22216 0.0184364 0.0179511 0.0181246 0.0179378 0.0181586 0.0179368 0.0179367 0.0179718 23.0621 128.986 0.017963 0.0179371 0.0179366 0.0180283 0.0179368 0.0179653 85.4882 0.017982 0.0179759 0.0179367 0.0181235 363.129 0.0182979 0.0179373 12.9904 0.0179425 0.0179442 0.0179836 0.0311991 0.017937 0.0181028 0.0179383 0.0179399 0.56735 0.0179395 0.0179369 0.0185339 0.0179379 0.0446671 0.0180034 0.0179367 41.35 0.0179846 189.825 45.2151 40.0266 14.7587 338.657 0.01794 0.017947 0.0399465 0.0179366 0.01796 0.0180741 0.0179565 0.017937 0.0186746 8.39474 0.0179366 0.0180613 0.0179374 0.0183008 0.296541 119.248 0.017996 0.0179667 0.0179367 0.0180666 1.91568 55.181 411.821 0.0193288 0.0179376 0.0179807 0.0179747 75.8275 0.0179371 0.0179366 0.0179368 0.0179383 0.0179366 0.0179435 0.0180563 0.0184367 0.018637 0.0179374 0.0179377 351.839 0.0179874 0.0180774 0.0179377 0.0179515 0.0179368 0.0179381 0.0179414 7.51737 0.0179378 0.0179471 0.0179486 0.0206959 5.5938 0.0179367 0.0196736 62.475 0.0179366 0.0179516 0.0188678 0.018156 0.0180227 17.5665 0.0219299 27.807 0.0179366 0.0181209 0.0180407 0.0179371 0.0179366 0.0179371 0.0179376 40.6103 0.019873 0.0183693 0.0180378 0.0180383 0.0291521 0.0179381 0.0179387 0.017937 0.0182494 0.0179381 0.0257241 0.0179406 0.0179366 0.0179367 0.0184031 176.572 0.0179366 11.6655 0.0179369 0.0226507 0.017989 0.0179387 0.0179532 0.0179369 0.0214604 0.0179696 0.0410183 0.0179824 31.8679 0.0179497 0.0179425 0.017969 0.0179373 0.0179372 0.017939 0.0179366 0.0179704 0.0180082 0.0180476 0.0179559 0.0179375 0.0179966 0.017994 0.018217 0.0179368 0.0180895 0.0179367 0.0185226 243.195 0.0184654 0.0181685 0.0179626 0.0179367 0.0179429 0.0179366 0.017937 0.0179366 0.0179432 18.0095 10.4593 0.0179368 0.0179366 47.9097 0.0183891 120.198 0.017941 0.017938 0.0179527 0.0180302 152.5 0.0195267 0.0179408 0.018048 0.017937 0.0179781 0.0179371 0.0179366 0.0179368 0.0206062 21.4255 0.0179377 0.018058 0.0182225 0.0204659 6.89126 0.0179754 0.0184711 0.0182755 0.0179441 16.7595 0.0179995 0.0179371 0.017937 0.56019 0.0191911 0.0179838 0.0181823 0.0180258 0.017939 2.1382 0.0192464 0.0180722 0.0179377 0.0179367 0.0184098 0.0180702 0.0183534 0.0181627 24.0962 0.0184793 0.0180719 0.0179587 0.0198446 0.017949 0.0179373 0.0179366 0.0208324 0.0179485 0.017937 0.018011 78.5433 0.0180302 140.62 0.0179405 0.0446873 0.0185191 0.0179683 0.0179367 0.0179366 0.0181312 0.0179375 0.0180807 0.0179367 0.0179683 0.0184256 0.0180192 0.0179492 0.0181632 0.018962 0.0179542 0.0179368 0.02142 0.021234 0.018624 0.0201983 0.0179366 0.0181075 0.0179374 0.0664563 0.567771 14.6019 0.0180138 0.0179366 0.0179656 0.017968 0.88932 0.0179427 0.0186447 0.0179603 0.0180889 19.887 0.0179369 0.0218611 0.0179727 0.017938 11.8044 0.017948 0.0189271 0.0179369 0.0181477 0.0506093 0.0179987 0.0184832 306.569 0.0399521 0.018048 0.0179845 0.0179366 0.0180519 0.0179367 0.0194712 0.0187953 27.9535 0.0179533 0.0185603 0.0179937 0.017937 0.018018 0.0179874 0.0187535 0.0179528 0.018038 0.0179387 0.0350586 0.0200725 0.0180855 0.0179691 0.0179398 0.018385 148.032 0.0182375 0.017937 0.0179576 0.0196171 60.2126 0.0479912 0.0179366 0.0180468 0.0179452 0.0179573 0.0179366 29.2149 0.017937 0.0184455 0.0334292 0.0179366 0.0409337 0.0182687 0.0284219 0.0179369 0.0179367 2.44211 0.0179407 0.0180363 0.0179381 26.0165 0.0788695 61.8753 49.7638 0.018547 0.0179368 11.1441 0.104846 0.0179368 0.0179455 0.247649 0.0440186 0.0180932 0.0179367 0.0179707 0.0183328 0.017937 43.4505 1.71632 0.0179368 46.8412 0.018482 0.0182795 0.0179669 0.0183596 183.361 0.0179521 0.236963 0.018224 0.0179377 0.0180106 0.0179374 0.0179842 150.562 0.0179368 241.918 0.0180217 0.0179366 0.0179638 0.0179412 0.0179366 0.0211779 0.0179367 0.0179369 0.017937 0.0179519 75.0175 0.0179367 0.0181805 0.0179368 0.0179651 0.0181303 0.0179367 0.0188307 0.0179372 344.577 0.0283417 0.0191165 12.8828 0.0179377 0.0180008 0.0185896 304.833 0.0180578 0.0179464 0.017937 0.017981 26.4667 0.0179428 0.0179522 0.0346547 1454.61 2.54171 0.0179435 0.0179369 15.9878 0.0179372 0.0251409 0.48236 0.0179366 0.0179516 0.0179368 0.0243833 0.0179991 0.0183821 85.715 0.0179395 0.0179386 0.0179381 0.0179366 0.0269871 0.0180561 82.6842 47.2539 0.0179375 0.0185889 16.7931 0.0179394 210.085 0.0181676 0.0179448 51.6302 0.0179375 0.0179368 0.0179475 0.0184551 0.0183118 0.0179763 0.0179446 0.0185221 0.0179367 0.01796 0.0180692 0.0196313 0.0179368 0.0179366 0.0183764 0.0214466 0.0179397 0.0180081 0.0187404 0.017937 0.0181093 5.07484 0.017938 0.0248892 0.0180063 0.0179484 0.017952 0.0179369 0.0179367 0.0179617 0.0180719 0.0185386 0.0193205 0.0179366 0.719659 0.0179374 59.8603 0.0179728 0.0217872 0.0179487 24.857 0.0179368 0.0179373 39.0293 0.0179466 60.6073 0.389382 0.0179461 0.0179366 0.0182496 0.0179366 0.0267776 0.0180293 0.0179986 0.0179605 0.0203023 0.273127 0.0247705 0.0179366 0.0179366 0.0179366 0.0179512 0.0180072 0.0179367 0.0183978 0.0180817 0.0179915 0.0179371 984.645 0.0179371 0.0179366 0.0180421 269.87 0.0179498 0.0179468 0.0960704 11.8187 0.0263184 0.0179381 0.017938 33.3205 0.0179457 0.0179485 0.017947 0.0179366 9.8551 0.0209722 0.0179531 0.0180141 0.0179367 0.0179367 0.0179366 61.8844 1.03076 0.017953 0.0180427 0.0266214 0.017937 32.9684 0.0179921 354.419 0.01795 0.0183934 150.422 0.0179367 0.018356 11.7928 0.0180352 0.0180349 0.0179482 0.0179405 0.0227362 38.6165 52.0911 0.0185766 0.0180178 0.0180693 19.5738 0.0179765 0.018065 0.0180494 0.0179366 0.017961 0.0179366 0.0179368 0.0200324 0.0180741 0.0179368 0.0179374 0.0179473 0.0179367 0.0179372 0.0179474 0.0179367 0.0193624 0.0179367 0.0179366 0.0179374 0.0179394 0.0180528 0.0323387 0.0295644 20.1176 0.017943 0.0181658 33.1304 0.0179366 0.0180771 216.978 0.0179367 0.0179821 0.0179372 0.0183241 0.0179366 0.018129 0.0245834 0.0179368 46.0487 0.0219808 0.0183331 0.0180385 0.0179707 0.127787 0.0179853 401.9 405.572 0.0179368 0.0180276 0.0179367 0.017967 147.445 0.0180256 0.0182183 0.0180594 0.0179367 72.4159 0.0179367 103.186 0.0403448 0.017937 0.0179375 0.0179403 0.561639 2656.44 0.0179376 0.01873 0.0179383 0.0180094 0.018385 0.0179367 0.129268 0.0179367 0.0179484 0.0226039 0.0179585 0.0179397 0.0179369 0.0179434 0.0179774 0.124233 0.0179368 0.0179368 0.0179368 0.0505574 0.0181064 0.0182236 0.0179368 0.0179578 0.025758 0.0179773 0.0187142 0.017937 0.0185827 123.402 0.0179366 0.0201933 22.803 0.0179546 0.0179471 0.0179409 0.0202193 0.0179366 0.017937 0.0179367 0.021087 723.818 0.0179366 0.0182061 0.0179384 0.0179366 0.0191407 13.537 0.0488371 0.017967 0.0179368 2.12855 0.018332 0.0181393 0.0242387 0.0179366 39.098 0.018118 0.017937 0.0179367 0.0182662 0.0184306 47.8366 0.0183484 0.0179366 0.0196347 0.0334895 0.0200006 0.20391 0.017969 0.0179418 16.0418 0.0179369 0.0179405 0.0179407 0.0179457 0.0179407 0.0179393 0.0179531 0.0179723 0.0179753 0.0179918 0.0549588 0.0179366 0.0266199 0.0179383 0.0179419 0.017938 0.0180559 0.0179651 0.0256604 0.0179525 0.0179383 0.0179374 0.0182316 15.8236 0.54213 66.5145 0.017937 0.0179373 0.0181067 0.188501 0.017937 0.0179426 7.01527 0.0201079 0.0179367 0.0179366 0.0179366 0.0186125 0.0180708 0.0185226 0.0198209 0.0179395 0.0190299 0.0179512 0.0179368 0.018247 0.0179506 36.0697 0.0179886 0.0179368 0.0179415 0.0179366 0.017942 0.0293625 0.017949 1.73677 0.0185709 0.0179738 0.0182115 0.0179753 0.0179466 8.10312 0.0206096 20.3782 0.95142 0.0179663 0.019255 0.0179382 0.0180146 0.0179526 0.017992 0.017938 0.0179814 0.0179482 0.0179439 0.0179377 0.0181555 0.0179375 2.75374 0.0179366 0.0181341 0.0182667 0.0349073 0.0179366 534.779 0.0180212 0.0181149 0.0179882 0.0182504 69.2383 115.023 0.0179864 0.0180101 0.0179369 0.0187281 0.0227261 0.0179374 0.0179366 0.0183217 0.0179373 0.0180567 0.0180641 0.0179371 0.0182978 0.018178 2.88934 0.0179378 5.06566 0.0181464 0.0179372 0.0179392 9.67864 0.0179971 0.0179384 17.2825 0.0179371 0.0179379 0.0179562 9.82529 0.0179376 0.01798 0.0179373 0.0179369 0.0180372 0.0179367 0.0218908 0.0179784 0.0182286 31.1213 0.0180449 0.0179366 0.0201828 0.0205283 23.4936 0.0182233 0.0198181 0.0179366 2.6362 0.0180794 0.0180159 0.017948 0.241649 0.0179369 0.0179435 0.0179371 0.0179366 0.0179965 0.0179371 0.0182154 0.0189542 0.0179663 0.0180345 0.0179516 0.0179617 0.0326293 0.0180411 0.0180893 0.0240529 0.0179372 94.7675 1.17826 0.0179366 0.0179371 0.0179424 0.01827 0.0234451 0.0194467 0.0179415 0.0179469 0.0179375 0.0179408 0.0179367 0.0179367 0.0211291 0.0187461 0.0179369 0.0179915 0.0179377 0.0190628 0.0179366 0.0190444 0.0179372 0.022269 0.017949 0.0180117 0.0181858 0.0179782 0.0179392 0.0179693 249.223 0.0179454 0.0179366 0.0180201 0.0179418 52.2869 0.0185426 0.0179374 0.018881 0.018391 0.0179392 0.0179425 0.0179366 0.0181763 0.0958649 0.0179573 0.0179397 5.75667 0.0189181 0.0179376 0.0180424 0.0180186 68.3938 0.0179366 0.018282 0.0179674 0.0179374 0.0184796 0.0179508 0.0179814 0.0334475 0.019333 0.0605407 0.017937 0.0225618 0.0179367 0.0179366 0.0179683 0.0179493 0.0183208 0.0179367 0.0190018 89.1768 5.45025 0.0184107 0.0179366 0.0179422 0.0190265 0.0179383 0.0179368 0.0179405 0.0183748 0.490862 0.018736 0.0196294 0.0179369 5.27225 0.0182754 108.855 0.0179441 0.0179368 309.7 0.0179393 123.198 0.0179369 0.0183463 0.0180442 0.0269726 0.0755822 0.0179579 0.0631162 0.0197653 748.826 0.0179941 0.0179573 0.0179503 0.0179378 0.0179366 0.0179369 0.0179368 0.0220035 0.0181035 0.0180887 0.0202466 0.0179536 0.0190042 14.5552 0.0184601 0.0179367 0.0179371 0.0179366 0.0182273 0.0180375 0.0182913 0.0212051 22.0691 0.0431912 0.0183752 0.0188329 5.3323 0.0179973 14.5684 0.0179402 0.0179403 0.0182008 17.3478 0.0179465 607.078 0.017937 0.0179366 0.0189539 33.1606 0.0179366 0.0179683 0.0179688 0.0249307 48.7926 0.017966 0.0180274 0.0229035 0.0180049 0.0199057 0.022738 0.0179389 0.0179366 0.0185163 0.0191778 0.019083 0.0179374 0.0179548 0.0179384 0.0179366 0.018165 0.0179369 27.871 0.0183018 0.0180192 0.0220797 0.0281086 0.0179376 0.0179407 0.0180246 0.0179395 0.0248889 0.0179588 0.0179366 0.0179414 0.0179375 0.0250604 160.373 0.0179366 0.017943 0.0179366 0.0179367 134.424 0.0179367 0.0179577 0.0180418 0.0179386 28.6429 33.7687 45.5159 0.0179368 0.0180605 0.01839 0.0180061 0.0179538 0.239644 0.0179367 14.7397 0.0447674 0.0179374 0.0179368 0.0179366 0.017951 0.020275 0.0180106 0.0179907 0.0180937 0.0179811 0.0179366 239.489 0.0180895 22.4896 0.0180494 0.0179558 0.0179705 0.0179366 0.0180855 0.0182204 0.0179366 0.0179603 0.0179371 0.0179373 0.01794 0.0182489 0.0179407 41.3606 0.0179376 0.0179428 0.0179416 32.9684 0.0219197 0.0190878 0.0179382 0.0188085 0.0179412 0.0179366 0.0180828 0.0181405 0.0192561 0.0184097 0.01841 0.0179603 0.0179462 0.0179373 0.0182908 224.657 0.018105 0.0179366 0.0180084 3.94879 0.0179366 0.018191 0.0179389 0.0179366 0.0179368 0.017937 0.0179384 0.0179367 0.0179368 0.0187019 0.017943 0.0179793 231.909 0.0179428 0.0179505 0.0180138 35.169 0.0179373 0.0179366 0.0180364 0.017937 0.0179383 0.703732 0.0179421 0.0179377 0.0179366 0.0289248 0.0184953 0.0179684 0.0180251 668.144 0.0179371 0.0208979 0.0179423 0.0179406 0.0179369 0.0179367 0.0179369 0.0179557 0.0180629 0.0179561 0.017961 48.467 0.0179564 0.0179369 0.0179367 0.0186026 0.0179465 0.0179368 0.0235073 0.0179366 0.0179368 0.0179536 0.0179368 0.0398122 0.0181132 0.0233556 0.0185704 0.0179376 0.0180013 0.0179445 0.0179815 20.0887 0.0179766 31.1149 0.0190067 0.0179449 0.0179498 0.0180401 24.8032 0.0180931 0.018261 0.0179375 0.0180061 0.0179367 0.0179381 0.0179578 0.017961 0.0201127 0.017937 0.0181441 0.0179421 0.0179893 0.0179844 0.0179373 16.2584 0.0179372 0.0179907 0.0179947 0.0179366 0.0265552 0.0182588 1.61554 0.0180494 26.1572 0.0179374 0.0179467 0.0179414 0.0182757 0.0181928 0.0179371 0.0179695 0.0179371 27.5944 58.9776 0.0179386 0.0179627 0.019413 0.0179366 0.0179366 0.0179433 1178.53 0.0183604 0.0179632 0.542603 0.0179366 0.0179393 0.0235212 0.0179987 0.017945 0.0179367 0.0207321 0.0179368 0.0183885 0.0179879 0.0179367 0.0190341 0.0179685 0.0179376 0.0179737 0.01794 0.0180605 0.0183757 334.574 68.9507 0.0299729 50.9086 173.833 0.017999 0.0179386 0.017937 215.268 0.0179383 0.0179379 16.7643 0.0180118 4.18009 197.145 0.0179379 0.0179369 0.0179801 0.0179702 0.0179515 0.0179368 0.0179385 0.0179372 256.91 0.0179371 0.0181236 0.0180431 0.0191093 0.0180368 0.0179366 0.0240117 0.0179366 0.0180465 0.0186901 13.4234 0.0179418 223.968 0.102042 0.0179366 0.0186136 0.0180044 0.0179577
1 2 3,1 2,18861.1,0.00808758 0.0283223 0.00796271 0.00796269 0.00796462 22.2655 0.00796436 0.00796371 0.00796269 0.00796302 0.00797686 0.00796269 0.00796286 0.00796269 0.00801503 0.00796273 0.00796269 0.00796269 0.00796269 0.00796269 0.00796276 0.00796269 0.00828367 0.00796277 0.00796269 0.00796269 0.00804011 0.00802632 0.0079627 0.00796416 0.00796269 0.00796269 0.00796269 0.00796269 0.0079627 0.00796269 7.18622 0.00796269 0.00796269 0.00796269 0.00796269 0.00811178 5.02322 0.00796269 0.00796269 0.00816139 144.048 0.00796465 0.00796269 0.00796269 0.00796269 0.00796269 0.00796269 0.00796269 0.00796269 0.00796269 0.00796268 0.00796269 0.00796276 0.00796586 0.0079627 0.00796269 0.00796269 0.00796269 0.00796272 0.00796269 0.00800787 0.00796269 0.00796414 0.00796271 0.00796269 0.00796388 1.6986 0.00796275 0.00796315 0.00796332 0.00796269 0.00796269 0.00796269 0.00796426 0.00796283 0.00796269 0.00796269 0.00796269 0.00938787 0.00796279 0.00796269 0.00796277 0.00796271 0.00796275 0.00796269 0.00796269 0.00796272 0.00796269 22.9984 0.00796269 0.00796269 0.0079822 0.00796269 0.00796269 0.00796269 0.00796269 0.00796397 0.00796362 0.00796269 0.0079627 0.00796269 0.00796269 0.00796287 0.00796324 0.00796278 0.00796269 0.00796482 0.00812503 0.00796269 0.00796269 0.00805162 0.00796269 0.0591713 0.00796269 0.00796269 0.00796269 0.00796269 0.0079627 0.00796269 0.00796269 0.00796269 0.0079627 0.00796269 0.00796268 0.00796283 0.00796269 0.00796268 0.00796271 0.00796283 0.00796269 0.00796269 0.00796272 0.00796269 0.00803879 0.00796271 0.00796323 0.00796269 0.00796269 0.00796269 0.0079627 0.0079627 0.00796269 0.00796287 0.00796273 0.00825335 0.0079628 0.00796281 0.00803273 0.00797389 0.00796269 0.00796571 0.00796271 0.00796269 0.00796269 0.00798354 0.00796268 0.00796301 0.00796625 0.00796317 0.00796269 0.00796269 0.00802488 0.00796313 0.00885656 0.00796269 0.00796269 0.00796374 0.00796294 0.00796272 0.00796269 0.00796269 3.01047 0.00796269 0.00796269 0.00796269 162.72 0.0081678 304.382 41.4768 0.00796269 0.00796286 0.0231825 0.00796269 0.00796269 0.00810906 0.00796269 0.00796272 0.00796326 0.00796311 0.00798005 0.00796269 0.00796269 0.0079629 0.00796269 22.9984 0.00797526 0.00797508 0.0133841 0.00798037 0.00812737 3.51943 0.00796271 0.00796319 0.00796269 0.00796269 0.00796296 0.00796919 0.00801154 0.00802698 15.1213 0.00796269 2.54401 0.00901906 0.00797635 0.00796274 0.00798001 0.00796269 0.00797146 0.00805009 0.00796416 0.00796269 0.00796269 0.00796378 0.00797035 0.00796269 0.174411 0.00812867 0.00796269 0.00796532 0.00799667 0.00796457 0.00796269 0.00796269 0.00796269 0.00812531 0.00855544 0.00796269 0.00796269 0.00796271 0.00796269 0.00806889 62.3845 0.00796269 0.00796269 0.00796269 0.00811393 0.00796269 0.00796269 0.00796268 95.1229 0.00796269 0.00796276 0.00796269 0.00796269 0.00796422 0.00796269 0.00796269 0.00796269 0.00796291 0.00796392 0.00796269 0.008114 0.00796269 0.00796328 16.2944 0.00796356 0.00822797 0.00796274 0.00796269 0.00796269 0.00796269 0.0108115 0.0079627 0.00796269 0.00796277 0.00796421 0.00796888 0.00796269 0.00796271 0.0079627 450.389 0.0135525 0.00796269 0.00796329 0.00798164 0.00797434 0.00796269 0.00796269 0.00796269 0.00796269 0.00796269 0.00803593 0.00796288 0.00796269 0.00801066 0.00796269 63.3825 0.00796269 0.00796269 0.00862302 159.797 0.00796906 0.00796288 0.00796283 0.00797185 0.00796269 0.00796286 0.00796269 0.00796269 136.663 0.00796269 0.00796269 0.00796269 0.00796393 0.00796269 0.00796269 20.2823 0.0079666 16.1173 0.00796282 0.00796269 0.00796269 0.00796308 0.00796269 0.00796269 0.00796269 0.00796269 13.4292 0.00796269 0.00796269 0.00804225 0.00796269 47.9345 0.00796269 0.00812258 0.00796269 0.00796269 0.0079628 0.00796269 0.00796269 0.00796269 0.00834905 0.00796269 0.00796269 0.00796269 0.00796269 0.00796269 0.0081822 0.00799206 0.00796269 0.00797155 0.00796269 0.00796269 0.00796269 81.13 0.00798722 25.209 0.00796752 0.00796541 0.00796269 0.00796269 0.00796269 0.00796268 0.00796269 0.00796269 0.00796269 0.00801632 0.02421 268.361 0.00796269 0.00796899 0.00796269 0.00796269 0.00796269 0.00796269 0.0079627 21.9803 0.00796269 40.3367 0.0546721 0.00901368 0.00796269 0.00796586 0.22065 0.00796269 0.00796269 0.00966283 228.717 0.00796269 0.0079631 0.00796279 0.00796384 0.00796269 0.00796269 0.00838096 0.00796323 0.00796269 15.3559 29.5832 0.00849683 0.00796277 0.00796269 0.00796269 0.00856131 0.00887038 0.00796268 0.00796269 0.0079627 0.00796272 0.00798883 21.9988 0.00796784 0.00796303 0.00796269 0.00796269 0.00796269 0.00796271 0.00809081 0.00796284 0.00796269 0.00796272 0.00796651 0.00797752 0.00814565 0.00796269 0.00796269 0.00796269 0.00796269 0.00796269 0.007963 0.00796269 0.047872 0.00796269 0.00796269 0.00796269 0.00797658 0.00796269 0.00796269 0.00796269 0.00796269 0.00806006 0.0080397 0.00796268 0.00796269 0.00796273 134.065 0.00796269 0.0079627 14.63 0.00869573 0.00796269 0.00796271 0.00796269 0.00796274 0.0079823 0.00796269 0.00804641 0.00796269 25.8594 41.7173 0.0079633 0.00799632 0.00796269 0.00796271 0.00796269 1.99625 0.00796271 0.00796269 0.00796269 0.00796269 1720 0.00796269 0.00798442 0.00796269 0.0079627 0.00796269 0.00824193 0.00796269 0.00796269 0.00799311 0.491586 0.00796269 0.00796269 0.00796269 0.0079627 0.00798939 0.0347344 0.00796364 0.00796271 0.00796269 0.0079627 0.00796617 0.0079633 0.00796711 31.6955 0.00796269 0.00796269 0.00796269 0.00796269 0.00796269 0.00796275 0.00798202 0.170028 0.00796269 0.00796284 0.00796269 0.00803435 0.00796269 55.154 0.00796304 0.00804091 0.00796269 0.00798134 0.00798404 0.00796269 0.00796273 9.70122 0.00796269 0.00796269 0.00796271 0.00796269 0.007963 0.00796269 0.00796269 182.333 0.00796269 0.00796269 0.00796516 0.0079627 90.8492 0.00796279 0.00796269 0.00796275 0.00796269 0.00796269 0.00796278 0.00796269 0.00796269 0.0085557 0.00797308 0.0079628 0.00796269 0.00797359 0.00796269 0.00796269 0.00796269 0.0079627 0.0079638 0.00796269 0.00796299 0.0112685 0.00796268 1.15659 0.00796269 0.00796288 0.00796269 43.2243 0.00796269 0.00796269 0.00808321 0.00796296 0.00796269 0.0082309 0.00796269 0.00796269 0.00796269 0.00796269 0.00796269 0.00796269 0.00796269 0.00796269 0.00796306 0.00796269 0.00796269 0.00812243 0.00796374 0.00796269 0.00796268 0.00796343 0.00841523 0.00797416 0.00814042 0.00796279 0.00796271 0.00796269 0.00796415 0.00799874 162.231 17.2931 0.00796269 0.00796269 0.00799998 0.00796269 0.00796269 0.00796269 1.31361 0.00796278 0.00796269 0.00796269 0.0079631 0.0079805 0.00796362 0.00796269 0.00796269 0.00796269 0.00892752 0.00820738 0.00796446 0.00796269 221.106 0.00802126 0.00796269 0.00812955 0.00796268 0.00796269 0.00796269 0.00796269 0.00796269 0.00796271 14.1989 11.5632 0.0079704 0.00796399 0.00796272 0.00796269 0.00796283 0.00796424 464.552 0.00796269 0.00902792 0.00796269 0.00796269 0.00796271 0.00796269 0.00796275 0.00797526 22.0962 0.00796269 0.00796269 0.00858969 0.00796269 55.9162 0.00796269 0.00796269 0.00796278 100.822 0.00796268 0.00796282 0.00796269 0.00796269 0.00796273 0.00800518 0.00796269 0.00796269 0.00796279 0.00796269 0.00796805 0.00796269 0.00796269 0.0079627 0.00796274 0.00796269 0.00796269 0.00801234 0.00796268 0.00796275 0.00796327 0.00812407 0.00796269 0.00796271 0.00796755 0.00796269 0.0080105 0.00797255 0.00796269 0.00796296 0.00796269 0.00808297 0.00797791 0.00796269 0.00796269 0.00796278 0.00796269 0.00829241 0.00796269 0.0079627 0.00796269 0.00796269 0.00796269 0.00796273 0.00796269 0.00796269 0.00796269 0.00796269 0.00796271 0.00821609 0.00796269 0.00798269 0.0079628 0.00796269 83.4566 0.0079627 45.6395 0.00796269 0.00838336 74.4304 0.0079627 0.00796269 0.00796269 0.0079627 78.0744 0.00796269 0.00796269 0.00796269 0.00816086 0.00798534 0.00796269 0.00796269 10.045 0.00796269 0.0106905 0.00796269 0.0079627 0.00796272 0.00796269 0.00796269 0.007977 0.00796269 0.00796269 0.00796278 0.00801227 0.00796269 0.00796269 0.00796269 0.00796269 40.8488 0.00796269 0.00796269 0.00796269 118.087 0.00796268 0.00796269 0.00796284 0.00796328 0.00821904 0.00796434 0.00796348 0.00796553 0.00796355 0.00796289 0.00796269 0.00796384 0.00796269 0.00796269 0.00832916 0.00796273 0.00796271 0.00796269 0.00796273 0.00796269 0.00796269 10.8155 0.00796269 0.00796269 0.00801833 0.00796269 0.00796367 0.00796324 0.00833102 0.00796269 0.00796407 0.00796273 0.00796286 21.7169 0.00796269 0.00796355 0.00796272 0.00796315 0.00817504 0.00796269 0.00796269 0.00796292 0.00796515 0.00796269 0.00796268 0.00796269 0.00796269 0.00796269 0.00796269 0.0172666 0.00796311 0.00796269 0.00796269 0.00796269 0.00796269 0.00837881 0.00796268 0.00796432 0.00796269 0.00796269 0.00796269 0.00796269 0.00796269 0.00796268 0.00796271 0.00796388 0.00796274 0.00796268 0.00878543 0.00796268 73.3511 0.00796269 0.00796313 0.0079639 0.00796277 0.00796269 0.00796404 0.00796269 46.1492 0.00796399 0.00796269 0.00796269 0.00796269 0.00796269 0.00796272 0.00796269 0.00796269 97.0286 0.00796269 0.00796637 0.0199692 0.00796269 0.00796269 48.3666 0.00796269 0.00804417 14.4134 328.507 0.0080199 0.00798537 0.00796268 0.00796269 0.00796269 0.00796273 0.00796273 0.00798063 0.00796268 0.00796269 0.00796269 0.00796268 416.87 228.044 0.00796269 0.00796308 0.00796269 0.00797042 0.00796269 117.764 0.00796269 0.00796551 13.0683 0.00796278 0.00796287 0.00797157 0.00796882 0.00796269 0.00796269 0.00796274 0.00796269 0.00796609 0.00796269 0.00807657 0.00809313 0.00796274 0.00796312 0.00800877 0.00796269 0.00796269 0.00796274 3.33168 0.00796269 0.00796269 0.00811656 0.00824972 0.00797072 0.00896437 0.00796269 36.2298 0.00796288 0.00796269 0.00796308 0.00796269 0.00796269 0.00796269 0.00796277 0.00796269 0.0079627 0.00796286 0.00796269 0.00796269 15.5434 0.0205206 0.00796269 0.00796269 0.00804412 0.00796269 223.289 0.00796269 0.00796505 0.00796274 0.00796269 215.063 0.00796269 0.0081736 87.7916 0.00797847 0.00798532 0.00796284 68.6144 0.00796939 51.7366 14.5351 0.00800446 0.00796272 0.00797345 0.00806682 0.00796269 0.0081005 0.0079706 0.00799223 0.00796511 0.00796562 0.00796274 0.00796269 41.5721 0.00797487 0.00796271 0.00796269 0.00796275 0.00796269 0.00796269 0.00796269 0.00796277 0.00796269 0.00796269 0.00796269 0.00796309 0.00796269 0.00796269 0.00796271 0.00802195 0.00799726 0.00796275 13.0684 0.00796269 14.8748 0.00796269 0.00796472 0.00796554 0.00796675 0.00802055 0.00796269 0.0079629 176.651 0.00796269 30.8712 0.00796269 0.00812093 0.00796269 0.00796312 0.00798489 0.00796269 0.00796269 0.00796274 454.571 0.00796269 0.0079627 0.00796269 0.00796319 0.00796269 0.00796269 0.00799686 0.00796273 0.00796269 0.0079627 0.00796269 0.00796274 0.0079654 0.00798045 0.0079628 0.00796269 0.00796271 0.00796308 0.00902968 0.0080079 0.0079627 0.00804759 0.0079627 94.1577 0.00796269 0.00796287 0.00796277 0.00796269 0.00797299 0.00796275 0.00796272 0.00796276 0.00796269 0.00796654 0.00796271 0.00796272 20.1891 0.00796904 0.00796269 0.00796269 0.00797377 0.00796269 0.00796274 0.00796269 0.00804479 0.0197499 0.00796321 0.00796269 0.00796269 0.00796868 0.00796269 0.00796269 0.00796273 0.00796269 0.00796269 0.00796269 0.00796269 0.00796287 0.00796269 0.00796272 0.00796269 0.0080223 47.8376 0.0080412 0.00796722 0.00796269 0.00796273 0.00819501 0.00796293 0.00796269 0.00796269 0.00796276 0.00796534 0.00796299 0.00796271 0.00796269 0.0079629 0.00798723 0.00796269 0.00796383 0.00796269 0.00796269 0.00796269 56.8904 0.0079995 0.00796269 0.00796269 0.00796468 0.00796385 0.00796269 0.00796269 0.00796273 0.0079627 0.00796269 0.00796983 0.00808229 18.703 0.00798652 0.00796618 0.00796269 0.00796276 0.00796269 0.00804558 0.00803353 0.00796608 0.00796285 21.9989 110.474 0.00796437 0.00796271 0.00796269 0.00796297 0.00796269 0.0536268 44.5546 0.00796269 0.00796276 0.00796276 0.00796269 0.00796691 0.00796622 0.00796269 0.00796269 0.00796302 0.00796286 0.00796327 87.129 98.9868 0.00799298 0.00796269 116.71 0.00796291 0.00796269 0.00796269 0.0079627 0.00796273 0.00796269 0.00796279 82.162 0.840569 0.00796269 0.00796269 0.00796269 0.00798688 0.0079627 0.00796269 0.00796269 0.00796269 0.00796269 0.00796269 0.00796269 78.3353 0.00797533 0.00796269 0.00796269 0.00796268 0.00796269 0.00801131 0.00796269 0.00798933 0.00796269 0.00796269 0.00799531 0.00796269 19.896 0.00796269 0.00796278 0.00796268 0.00796268 0.0614406 0.0079706 0.00802147 0.00796286 0.00796269 0.00798348 448.873 229.534 0.00796318 0.00796269 0.00814407 0.00796971 0.00796291 0.0079629 0.00796273 0.00796317 70.2084 0.00796269 0.00796269 0.0105615 0.00796269 0.00796275 0.00796269 0.00796269 0.00796269 0.00804211 0.00797018 0.00796269 0.00796271 0.00796274 0.00796269 0.00796269 45.2597 0.00799839 0.00796269 0.00796269 0.00796269 703.625 0.0265137 0.00796276 0.00796269 0.00797952 0.00796649 0.00796276 0.00796269 0.00796269 0.00796473 0.00798257 0.00806453 0.00796269 0.00796268 0.0079693 0.00796269 0.00796269 0.00796358 0.00796269 0.00798673 0.00806975 0.00796273 0.00813462 0.00796269 0.00807709 0.00796269 0.00796269 0.00796269 0.00796577 0.00807049 0.00796269 0.00796268 0.00798022 0.0079628 0.00804787 0.00796269 0.00796269 0.00796269 0.00797553 0.00797233 0.00796271 0.010407 0.0079627 0.00796269 0.0080135 0.00812552 0.00805285 0.00796269 57.9938 0.00796268 0.00826749 0.00796269 0.00796279 0.00796269 0.00796671 0.00796269 0.00796277 0.013052 0.0079627 0.00798718 0.00796329 121.771 0.00796269 0.00796302 0.0079627 0.00796269 0.00796269 0.00796269 0.00796268 0.00882699 0.00796269 0.00796287 0.00796292 0.00796269 0.00798069 0.00796269 0.00796269 0.00796356 153.876 0.00796284 0.00796269 0.00796268 0.00796309 0.00796623 13.7963 0.00796269 0.00796274 484.25 0.00834297 0.0079709 0.00796269 0.00874415 0.00838059 169.628 0.00796269 0.0079627 0.00796269 0.00796269 0.00796269 0.00796269 0.00799397 0.00796269 0.00796269 0.00796269 0.00846337 0.00796272 0.00796269 82.5128 0.00796269 0.00805455 0.00796269 766.616 0.00796269 0.00796269 0.00803175 0.00796269 0.00796269 0.00796269 0.00796269 0.00796269 12.1982 0.00796275 0.00796269 0.00796269 0.00796269 0.00796565 129.431 0.00796282 0.00796269 41.8892 124.84 0.00796269 0.00796269 0.00800788 0.00796269 0.00796279 0.00796269 0.00796269 0.00808668 0.00796269 0.00796269 0.00796269 0.00796269 0.00796269 0.0079853 0.00796283 155.721 0.00796269 0.00804372 6.60285 0.00798436 0.00796309 0.0079629 0.00796386 123.875 0.00796268 0.00796269 0.00796285 0.00797857 0.0079627 0.00796269 0.00936466 0.00796302 0.00796401 0.00796269 0.00796269 0.00799441 0.00796269 0.00796268 0.00796269 0.00796269 0.00796269 33.893 0.00796269 0.00796269 109.663 0.00796269 0.00832599 0.00808502 0.00796269 0.00796277 235.148 0.00796269 0.00796269 0.00851356 0.00796287 109.785 0.00796268 0.00802303 0.0145403 0.00799297 0.00796269 0.00796273 0.0079627 0.00796269 0.00800867 497.557 21.3251 0.00796269 0.00796269 0.0079633 0.00796269 0.00796269 0.00818089 0.00801294 0.00810272 0.00796274 0.00796269 0.00796269 0.00796274 0.00797905 0.00796273 0.0569093 0.00796272 0.00796269 0.00798241 0.0115722 0.00796269 0.00798323 0.0079627 0.00822126 107.93 0.00796269 0.00796509 0.00796275 234.432 0.0079633 0.00806176 0.00796271 0.00796269 0.00796269 0.00796269 0.00796269 0.00796361 0.00796309 0.00796269 0.00796269 0.00796269 0.00796269 0.00796269 0.00812066 0.00796269 0.00796272 216.211 0.00796269 0.00796269 0.00796269 249.67 0.00796268 0.00796269 0.00796269 0.00796273 0.00796269 0.0079627 0.00796269 0.00796269 0.00796866 0.00802188 0.00796269 0.00796307 0.0112386 0.00796269 0.00796269 0.00796269 19.7323 0.00796269 0.00796275 0.00796269 428.631 0.00796269 0.00796269 0.00796269 0.0079627 0.00796269 0.00796269 3.82579 0.00812224 0.00796887 0.0079627 8.51685 0.00816326 0.00796269 0.00796283 0.00814629 0.00796272 0.00796269 0.00796269 0.00796269 0.00796269 0.00796381 0.00801404 0.00796269 36.5771 0.00947857 0.00796269 0.00796269 0.00798293 0.00807642 0.00797362 0.00814204 0.00796269 0.00836201 0.00796356 0.00796269 0.00796269 0.00796269 0.00796274 0.00796273 0.007963 0.00796269 0.00796269 0.00796273 71.5202 119.873 0.00796269 0.00796269 0.00796269 0.519311 0.00796269 0.00796277 0.00796269 0.00796269 0.00796284 0.00796269 0.00796269 0.00796269 24.0737 0.00796268 0.00796269 0.00796398 0.00796314 0.00796269 0.00830824 0.00796269 19.896 0.00796279 0.00796269 0.0079631 0.00796362 0.00796407 0.00796298 0.00796269 21.1934 0.00796269 0.00937152 10.2073 0.00802145 0.0079627 0.00796269 0.00796269 0.00796332 0.00796392 0.00796269 0.00796871 0.00796269 0.00796269 0.00796269 0.00796269 0.00796269 18.3227 0.0164771 0.149904 0.00796269 0.008068 0.00796269 0.00796268 0.0079627 0.0079627 0.00796314 0.00796304 0.00796284 0.00796269 0.00796533 0.00796272 0.00796269 0.00796289 213.394 0.00799061 0.00796269 0.00796269 0.00796379 0.00838633 0.00797445 114.027 0.00833029 0.00802961 0.00796269 0.00796269 0.00796269 0.00796269 0.00851842 0.00796302 0.00796269 104.373 0.00796325 0.00812605 0.00796269 0.00796269 0.00796413 0.00796269 0.00796392 0.0081088 0.00796275 76.384 146.331 0.00796269 0.00796269 0.00796271 0.00796365 0.00796427 0.00796269 0.0080053 0.00796269 0.00796595 65.6436 0.0519773 0.00796273 38.1848 0.00796273 0.00796296 0.0079627 0.00868576 0.00796269 13.8135 0.00796294 0.00796269 0.00796272 0.00796446 0.00796294 0.00796269 0.00796312 0.0079627 0.00796272 0.00796269 0.00796269 0.00796269 0.00796269 0.00796269 0.00796269 0.00796269 0.00796268 0.00796269 0.00796269 0.00798777 0.00796269 0.00796269 0.00796269 0.00796268 21.7843 0.00796282 0.00796272 0.00796269 0.00796269 0.00796269 0.00796269 0.00796269 0.0410843 0.00796273 0.00796269 0.007963 0.00796269 0.00796269 0.00796269 4.98172 0.00796268 0.00801039 0.00805428 0.00796269 0.00852876 0.00796269 16.4159 0.00796269 0.00796294 0.00796269 0.00796269 0.00796269 51.1133 0.00796269 25.6885 0.00796269 0.00796272 0.00796275 0.00796269 0.00796269 98.5714 0.00796269 0.00796278 0.00796269 0.00796269 0.00796269 0.00796412 14.4103 0.00796269 0.00796269 0.00796269 1.58756 0.00796268 580.305 0.00796281 0.00803762 0.00817101 0.00798309 0.00796269 0.00796271 0.00796297 10.5501 0.00796269 0.0079759 0.00834101 0.00796277 0.00803367 0.00796269 0.00796269 0.00796274 0.008016 0.00796269 0.0079637 0.00800175 0.00796269 0.00796427 0.0079627 22.2572 0.00796373 0.00796447 0.00799858 0.00796269 0.00799903 0.00796301 0.00796269 0.00796269 0.00796269 0.00796269 0.00796408 0.00796269 0.00796269 0.00796305 0.00796542 0.00796269 0.00796269 126.079 0.00796289 190.156 0.00796269 0.00796318 2051.61 0.00796272 0.0079627 0.00796451 0.00796269 11.4929 0.00796269 0.00796269 0.0079627 0.00796269 0.00796269 6.87588 0.00796268 0.00796269 0.00796269 32.1686 0.00796303 0.00796336 0.00796279 0.0273773 0.00796269 0.00796269 0.007976 0.00796457 0.00796269 0.00796445 0.00796272 0.00796269 0.00796269 0.00802733 0.00796269 0.00908553 0.00804871 0.00796269 0.00797589 0.00796269 33.4315 0.00805753 0.00796269 0.00796269 0.0079919 0.00796623 0.00801942 0.00818305 0.00798454 0.00796269 0.0177021 0.00796269 0.00796271 60.3695 0.00796269 0.00796269 0.00856365 0.00796271 0.00796269 0.00796269 0.00800895 0.00796269 0.00797316 0.0080434 0.00796275 0.00796268 0.00803951 0.00796269 0.0079627 0.00796269 93.7194 0.00796269 0.00912538 0.00806489 0.00796276 73.9313 0.00796269 0.00849687 0.00796269 0.0080411 0.00796269 0.00796269 0.00796271 0.00796269 0.00796268 0.00796269 0.00796269 0.00796284 0.00796269 0.00796269 0.0079723 0.00796428 0.00845939 0.00796452 0.0127352 0.396058 0.00828332 0.00796715 0.00796269 0.00796386 0.00796305 0.00796269 213.589 0.0079627 0.00796269 0.00796269 0.00796269 37.6055 0.00796269 0.00817344 0.00796879 0.00812984 0.00796283 0.00796269 0.00800202 0.00796269 0.00796269 0.0083576 0.00796269 0.00796285 0.00796269 171.569 0.00796269 0.00796269 31.042 0.00796269 0.00827998 0.0079635 0.00796269 0.00796269 0.00796309 0.00796268 0.00796269 0.00876181 0.00796269 0.00796287 0.00796296 0.0155421 0.00796332 0.00799211 0.0123312 0.00796329 0.00796269 0.00796383 0.00796744 0.00796269 0.00796269 0.00796269 0.00796329 0.00803187 0.00796352 0.00796307 0.00796291 0.00796269 0.00796272 0.00796289 0.00796269 0.00796291 0.00796273 0.00796287 0.00803391 0.00796287 0.00796269 0.0165393 0.00796269 0.00796269 0.00796283 0.00804916 0.00796269 14.1848 0.00796269 0.00796269 0.0079627 0.00796269 0.00796269 0.00796269 0.00804211 0.00796269 0.00796269 0.00796283 0.00796269 0.00796287 0.00796269 0.00796269 0.00797987 0.00796268 0.0079628 0.00796269 0.00796719 0.00796269 0.00796268 0.00797403 0.00797499 0.00796273 15.3032 0.00814812 0.00796296 16.1855 0.00798239 0.00796269 0.00797872 0.00796276 0.00796271 0.00796269 0.00796269 0.00796293 0.00796268 0.00796274 0.00796269 0.00796269 0.00796471 0.00796429 0.00796273 0.00796269 0.00796269 88.4698 35.8722 0.00796269 0.00796269 0.00796269 60.3759 0.00796276 0.00796269 0.00796269 0.00796269 0.00796279 0.00796269 0.0079631 0.00799538 0.0079768 0.00796288 0.00796305 0.00796325 0.00796389 0.00796269 0.00796268 0.0079852 0.00796268 0.00796269 0.00796269 0.00796269 0.00796431 0.00796269 0.00797709 0.00796281 0.00804045 0.00796269 0.00796268 0.00796273 0.00796269 0.00796268 0.00796272 0.00796433 107.144 32.2357 55.985 0.00796356 0.00796828 0.00796387 0.00796269 0.00796285 0.00796269 0.00800312 0.00801294 0.00796269 0.00796269 203.318 0.00796352 0.00796274 59.3786 22.3528 0.00796269 24.0935 0.00796269 225.134 0.0079677 0.00796429 0.00796277 0.00796285 0.0080803 0.00796269 0.00811348 0.00796288 0.00796269 589.918 0.00796269 0.00796269 0.00796269 0.00796289 0.00796283 7.79926 0.00798373 0.00796316 0.00796506 0.00797529 0.00796268 0.00796269 0.00800061 0.00796269 0.00801475 0.00796269 0.00796269 0.00796269 0.00802902 0.00796269 74.3307 0.0564881 34.9283 6.67267 0.176574 0.0079627 0.00885374 0.00939924 0.00796269 0.00796272 0.00796686 0.00796269 0.00796269 0.00796274 0.00920604 0.00796269 0.00796276 0.00796269 0.00796269 0.00796279 0.00796269 0.00796269 29.1797 0.00796306 0.00796269 0.00796269 0.00796271 0.00796286 0.00796269 10.6385 0.00796269 0.00797544 412.218 0.00796521 0.00796269 0.00796269 348.49 0.00796811 0.00796269 0.00873501 0.326656 0.00796269 0.00796269 0.007963 0.00875141 256.204 24.0167 0.00796269 0.00796269 0.00796269 0.00796628 0.00800695 0.0079631 0.0079629 0.00796269 0.00796269 0.00799942 0.00810734 0.00796269 0.00796271 0.00796269 0.00796269 0.00809292 0.00796269 0.00796269 0.00796269 0.00796271 0.00797218 0.00796269 0.0079627 0.0080737 0.00796269 0.00796269 0.00796283 0.0079804 0.00796269 6.15684 0.00796269 0.00796282 0.00796269 0.00811798 0.00796438 0.00849666 233.827 0.00796268 0.00796269 0.00796269 0.00796423 0.00796331 0.00796303 66.4099 4.18373 0.00796269 0.00796352 0.00797041 0.00796269 0.00796279 0.014841 0.00797055 0.00796269 0.00876475 0.00796301 0.00796269 0.00796269 0.00796269 0.00799618 0.00796745 0.00796884 0.00796269 0.00796269 0.0079629 0.00796268 0.00796269 0.00796294 59.712 20.5535 0.00796327 0.0079634 0.00796271 0.00796749 0.00796269 0.00796269 0.00800718 0.00796657 0.00796269 0.00796269 0.00796281 0.00796276 0.00796269 0.00796278 0.00796271 0.00796283 150.832 0.00796269 0.00796269 0.00796269 0.00796269 0.00796269 0.00796271 0.00796269 0.00796274 0.00796269 0.00796269 0.00796271 0.00796279 0.00796268 0.00797274 0.00796462 0.00806204 0.00796274 0.00796269 23.8937 0.00796275 0.00796269 0.00796269 0.00798441 0.00796641 0.00796271 0.00796269 0.0079627 0.00796269 0.0079654 0.00796269 0.00796269 16.2359 0.00796269 0.00796269 0.00933258 0.008431 0.00796269 0.00796443 0.0079627 0.00796269 0.00796269 0.00796269 0.0101319 0.00796269 0.0081313 0.00796269 0.00796269 0.00796269 0.00799478 164.203 0.0079647 0.00796269 0.00796269 0.00796274 0.00801259 0.00796269 0.0079627 0.00796269 0.0079627 0.00796277 0.00796289 0.00796269 0.141149 0.00800101 0.00797265 0.00796295 0.00796286 0.00873503 0.00796269 0.00802812 0.00796274 0.00796269 0.00796269 0.00796269 0.00796269 0.00796327 0.00796269 22.9759 0.00796293 0.00801634 0.00796269 0.00804814 0.0113422 0.00796269 0.00796269 0.00796269 0.00796269 0.00796277 0.00796292 0.00796271 0.00796269 0.00796269 4.7796 0.00796292 0.00796269 0.0079627 0.00796316 18.8339 0.00796269 0.00796271 0.00796269 0.00796271 0.00796269 0.00796269 0.00796269 0.00796269 0.00869241 0.00796271 0.00796269 0.00796269 0.00796269 0.00796283 0.00796288 0.00796273 0.00796269 62.9048 0.00796269 1.58789 0.00796269 0.00796269 0.0079627 0.00796269 0.0079627 0.0117703 0.00796337 68.0368 0.00796269 0.00796269 0.00797778 25.2792 0.0079627 0.00867787 0.00796269 151.414 0.007965 17.7134 0.00796269 0.00799163 0.00796269 0.00796269 0.0127794 0.00796269 0.00796269 0.00816031 0.00818559 0.00796272 0.00829257 0.00796269 0.00796294 0.00796269 0.00796374 0.00796355 0.00796281 0.00865019 0.00796269 0.00998908 0.00797588 0.00800239 0.00796291 0.00796269 0.00796564 0.00796347 0.00796269 0.00807407 0.00796269 0.00796316 0.00796269 0.00796269 0.00796362 0.00796269 0.00797563 0.00799077 0.00796269 0.00796362 0.00824498 0.00796419 0.00796269 0.00796272 0.00796271 0.00796269 0.00796269 0.00796269 0.00797098 0.00796269 0.00796278 0.00796274 0.00796271 0.00796285 0.00796624 0.00796316 0.00796269 0.0079627 0.00796269 0.00796279 0.00796287 0.00843495 2.53235 0.00805791 0.00796281 0.0079627 0.00802563 0.00796269 0.0079627 0.00796269 0.00796269 0.00796269 0.0079627 0.00796269 0.00796357 0.00796269 0.00840027 0.0079629 0.00796269 0.00796269 0.00799406 0.00799527 96.228 0.00797739 0.00798811 0.00824517 0.00797583 0.00796411 0.0079628 0.00796269 22.7817 0.00796269 0.0100505 0.00796269 0.00796548 0.00808242 0.00796269 0.0079631 0.00796269 0.00796269 0.00796269 0.00796269 16.1214 0.00796289 0.00796269 0.0080732 97.5163 0.00796277 14.5351 0.00796269 0.00801309 0.00797963 0.00796269 0.00796269 0.00796269 0.00796271 0.00796269 0.00796269 0.00796269 239.31 0.00796659 0.00796332 0.00796269 0.00796269 0.00796269 0.00796751 0.00796412 0.00796269 0.0079635 0.00796269 0.00796269 93.296 0.00802759 0.00796269 0.00796269 0.00796272 0.00796289 0.00796269 0.00796269 0.00796268 0.00796269 0.00801557 0.00796269 0.00796269 0.0079627 0.00796269 0.00796651 0.00796269 0.00796269 0.00797116 0.00815831 0.00796283 9.89695 23.7581 0.00796269 0.00796269 0.00796269 0.00796269 0.00797872 0.00796274 0.00796269 7.5136 0.00798668 34.6864 0.00796269 0.00796269 0.00796269 0.00796276 0.00796269 0.00796269 0.00796277 0.00796269 0.00796269 0.00796269 0.00796269 0.00796273 132.221 0.00796379 0.00796269 0.00796269 0.00796268 0.00796269 0.00829869 0.00796269 0.00807475 0.00796269 0.00796294 0.00800883 0.00796272 21.6826 0.00796269 0.00801515 0.00796269 9.97135 0.00796269 250.333 45.0177 0.00796269 0.00796269 0.00796269 121.312 0.00796269 0.00796269 0.00796402 0.0230589 0.00796269 31.042 60.3519 0.00796269 0.00796269 0.00796305 539.922 0.00796274 0.00809711 0.00796269 0.00799629 0.00796273 0.00796269 0.00870344 0.00796271 0.00796269 0.00813219 0.00796269 0.00796269 0.0130916 0.00796269 43.7466 0.00807304 0.00796292 0.00796269 53.2158 0.00796269 0.00797982 0.00796268 0.0079631 0.00796269 0.00796269 0.00812561 0.00796622 0.00796269 0.00800787 0.00796269 0.00796268 0.00796269 0.00796269 0.00802461 0.00796331 0.00796269 0.00796271 0.00796269 40.3378 0.00796269 0.00796269 0.00796345 0.00818928 0.00796268 111.893 0.0083674 0.00796702 0.0079627 0.00796269 0.0080126 0.00796275 0.00796269 0.291294 0.00796269 0.00796636 0.00796269 0.00800442 0.00796269 21.7843 0.00796269 0.00796394 0.00796269 78.2012 0.00797244 0.00796323 0.00796285 0.00796269 0.00796332 0.00796484 0.00796269 0.00796412 0.00796452 0.00796269 0.00796269 0.00796269 0.00817759 14.5351 0.00796269 0.00844079 0.00796269 0.00796297 0.00796269 0.00796269 0.00796269 0.00796269 0.00796269 0.00796274 0.00797712 0.00796291 0.00796269 0.00796269 0.00796275 0.00796269 11.02 0.00796269 205.935 0.00796272 0.0080815 0.00815076 0.00796341 0.00796269 0.00796306 0.00796269 0.00796269 0.00796269 0.00796352 0.00796269 0.00796951 0.00796269 0.00796268 0.00796536 0.00796725 56.7686 0.00796269 0.00796274 0.00796269 0.00801292 0.00796304 0.00796269 0.00796269 0.00796325 0.00796269 17.4261 0.0079627 0.00796269 0.00796269 0.00796269 0.00796754 0.00796273 0.00796269 91.314 3.60722 0.00796277 0.00796269 0.00796269 0.0079627 0.0079627 0.00796269 101.361 0.0079627 0.00796269 0.00796269 0.0079628 0.00796269 0.00796272 61.7318 0.00796272 0.00797872 0.00796269 0.00796269 0.00796544 0.00796447 0.00796269 0.00796269 0.00796269 0.00796358 0.00796269 0.00797463 0.0079627 0.00796282 0.00796315 0.00796269 0.00796269 0.00796269 132.676 0.00796268 0.00796269 16.1998 0.00796272 0.00796269 0.00796269 856.735 0.00796322 0.00796269 0.00796269 0.00799835 0.00796269 102.17 0.00796272 0.00796306 0.0079697 0.00796269 0.00796272 0.00796269 97.9971 0.00796269 0.00796269 0.00796276 0.00796274 0.00796269 0.00823075 0.00796269 0.00796828 0.00796269 0.00796269 0.00802419 0.00796271 0.00796269 0.00796269 0.00892228 0.00796269 0.00796276 0.00796831 0.00801427 0.00796283 0.00796288 0.0079627 0.00796269 0.00796677 0.00796268 0.00796269 0.00796269 0.00796269 0.00796457 0.00796277 0.0079627 0.00796269 0.00855474 0.00799541 0.243293 0.00796269 0.00796269 0.00796269 0.00796269 0.00796269 0.00796269 0.00796269 15.3714 0.00796269 0.00872412 0.00796269 0.00796312 0.00796269 0.0383782 0.016518 0.00796269 0.00796269 0.00796314 0.00796451 0.00800105 0.00796271 0.00796269 0.00797137 0.00797978 0.00796283 0.00800201 0.00899551 20.0023 0.007963 0.0079632 0.00796269 0.00796277 0.00796269 0.00796269 0.0079627 0.00801334 0.00797059 0.00796269 0.00796269 0.00796275 0.00796269 0.00796299 0.00796964 0.0191215 0.00796478 0.00796288 0.00854556 0.00796272 0.00796537 0.0079639 0.0079636 0.0079627 0.00796269 0.00895353 0.00796461 28.7164 0.00801802 0.00796269 0.00796275 0.00796269 0.00838373 0.00796269 0.00796269 2.99207 0.00796272 0.00796288 0.00796269 0.00818336 0.00796269 0.00796276 0.00796269 0.00796269 0.00796269 0.00812452 0.00796269 0.0079875 0.00796269 0.00796273 0.00796269 0.00796269 0.00796274 0.00834995 0.00796363 0.00796269 0.00801996 0.00796269 0.00796269 0.00796268 0.00796283 0.00796269 755.277 50.6984 0.00796269 0.00796269 34.5892 0.00796269 8.37559 0.00801168 0.619088 0.00796269 0.00796269 0.0079631 0.00808237 0.0105084 0.00796269 0.00796269 0.00796269 0.00796269 0.00796269 0.00796273 0.00810113 0.00796269 0.00796269 0.00796269 0.00796272 0.00796269 0.00796269 0.00814381 0.00811387 0.00797927 0.00796276 0.00797125 0.00796952 0.0079627 0.00796347 0.00796269 0.00796429 0.00798772 0.00796269 0.00796269 23.3311 0.00796269 0.00796489 0.0138723 0.00800639 0.0079656 0.00796277 0.0079628 0.00796269 0.00796269 0.00798288 0.00796269 0.00796269 15.1482 0.00796269 0.00799759 0.00796269 0.00796269 0.00796278 0.00796269 0.00796269 0.00814327 0.00796269 0.00796269 46.6686 0.00796269 0.00796295 0.0079627 0.00796728 0.00796269 0.00796269 0.00796269 20.4032 0.00796269 54.686 0.00796269 0.00796269 0.00796269 0.00796269 0.00796269 0.00796277 23.3145 0.00796269 0.00800127 0.00796269 0.022013 0.00796269 0.00796269 0.0083023 50.6377 0.00796752 0.00803348 0.00796269 0.00796273 132.28 0.00796269 0.00796271 0.00796269 148.528 0.00796286 0.00796269 0.00796596 0.00796269 0.00796269 0.0079631 0.00796269 0.00796269 0.00796271 0.00796316 0.00796269 0.00796269 0.00796269 0.00796269 0.00796269 0.00796269 0.00796759 0.00796356 0.00796269 0.00797569 0.00816752 0.00796269 0.00800574 0.00796269 0.00796269 0.00796269 0.00796269 0.00796274 0.00832637 0.00796269 85.5285 0.00804975 0.00796273 0.00796269 0.00822648 0.00796269 0.00796276 15.1213 0.00796271 0.00796271 0.00797178 0.0079825 0.00796269 0.00796271 0.00796269 0.00796269 230.969 0.00796283 0.00796269 661.443 0.00836088 0.00796269 24.9802 0.00796269 0.00797157 0.00796269 0.00796281 0.00796269 0.00796269 0.00797005 0.00796269 0.00799267 0.00796307 0.00796269 0.00796269 0.00796492 0.00796269 0.00796273 0.00796312 0.00796562 0.00798761 0.00821738 0.00796269 62.5878 0.00798754 0.00796455 21.3041 0.00796317 56.0767 60.5328 0.00796268 480 0.00796429 0.00797574 0.00800368 0.00796269 0.00796269 0.00884099 0.00796269 0.00796278 0.007964 0.00796269 0.00797786 0.00797132 0.00804131 0.00796269 0.00814496 0.00796274 0.00796273 0.00796284 0.0079653 0.00796269 0.00796269 42.4278 0.00837036 0.00796269 0.00796269 0.00796269 0.0079628 0.00796296 0.0079627 35.6146 0.00798037 0.00796271 0.00796453 0.00796296 0.00803441 0.00796269 31.6709 0.00796269 0.00796269 0.00796269 0.00796269 0.00796284 0.00796269 0.00796269 0.00796542 0.00796269 0.0080355 0.00796271 0.00796269 0.00796689 0.00796285 0.00796268 0.00813454 0.00796274 0.00796269 12.7026 0.00796269 0.00796291 0.00796294 0.00796312 0.00798627 0.00796271 0.00796269 0.00802209 0.00796269 0.00796269 21.3136 0.00866069 0.00796268 9.89391 0.00796284 0.00796269 0.00796269 0.00796283 0.00796269 0.00807892 0.0081128 0.00796269 0.00796277 0.00796272 0.00797049 0.0079627 0.00820853 0.00796623 0.00804273 0.00796269 110.802 0.00796549 0.00802736 0.00796269 0.00796269 0.00796269 0.00796644 103.702 0.00799629 0.0079627 0.00796269 0.00796269 0.0079628 0.00797238 0.00796538 0.00796326 0.00796269 70.1831 0.00796268 16.5518 0.0080604 0.00809977 0.00804752 42.518 0.00796281 0.00796284 26.869 0.00812867 0.00796268 0.00796287 0.00800431 0.00796281 0.0079628 0.00946001 0.00807032 0.00796269 0.00796269 0.0079627 0.00796269 0.00796327 0.00796269 0.00796269 0.00796269 33.492 0.00796269 0.00796269 0.00796281 0.00796269 0.00796269 0.386968 0.00800094 0.00796269 0.00796271 0.00796269 0.00796269 0.00796271 0.00796309 0.00796277 0.00796269 0.00797458 0.00796273 0.00796269 0.00796347 0.00797104 0.00796269 0.00862338 0.00796269 0.00796269 0.00796481 0.00796269 0.00796269 0.00797483 0.00796269 0.00796269 0.00805033 0.00796269 0.00796269 0.00796269 20.546 0.00796287 0.00806014 0.00796298 0.0079627 0.00796269 0.00796522 0.00797336 0.00796269 0.00796269 0.00796269 0.00796269 0.00933123 0.00796683 0.00796269 0.00796348 0.00796269 0.00796269 0.00796316 0.00796401 27.0603 0.00796269 0.00796269 0.00808837 0.00806825 0.00801137 0.00800912 0.00796269 0.00821886 0.00796269 0.00796271 0.00843086 0.00796269 0.00796269 0.00796269 0.00797257 0.0079646 0.00796269 0.00796408 0.00873512 0.00796894 0.00808654 0.00796282 0.0230957 0.00796269 25.8612 0.00835783 0.0079628 0.00796361 0.00898405 0.00796272 0.0097715 0.00796273 3.61812 0.0079627 0.00796269 0.00796269 0.00796269 0.00796269 0.00796269 0.00796269 0.00808097 0.00797047 0.00796278 0.00796269 0.00806891 0.00796269 0.00796269 0.00796269 0.00796269 0.00796273 0.0079627 0.00796271 0.00796269 0.00799576 214.864 0.00796269 0.00796269 0.00796289 0.00808632 0.00796315 0.00796276 0.00796397 0.00796269 0.00796272 0.00796269 0.00796269 0.00796269 0.00797622 0.0134516 0.00796269 0.00796269 64.2989 0.00796271 33.0965 0.00797818 0.00796332 0.00820795 0.00796269 0.00796269 0.00796377 0.00796277 0.00796269 0.00796269 0.00796269 0.00796283 0.00796273 0.00796285 0.00796269 0.00796269 0.00796269 0.0079627 0.00796273 0.00800468 0.00796269 0.00796269 0.00801295 0.00796271 0.0079628 0.0079982 0.00796585 510.112 0.00796702 196.191 0.00796296 0.0079627 0.00797466 0.00950469 0.00796269 0.0079764 0.00796269 18.7124 0.00796269 0.00796269 0.00796269 20.5535 0.00796302 0.00796269 0.00796269 0.00796272 3.67206 0.00796269 0.00824129 0.00796528 0.00796269 0.00796271 0.00796269 0.00796288 0.00796269 0.00798165 0.00847605 0.00796276 0.00796275 0.00796285 0.00796657 0.0079627 0.00796269 0.00799817 0.00796805 39.2142 0.00798361 0.00801962 0.00796269 284.726 19.8937 0.00796269 0.00796269 0.00796268 0.00796269 0.00796539 0.00798032 0.00796269 0.00796461 0.00796269 0.00796629 0.00796309 0.00796269 0.00797657 0.00798055 0.00796269 12.3533 0.00796281 0.00796269 0.00796274 0.00796269 0.00796269 0.00815098 0.00796269 0.00796281 0.00796308 0.00796708 0.026618 0.00796281 0.00796269 0.00796269 0.00796269 0.00796278 0.00796269 0.00805913 0.00796288 0.00796269 0.00796269 0.00799148 0.00796269 16.4159 0.00796271 0.00796269 0.00800742 0.00796294 0.0117362 0.00815664 0.00796269 0.00796468 0.00796269 118.255 0.00796286 0.00796287 0.00796269 0.00796272 0.00796269 0.00796269 0.00796269 0.00796271 0.00796269 0.00796269 64.1534 0.00796269 0.0079627 0.00796582 0.00796269 0.00796275 0.00796269 0.00796269 0.00801802 19.981 0.00796277 0.00796315 0.00796383 0.00796269 0.00796269 0.00796271 0.00796282 0.00796269 0.00796269 0.00796269 0.00804138 0.00796296 0.00796271 0.00796269 0.00796269 0.00796269 0.00796876 0.00796269 0.00796581 1515.36 0.00796269 0.00796269 0.00796587 0.00796269 0.00796288 0.0079627 0.00796269 26.4636 0.00796269 0.00796277 0.00796269 0.00796334 0.00798054 0.00796269 27.9645 0.00796269 0.00796269 7.79885 0.00796269 0.00796269 22.2335 0.00796269 0.0079665 0.00796268 173.394 0.00796269 0.00796305 0.00805482 0.00796275 0.00798233 0.00796269 0.00836297 0.00796269 0.0120982 0.00796269 0.00796269 0.00796269 0.0079627 0.00796269 0.00796343 0.00796269 0.00796597 0.00796306 0.00796444 0.00796269 0.00796269 0.00800674 0.00796269 0.00799173 0.00796414 0.00796277 0.00800854 0.00901909 23.0708 0.00796269 0.00948535 0.00799238 0.00796269 0.00796301 0.00805262 0.00796334 0.00796285 0.00796277 0.00796271 0.00796269 0.00796269 0.00801103 0.00796275 0.00800078 0.00796269 0.00798059 0.00796276 0.00797171 0.00796269 0.00796269 0.00796269 178.951 0.00796313 0.00796269 0.00796269 0.00802211 0.00796269 0.00796269 0.00796272 0.00796274 0.00796269 0.00796273 0.00796269 0.00796269 0.00842114 30.2627 0.00796286 0.00796269 0.00796362 0.00796269 0.0079632 0.00799593 0.00796269 0.00796269 0.00796271 0.00796269 94.6675 0.00802696 0.0079627 0.00796269 0.00796269 0.00796971 0.00805764 0.00796269 4.42939 0.00796293 0.00804352 0.00796269 0.00796318 0.00796269 0.00796269 0.00796269 0.00796269 0.00796269 0.00796309 0.00796269 0.00796268 0.00807405 0.00796269 0.00796273 0.00796269 0.00796309 0.00796827 0.00799762 0.00796269 0.00796439 0.00796278 0.00797128 0.00796269 0.00796271 0.00796269 0.00796269 0.00798133 0.00796271 0.00797006 0.00796269 0.00796356 0.00796269 0.00796306 0.00803443 0.00796269 0.00796269 0.00796278 116.358 0.871122 44.2068 0.0141389 0.00796269 0.00796275 0.00796269 0.00796269 0.00796589 0.00796296 0.00796269 0.007964 0.00796269 0.00796268 0.00796269 0.00796967 258.419 120.516 0.00796269 0.00796269 0.00796275 0.00796269 0.00796277 0.00796269 0.00796285 0.00796269 0.00811929 0.00796269 0.00796307 0.00796269 0.00796332 0.00801582 0.00796269 0.0079631 0.00796269 91.9147 0.00796269 0.00837084 7.79776 12.7722 0.00796272 0.00796269 0.00796269 0.00796269 0.00796293 0.00796269 0.00796283 0.00796269 0.0091673 0.0079631 0.00796269 0.00796269 0.00796269 0.00796281 0.00796269 0.00925351 0.00796269 0.00800184 631.063 0.00796269 0.00796269 0.00796269 0.00796269 0.00796269 0.00796269 0.00796269 0.00796269 0.00796355 0.00796269 0.00796269 0.00796269 0.00844338 371.369 0.00796269 0.0079627 0.00799281 0.00796269 0.00796269 0.00797331 0.00796326 0.0079627 0.00796319 0.0079627 0.008104 0.00796272 0.00796269 0.00796269 18.7828 0.00796275 0.00796269 0.00796269 0.00796278 0.00796269 0.00796269 0.00807413 0.00796269 328.345 0.00796269 0.00796269 0.00801971 0.00796269 0.00809451 0.00796269 0.0079627 0.00796269 0.00796269 0.00796269 0.00796289 0.00796294 0.00850373 0.00796269 0.00796269 0.00796314 0.00796268 0.00796295 0.00796276 0.00796614 0.00796275 0.00796269 0.00796271 0.00796269 0.00796269 0.00844306 0.00796269 0.00796269 0.00796294 0.00800755 0.0079638 0.00796276 0.00796269 0.00796269 0.00798753 0.00796275 42.9425 0.00796269 0.00796324 0.00796269 0.00796723 0.00796269 0.00796268 0.00796269 0.00796269 0.00796269 0.00796279 0.00796269 0.00796286 0.00797609 0.00796269 0.00797014 0.00796334 0.00796269 0.00796269 0.00796269 0.00796269 24.702 0.00796269 0.00796418 0.00796269 0.00806088 0.00796269 0.00796386 0.00796269 10.602 0.0080045 0.00796268 0.00796269 0.00796269 0.00796272 0.00796269 0.00799707 0.00796307 0.00796343 0.00796269 0.00797941 0.00831933 0.00796269 0.00799617 0.00796269 0.00796269 0.0079627 0.00933616 0.00796277 0.00796271 0.00796288 0.0082892 0.00796279 88.4339 0.00796269 0.00796269 0.0079627 0.00796269 0.00796269 0.00796417 0.00796271 0.00797204 0.00796268 0.00796271 0.00796269 0.00796286 0.00796294 0.00796751 0.00796276 0.00796269 0.00796275 0.00796297 0.00796269 0.00796269 0.00796298 0.00796269 0.00796269 0.00802282 0.00796269 0.00796269 0.00796269 0.00796269 0.00796272 270.301 160.853 0.00796292 0.00796269 0.00796279 0.00796269 0.00796269 0.00796283 0.00796269 0.00799631 0.00796269 94.4371 0.00796269 0.00802224 0.007963 0.00796269 0.00796394 0.00796276 0.00819766 0.00796269 0.00796278 0.00796269 0.00796269 0.0079627 0.00796275 0.00798457 0.00796269 0.00796289 222.191 0.00800097 0.00796269 0.0096877 0.00796397 0.00798329 0.00796272 0.00796269 0.00796282 0.00796659 0.00796269 1032.59 0.00796269 0.00796274 0.00796387 0.00796486 22.4899 0.00796269 0.00796435 0.00796269 0.0079627 0.00796269 0.00796269 0.0079961 0.0079627 3.61818 0.00796311 0.00796269 0.00796269 0.00796269 0.00796269 0.00796269 0.00796269 0.00796883 0.00796269 0.00796269 0.00796269 0.0498635 0.0079754 0.00796269 0.00796269 0.00796269 0.00796909 0.00796472 0.00796491 0.00796269 0.00796435 0.00797184 0.00796269 0.0079627 0.00796268 0.00796299 0.00796269 0.00796269 0.00796269 0.00796303 0.00796269 0.00796269 0.00796269 0.00796269 0.00796268 0.00796269 0.00796269 0.00796269 0.00796269 0.00812579 41.7369 0.00796299 0.00796272 0.00796269 0.00796393 111.21 0.00796269 0.00796269 177.254 0.00797756 0.00796318 0.00796269 0.00796269 58.3276 56.8852 0.00796269 0.00796269 0.00796269 0.00818114 0.00796269 53.7758 0.00796539 0.00796271 41.9068 0.00796269 0.00798399 17.6795 0.00796486 0.00796275 0.00796269 0.00814829 0.00796284 0.00796269 0.00796269 0.00796269 0.00796269 26.7721 0.00796269 0.00796268 0.00796274 0.00796269 0.00796272 0.00796269 0.00827242 0.00796269 0.0079627 0.00796272 0.00796269 0.00796524 0.00796295 0.00796299 0.0079628 19.3037 0.0079804 0.00823013 0.00796271 0.00796274 0.00796269 0.00796269 0.00825205 0.00796388 0.00797841 0.00797734 0.00796269 0.00805241 0.00796563 0.00796269 0.00796269 0.00796269 0.00796269 0.00796273 0.00796361 0.00796269 0.00796273 5.08569 0.00796273 0.00796283 0.00838157 0.00796285 576.316 0.00796269 0.00796269 0.00797589 0.0079678 0.00837696 0.00796274 0.00800984 0.00796963 0.00796269 0.00805223 0.00796269 0.00796269 0.00796525 0.00796268 0.00796471 0.00796269 0.155413 16.7461 136.674 0.00802072 0.00796269 1.90065 0.00797106 0.00796269 47.8423 0.00796269 0.00798705 25.8203 7.63046 0.00796269 0.00797396 0.00796285 0.00796389 0.00797454 0.00796269 61.1961 0.00796269 0.00796269 0.007963 0.0079627 0.0103624 0.00809246 0.00800291 0.00800819 0.00796269 0.0079627 0.00796269 0.00796269 0.00796269 0.00796269 0.00796364 0.00796272 0.00796279 0.00796269 0.00796269 0.0079627 0.0079639 0.00796269 0.00796269 0.00796269 0.00796269 0.00797899 0.00796274 0.00813641 0.0080609 0.00796269 276.823 0.00796269 0.00796269 0.00796269 0.00796269 0.0079627 0.00796269 0.00796268 0.00796691 0.0079655 0.00796414 0.00796311 0.00796674 0.00796269 0.00851514 0.0112686 0.00796277 0.00796274 0.0079633 0.0079627 0.00796269 0.00796269 0.00797093 0.00806327 0.00842468 0.00796269 0.00796286 0.00796277 0.00853751 25.8594 0.00796269 0.00796557 0.00796269 0.00796269 0.00802001 0.00796269 0.0079631 0.00800463 0.0079638 0.00796315 0.00797901 0.00798066 0.00796269 0.0079627 0.00796549 0.00828382 0.00796493 9.96707 0.00798184 0.00796269 0.00796277 0.00811014 0.00796289 158.327 0.00801503 0.0079627 0.00796269 510.397 0.0079652 0.00796269 0.00796269 0.00796269 0.00796269 0.00796269 0.0079644 0.00796269 0.00796271 0.00796309 0.00796269 0.00796281 0.00796391 0.00796268 0.00805709 0.00796285 0.00796269 0.00796276 0.00798132 0.00796269 0.00796269 0.00796624 0.00796269 0.00796313 0.00796269 0.00796269 0.00796316 0.00817609 0.0079693 0.00796269 0.00825322 0.00796273 0.00796269 0.00796269 0.00796273 0.00833256 11.62 0.00796269 20.3383 0.00796269 14.426 14.8873 0.0079627 0.00823094 0.00796269 0.00796269 7.61845 0.00796269 0.00796276 0.00796269 0.00796269 0.00796269 0.00796269 0.00796269 0.00796269 0.00796269 0.00797021 0.00796438 0.00796269 0.00796268 133.843 0.00796268 0.00796269 0.00796272 0.00796269 0.00796532 645.339 0.00796391 7.47354 0.00796269 0.00796275 16.1214 0.00796269 0.00796269 0.00796269 0.00796269 0.00796269 50.2764 0.00796291 0.00796269 0.00796269 0.0079627 0.00796268 0.00797155 0.00796269 0.00796269 12.7863 0.00967151 0.00870383 0.00796269 0.00796269 0.0079829 0.00813709 0.00796269 0.00796287 0.00796502 0.00796269 0.00801246 0.00796389 0.00796269 0.00796269 0.00796269 0.00796448 0.0079627 0.00796307 0.00796269 0.00796269 0.0081363 0.00796271 0.00796269 0.00801485 25.2386 0.00796616 0.00797803 0.00796285 0.00796269 54.9498 0.00822317 0.00796269 6.19966 0.00796307 0.0079995 0.00796269 0.0080384 0.00796269 0.0106431 0.00827943 0.00796269 1.78884 0.00796275 0.00799936 0.00796788 0.00796291 0.0083638 0.00796292 0.00799109 117.625 0.00796269 0.00796269 0.00796269 0.00796306 0.00813861 0.00799852 0.00797287 0.00796835 0.00796272 0.00796269 0.00797118 0.00796268 0.00796269 0.00796269 0.00796269 0.00796269 220.022 0.00796269 62.433 0.00815293 0.0079627 0.00796284 0.00796269 0.00796683 0.00796269 29.0486 0.00807127 0.00796269 0.00808929 0.00796272 0.00796269 0.00796285 0.00796269 0.00796269 0.00796269 0.00796269 0.00796269 0.123146 6.15738 0.00796283 0.00796274 0.00796269 56.9623 20.9546 0.00796269 0.00800751 0.00796284 0.00796269 0.00797423 0.00796269 0.00796269 0.00796269 0.0079892 0.00796269 0.101345 0.0087865 0.00796272 0.00796269 0.0079627 0.00796269 0.00796269 0.0079627 0.00796269 0.00796274 0.00796269 0.00796269 0.00796269 0.00796269 0.00798021 0.00796269 0.00796269 0.00796268 0.00796284 0.00796539 0.00796269 0.00796269 0.0079971 0.00796269 0.00796269 0.00796269 0.00796277 0.00796356 0.00796268 0.00796269 0.00951766 0.00796269 166.636 0.00796269 0.00801986 0.00796614 183.71 0.00798356 29.573 21.7392 14.8295 0.0079627 0.00796269 0.00796269 0.00796269 0.00796269 0.00796269 0.00796277 0.00796269 0.00796326 0.00796301 0.00796269 0.00796315 0.00796405 0.0079627 0.00796269 0.00796269 0.00796269 0.00796274 0.00796333 18.1723 0.00796297 0.0079627 0.00796269 0.00796269 0.00796269 0.00796269 0.0108127 0.00796269 0.00796268 0.00796276 0.00796314 0.00796268 0.00796277 0.00796269 0.00797501 0.00796269 44.7269 0.00796269 0.00851329 0.00796269 0.00796269 0.0079635 0.00803954 0.00796269 10.6385 0.0080076 0.00798357 0.00796268 0.0079627 0.00825726 0.00830962 0.00796268 0.00796269 0.0457879 0.00796269 0.00796268 0.00796269 40.6746 0.00796271 0.00796556 0.00796285 0.00796269 0.386284 0.00796269 25.8594 0.00796269 0.00796269 0.00803262 0.00796269 0.00796268 0.00796269 0.00796269 0.00796269 0.00796285 0.00796269 0.00796334 0.00796273 0.00796269 0.00813062 0.00796269 0.00796269 0.0079627 0.00796269 0.00796269 0.00796272 0.00796392 0.00796304 0.00796269 0.00804077 0.00796269 0.00967488 0.00796314 0.00796269 0.00796269 0.00796269 0.00796272 0.00796413 0.00822204 0.00796275 0.00796269 0.0080127 0.00796271 0.00799629 0.00796269 0.00796272 0.00796269 0.00799983 0.00804375 0.00884983 41.8269 0.00796269 0.00796517 0.00799329 0.00796269 0.00796269 0.00796269 0.00796269 0.0213686 0.00796621 0.00796269 0.00823521 0.00800787 0.00796269 0.00796276 0.00796269 47.0306 35.6267 0.0082946 0.00796806 0.00796269 0.00796272 0.00796269 0.00796269 1566.57 0.00796334 0.00796275 14.8797 0.00796269 0.00806095 0.00796269 0.00796269 0.00796276 0.00796277 0.00796463 0.00796269 29.8824 16.2785 0.00797209 0.0079633 0.00796273 0.00796269 0.00796269 0.00796526 0.00796269 0.0079627 0.00796269 0.00796269 0.00796269 0.00819597 0.00796285 0.00796269 0.00796358 0.00796269 0.00796269 0.00796269 0.00798142 0.00826919 0.00796269 0.00796269 0.00796283 0.00796269 0.00796353 0.00796269 0.00796269 0.00806161 0.00796269 0.00796269 0.00796269 0.00796274 0.00796356 0.00796283 0.00796274 0.00796269 0.0081895 0.00797104 0.00796269 0.00796269 0.00796269 0.00826428 0.00796294 0.00796269 0.00796269 0.00796364 0.00796269 0.00858441 0.00796269 0.00796646 0.00796395 0.00796274 0.00796273 0.00796947 0.0079627 0.00796291 0.00796269 0.00796269 0.00886367 0.00796269 0.00796269 0.00796417 0.00849679 0.00796269 0.00796269 0.00796269 0.00796269 0.00796269 0.00796269 0.00796279 0.00796269 0.00796468 0.0102574 16.3289 22.6448 0.00798414 0.00796269 0.00796269 0.00796269 0.00796269 0.00796375 0.00796269 0.00796269 0.00796269 0.0079627 0.00796269 0.00796269 0.00796269 50.3345 0.00796281 0.00796269 0.00813403 0.00796269 0.00796272 0.00796311 0.00799291 0.00796275 0.00796269 0.00796455 0.00796332 61.6629 0.00796655 0.008841 0.00796269 0.00796279 0.00796269 0.00796521 9.89689 11.2792 0.00796269 0.00796269 0.00796276 0.00796269 0.00796274 0.00796269 0.00796269 0.0079627 106.828 0.00796309 0.00796365 0.00796269 0.00800126 0.0079627 0.00796974 0.00796269 0.00796277 243.112 0.00820051 0.00796269 0.00796269 0.00796277 0.00796354 0.00796312 0.00797983 0.00796281 0.00796269 0.00796269 0.00796269 0.00796268 0.00796269 0.00798906 0.00796269 0.00799166 0.00799735 62.3359 0.00796268 0.00796269 0.00796269 0.00796275 0.0079627 0.0080124 0.00796341 0.00796269 0.00796269 0.00796269 0.00809602 32.4286 0.00796269 0.00797426 0.0079627 0.00796269 0.0079631 0.00817222 0.00796353 0.00796269 0.00801239 0.00796269 0.00796269 0.14824 0.00801559 0.00796269 0.00861093 0.00796655 0.00797195 0.00796269 0.00796277 0.00796269 0.00796269 0.00797458 0.0079627 0.00796283 0.00797405 0.00796304 0.00796269 0.00796274 0.00796269 0.0079627 0.0079627 0.00796521 0.00796269 0.0079627 0.00805352 0.00796269 0.00796269 0.00796273 0.0549174 0.00796269 0.00798114 0.00796269 0.00796555 0.0079627 0.00796279 0.00823528 0.00796268 0.00796282 0.00796271 0.00796269 0.00796269 0.00796444 0.00796313 0.00921138 0.00796269 0.00796269 118.223 0.00800385 0.00796269 0.00796269 0.00796269 0.00796269 0.00796269 0.00796269 0.00796281 0.00796269 0.00796314 0.00796269 0.00796269 0.00874749 117.024 0.00796269 0.00796285 0.00796269 0.00796269 0.00796269 0.00796269 0.00796269 0.00796271 0.00796309 0.00796269 0.00796269 0.00796275 0.0079628 0.00796269 0.00796269 0.00796269 0.00796269 0.00797018 0.00806436 0.00797565 0.00796268 0.00796269 0.00796384 0.00800531 0.00796269 0.00841023 0.00796269 0.00837248 0.00796269 0.0079647 0.00796269 0.0079628 0.00796285 0.00796269 0.00796269 107.558 0.00796269 0.00796319 0.00796269 0.00796269 0.00797469 0.00812669 132.615 0.00796269 0.00796269 0.00796269 0.00803942 0.00796269 0.00796269 0.00796269 0.00830722 0.00796289 0.00796269 23.3205 0.00796279 0.00796269 0.00810652 0.00796269 0.00796269 0.00796269 0.00799803 17.9964 0.00796269 0.00796269 0.00796269 0.00796282 0.00796268 0.00796269 0.00821976 0.00796269 0.00796465 0.00816777 0.00819355 0.00796269 0.00796274 0.00797568 0.00796269 0.00796504 0.00812351 0.00796269 0.00796273 0.00796269 0.00796269 195.417 0.00796269 0.00796269 0.00796269 0.00806843 0.00818396 0.00796461 30.9119 0.00796269 0.00796269 0.00796273 0.00796269 0.00830543 0.00796269 0.00796269 0.00796269 0.00797735 0.00796269 10.6521 787.563 0.00796857 0.00796269 0.00796269 313.958 0.00796269 0.00796281 0.00796285 0.00796383 0.00801041 0.00796281 0.00796269 0.00800982 0.00798411 0.00796269 1.47082 0.00796269 0.00796269 0.00796636 0.00796315 0.00813983 15.7198 0.00796269 0.00796274 0.0988752 0.00796269 0.00796269 0.00796292 0.00820824 0.00796269 0.00796273 0.00796269 0.0080228 0.00796269 0.00796269 0.00805498 0.00796269 0.0079629 0.00796321 0.00796269 0.00796269 0.00796269 0.00796269 0.00797137 0.00796269 0.00796269 0.00796269 0.00796269 0.00796269 0.00796276 0.00796269 0.00796269 0.00796315 0.00796337 69.814 0.0107999 0.00796269 0.00796911 0.00811577 0.00796269 0.00796269 486.06 0.00796273 0.134845 0.00841313 0.00796269 0.00827656 36.4396 20.5535 0.00796269 6.04693 0.00796268 0.00796269 0.00796269 0.0112686 31.042 0.00796269 0.00796785 34.0545 0.00796274 0.00796269 0.00796269 0.00796269 0.00796268 27.9367 0.00796269 33.9204 0.00796268 0.00796269 15.7325 0.00796269 0.00796269 0.00796269 0.00796269 0.00796269 0.00796269 0.00796423 0.00796296 0.0079627 0.00806762 0.00796276 60.5356 0.00796272 0.00813284 0.00796272 177.943 0.00796269 0.00797275 0.00796269 0.00796269 0.00796269 0.00796269 0.00796269 0.00798389 0.00796269 0.00810781 0.00796285 0.0079627 0.00796387 0.00796269 0.00796269 0.00796278 0.00796273 0.00796279 0.00796271 0.00796269 0.00874477 0.00796269 0.00796269 0.00796269 0.00797263 0.00796274 0.00796269 0.00796269 0.00796269 0.00798535 0.00796269 0.00796276 0.00796272 30.2719 0.00796269 0.00796269 0.00810676 0.00796269 0.00796269 0.00796269 0.00796269 0.00796273 0.00796269 0.00796269 0.00824482 58.9664 0.00796269 0.00807819 0.0081234 0.00796279 0.0218474 0.00796353 30.414 0.0079665 0.00797886 0.00796273 0.00796275 0.00796316 0.00796268 0.00796269 0.00796269 0.0083076 0.0079627 0.00797373 0.00796269 0.00796269 0.00796269 0.00796269 0.00796269 0.00796283 0.00796272 0.00796282 0.00798979 0.00796288 0.00796273 0.00796269 0.00796269 0.00810034 0.00796269 0.00796269 0.00796269 0.00796269 0.00796356 0.00796269 0.00796367 0.00796495 0.00796269 0.00796289 0.00796269 0.00796268 0.00803987 0.00796269 0.00796269 0.00796273 0.00796269 0.00796291 0.00796269 0.0079637 0.00796269 0.00796639 0.00796334 0.00800386 0.00798566 0.00803655 0.00796269 0.00796269 0.00796269 0.00799768 0.00796269 0.00796491 0.00796272 0.00796269 0.00796276 0.00796268 0.00796288 0.00796274 95.6909 0.00796392 1484.36 6.86613 0.00796269 0.00796269 0.00796272 0.00796297 0.00796269 0.00796316 0.0079627 0.00812638 0.00851025 0.0079629 0.00796268 0.00954455 0.00829313 0.00796269 0.00796269 0.00803665 0.00796275 0.00798523 0.00800339 0.00796269 0.00796969 0.00796272 0.00796269 0.00796269 19.9755 0.00796395 0.00796269 0.00796269 0.00796269 0.0079627 0.00796269 0.00800368 0.00796269 0.00796268 0.00852291 0.00796269 0.00796407 0.00796269 0.00796269 38.9178 0.00806979 0.00804447 0.00796273 0.00796693 0.00796278 0.00796268 0.0079627 0.00796269 0.00796269 44.1431 0.00796269 0.00798734 0.00796269 0.00796299 0.031629 0.00796269 0.00796316 0.00796269 18.7828 0.00796269 98.8518 0.00796269 0.00796707 0.00796275 0.00796269 0.00796358 0.00796269 0.00796269 103.098 0.00796269 0.00803138 0.0079627 0.00796269 91.7347 0.00796502 0.00796269 0.00796413 0.00796285 0.0079627 0.00796428 0.00796269 0.00825022 0.00809304 0.00796268 0.00796269 0.00796269 0.00796269 15.9213 0.00802767 0.00796321 0.00796279 0.00796269 0.0079627 0.00796269 0.00796269 0.585705 0.00796269 0.00796269 0.00796269 0.00796269 0.00796269 0.00830104 33.559 0.00796522 0.0164076 0.00796269 0.00872541 0.00800982 0.00823508 0.0117575 0.00796272 0.0112048 0.00814364 0.00796269 0.00924992 0.0079907 0.00806609 0.00796268 0.00796269 0.00796274 0.00796269 0.00796269 0.00796353 0.00796269 0.00796269 0.00796297 0.00805378 0.007987 0.0079627 55.4264 0.0976521 234.652 0.00796269 0.00796269 0.00799853 0.00796269 0.0079627 0.00796271 0.00796274 0.00796278 0.00796269 0.00796269 0.0079627 0.00796269 0.00796269 0.00796801 0.00796269 0.00796269 0.00796269 0.00796269 0.00796269 0.00796431 0.0079726 0.00796294 0.00796269 0.00796271 0.00799735 0.00796313 0.00800787 0.00796348 0.00796269 0.00796269 0.00797028 0.00796269 0.00796646 0.00796289 0.00796269 0.00796389 0.00796549 0.00796268 0.0079627 0.0079627 0.00796269 32.218 551.574 0.00796269 0.00948583 0.00796269 0.00796269 0.00796269 0.00797998 0.00796269 0.00796269 0.0081159 0.00796269 0.0079627 55.629 0.00796646 0.00845891 0.00796269 0.00796269 0.00796306 0.0081327 0.00824752 0.00796719 59.5242 0.00796269 0.00796269 16.7835 0.00796318 0.00796298 0.00797607 0.00796654 0.00796286 0.00803467 0.00796269 0.00796269 0.00796332 0.00796275 0.0079627 0.0143948 0.00796269 0.00796269 0.00796269 0.00796269 0.00798288 0.00797182 0.00796281 55.4808 0.00797695 0.00796269 0.00796269 333.8 0.00796269 0.00796269 0.00796269 0.0079627 0.00796269 0.00804915 0.00796269 1.68856 0.00796272 0.00796276 0.00840935 0.00807068 0.00796269 0.00796279 0.00796269 0.00796327 0.00796324 58.0308 0.00796286 0.0105559 0.00796269 0.00796269 0.00796273 0.00798897 0.00796269 0.00811037 0.00832149 0.00804554 0.0119214 0.00796275 0.00796269 0.00796294 0.00796273 0.00796269 0.00796269 0.00796269 0.0079627 0.00796269 0.00796606 0.0079627 0.00796269 0.00796269 0.00796269 0.0143842 0.00796269 0.00797121 0.00796269 110.286 0.00796391 0.00796404 0.00818736 0.00796271 0.00849687 0.00796269 0.00820754 0.00796274 0.00796793 0.00796269 0.00796269 0.00798188 0.00796279 558.669 0.00796269 0.00801011 0.00796269 0.00796269 0.00796273 0.00796269 0.00796269 0.00796269 0.0079627 0.00796269 0.0125792 0.00796269 0.00799782 0.00839494 0.00796356 0.00796281 724.906 0.00796269 11.9325 0.00796864 0.00796269 285.147 0.00796313 0.00796271 0.00796283 0.00796269 0.00796269 0.00796269 0.00796269 0.00796269 0.00796268 0.00796276 0.163621 0.00807482 0.00796269 0.00796269 0.00802364 0.00803226 0.00796269 0.00796269 0.0079627 0.00796283 0.00810479 113.491 0.0079632 0.00797157 0.00799148 20.2241 0.00811926 0.00796279 0.00796306 0.00796268 0.00799854 0.00796271 0.00796661 0.00796271 0.00796271 0.00796269 0.00796269 0.00796269 0.00796272 0.00796269 0.00796268 0.00796383 0.0079697 115.228 0.00796269 0.00796891 0.00796269 0.00796269 0.00796269 0.00798556 0.00796269 144.778 0.00796269 0.0079828 0.00796272 0.00796269 0.00813003 0.00796269 0.00796269 0.00796269 0.00796283 0.00796269 0.00796271 0.00796269 162.212 0.0716445 0.00796269 0.00796269 0.00825967 0.00796269 0.00796269 60.8376 17.6308 0.00796268 0.00796269 0.0079627 0.0079627 0.00796272 0.00804307 0.00796269 30.6447 0.00796269 0.00796308 0.00796336 0.00796269 0.00796269 0.00796269 0.00796272 0.00802151 0.00796269 0.00796269 17.7139 0.00796269 0.00796269 0.00813337 0.00796269 6.05331 0.00800782 0.00796269 0.00799855 63.0218 0.00796269 0.00796269 0.00796269 0.00796269 0.00796998 0.00796269 0.007964 0.00796465 0.00796269 0.00796279 0.00796323 0.00796269 0.007963 0.00796269 0.00800911 0.00796277 0.00796269 0.00796293 0.00796269 0.00796269 0.00796269 0.00796313 491.634 0.00796269 0.00796269 0.00796269 0.0079841 22.5014 0.00863426 0.00796269 0.0083007 0.00796269 0.0080102 0.00796269 0.00814698 0.00796299 0.00796268 0.00796269 0.00796269 13.57 0.00796269 0.00803068 0.00796309 22.5207 0.00804361 0.00796269 0.00806651 25.8594 0.00796269 0.00796269 0.0203416 0.00796413 0.00796269 81.9733 0.00796269 0.00796269 0.0079627 0.00796269 50.1365 0.00796269 0.00798454 0.00796272 0.00796269 0.00796269 0.00796269 0.00796269 0.00796269 0.00796269 0.00798753 0.0079627 0.00796282 0.00797875 0.0079627 0.00796271 0.00807532 0.0079635 0.00796269 0.00796629 0.00796269 0.00796277 10.5307 623.383 0.00796727 0.00796269 0.00796274 308.258 0.00796351 0.00800602 0.00796269 0.00796269 0.00796269 0.00796269 0.00796269 0.00796269 0.00796269 0.00796296 0.00796289 0.0079627 0.00796269 0.0079629 0.0079627 0.00796269 0.00796269 19.896 0.00802747 0.00796276 0.00800123 0.00796269 0.00796271 0.0079627 0.00796269 0.00796269 0.00796269 0.00796269 0.00810784 19.8754 313.521 0.00796269 0.00796794 0.00796269 0.00796269 0.0079627 0.00796273 48.045 0.00796269 0.00797258 0.0079627 0.00796269 0.00796269 0.00799228 0.00796269 0.00796269 0.00796269 0.00796335 0.00796269 0.00797341 0.00801561 21.1101 0.00796269 0.00796269 0.00796269 0.00796269 0.00796269 0.00936011 0.00796269 0.00798563 0.00796378 0.00796269 0.0079627 0.00796269 0.00796291 0.00796276 0.00796269 0.00796269 0.00796269 0.00796269 22.9909 0.00799961 0.00796287 0.00796278 0.00797743 0.00796481 0.00796984 0.00796303 0.00796279 0.00796269 0.00796276 0.00796269 0.00796271 0.00796269 0.00796269 0.00796278 0.0120982 0.00796544 0.00798232 0.00796269 0.00796269 0.00796269 0.00796272 50.3448 0.00804814 0.00796271 0.00808025 0.00796491 0.00796269 0.00796277 0.00796268 0.00796279 0.00799267 0.00796269 0.00796277 0.00796269 0.00796269 0.00796269 0.00800256 0.00820358 0.00796269 0.00799211 0.00796269 0.00796269 0.00796406 0.00798632 0.00815172 0.00796269 0.00796269 0.00798485 0.00796269 0.00796268 0.00796553 9.88763 0.00796268 0.00796269 394.319 0.00804817 0.00796269 0.00804414 0.00796269 0.00796269 0.00796269 0.00796268 0.00796294 0.00805986 0.007967 0.00796269 0.00796269 0.00796269 0.00796269 0.00796269 0.00796269 0.00796269 0.00796269 0.00796269 0.00796269 0.00796272 0.0079627 0.00796269 0.00864085 0.0079627 0.00797819 0.00796269 0.00796269 0.00807501 0.00920337 0.00796269 0.00796269 0.00796277 0.00796269 0.00796269 0.0079627 0.00796269 0.00796372 0.00796269 0.00797575 0.00798336 0.00801293 0.00808095 61.4648 0.00806065 0.00796269 0.00796269 0.00796269 0.00796286 0.00796277 0.00796273 0.00798841 0.00796269 0.00799517 267.808 0.00831927 0.00796269 0.00796269 0.00796269 0.00796288 10.2574 0.00796269 0.00796587 0.00799547 2744.75 0.00796269 0.00796269 0.00796269 0.00796269 0.00796269 0.00796269 0.0081467 0.00796315 0.00796269 0.0545989 577.435 0.00796271 0.00796269 0.00796269 0.00796306 0.00801975 0.00796269 0.00796309 0.00801598 0.0079642 0.00808974 98.2853 0.0079627 0.00796364 0.00796269 0.00796269 13.0878 0.00796269 0.00796269 0.00796311 0.00797433 0.00796268 0.00796268 0.00846371 0.00796321 0.00796269 48.6987 0.00796325 0.00817266 0.00796269 0.00796269 0.0079667 0.00803039 0.00796269 0.0079674 0.00796294 0.00796272 38.0746 0.0084517 0.0079634 0.00796269 0.0943479 0.00796328 0.00796269 0.00866894 0.00855321 0.00796269 0.00797225 0.00796299 0.00796275 0.00796269 0.00796456 0.00796296 0.00796768 0.00796269 229.165 0.00796269 0.00796446 0.00801737 0.00796271 22.8423 0.00796269 0.00796269 0.00796269 0.00796269 0.00796269 0.00796565 0.00796385 0.00796269 0.00796269 0.00796269 28.7415 0.00796269 0.0079627 0.00805622 0.00796272 147.942 0.00796269 0.00796332 0.00796269 0.00818266 0.00803643 0.00796269 0.00796269 0.00796269 0.00796269 0.00796269 0.00796416 0.00799142 0.00796269 18.7828 0.00796434 0.00796269 0.00796292 0.00796269 0.00796269 0.00796283 0.00797004 0.00796273 80.2798 0.00796289 0.0113983 0.00796269 0.00796269 0.00796269 0.00796273 0.00796269 0.00798095 0.00801237 0.0079627 19.517 59.1717 0.00796269 0.00796302 0.00820422 0.00799853 0.00796269 43.9028 46.9385 0.00796269 233.327 0.00796269 0.00816818 0.0079627 0.00796269 0.00804597 0.00873509 0.00796269 0.00796282 0.00817611 0.00796269 0.00796269 0.00796275 0.00796299 0.00796286 0.00796269 0.00796556 66.1784 0.00796269 0.00796269 0.00796269 0.00796269 0.00796269 0.00796269 0.00796269 0.00796273 0.00796269 0.00796269 0.00796269 0.00796269 0.0079627 0.0079627 0.00796269 0.00818273 0.00796314 0.00796269 0.0079628 0.00796269 0.00796269 0.00796269 0.00796269 0.00796269 0.007984 0.00800985 0.00796269 0.00796269 0.0079643 0.00799641 0.00796269 0.00796273 0.00797455 0.00796274 0.00796269 0.00796269 1.89961 0.00796283 0.00796302 0.0079627 0.00796269 0.00796269 0.00802357 0.00796269 0.00796269 0.0079627 113.423 0.00796269 0.00796294 0.00796269 0.00796269 0.00796268 0.00796278 0.00796269 0.00796269 0.00797359 0.00796274 0.00796269 22.6448 0.00796269 0.00796754 0.00796269 0.00796318 72.266 0.00796269 0.00799969 0.00796269 0.00796269 0.00796269 0.00796269 251.212 0.00796283 0.00796269 82.7046 0.00796291 0.00796269 0.00796269 0.00796269 0.0079628 0.00796269 0.00798173 0.00796269 0.00796269 0.00815706 0.0079627 0.00796612 0.00796271 0.00796269 0.00796278 0.00796369 0.00796269 0.00796332 0.00796427 0.00796269 0.00796269 0.00796276 0.00796269 0.00796269 0.00798517 0.00796269 0.5988 0.00796302 0.00796272 0.00905277 0.00796269 0.00796306 0.00935578 0.00805179 0.00796269 0.0079654 0.00796269 0.00796269 0.00796289 0.00796269 0.00796269 0.0079638 0.00798462 0.00796269 0.00796315 0.00797286 0.00796269 0.00796269 0.00796269 0.00810766 0.00796269 0.00796275 0.00796269 0.00796269 0.00796269 0.00796269 0.00796269 0.00796269 0.00796269 0.00796269 0.00796269 134.488 0.00796269 0.0079641 0.00796269 0.00796283 0.00796826 0.00858008 0.00796269 0.00796269 0.00801626 0.00800113 0.00796269 0.0079627 0.00803095 0.00796278 0.00796269 0.0079628 0.00796269 14.6125 0.00796269 0.00796337 0.0114231 56.3276 0.00796269 0.00796303 0.00796268 126.055 0.00796269 0.00796268 0.0079627 0.00796269 27.8456 0.00796269 0.00796269 0.00807004 0.00796269 0.00796338 0.0079627 0.00796269 214.225 0.00796269 0.00796269 0.00796277 0.00796269 0.00796316 0.00798714 0.00796269 0.00796277 0.00796281 0.00797215 93.6676 0.00796269 0.00796269 0.00797042 0.00796269 0.00796665 0.00796269 0.00796269 0.00796274 0.00796623 0.00796269 0.174026 0.00796269 0.00796269 0.00799396 0.00796269 0.00799448 0.00796269 0.00796269 0.00796269 0.00796269 0.00796269 0.00822194 0.00796269 0.00796269 0.00796335 0.00796402 0.00796271 0.00796269 0.00796269 0.00796271 0.00796268 0.00796269 0.00796377 8.85789 0.0123765 0.0079628 0.00800821 0.00796269 0.00796269 0.00796269 0.00796323 0.00796269 0.00796271 0.00796269 20.9546 0.00796269 0.0079627 0.00796275 0.00796399 0.00796475 0.00797773 0.00800965 10.3206 0.00796269 0.00796269 0.00796725 0.00796906 0.00810001 0.00796282 0.00796269 0.00796269 0.00796816 0.00796418 0.00796282 0.00796269 0.00796269 5.82812 0.00796272 0.00796269 0.00796269 0.00796269 28.5673 0.00796269 0.0080255 0.00796269 0.00804917 0.00796314 0.00796282 0.00796269 0.00797655 0.00796269 0.00796274 0.00801395 0.00796268 0.00796324 15.5884 0.00815056 0.00796269 0.00796269 0.00796275 0.00796271 0.00796269 0.00796269 0.0079627 0.0079823 0.00796275 0.00798114 0.00796269 0.00808352 0.00796269 0.00796278 0.00808534 0.0190149 0.00796268 0.00802911 0.00804825 0.00796271 11.4131 0.00796269 0.00796268 0.00807683 0.00796269 0.00796277 0.00801982 0.00796269 0.00796756 0.00796269 0.00796658 0.00799302 0.00796269 0.00796302 60.0104 0.00796269 0.00796269 0.00796269 0.00807861 0.00796275 0.00800972 0.00796276 0.00806075 0.00796269 0.0079627 0.00796269 0.00796269 0.00796292 44.4164 0.00796269 0.00796272 0.0104605 0.0079627 0.00796269 0.00797219 0.00796287 0.00796269 0.00796269 12.0099 0.00799031 0.00796269 0.00796268 0.00842447 0.00796269 0.00796269 0.00796269 0.00796269 0.00796269 0.0079628 0.00796393 0.00796795 0.00796269 0.00796269 0.00796269 0.00800111 0.00836088 0.0079631 0.00796285 22.6448 0.00796276 0.00796303 0.00796352 0.00796288 11.3246 0.00796269 68.2661 0.007963 0.00798321 0.00796269 0.0127194 0.00796269 0.00796269 132.925 0.00796269 0.00796269 0.00801435 0.00796678 0.00796341 6.65514 0.00796305 0.00806545 0.00799987 0.00796288 0.00797179 0.00796269 0.00796269 0.00863058 0.00796285 124.748 0.00796269 0.00796269 0.00797788 0.00796269 0.00796269 0.00807519 0.00796279 0.00796269 0.00796269 0.00815802 0.00796321 0.00796271 0.00796269 23.3311 0.00804123 0.00796269 0.00796269 0.0373552 0.00796268 0.00796283 0.00796271 0.00796271 114.663 0.00796269 0.00796268 0.00796308 0.00796269 0.00796269 0.00796295 0.00796269 0.00804045 0.00796998 0.00796269 0.00796269 0.0079639 0.00796318 0.00805669 0.0079627 0.00796269 0.00796269 0.00796269 0.00796269 0.00796273 0.00796269 168.341 0.00796271 0.00796269 0.00796269 0.00796269 0.00796269 0.00796269 0.00796277 0.00796269 0.00796268 0.00796269 0.00796269 0.00800609 0.00796287 0.00796511 0.00796269 0.00796269 0.0079627 0.00835825 0.00796274 0.00796269 0.00796298 0.00796275 0.00796269 0.00796273 0.00796269 0.00796276 0.00796276 0.00887718 9.96596 0.00796271 0.00796269 0.00797188 0.00796269 0.00798841 0.00796269 0.00796325 0.00796269 0.00796269 0.00796276 0.00796269 0.00796275 0.00796269 0.0080297 0.00796269 0.00796321 0.00796269 0.00796276 0.00796269 0.00796269 0.0079627 0.00796624 0.00796269 0.00805864 0.00796269 0.00796269 0.00797331 0.00796269 0.00796444 0.00796269 0.00796269 20.2823 0.00796502 185.091 0.00933621 0.00796269 0.00796269 0.0080198 21.3322 0.00797496 0.00796269 0.00796269 0.00796269 0.00796269 0.00797293 11.1141 50.4268 0.00796269 0.00796283 0.00796269 0.00796523 0.00796308 0.00796269 0.00796294 0.0079703 70.014 0.00796269 0.00796269 0.00796269 0.00796269 0.00885338 0.00796269 0.00805941 0.00796269 0.00796289 0.00796452 26.1966 0.00796269 0.00796281 0.00797483 0.00798787 0.00796269 0.00796277 0.00796269 0.00796366 0.00877232 0.00796269 0.0079627 0.324304 0.00796269 0.00797308 0.00796288 12.9791 0.00798895 0.00796323 0.00796269 0.00799919 0.00796287 0.00796269 0.00796336 0.00796283 0.00796336 0.00796269 0.00796269 0.00796269 0.00796269 0.00796307 0.00800194 0.00796269 13.3847 435.229 0.00796272 0.00870035 0.00879887 0.00796269 0.00796271 0.00796864 278.146 0.00796269 42.9008 0.00796271 0.00796269 0.00796269 0.00798231 0.00799066 0.00796269 0.00796269 0.00796269 0.00827448 0.00796276 0.0079627 0.00796269 0.00796282 19.896 0.0203939 0.00796269 9.61272 0.00796627 0.00796292 0.00801179 0.00796272 0.00796272 0.00797422 0.00796269 15.7198 0.00796289 0.0079627 0.00796277 0.00809913 0.00796272 0.00808301 0.00800839 0.00796269 0.00796269 0.00796381 0.00808726 0.00800985 0.00796372 0.00796269 0.00796269 0.00796427 0.00796274 0.00796269 0.00796273 0.00810083 0.00822158 7.96373 19.0552 0.00804659 0.00796282 0.00796268 0.00796293 0.00796286 0.00796282 0.00796269 0.00796269 0.00796269 0.00796522 0.0079632 0.00796269 0.00796269 0.00796269 649.162 0.00822533 0.00810524 0.0079627 0.00796269 0.00818437 0.00796269 0.00801157 0.00796269 0.00796269 0.0079627 122.436 1678.56 0.00823236 15.3565 0.00796271 0.00800081 9.02289 0.00796269 0.00796285 0.00796269 0.00796269 0.00796269 0.0107673 7.13956 0.00796269 0.00796277 0.00796307 0.00796271 80.2916 0.00796269 0.00796269 0.00796269 0.00806589 0.00796269 0.00796269 0.00796269 0.00796288 0.00796421 0.00796498 0.00796269 0.00796268 0.00807629 0.00796269 0.00796269 1.30708 0.00834652 0.00796652 0.00802743 0.00796269 0.00796359 0.00796432 0.00796269 0.00796269 0.00797861 291.106 0.00796279 0.00796269 0.00849797 0.0079627 604.539 0.00802101 19.5904 0.00796295 0.00796269 0.00796269 0.00796269 22.6448 0.00798454 0.00800814 0.00796274 0.00796268 0.00796276 0.00796308 0.00796269 0.00796269 0.00796706 0.0079715 0.00796269 0.00796272 0.00796269 0.00813366 0.00796269 0.00796269 0.00796269 0.00796269 0.00796269 0.00796269 165.276 0.00796269 0.00796271 0.00796449 0.00796269 0.00796269 0.00796275 0.00796269 0.00796588 0.00818617 0.00796307 0.00796269 0.00796288 0.00796646 0.00796271 24.0819 75.89 0.00796269 0.00796269 0.00796269 0.00796269 0.00796269 0.00796271 0.00796269 0.00801788 0.00796269 0.00796269 0.00796268 0.00796276 0.00834508 0.00796269 0.00900292 0.00796269 0.00796269 0.00796284 0.00796269 0.00796269 0.00796269 0.00796269 0.00796279 0.00797361 0.00796269 0.00796269 0.00796296 0.00797191 0.00796269 43.8299 0.00796333 0.00796269 0.00796269 0.00796268 0.00796269 0.00796269 0.00796306 0.0079758 0.00796269 0.00796269 7.79776 0.00796269 0.00807029 38.5219 26.1505 0.00817483 0.00796281 0.00796291 0.00796269 0.00796707 0.00796271 0.00796269 0.00796313 0.0625431 0.0079627 0.00796269 0.00796269 0.00796269 0.00796268 0.00813309 0.00796847 0.00796269 0.00796674 0.00796269 0.00796346 99.0023 0.00796269 13.0684 0.00796269 0.00796268 0.00805914 0.00796269 0.00804986 0.00796432 0.00796388 0.00796269 0.00796305 0.00796269 0.00796269 0.00796269 28.5309 0.00796272 26.0199 0.00796269 0.00796269 0.008167 0.00796268 0.00796269 0.00796269 0.00796269 0.00802271 0.00796269 0.00796269 95.092 0.00796269 18.162 0.00796269 0.00796561 0.00941011 0.00796269 0.00796269 0.00796285 0.00796272 0.00796361 0.0079627 26.5864 0.00796495 0.00796269 0.222993 0.00796269 0.00796345 0.00797154 0.00796269 0.00796283 0.00796271 0.00796627 0.00796316 0.00796269 0.00796269 0.00796269 0.00796489 0.00796269 0.00796269 0.0080878 0.00796269 0.00798438 0.00797153 0.00796269 0.00801983 0.00796269 0.00796268 0.00796345 0.00796269 0.335436 0.00796269 0.00796269 0.00796697 0.00801231 0.00796366 0.00796337 0.00796269 0.00796269 0.00796269 0.00810631 0.00796269 16.9089 0.00796719 0.00796269 0.00796269 0.00796309 0.00812371 0.0079631 18.3927 0.00810135 0.00840312 0.00796884 0.00796296 0.00796275 0.00882425 0.00841078 0.00796269 0.00796269 0.00799695 0.00796269 0.00867484 0.00796269 0.00796308 0.00796269 0.00796812 0.00797494 0.00796277 0.00796538 0.00796392 0.00796269 0.263975 0.00798193 0.00806276 0.00796629 0.00796269 0.00796269 0.00796269 0.00817959 0.00796269 0.00798778 0.00800219 0.00828672 0.00796269 0.00796269 0.00796269 0.00796447 0.00796269 0.00796269 0.0100859 0.00796269 0.00796274 606.226 0.00894611 0.00796286 0.00796269 0.01298 0.00796269 0.023845 0.00796269 0.0079627 0.00796269 0.00796269 0.0126749 0.00799653 0.00796275 0.00796269 0.00796269 0.00796269 0.00796717 271.674 0.0079628 0.00796268 0.00796292 0.0079627 0.00801054 0.0079637 0.00796269 0.00796467 0.00807465 0.00796269 0.00796278 0.00796269 0.00796269 0.00796269 0.00796269 0.00796319 0.00796283 0.00796272 0.00796269 0.00796284 0.00799321 0.00796269 20.4195 0.0079627 0.00796269 0.00796446 0.00796269 0.00796269 0.00796354 0.00796269 0.00796269 0.00796269 0.00796268 0.00815284 0.00796269 0.00797853 0.00796269 0.00796269 0.00796269 26.8085 0.00796269 0.00796273 0.00796269 0.00797157 0.00809509 525.42 0.00796272 0.00796269 0.0101076 90.5816 0.007974 0.00797244 19.517 0.00801411 0.00796269 0.00796269 0.0276953 0.00796269 0.00797433 0.00796275 0.00818312 0.00796269 0.0079631 0.0079629 21.4846 0.00796269 0.00796269 0.0079628 37.9789 0.00796269 65.0423 0.00796748 0.00797697 0.0080082 0.00799059 0.00799529 0.00796269 0.00796269 0.00796304 0.0079627 0.00796269 0.00796269 0.00796271 0.00796313 0.00796269 39.1396 0.00796269 0.00796269 0.00796269 0.00796269 0.00796269 0.00796269 0.00796269 0.00796269 0.00796269 0.00796269 0.00796269 0.00796269 0.00796269 0.00796269 0.00796612 0.00796269 0.00812456 0.00796269 0.00796269 89.5801 0.00796269 0.00800131 0.00803899 0.00796269 0.00842378 0.00796269 0.00796269 0.00796269 0.00796269 0.00796269 0.00797176 0.00814938 0.00796269 0.0079628 0.00796343 0.00796269 0.00796443 0.00796298 0.00814791 0.0281723 0.00796269 0.00796269 0.0079627 0.00807595 0.00796363 0.00796269 0.00796271 0.00851971 0.00796269 0.0309701 0.00796283 0.00796286 0.00796629 79.8018 0.00796269 0.00796269 0.00810157 0.00796269 0.00798606 0.00796278 0.0079627 0.00796269 141.357 0.0106595 0.00796269 0.0120978 0.00796269 0.00803963 0.00796269 0.0079627 0.00800971 0.00800444 0.00796269 0.00796476 0.00796269 0.00796288 0.00796426 0.0079627 0.00796269 0.00802346 0.00797941 0.00796269 0.00796269 0.00796269 0.00796273 0.00796269 0.00796275 0.00796275 0.00799098 0.00796269 0.00796269 0.00796269 0.00796269 0.00796269 0.00796271 0.00797172 0.00810416 0.00796277 0.00796269 0.00805105 0.00796269 0.00796983 0.00796305 80.1771 0.0079635 0.00796269 0.00796269 0.00796269 11.7337 0.0079628 0.00796269 20.2822 0.00796414 0.00796269 0.00796446 0.0079804 0.00796269 0.00796269 0.00796274 0.00796269 0.00815015 0.00796274 0.00796376 0.00801655 0.00797187 0.00796268 0.00796269 0.00796271 0.00796269 0.00796473 0.00796279 0.00796269 0.00796269 0.00797513 0.00796269 0.00798334 0.00796269 0.00796269 0.00796602 0.00796286 0.00796269 0.00796268 0.00796269 0.00796269 0.00796269 0.00798184 0.00796269 0.00797717 0.00796269 0.00796312 111.606 0.00796274 0.00796269 0.00796794 0.00796269 0.00834754 0.00796269 0.00796269 0.00796269 0.0884183 0.00797683 0.00796275 0.00796269 0.00796274 57.8148 0.00796269 0.00796286 0.00796269 0.00798167 0.00796269 0.00796274 0.00796325 0.00796269 0.00802349 0.00810657 0.00796269 0.155426 0.00796345 0.00796269 0.00800527 0.00796274 0.00796269 0.00796269 0.00796924 0.00796269 0.00796268 0.00796287 0.0079797 15.547 0.00796278 0.00796269 0.00796375 0.0079627 0.00802715 0.00796269 0.00796269 0.00796269 0.00796798 0.00796269 0.0079627 0.00796275 0.00796269 0.00796269 0.00796269 0.00796279 0.00796268 0.00796269 0.00796471 0.00796281 0.0079644 0.00796269 0.0079952 0.00796269 0.00796269 0.00796291 0.0079627 0.00798409 0.0145399 0.00814514 0.00796283 0.00796269 0.00796269 0.00796269 0.00796268 0.00796269 0.00874526 24.2489 5.16383 0.00798021 0.00796269 0.00796269 0.00796269 0.00796269 0.00796269 0.00796522 0.0079627 0.00804948 0.0079627 134.325 0.00796269 0.00796269 0.00796269 0.00796295 0.00796273 0.0079627 0.00799632 0.00796269 0.00796269 0.00796279 0.00796269 0.00796269 0.00796297 0.00796964 58.0892 0.00796269 0.00796269 0.00796269 0.133331 0.00801449 0.00796269 0.00796269 107.99 0.0138626 0.00796269 0.0079806 95.4392 0.00796491 0.00796292 0.00796271 0.00796269 0.00796369 0.0108893 0.00796269 0.00796269 0.00796269 0.00796269 0.00796269 0.00796269 0.00796306 0.00796274 0.00796272 0.00796294 0.00796268 0.0104041 0.00796269 0.00796269 0.00796269 0.00796269 0.00796284 0.00796269 0.00796274 0.00796269 0.00797466 0.00798094 0.00796269 0.00796269 0.0079629 0.00796269 0.00796269 0.00796271 0.0079628 0.00796269 0.00796269 0.00796269 0.00796269 0.00796269 0.00946615 21.7843 0.00796269 0.00796374 0.00796313 0.00796269 0.00799591 0.00796269 0.00807892 0.00796269 0.00804521 0.00802322 0.00796269 0.0079627 0.00796269 0.00796269 0.00796269 0.00797006 0.00796298 0.00796309 0.0324517 0.00796278 0.00796269 0.00796467 0.007968 0.00796269 0.00803727 0.0079627 0.0079627 258.102 0.0079627 0.00796269 0.00796269 1.07485 0.00796597 0.00804441 0.00796359 0.00804254 0.00796274 0.00796269 0.00796875 0.0079627 0.00894397 0.00796269 0.00798387 0.00796269 0.00796269 0.00796269 0.00796269 0.00801961 0.00796816 12.3054 0.00796269 0.00801514 0.00796269 0.141259 0.00796299 0.00796269 0.00796269 12.9791 0.00796282 0.00796269 0.00796295 0.0079627 0.00796269 0.00796269 12.3533 0.00796648 0.00796269 0.00811055 0.00796269 0.00797814 0.0079627 11.235 0.00796269 0.00847383 0.00796269 0.00796269 0.00796269 0.0079627 0.00796269 0.00796269 0.00829527 0.00796269 0.00796315 0.00796314 0.00796269 0.00796269 0.00799622 0.00796269 0.00796451 0.00796587 0.00797172 0.00796269 0.00847935 0.00796268 0.00796269 0.00796269 0.00809619 0.00796269 49.9923 0.00796269 0.0087345 0.00801846 212.648 0.00796269 0.00796317 0.00796275 0.00796269 0.0079669 0.00796517 0.00804732 0.00796269 0.00796269 0.00796269 0.00796558 0.00796269 274.422 0.00796269 0.00796269 0.00796269 0.00796269 0.00796281 0.00810836 0.00796474 0.00796286 19.8114 0.00796269 69.5908 0.00803318 0.00796268 0.00796288 0.00796269 6.8183 0.00796269 122.68 0.008735 0.00797657 25.4262 0.00796277 0.00840053 0.00806024 29.7848 1.35845 0.826635 0.00796269 0.00796269 0.00796765 0.00796276 0.00796269 0.00796269 0.00796278 9.47978 0.00796269 0.00797194 0.00796269 0.00796269 0.00796269 0.0183492 0.00798019 0.00796269 0.00796269 0.00803329 0.00796377 0.00796269 0.00798112 0.00797 0.00796269 0.00796269 0.00796269 0.00796269 0.00796405 0.00796269 0.00796269 0.00796269 0.00796322 0.00796269 0.0221824 0.00796269 0.00796284 0.00796269 0.00796273 0.00796269 0.00796269 0.00797041 0.00796273 0.00796269 111.989 0.00796356 0.0079627 0.00796269 0.0079646 0.00796269 0.00796269 0.00796271 0.00796376 0.0079628 211.776 0.00796285 0.00796269 0.00796269 0.00796269 0.00796269 0.00796269 0.0081417 0.00797106 0.00796269 0.0079627 0.00796269 0.00796269 0.00796271 0.0126348 0.00796269 27.7905 0.00796269 0.00796269 0.0125695 0.00796271 0.00796371 0.00796295 19.1939 0.00796269 0.00801623 0.00796329 0.00796269 0.00796799 0.00796269 0.00796269 0.00796269 0.00808503 0.00796268 0.00796269 0.00820138 135.812 0.00796304 0.00796269 0.00796269 0.00796276 0.00796976 0.00796269 0.00797693 0.00796269 0.00796944 0.00796269 0.00796605 0.00798161 0.00800938 0.00796269 0.00796269 0.00796269 0.00796269 0.00796269 0.00810411 0.00796269 0.0079629 0.00796269 0.00796445 0.00796605 0.00796269 510.339 0.00796269 0.00796284 0.00801808 0.00796269 0.00796269 28.7351 0.00797299 0.00796269 0.00796269 0.00796283 0.0079628 0.00812913 0.00796287 0.00796319 0.00796269 0.00796269 0.00797722 0.00796269 0.00796272 0.00801125 56.6298 0.00796274 0.00796269 0.00796888 0.00796269 0.00796269 0.00796269 0.00796737 0.00798196 0.00796272 0.00802328 0.00796269 0.00796318 0.00796269 0.00835498 0.00796269 0.00796269 0.00796269 56.5947 0.00796269 0.00835486 0.00796317 0.0079627 0.00796269 0.00800891 0.00818215 0.00796505 0.00796269 0.00796269 0.00801804 0.00796271 0.00796269 0.00796269 0.00796269 0.0124377 0.00805486 0.00798423 0.00796289 0.00805464 0.00796268 179.741 0.00796501 0.0079627 0.00796269 0.00796269 0.00796269 0.00796269 0.00796269 0.00796269 0.00796269 0.00796269 0.00796269 0.00796289 0.00796271 0.00796269 0.00796269 0.00796269 0.00796286 0.00800699 0.00796269 0.00796347 0.0079627 0.00801131 0.00834189 0.00796269 0.00796269 0.00796269 0.00796268 0.00796269 0.00796446 0.00796269 0.00796271 0.00796283 0.00814383 0.00796269 0.00799585 0.00796604 0.0079627 0.00796446 0.00798237 0.00796278 1.90154 0.0079627 0.00800582 0.00796268 0.00796269 0.00796339 0.00796269 0.00846532 0.00796269 0.00796276 0.0079627 0.00796273 0.00796269 22.107 0.00796274 0.00796269 25.1078 0.00796332 0.00796268 0.00806032 0.00796271 0.00850978 0.00796269 676.039 0.00796269 0.00796274 0.00796269 0.0079627 0.00796284 0.00796269 0.00796552 0.00796269 0.00796269 0.00865702 31.042 80.7324 0.00796269 0.00796269 0.00796269 0.00796355 0.00796269 0.00796269 0.00796269 0.00796283 604.599 0.00796268 0.00796269 0.00796269 0.00796269 0.00796269 0.00796269 0.00796269 0.00796269 0.00801216 0.00796269 12.3533 0.00796269 0.0079969 0.00796269 41.5628 0.00798431 0.0079627 0.00796269 0.00796269 9.9742 14.9499 0.00796269 0.00796269 0.00796268 0.00796269 0.00796269 0.00796269 0.00796269 0.00827245 0.00796272 0.00796269 0.00796269 0.00796269 0.00797221 0.00796383 0.00796269 0.00796269 0.00800318 0.00796269 248.992 0.00796269 0.00796269 120.496 0.0079627 0.00796296 0.00796269 0.00796269 0.00796269 0.00796301 0.00796313 0.00796269 0.00796395 0.00796269 0.00796269 0.00796332 49.0542 0.00796269 0.00796276 0.00796269 0.00796269 0.00813802 66.1749 0.00796301 0.00796269 54.8904 0.00796269 0.00796271 0.00796269 0.0079634 0.00796269 0.0079627 0.00796269 0.00796269 0.00796269 0.00796269 0.00796286 0.00796292 0.00796272 0.00796269 0.00796269 0.00796269 359.584 0.00803369 0.00796278 0.00796269 0.00796269 0.00796272 0.00796268 0.00798142 0.00807474 0.00796269 0.00796291 0.00796269 0.0082476 14.5351 0.00796269 24.6663 0.00798568 0.00796332 0.00796271 0.00796269 0.0079899 0.00796269 0.00796269 0.00891881 0.00796268 0.00796269 0.00796635 0.00796269 0.00796269 0.00796269 200.192 0.00796269 0.00796269 68.0853 0.00812044 0.00796269 0.00798247 0.00796269 0.00796272 0.00796269 0.00796283 0.00796269 0.00796269 0.00796269 0.00796277 0.00796274 0.00796268 0.00803271 81.1143 152.765 0.00796269 0.00796269 0.00796269 0.00796269 0.00796269 0.00799352 16.2356 0.00796321 0.00796287 0.00832726 0.00965321 0.00796281 0.00796269 0.00798638 0.00819781 12.5279 0.00797078 77.3938 0.00796269 0.00802874 0.00796269 0.00797 0.0079631 0.00796269 0.00798017 0.0079627 0.00796274 214.816 0.00796328 0.011521 132.652 0.00796269 0.00796356 48.6313 0.00796277 0.00881732 0.00797156 0.007963 0.00799992 0.00796269 0.00823389 22.5014 0.00796269 120.586 0.00802702 0.00796269 0.00796269 0.0079627 0.00796469 0.00798691 0.00796269 0.00796453 0.00796269 0.00796443 27.1246 0.00796269 0.00807213 0.00796269 0.00796501 30.0552 0.0080267 0.00796269 0.008019 0.00796276 0.00796268 0.00796398 0.00796269 0.00796269 0.00796269 0.00812089 0.00800985 0.00796269 0.00796269 0.00796269 0.0079628 0.00806105 0.00796269 0.00796276 0.00796282 0.00796269 0.00808277 0.00803373 0.00796289 0.00796269 0.00796269 0.00796283 0.00796269 0.00796275 0.00796279 0.00796269 0.0079627 0.00796269 0.784594 0.00796269 0.00796269 0.00796268 27.7893 0.00796269 0.00796269 0.00796268 0.00796268 0.00796269 0.00800972 0.00796273 0.00796294 0.00796269 0.00796269 0.00796269 0.00796274 0.0138848 0.00799563 0.00796268 0.00796269 0.00796269 56.3599 0.00796269 0.00796269 0.00796269 0.00796269 0.00796269 0.00807994 0.00796268 0.00796272 0.00808831 0.00796269 0.00796319 0.00823779 0.00796273 0.00796269 0.00796269 0.00796269 0.00796391 0.00927929 0.00796363 0.00796269 0.00796269 0.00796269 0.0079634 0.00796269 0.00796269 0.00828855 0.00796268 0.00796269 0.00796269 0.00803616 0.00805773 14.5351 0.00796269 0.00796269 0.00942448 0.00796511 0.0079627 0.00821221 0.00796269 0.00796269 0.00796695 0.0079627 0.00796285 0.00796269 0.00796268 0.00796269 0.00796269 0.00796498 0.00796269 0.00833731 0.00796269 0.00796269 0.00796269 43.9501 0.00796315 0.0079627 0.00796273 20.2823 26.3223 0.00807398 0.00805133 0.00796269 0.00796321 0.00796274 29.312 53.4354 0.00796269 0.0079678 0.0129166 0.00799422 0.00978578 0.00796269 0.00796269 0.00796269 0.00811371 0.00803345 0.00797078 0.00796269 0.00796269 0.00796269 0.00796302 359.036 0.00796269 0.00796269 115.656 71.9335 0.00796333 0.00796281 0.00796534 0.00796269 0.0079631 6.6459 0.00796377 0.00796272 0.00796269 0.00796269 0.00796269 0.00796269 0.00801576 0.00796388 0.00796297 0.00796268 0.00796269 0.00815427 0.00796269 0.00796269 0.00796269 0.00796269 0.00796268 0.0079627 0.00796273 0.00796269 0.00796269 0.00796269 0.00836844 0.00806011 0.00796269 0.00807914 0.00796269 0.00796269 0.0080288 0.00862053 0.00796283 0.00796269 0.00796269 14.63 785.654 52.9732 0.00796269 0.00796269 0.00796269 228.874 1.96023 0.0079627 0.00799841 0.00811527 0.00796294 0.00796269 0.00796272 0.00796269 0.00796295 0.00796269 0.00796269 0.00796269 0.00797218 0.00796269 0.00796269 0.00796269 0.00796269 0.00796841 0.00796469 112.254 0.00796308 0.00796269 0.00813607 0.00796269 0.00796314 0.00796269 0.00796269 0.00796713 91.2836 0.00819964 0.00796269 0.00796269 0.00796434 0.00849127 0.00946574 0.00796269 0.00796269 0.00796269 0.00796301 0.00985749 9.61273 0.00796269 262.345 0.00796269 0.00796299 0.00796269 0.00796269 0.00796269 0.00796269 0.0079666 0.00796269 0.00796322 264.991 0.00796269 0.00796269 0.00796268 0.00796273 181.379 0.00796269 0.00796269 0.00814125 0.00796269 0.00796406 0.00806924 0.0081917 2.95189 0.00796275 0.00796269 0.00796269 0.00796269 0.00796363 0.00796269 0.007963 0.007963 0.00797589 0.00796269 11.9659 0.00796269 0.00796269 0.00796269 0.0079627 0.0080846 0.00796269 0.0079643 33.3594 0.00804905 0.00796269 0.0079627 137.523 0.00796271 0.00799253 0.00796493 159.288 0.00796269 0.00796277 0.00796269 0.00796269 1.44468 225.297 0.00868324 0.00796363 0.00796269 0.00822513 26.0431 0.00798746 0.00796269 0.00826899 0.00796269 20.1891 305.974 0.00796272 1017.6 0.00796269 0.00801106 0.00796273 0.00796824 0.00796272 27.3872 0.00796269 0.0079643 47.1231 0.00799629 0.00796269 0.00796269 0.00796269 0.00796275 0.00796269 0.00796273 0.177871 0.00815409 0.00796275 0.0079627 0.00796643 0.00813523 0.00848298 20.1082 0.0091641 0.00796269 0.00796269 0.00797799 0.00796729 0.00796584 0.00796269 0.00796311 0.00798582 0.00796269 0.00796269 0.00796269 0.00796269 0.00796269 65.0682 0.00799836 0.00796269 0.0079627 0.00796268 0.0079627 0.00797353 24.2039 0.00796269 0.00796698 0.00801631 0.00799081 0.00796386 0.00797751 0.00796618 0.00804349 121.093 0.00796269 0.00796269 0.00796269 0.00796269 0.00798555 0.00873506 0.00796269 142.967 0.00796269 0.00796269 17.3141 29.0626 0.00796286 0.00818197 0.00797134 0.00796269 237.647 0.00796269 0.00796269 547.408 0.00796269 0.00796522 0.00796269 0.00796277 0.00804515 0.00796269 0.00796269 0.00796269 0.00801868 0.00796269 0.00796382 0.00796277 0.00796269 0.00833327 0.00798456 0.00796269 0.00796922 0.00796269 0.0079627 0.00796269 0.00796269 0.0079627 0.00796269 0.00802808 0.00796269 0.00811852 0.00796269 0.00796342 0.00796269 0.00831106 0.0079627 0.00796409 0.00796269 0.00796273 0.00796269 0.00796269 0.00796299 0.00820394 0.00796268 0.00796349 0.00796272 0.0079627 0.00796638 0.00796269 0.00796269 24.6794 0.00796271 0.00796269 0.00797146 0.00796269 0.00796272 0.00796269 248.744 0.00796269 0.00796269 0.00796269 0.00796269 0.00796269 0.0119926 46.0806 0.00796269 0.00853945 0.00796276 0.00796269 0.00796279 0.00796307 0.00796269 0.00798005 0.00796269 0.0079627 0.00802588 0.00796277 42.4311 0.0079628 0.00804883 0.00796269 0.00796631 0.00796269 0.00796269 0.00801332 0.00797076 0.00809626 0.00796269 0.00796306 0.00798051 0.00796335 0.00796316 0.00797099 0.00796269 0.00796742 0.00796269 0.00796522 0.00796283 0.00796269 0.00796269 0.00796754 0.00796269 5.58647 0.00796269 0.00796269 0.00804927 0.00796269 0.00796269 0.00796314 0.00804017 0.00796269 0.00798558 0.00796345 0.00796269 0.00796269 0.00797127 0.00796273 132.814 0.00796572 0.00796696 0.00796269 0.00796723 0.00796269 5.87547 0.00796269 0.00796269 0.00796269 0.00797469 0.00796273 0.00796268 0.00796269 0.00796269 0.00814255 0.00796286 0.00796602 0.00796269 0.00796287 0.00796269 0.00796269 0.00796448 0.00796269 0.00796269 0.0079627 0.00796271 0.00796269 0.00796269 0.00802301 0.00796269 0.00796269 0.00796269 0.00796272 0.00802014 0.00796269 0.00804817 0.00796269 237.093 0.0079627 0.00796285 0.00796272 0.0080263 0.00796269 0.00796269 0.00796269 0.00849706 0.00796269 0.00796279 46.2703 10.6386 0.00796277 0.00796576 0.00796269 0.00796269 0.00796269 0.00796269 0.00802648 0.00796269 0.00796268 0.00796271 0.00796269 93.6855 16.6857 0.00796269 86.4597 0.00800548 0.00796269 0.00796269 0.00796269 0.00796269 0.0079627 0.00796269 0.00796269 0.00796276 0.00796268 0.00796275 0.00796269 0.00796269 0.00796269 0.00796285 0.00796269 297.351 0.00796269 0.00796269 0.00797073 0.00796284 152.985 0.00796269 0.00796269 0.0079631 0.00796467 0.00796269 0.00796269 0.00796353 0.00796269 0.00796269 27.7794 0.00796269 0.00796269 0.00796269 119.024 0.00796269 0.00796269 0.00799909 11.2772 0.00796275 0.00796269 0.00811237 0.00796269 0.00796269 0.00796269 0.0079627 0.00796269 0.00796269 0.00796269 0.00796269 0.00796269 0.00805433 0.00796287 0.00796269 0.00810214 0.00796271 0.00796281 0.00796269 0.00796302 0.00797666 0.00796269 0.00796288 0.00796269 0.00796269 0.00796269 0.00796268 0.00796269 0.0079628 0.00797216 0.00796269 0.00796269 0.00796269 0.00797225 0.0079627 0.00796269 120.614 0.0727608 0.00796274 0.00796269 4.01749 0.00796269 0.00796269 0.00796269 0.00796269 0.00796289 0.00796269 0.00796269 0.00796287 0.00796553 0.00796276 0.00798188 0.00817401 0.00816363 0.00796269 0.00796271 0.00796288 0.00796269 0.00796288 0.00796269 0.00810918 0.00796272 0.00796269 0.0079628 0.00796269 0.00874695 0.00796268 0.00796269 749.877 0.00796268 0.00796269 0.00796269 0.00797184 0.00796283 0.00796296 0.00796298 40.0049 0.0079628 0.00805791 0.00796268 0.00796269 0.00796373 0.00796272 0.00796269 0.00796269 180.576 0.00801236 0.00796269 0.00796401 0.00796269 0.00797593 0.00796269 0.00796269 0.00796269 1050.76 20.4624 0.00798906 0.00796308 0.00824059 0.0079629 0.00796279 0.00796269 0.00796277 0.00796269 0.00796269 0.00796269 0.00796269 0.00796269 0.00801648 0.00828545 0.00796269 114.459 0.00797347 0.00796269 0.00796269 0.00899168 0.00796269 0.00796291 19.6518 0.00796269 0.00796269 2390.66 0.00796271 0.00796269 0.00796269 0.00796592 834.746 0.00796272 0.00796283 0.00796269 0.00796269 0.00796269 0.00796269 9.62724 0.00796277 0.00796274 0.00804567 0.00796284 0.00796269 0.00796269 0.00796273 0.00796274 73.2635 0.00796269 0.00796326 0.00796269 0.00796269 0.00796337 0.00796268 0.00796276 0.00796295 105.101 0.00796349 0.00796269 0.00796269 0.0079627 0.0079635 0.00796269 0.00796334 0.00799631 0.00796271 0.00796269 11.4131 0.00796269 0.00798855 0.00796269 0.00799302 0.00796269 0.00796328 0.00796269 0.00796269 0.00796269 0.00796331 0.00796566 0.00796274 0.00796273 0.00796272 0.00809688 0.00797583 0.00796499 0.00811343 0.00796307 0.00804096 0.00796491 0.00796443 0.00796269 0.00802339 0.00796269 0.00796268 0.00796273 156.098 0.00796269 0.00796268 0.00796269 0.00796269 0.0079628 0.00796269 0.00796298 0.00796268 0.0079627 0.00796817 0.00796323 0.00796269 0.00796269 0.00796269 0.0303014 0.00797905 0.00798021 0.00796269 18.7028 0.00797178 0.0079651 0.00854414 0.00796269 0.00796269 0.00796315 0.00796268 0.00829648 0.0337057 0.00809181 0.00796269 0.00796375 0.00796269 0.00797351 0.00796269 0.00844309 0.00798404 0.00796269 0.00796269 0.00796269 0.0079627 0.00796269 0.0079627 0.00796496 0.00796269 0.00805651 0.00801272 0.00798248 0.00796269 0.00796269 0.00797703 0.00796269 0.00796268 0.00796269 0.00796271 0.00796277 0.00796269 0.00796295 0.00796269 0.00796281 0.0113053 0.0105847 0.00796269 0.00796269 0.00796269 0.00796269 0.00796314 43.1293 0.00796269 0.00796309 0.00796441 0.00796269 30.5814 0.00796269 0.00801227 0.00796269 0.00796269 0.00796269 0.00796284 63.9798 0.00796269 0.00799815 0.00796269 0.00796269 181.23 0.00796269 0.00796269 0.00796269 0.00796269 0.00810004 0.00796269 0.00818507 0.00797077 0.00796269 0.00796269 0.00796269 0.00796285 0.0135777 0.00796269 0.00796269 0.00809063 0.00803469 0.00796269 0.00796286 0.00796269 0.00796269 0.00797944 0.00796277 0.00796384 0.00796269 0.00796332 0.00796269 0.00796269 0.00796269 0.00796269 0.00796269 0.539644 0.00813388 0.00796269 0.00796279 0.00796268 0.00796269 0.0079627 0.00796269 12.1427 0.00796311 0.00796269 0.00796272 0.00796269 0.00801515 0.00796269 0.00796269 0.00796269 0.0083569 0.00796269 0.00796269 0.00796507 0.00796269 318.23 0.00799627 0.00800317 15.1213 0.00796269 0.00796269 0.00796439 0.00796269 0.00796269 0.00886865 0.0114484 0.00796269 0.00802197 147.034 0.00796288 0.00796533 98.3853 0.0079628 0.00796395 0.00796269 0.00797989 0.00796269 0.00796269 0.00796315 188.305 206.528 0.00796271 0.00796268 124.593 0.00796269 0.00796268 0.00796271 87.4606 0.00796269 0.00796269 0.00796269 0.0079627 0.00796269 0.00806447 0.00796307 0.00796269 0.00796268 0.00796269 0.00796274 0.119672 0.00796269 0.00796269 0.0084349 0.00796269 0.00796268 0.00800876 0.0079628 0.00796269 0.00796269 0.00796671 0.00799629 0.00796269 190.873 0.00796269 0.00796268 0.00796269 15.9248 35.1762 0.00796269 0.00830441 0.00796269 0.00796306 0.00796269 0.00797086 0.00796269 0.00809517 0.00796269 0.00796288 0.0079627 0.00796269 0.00796385 0.00796287 0.00796269 0.00796269 0.0079635 0.00796269 10.9185 0.00796269 0.00796269 0.00796269 123.321 0.0079627 0.054594 0.0079629 0.00796269 0.00796539 0.00796269 0.00796273 76.76 0.00908707 0.00796269 0.00796269 0.0079627 0.00796269 0.00796271 0.00796301 0.00796269 0.00796269 0.00796269 0.00796269 0.00796269 32.1841 0.00798447 0.00799604 0.00796269 0.00805474 0.00796269 0.00796273 0.00812307 0.00797564 0.00796269 0.0079627 0.00797018 0.00796269 26.3478 0.00796269 0.00796302 0.00796269 170.033 0.00796269 0.00796976 0.00796339 0.00796268 0.00796269 0.00796276 0.00796335 0.00796269 0.00796269 0.00796269 0.00798734 0.00796269 0.00798592 0.00796295 0.00838923 0.00796269 0.00796269 0.00796269 0.00796405 0.00796646 0.00796306 0.00796269 0.00796269 0.00796269 0.00796269 138.503 0.00808959 0.00796269 0.00796268 0.00830114 0.00796269 9.50803 0.00796281 291.966 0.00796269 0.00796269 0.00796269 0.00796269 0.00796269 0.00808233 0.00796269 0.00796275 0.00796276 0.00796269 0.00796269 0.00796269 0.00796269 15.6739 385.276 0.00799557 0.00796269 0.00796269 0.00796269 0.00796269 399.27 93.9767 0.00796269 0.00796269 0.00796269 0.00796269 0.00796274 140.955 0.008112 0.0089731 74.4744 66.4772 0.00796269 0.00796268 0.00796269 268.841 0.00841069 0.00796269 0.00805224 0.00796269 0.00796269 0.00796269 0.0079627 0.00796268 0.00796268 0.00796388 0.00796272 0.00812865 0.00796367 0.0079631 0.00796269 0.00796272 0.00796269 0.00796269 0.00796271 0.00796471 0.00796268 0.00797208 0.00796269 0.00941574 0.00796269 0.00796535 0.00796269 0.00810793 0.0079627 0.00796269 0.00796269 338.299 330.944 0.00796269 0.0079669 0.00796278 69.2213 0.00796269 17.9183 0.00826569 0.00796269 0.00796269 0.00796269 0.00796269 0.00796287 0.00796625 0.00796269 0.0079635 0.00796269 68.9942 0.00796269 0.00796269 0.00796269 0.00796271 0.00796269 0.00800783 135.827 0.00796269 0.00796269 0.0079627 0.00803389 0.00796269 0.00796299 0.00796817 0.00815839 0.00796269 12.3533 0.00796269 0.00812737 0.00796269 0.00796269 0.00796287 0.00796271 0.00796269 0.00796272 0.00796269 0.00796269 0.00796269 0.00796269 0.00796269 0.00796269 31.7264 0.00796269 0.00796286 0.0107896 31.6373 0.00796269 0.00796279 0.00797183 0.00796271 0.00796269 0.00796269 0.00796275 0.00796269 0.00796269 0.0079627 0.00796269 0.00796269 0.00796269 0.0079629 0.00796269 148.01 0.00796326 0.00797213 0.00849681 0.00796269 0.00796626 0.00796269 0.00801993 0.0079628 0.00796269 9.76244 0.00796382 0.0079627 2425.83 0.00796269 0.00874551 0.00796269 0.00796296 0.00796269 0.0084695 0.00796474 0.00796409 0.00796269 0.00796927 0.00796269 0.00796269 0.00796269 0.00796895 0.00796269 0.00796917 0.00796269 0.00796281 0.00796269 0.00796275 0.00797654 0.00796275 0.0079629 13.0038 0.00796269 0.00796269 222.849 21.7843 0.00796291 0.00796288 0.00796278 8.22822 0.00796342 0.00796269 0.00796357 0.00796269 0.00806616 0.00796269 0.00796269 0.00796279 50.0326 0.00796465 0.00796269 10.873 0.00796269 0.00796269 0.00796269 0.00796273 0.00817694 0.00803935 0.00796456 0.00796293 0.00796269 0.0081215 0.0079627 0.00796272 0.00796269 0.0115643 0.00796325 0.00796269 0.00796272 0.00796516 0.00796269 0.00796286 0.00796269 57.6907 0.00796272 0.00796343 0.00817543 0.00802956 0.00796284 0.00796269 0.00796276 0.00796269 0.00796269 0.00796269 0.00796269 0.00797295 39.192 0.00796269 22.7641 0.00803047 0.00796274 0.00796277 0.00796376 0.0079642 0.0079628 0.00796271 0.00796269 0.00798138 0.00797025 0.00796325 0.00797941 0.00796342 0.00797214 0.00796379 16.4578 0.00796269 0.00796273 0.00798445 0.00796269 2.42055 0.00796283 0.00796269 19.2966 0.00796367 0.00796285 0.00796269 0.00796269 16.1214 0.00796269 0.00796272 0.00796269 0.00796449 0.00805684 0.00796372 0.00796269 0.00796269 0.00796269 0.00796272 0.00796912 0.00796269 40.7047 0.00796269 0.00799906 42.1556 0.00796269 0.00796276 0.00796269 0.00808063 0.00796271 0.00796269 0.00796269 0.00796278 0.00796269 0.00796269 0.00796269 0.00796269 0.00796269 0.00796269 0.0079627 0.00796269 0.00796375 0.00796293 0.00796269 371.406 0.00829979 0.00796974 0.00796612 0.00796298 0.00796269 0.00796269 0.0157456 0.00796269 0.0079628 0.00796269 0.00796504 0.00796269 0.00796274 83.5487 0.00796269 0.00796269 0.00796269 0.00796269 0.00796289 0.0080016 0.00796269 0.00796271 0.00796269 0.00796269 0.00796269 0.00796269 0.00796269 0.00796269 0.00802561 0.00799693 54.1138 0.00796272 0.00796269 0.00796364 0.00796269 0.00796363 0.00796269 0.0080558 0.00796278 0.00825119 0.00796283 0.00796269 0.00796269 0.00796269 0.00823336 0.00796269 0.00796269 0.00797327 0.00796333 0.00920265 114.122 0.00796297 0.00796322 0.00796343 0.0081881 0.00796269 0.00796407 0.00796452 0.00805783 0.00796272 44.6732 0.00796269 0.00796734 0.00796422 0.00796322 0.00796269 0.0079628 0.0079641 0.00796269 0.00796338 0.00796269 0.00796282 0.0079628 0.00796459 0.00796269 0.00796278 9.27003 0.00796269 0.00796269 37.7588 11.6111 0.00796272 0.00796549 0.00796333 0.00796274 0.00836648 0.00796269 0.00796269 0.00796316 0.00796273 0.00796277 0.0105824 0.00796269 7.79841 0.0079627 0.00796285 0.00796268 0.00796269 0.00796277 0.00796269 0.00796295 0.00796276 0.00798139 0.00796349 0.0093325 0.00817103 0.00796269 0.00796276 0.00796269 0.00796651 0.008037 0.00796276 222.95 83.1636 0.00796269 0.00796272 0.00796288 0.00970574 0.00796269 0.00796866 0.00796298 0.00796269 0.00796271 0.00796276 0.00796269 0.00796269 0.00796271 0.00796269 0.00796271 0.00796269 0.00796349 0.00796386 0.00798753 0.00796278 0.00796278 0.00796269 0.0102542 0.00796306 0.0080049 0.00796268 0.0079628 0.00796269 0.00796277 193.706 0.00796349 0.00796269 0.00796269 0.0079627 0.00796269 0.00799869 0.00796285 0.00796995 0.00796272 0.0079627 0.00796269 423.723 0.00796269 0.00796269 0.00796269 0.00796297 16.7619 0.00796269 0.00796269 0.00796286 0.00796269 0.00796268 0.00800759 0.008395 0.00796281 0.00796269 0.00797604 0.00849122 0.00796268 0.00796273 0.0079628 0.00798773 0.00796269 0.00811231 499.739 0.00796269 0.00796269 0.00796269 0.00796315 0.00796275 0.007963 0.00797079 0.00804938 336.329 0.00796309 0.00796272 0.00796302 0.00796269 0.00796269 0.00796269 0.00796269 0.0079628 0.00796271 123.511 0.00796272 0.00796431 0.00796269 0.00805342 0.00797724 0.00817712 45.6032 0.00796269 0.00796269 0.00796269 0.00796432 0.00796299 0.0829795 0.00796269 0.00796269 0.00800198 0.00796269 0.00796269 0.00802333 0.00839235 0.00796274 0.00796942 0.00815726 0.00796269 0.00796269 0.00796268 0.00796269 0.00796269 0.00796269 0.00796269 64.4604 0.00796325 0.00796269 0.00796269 0.00796271 0.00796269 0.00796337 0.0294427 0.00796272 0.00801283 0.00796274 0.00796839 0.00796275 0.00796269 0.00796269 0.00803577 0.00796269 566.09 0.00796272 0.056151 0.00796268 0.00796269 80.3582 0.00796439 0.00828594 0.00796269 0.00796559 0.0079627 0.00796278 0.00796269 0.00796269 0.00801591 0.00796269 0.00796269 0.00796269 0.00796269 1.48785 0.00796269 0.00796269 0.00801331 0.00796269 0.00805507 0.00798412 0.00799325 0.00796269 0.00796869 213.511 0.00796269 0.00796269 127.988 0.00796269 0.00796269 22.8985 0.00796271 0.00796269 0.00796269 0.00796269 0.00796269 0.00796269 0.00796269 0.00796305 0.00796269 0.00833627 0.00796269 0.00796271 0.00796364 0.00796269 0.0079809 0.00796268 0.00796311 0.00796269 0.00796269 0.00796269 0.00796268 0.00796269 0.00796271 0.00796269 0.00796269 25.3942 0.0079627 0.00796269 0.00796269 0.00796269 0.00796272 0.00796269 0.00802187 0.00796269 124.646 0.176294 0.00796269 0.00796269 0.00796269 0.00796269 0.00796269 0.00796276 0.00796268 0.00796479 0.00796272 150.157 0.0079627 0.00815319 0.00796271 0.00796269 0.00798007 0.00796268 96.352 0.00797086 0.0079627 0.00796269 0.00796269 0.00796269 0.00796269 206.893 0.00796269 13.9626 0.00796296 0.00798426 0.00812183 0.00796269 0.00796269 0.00796273 0.00797275 0.00796269 0.00796269 0.00796327 0.00796269 0.0079627 0.00796269 0.00819098 0.00796269 0.00796269 7.79793 0.00796269 0.00796269 0.00796269 0.00796276 0.00796491 0.00803187 4.01923 0.00796269 0.00796269 0.00796268 0.00796272 0.00796269 0.00796276 0.00796273 0.00796269 0.00796734 0.00796276 0.00796269 0.0079635 0.00796531 0.00796269 0.00796271 0.00796269 0.00803946 41.1252 0.00796409 0.00796269 0.00802675 0.00796269 0.00796272 0.00798782 0.00796269 0.00796269 0.00796269 0.00796287 0.00807072 0.00796397 0.00796269 0.00796269 0.00796269 130.233 0.00796269 0.00796325 0.00796269 0.0079646 0.00796717 24.8466 0.00796276 0.00803628 0.00796269 0.00796322 0.00796276 0.00801958 0.00796269 0.00796269 0.00799789 0.00796279 0.00796274 0.0079627 0.00796269 0.00796269 0.00796562 0.00796269 0.00796269 0.00796269 0.00813488 0.00796276 0.00796269 0.00796269 0.00796615 0.00796276 0.00796302 0.00796269 0.00796482 0.00796269 0.00796269 0.0079627 0.00796273 0.00796269 0.00796273 0.00796435 0.00796277 0.00796496 0.00807615 0.00796271 0.00796433 0.00801295 0.00832694 0.00799005 0.00796269 0.00796353 0.00796272 0.00796269 0.00796269 0.00796269 0.00796269 0.00796271 10.5705 0.00796269 0.00796269 0.00796269 0.00796558 0.00796269 0.00796405 0.00796321 0.00796269 0.00839493 0.00796269 0.00796269 0.00796269 0.00796269 0.00796286 0.00796269 0.00812545 0.00796269 0.00796287 0.00796269 0.00800314 0.00796276 0.0079641 0.00854371 0.0145404 0.00796269 0.00796268 34.5104 0.00844974 0.00796269 0.00796269 0.00796269 0.00796271 0.00796269 0.00796269 24.1719 0.00796269 0.00796269 0.00797534 0.00796269 0.00796269 0.00800635 14.997 0.00796269 0.00796269 0.00803889 0.00796269 0.00796269 0.00796269 57.4144 0.00796272 0.00804296 0.00796269 0.00814517 0.00796269 0.0200289 0.0084968 0.00796271 0.00796279 0.00796269 0.00796269 0.00804994 0.00796269 0.0079627 0.0079628 0.0079627 0.776573 0.00796269 0.00796282 0.00796284 0.0079628 0.00796269 0.00796269 0.00796269 0.00796269 0.00796269 0.00796269 0.00796269 0.00796269 0.00796269 0.00796269 0.00826988 0.00796268 0.00796294 0.00796269 0.0163153 0.00796269 313.772 19.3037 0.00796268 0.00796269 0.00796269 0.00796269 0.00796269 0.0165209 0.00796269 0.00796269 0.00796311 0.00813532 0.00796269 0.00796269 0.00796269 0.00796269 0.00796269 0.0079881 0.00796269 90.2563 78.8662 0.00796427 0.00796279 0.00796269 0.00796269 377.417 0.00796269 0.00813512 0.00796269 0.00796271 0.00796278 0.00796733 0.00796269 0.00796269 0.00796269 2.30515 0.00796281 0.00796269 0.00796269 0.00796314 0.00796269 0.00796269 0.00796697 0.00796269 0.0079627 0.00796269 0.0079627 0.0079628 0.00796276 0.0079627 0.0079627 0.00796315 0.00796269 0.00796269 0.0079627 83.9926 0.00801212 0.00796269 0.00796269 0.00796275 26.3616 2330.07 0.00803373 0.00796269 0.00796269 0.00796268 0.00796269 0.00802934 0.00796271 0.00796313 0.00796269 0.00823064 0.00796269 0.00796269 0.0079627 0.00796269 0.00796269 0.00796269 0.00796269 0.00796269 0.0079629 0.00796612 0.00796269 0.00796269 0.00797713 0.00798935 0.00796278 0.00796268 0.00808242 41.4779 0.00796269 0.00796274 0.00796269 0.00796269 0.00797562 0.00796269 0.00799943 0.00796269 0.00796268 0.00805813 0.0085546 0.00796269 0.00796268 0.00796269 0.00796268 0.00796269 0.00796275 0.00796312 0.00796269 0.00796269 0.0124378 0.00796269 21.7843 419.277 0.00796269 0.00796269 0.00796269 0.00796269 0.00796269 0.00796271 0.00796269 0.00871526 0.00796753 0.00796269 75.5872 0.00796269 948.243 0.00796269 225.184 441.823 0.00796289 0.00802752 0.00796269 0.00796269 0.00796269 0.00796268 11.4131 0.00796268 0.00796269 0.00796269 0.00796272 0.00796273 58.9071 0.00796269 0.00796269 0.00796365 0.00798552 0.00796276 0.00796269 0.00830155 0.00796274 0.00796276 0.00796282 0.00796269 0.00796271 0.00796277 0.00796269 0.0079627 0.00974977 0.00797777 0.00796269 0.00796269 0.00796269 0.00796269 0.00796269 0.00796269 0.00796269 0.00842069 0.00798342 0.00796269 0.00796355 0.00796269 0.00796269 0.00796268 0.00796269 0.00796305 0.00796269 0.00796269 0.0103082 0.00796269 0.00803428 0.00798566 0.00797253 0.00796822 0.00796269 0.00798438 0.00796269 0.00819342 0.00796269 0.00796269 0.00796269 425.568 0.00797143 0.00796269 0.00796579 55.0219 145.896 0.00812505 0.00796269 0.00796269 0.00796272 0.00796277 0.00796269 35.7952 0.00796269 0.00796269 0.00796269 0.00796268 0.00796269 0.00796269 0.00796276 0.00796283 0.00809096 0.00796707 0.00796272 0.00796269 0.00796309 0.00796269 113.141 0.0079629 0.00796269 0.0079628 0.00796811 0.00796269 0.00796358 15.1213 0.00796269 0.00796269 0.00796421 0.00796491 0.00802183 0.00796269 0.00796269 0.00796269 0.00796274 0.00796269 0.00796542 0.00796268 543.343 0.00796271 0.00796269 0.00798098 0.00796322 0.00796292 0.00796269 0.00796272 0.00796269 0.0079627 0.0121159 1066.83 0.00796268 0.00796282 0.00796269 0.00796269 0.00796328 0.00796269 0.0079628 0.00796269 0.00796269 0.00796281 0.00818565 0.00866706 0.00803917 0.00796269 0.0080298 0.00797106 0.0079627 0.00796275 0.00796269 0.00796271 0.00796269 0.00796269 0.00796316 0.99713 0.00796325 0.00796274 0.00796275 0.00796415 0.00796269 0.00804555 0.00796269 0.00796273 0.00796269 0.00796272 0.00796269 0.007966 0.0546943 0.00800986 0.00796269 0.00798199 0.00796271 0.00798418 0.00796271 0.00796269 0.00796269 0.00797158 0.00796269 0.00796269 0.00817707 0.00796269 0.00796269 0.0079627 0.00796282 0.00796283 0.00796269 0.00797527 0.00796275 0.0144306 0.00796278 0.00796269 0.00800243 0.00796269 0.00796269 0.00796269 0.00796269 0.00796674 0.00796269 0.00813944 0.00803344 0.00796269 0.0079629 0.00796269 0.00796269 0.00796358 0.00802182 0.00805765 0.00796277 0.00796269 0.00796269 17.9955 0.00796269 0.0079628 0.00796269 0.0079627 0.00796269 0.00796269 0.00796269 0.00796269 0.00796275 0.00796269 0.00796269 0.00796269 0.00796268 0.00796269 0.00884087 0.00796268 0.00796273 21.592 0.00796269 0.00796502 0.00802798 0.00796269 0.00796271 0.00796269 0.00796269 0.00796271 356.946 0.00796269 0.00796269 0.00796399 0.00796328 0.00796269 0.00798523 0.0079628 0.00812736 15.7325 0.00796269 0.00796269 12.3533 0.00796268 0.00802252 0.00796269 0.00796269 0.00796641 0.210455 0.00796274 0.0080399 0.00796297 0.00829653 0.00796269 0.00796273 0.00796313 0.00796269 0.00796269 479.868 0.0079627 0.00796935 0.00796282 0.0079631 0.00801714 0.00796387 0.00796269 0.00796269 0.0080061 72.4705 0.00796297 0.00796283 0.00796269 0.00796269 0.00796309 0.00796462 32.3963 0.00796315 0.00796269 0.00796269 0.00796272 0.00796269 0.00796273 0.00796269 0.00796269 0.00811496 0.00796269 0.00796269 0.00796269 614.492 89.1258 0.00796269 0.00796271 0.00796284 175.731 0.00796269 0.00796269 0.00798795 0.00796308 0.00796269 0.00796269 0.0079697 0.00796269 0.00796287 0.00796428 0.00797087 0.00834116 0.00796268 0.00796269 0.00796269 0.00796269 0.0079627 0.00796269 0.00796269 0.00796268 0.00796269 0.00798601 0.00796269 0.00818662 0.00796271 0.00796269 0.00796269 0.00796269 0.00796269 135.073 0.00796281 0.00803468 0.00809888 0.00796284 0.00796311 0.00813693 125.502 0.00796269 0.00796273 0.00796269 0.00796269 0.00796269 0.00796269 0.320884 0.00797497 0.00796269 0.00796268 0.00796269 0.00796269 0.00796776 83.5332 0.00796269 0.0079629 0.00806982 0.00796548 0.00796269 0.00798701 0.007964 0.00796276 0.00796269 0.00796269 0.00919212 0.00797536 0.008068 0.00796269 0.00796455 0.0079627 0.00796269 0.00796269 0.00798081 0.00796269 0.00796269 0.00796269 0.00796269 0.00796272 0.00796269 11.1823 0.00796269 0.00796269 0.00796312 0.00796279 0.00796269 28.3198 0.00797573 0.00796271 0.00796421 0.00796269 0.00796269 71.4086 0.00796635 2.48154 0.00796269 0.00796268 0.00796269 0.00796269 0.00796269 0.00796375 0.00796269 0.00796268 0.00796269 0.00823213 0.00796269 0.00796269 0.00800964 0.00804034 0.00796269 0.00807935 0.0085612 0.00796271 0.00797858 0.00796269 0.00796269 0.00796269 0.00796286 0.00796291 0.00826725 0.00796269 0.00796269 0.00796269 0.00796269 0.00796269 0.00796269 0.00796273 0.00796269 0.00796269 0.00796269 0.00796269 0.00796268 0.00796277 0.00865422 1.58148 0.00796269 0.00796269 0.00796269 0.00796277 0.00796307 0.00796269 0.00796276 0.00796269 0.00804918 161.323 0.00838476 0.00796269 0.00796269 0.00796269 0.00796274 0.00796269 0.00831862 0.00796308 0.00796269 232.559 0.00796296 0.00796269 0.0096166 0.00796269 0.00796275 0.00853375 229.073 0.00796273 0.00796268 0.00796269 0.00796269 0.00796272 0.0079627 0.00796269 33.3594 0.00838719 0.00797132 0.00796269 0.00796269 0.00796274 0.00796318 0.00802784 0.00796269 0.00796291 0.00796269 3.75387 0.0079627 0.00796269 0.00796269 0.00796269 0.0079734 13.3637 0.00796269 0.00796269 0.00796269 0.00796269 0.00796269 0.00796269 0.00796269 0.00796269 0.00796272 0.00796269 49.0497 0.00797782 0.0079627 0.00796269 0.00796269 0.00796353 0.00796269 0.00796271 0.00796272 0.00796269 0.00796269 0.00796281 0.00799841 0.00805157 0.00796269 0.00796287 28.3645 0.00796377 0.00796269 0.00797381 0.00798822 0.00796269 0.00811457 103.395 0.00796283 0.00802797 0.0348591 0.0079627 0.00796269 0.00796269 0.00796303 20.2372 0.00797537 0.00796276 0.00796269 0.00796269 0.00796309 0.00796269 0.00796269 0.00796269 0.00796269 0.00796269 0.008082 0.00796272 83.5829 0.00796269 0.00799603 0.00871492 0.00796269 0.00796269 0.00796269 0.00796269 3.68771 0.00796269 0.00796518 0.0079627 0.00796269 0.00796269 0.00796269 0.00796269 0.00796269 0.00796269 0.00796269 0.00800392 0.00796269 0.00797344 0.00804149 0.00796269 0.00867848 0.0079628 0.00796269 0.0079627 22.8975 0.007976 0.00796269 0.00796364 0.00796269 0.00796406 0.00796269 0.00796269 0.00796709 0.00796269 0.00806318 0.00796269 25.108 0.00796269 0.00796286 0.00816133 0.0079731 0.00796269 0.00796269 0.0079627 0.00796348 0.00796269 0.0131988 0.00796269 0.00796269 0.00808054 0.00802395 0.00796269 0.00797504 0.00797496 589.662 0.00796269 0.0079627 0.00796269 0.00801682 0.00796272 0.00796352 0.0100965 15.3562 0.00796269 0.00799731 0.00796276 0.00796575 0.00796616 0.0079627 0.00796269 16.5472 0.0079627 0.00798079 0.00796269 0.00809479 0.00796342 0.00796269 0.00796269 0.00796306 0.00796269 0.00797267 159.953 0.007971 0.00796269 43.7035 0.00796908 37.6976 0.00796269 0.00796269 0.00796269 0.00796269 0.00801991 0.00796272 0.00796269 37.302 0.00814596 0.00796269 0.00796269 0.00796269 0.00796273 0.00796269 0.00797298 0.00796268 62.6697 0.00796269 0.00796271 0.00796269 0.00796269 0.00796269 0.00796269 0.00796269 0.00796269 0.00796269 0.00796276 0.00796467 0.00796291 0.00796269 11.7553 0.0079627 0.00796269 0.0079627 0.00796273 0.00796269 1.01378 56.0639 0.00796269 0.00796403 0.00796273 0.00796269 0.00796377 0.00796274 0.00798803 0.00796269 0.00796333 0.00796269 0.00796276 221.044 0.00816797 0.00796305 0.00796392 0.00796447 0.00802646 0.00796269 0.0081001 0.00797081 0.00796275 0.018975 0.00796268 0.00796454 0.00796269 0.00809358 0.00796997 0.00796269 0.0084836 0.00796276 0.00796269 0.00796272 0.00796269 0.00796276 0.00796346 0.00796273 0.00802037 0.00796269 0.00796269 0.00796274 15.563 28.5995 0.00796269 0.0204862 15.9798 0.0079627 0.00796269 0.0079627 0.00801514 101.661 0.00796276 0.00796269 0.00796269 0.00796271 0.00796269 0.00809472 21.4693 0.00802692 0.00796294 0.00796269 0.00796269 0.00796323 99.6213 57.7352 0.00796268 0.00801432 0.00796268 0.00796269 0.00796269 0.00804222 0.00796269 0.00796269 0.00797542 0.00819141 0.00803646 0.00799856 0.00796268 16.5518 0.00796269 0.00796269 0.00796269 0.00796277 0.00796281 0.00796281 0.00796269 0.00802676 0.00797682 0.00796269 0.00804847 0.00796277 0.00797283 0.0079627 0.00796269 0.00796268 0.00796269 0.00796269 0.0079658 0.00800811 0.00796891 0.00796278 0.00796271 0.00796268 0.00796269 0.00796269 0.00819613 0.00796269 0.00796269 0.00796269 0.00796269 0.00796269 0.00796269 0.00796269 0.00796277 0.00796269 0.00796408 0.00801487 0.00796269 0.0079906 0.0085898 0.00797792 0.00796269 0.0549348 0.00796268 0.00798943 0.00796269 0.0214215 0.00796272 0.00799929 0.00797251 0.00796269 0.00796268 0.00803858 0.00796269 0.00796269 0.00796269 0.00796269 0.00796299 0.00796269 0.00796356 0.00796268 0.00796269 0.00796269 11.6063 0.00796269 0.00796269 0.00796269 0.00796759 0.00796352 216.306 0.00796318 0.00797773 0.00796269 0.00796385 0.00796271 0.00796471 0.0079627 0.00808747 0.00796274 0.00796275 0.00796269 0.00796269 0.00796269 666.674 0.00796269 0.00796268 0.00796269 0.00796272 0.00796269 0.00796269 0.00796269 0.00796279 0.628773 0.0079631 0.00796269 0.00804089 0.00796269 0.0079627 0.00796279 0.00796269 0.00796269 0.00796269 0.00796272 0.00796701 0.0079628 0.00796269 0.00797572 119.612 0.00796354 0.0079627 0.00796277 0.00796303 0.00796357 0.00796269 0.00796269 0.00796269 0.00807846 0.00796269 0.00796269 0.00818271 230.238 0.00796269 0.00796301 0.00797096 0.00800788 0.00796269 0.00796284 0.0148617 0.00796269 0.00796269 0.00796269 0.00796432 21.4134 0.00796269 0.00812672 0.00796269 0.00796269 0.00796633 0.00796269 0.00806496 0.00796311 0.00809453 0.00796269 0.00797111 0.00796269 0.00796269 0.00796272 33.3973 0.00796283 0.00797949 0.00796269 0.00796282 0.00796269 0.00796269 0.00796269 0.00796297 4.54637 30.14 0.00796269 0.00796269 0.0079628 0.00796269 0.00796269 0.00796269 0.00796269 0.00796557 0.0080246 0.00797992 0.00796273 0.00805594 0.00796324 0.00796269 0.00796269 0.00797076 0.00796269 0.00820372 0.00796269 0.00806609 0.00796534 0.00796269 0.00796269 0.00797453 0.00796269 19.5955 0.00796269 0.00796521 0.00796269 0.0079707 0.00796315 0.0079655 0.00796627 0.00796282 0.00796269 0.00796269 0.00796269 0.00796276 0.00796363 0.00796269 0.00796269 0.00796281 0.00796886 0.00796269 0.00796269 275.323 0.00796271 0.00796269 0.00796269 0.00796269 0.00803903 0.00796269 0.00805423 14.8665 0.0079645 0.00796277 0.0079628 0.0079627 0.00796269 0.00796272 0.00796269 0.00796269 0.00796452 0.00796269 0.00796275 0.00796269 0.00796269 0.00838585 0.0079628 0.00796493 0.0081772 0.00796281 0.00796269 0.00866828 132.612 14.5236 0.00796268 0.00796271 0.00796269 0.00800985 0.00796272 0.00796269 0.00796431 0.3453 0.00812489 0.00796419 0.00796268 0.00813524 0.00796278 19.3037 0.00824173 0.00796269 0.00796269 0.00797021 0.0079627 9.01777 0.00796615 0.00796269 0.00796269 0.00796269 0.0079697 0.00796269 0.00796313 0.00819488 88.8042 0.0079627 23.0775 0.00796287 0.0079923 0.00796269 0.0079627 0.00807468 0.00796269 0.00796269 0.00796269 0.00796287 0.00796269 0.00796307 0.00796269 0.00796269 0.00796309 0.00796269 0.00796269 0.00796273 0.00796269 0.00796269 179.946 0.00796269 0.0080406 0.00796269 0.00796269 0.00796269 0.0079627 0.0079839 0.00800584 0.00799537 0.00796269 121.68 0.00796269 0.00796269 0.00805778 0.00796269 0.00796269 0.00796289 0.00804252 0.00796269 0.0079627 0.00796269 0.00848186 0.00796269 0.00796269 0.00796269 0.00796269 0.00796269 0.00796269 0.00796269 0.00796316 0.00796269 0.0079627 0.00796269 0.00796269 0.00796269 0.0079627 0.00796269 0.00797095 0.00796269 0.00797399 0.00796269 0.00796618 0.00814971 0.00796269 0.00796269 0.00798532 0.00796269 0.0079627 0.007963 0.00796299 0.00796269 0.0079627 0.00798191 0.00796274 0.00796269 0.0562805 0.00796404 0.00797803 0.00796315 0.00796297 0.0079627 0.00796269 0.00796269 0.00812627 0.00796269 0.00803476 0.00796269 0.00796269 0.00796269 0.00797232 0.00796275 0.00796533 0.0121626 0.0079627 0.00799406 0.00796269 0.00796271 0.00796269 0.00796273 46.6208 0.010946 0.00796269 0.00796776 720.121 0.00798302 0.00796269 0.0079627 0.00796269 0.00796269 0.00796272 0.00796269 0.0079669 0.00796269 0.00832908 1199.6 0.00796269 0.00805486 0.00796446 0.00801425 0.00796269 0.00796269 0.00796271 0.00796269 0.00796269 0.00796269 0.00797548 0.00809725 0.00796269 0.00796269 0.00796852 0.00796269 0.00796269 0.00796269 0.00796707 0.00796269 0.00796269 0.00796269 0.00796269 0.00796269 0.00796269 0.00796278 0.00796795 0.00796321 0.00796273 26.9101 44.4309 0.0079627 0.00796272 0.00796274 0.00796269 0.00796269 0.00796697 0.0080149 0.00796269 0.00796269 0.00799105 0.00815619 0.00796274 0.00796269 0.00796483 0.00796287 0.00796269 0.00796269 0.00796269 0.00796269 0.00805478 6.16086 0.00796269 0.00798526 0.0079631 0.00796269 0.00817088 0.00800765 0.00796269 0.00796269 0.00796269 0.00873499 0.00796269 475.746 48.5203 0.00796287 0.00796269 0.00796287 0.00796269 0.00796269 0.00797047 0.00796269 0.00796269 0.00796269 0.00796277 0.0079627 0.00799948 0.00796299 0.00796268 20.9544 0.00796269 0.00831438 0.00797939 0.00796269 0.00796269 0.00797165 0.00797948 0.00796275 0.00796269 0.00796269 0.00796269 2.74461 0.00796269 0.00796269 0.00796275 0.00796269 0.415131 0.00796269 0.00796269 0.00796269 0.00796274 0.00798169 4.79959 0.00796269 0.00796269 0.00806248 0.00798774 95.1726 0.00796269 0.00796269 0.00796868 0.00796269 0.00796272 0.00796269 0.00796269 0.00796284 0.00796269 0.00796274 0.00832156 0.00796269 0.00796283 0.00810272 0.00799793 0.00796269 0.00796269 0.00796269 0.00796285 0.00796269 0.00819701 0.00797673 0.00835587 145.714 0.00796652 0.00796269 33.0072 0.00796269 0.00796269 0.00798051 0.00796287 0.00796269 0.00796274 0.00796269 0.00796269 0.00796269 0.00796269 0.00799139 0.00804942 0.00796302 0.00796269 0.00796269 0.00796335 0.0079627 0.00796478 75.499 0.00796339 2462.27 64.2261 0.00796269 0.00799254 0.00805309 0.00796269 0.00796281 14.0686 76.2671 0.00796269 0.00796268 0.00796749 0.00796269 0.00798038 0.00796269 0.00796301 0.0079627 58.6917 0.00796269 0.00796269 0.00796275 0.00796472 0.00911284 0.00796286 0.00819709 0.0119586 0.00796292 0.00796269 0.00796269 0.0202775 0.569768 4.43058 0.00796269 0.00796434 0.00797144 0.00796864 0.00796269 0.00796274 0.00796269 0.00796269 0.00796269 0.00890725 0.00800913 0.00797231 0.00796269 0.00838217 0.00796271 0.00796276 0.00796312 0.0079665 0.00810925 0.00797556 0.00796269 0.00796332 0.00796269 0.022994 0.00796271 0.00796471 42.1737 0.00836731 0.0079627 0.00796268 0.00799366 0.0080556 0.00796269 0.00796276 0.00802617 0.00796269 0.00880871 0.00796271 0.00855504 0.00796269 0.00796291 0.00990672 0.00796269 0.00810331 0.00796269 0.00796271 0.00796269 0.00796269 0.00796269 0.00796269 0.00796269 0.00803447 19.8283 0.00796269 0.00798489 0.00796269 0.00796269 0.00796269 0.00796269 0.00796269 0.00796272 0.00811525 0.007963 0.00796269 0.00796274 0.00802721 22.4899 0.00796269 0.00796277 0.00796269 0.00796349 0.00796269 0.00796269 0.00796272 0.00796275 0.00796269 443.885 0.0079739 0.00796269 0.00796269 0.00796269 133.289 0.00796269 0.00796269 0.00796277 0.00814068 0.00796274 452.342 0.00796269 0.00796279 0.00796377 0.00796269 0.00796269 0.00798273 0.00796272 0.00796269 0.00796269 0.00810989 0.00796269 0.00796269 0.00796269 0.00796268 0.00796404 19.5621 0.00796269 0.00796708 0.00796269 228.056 0.00796269 22.5013 0.00796269 0.00796269 141.607 0.0083601 0.00796269 0.00796269 0.0079627 0.00796269 0.0079627 0.00796269 0.00796271 0.00796272 0.00796273 0.00796271 0.00796269 0.00796269 0.00796532 0.00796269 0.00796269 0.00796351 0.0141859 0.00797058 0.00796269 0.00796269 0.00796269 0.00829674 0.00796269 0.00796269 0.00796269 0.00800407 0.00796269 0.00797045 0.00796338 0.00796279 0.00843896 0.00797288 0.00796269 0.00796269 0.00796269 0.00796269 0.00796269 0.00796269 0.00796276 0.00796269 0.00796269 0.00796268 0.00796272 0.00796269 0.00797907 0.00796269 0.00796323 0.00796269 0.00796305 0.00796269 0.00796269 0.0079627 0.00796361 0.00796269 32.5968 0.00796269 0.0079627 0.00797894 0.00796269 0.00796422 0.00796269 0.00796269 0.00798073 0.0079628 0.00796269 0.00796274 0.00796269 0.00796646 0.00796269 0.00796269 0.00796269 0.00796269 0.00796273 0.00797699 0.00796268 0.00796399 0.00796639 0.00796269 44.7624 0.0079675 0.00796269 0.00796278 0.00796269 0.00796269 0.00796269 0.00798345 0.00796269 0.00796269 0.00796269 0.00796269 0.00796269 0.00796268 0.00796369 0.00798143 56.4396 0.00796269 0.00803462 0.00823984 0.00796269 0.00796313 0.00807672 0.00796268 92.6944 0.00796269 0.00796269 0.00796397 0.00796271 0.00796269 0.00796269 0.00796358 0.00796269 0.00796269 83.6825 98.9717 0.00796269 0.00798354 0.00796269 0.00796269 0.00796269 0.00796269 0.00796269 0.00796269 0.0079628 0.00796279 0.00796269 78.9361 0.00796317 0.00796269 0.00796269 0.00796268 0.00796269 0.00796595 0.00796269 0.0079627 0.00796269 0.00798762 0.00796269 0.00797218 0.00796281 0.00810249 0.00796269 0.00796269 0.00796269 0.00796268 0.00796272 198.532 7.00139 0.00796269 0.00796518 0.00796269 0.00797286 21.9992 0.00796269 0.00796271 0.00796269 0.00798742 0.00862209 0.0079767 0.00796269 0.0079753 0.00797436 0.00796345 0.00796284 0.00796271 0.00796801 0.00796288 0.00869903 0.00796269 0.00796269 0.00796269 0.00796269 0.00800284 0.00796282 0.00796315 262.175 0.00822522 0.00796269 0.00796289 0.00796271 252.354 0.00815856 0.00796269 0.00796283 0.0080101 0.00800651 0.00796285 0.00796269 0.00796268 0.00796269 0.00796275 0.00796312 0.00796275 0.0469615 0.00803186 0.00796269 0.00796275 0.00796269 0.00836015 0.00796269 0.00796269 39.7847 0.00796269 0.00796269 0.00796269 0.00796269 0.00796269 0.00796269 71.7589 0.0079628 0.00796287 0.00796437 1403.6 175.771 25.8594 0.00800217 0.00796739 0.00796269 0.00796887 0.00796269 0.00802304 0.00796269 0.00796269 0.00796268 0.00796752 0.00802968 0.00796413 0.00796269 0.00910687 0.00796269 0.00796269 0.00796269 0.00796375 0.00801294 0.00796269 0.0079628 0.00796273 0.0079681 0.00796269 0.00796269 38.4284 0.00809316 0.00796276 0.00796287 0.00796353 77.3751 0.00796269 0.00796269 0.00799347 0.00796477 0.0079627 0.00796355 0.00796268 0.00796269 0.00796269 0.00796784 0.00796891 0.00796269 0.00796269 0.00796269 14.63 0.00800544 0.00796269 60.7423 0.00796269 0.00796269 0.00796269 0.0079838 0.00796269 0.0079633 0.00796313 0.00796269 0.00796271 0.00797607 0.00796269 0.00796269 0.00796269 0.0079728 0.00796275 0.00796269 0.00796269 0.0079627 0.00796269 0.0079627 0.00796269 0.00796269 0.00796509 0.00796271 0.00796269 0.00796269 0.00796279 80.3926 0.00800182 0.00796273 0.00800993 0.00845495 0.0079627 0.00796269 0.00796271 0.00799853 2.49796 0.00796269 0.00814212 0.00796286 0.00796269 0.00796271 0.0079627 0.00796269 0.00799222 0.00796269 0.00796271 0.00796325 0.00796269 0.00799603 0.00796269 0.00796269 0.00796269 0.00796269 0.00796269 0.00796269 0.00799437 0.00796284 0.0079627 0.00796269 0.00796269 0.0079627 65.3342 0.00796897 0.00796269 0.00796269 0.00803621 0.00796447 0.00796269 0.00796309 0.00827086 12.9767 0.00796294 0.00796269 0.00796272 0.00796272 0.00796276 0.00796275 0.00804869 0.0081491 0.00796277 0.00796269 53.5464 0.00827901 0.00809556 0.00796278 0.00796537 0.00796269 0.00796269 0.00796271 0.00796277 0.00796269 0.00796532 0.00796269 0.00796269 0.0079628 0.00796269 0.00796269 0.00796269 0.00796269 0.00796269 0.00796454 0.00796269 0.00929691 0.00796272 0.00948999 0.00796269 42.349 0.00796269 0.0079627 0.00796269 0.00796269 0.00796269 0.00796269 0.00796269 0.00796421 2378.82 0.0079629 0.00796305 0.00796269 0.00796269 199.501 0.00865964 14.0327 0.00796269 0.00848985 542.437 0.00796269 0.00800226 0.00811647 0.00797513 0.00801904 0.00796269 0.00796269 0.00796269 0.00855969 0.00796269 0.00796276 114.061 370.419 13.7542 0.00796269 0.00796269 0.0080239 0.00796269 0.00796323 0.00796269 0.00796272 0.00800019 0.00796724 0.00796297 0.00803459 0.00796269 0.00796271 0.00796269 0.00796311 0.00801981 0.00796269 0.00796408 0.00797695 0.00796274 0.00796984 0.00797171 0.00796297 3.1823 0.00796269 0.00796269 40.3277 0.00840053 0.00796269 0.00796269 0.00796269 0.00796269 0.00796269 0.00796269 0.00796271 0.00796269 0.00796269 0.00796324 0.00796779 0.00797588 0.00796273 0.00796269 0.0079706 0.00796269 0.0080117 0.00796269 399.119 0.0109662 0.00796304 0.00996759 0.00796846 0.00796629 2.82383 0.00796269 0.00796278 0.00820395 0.00796269 0.00796269 0.00796268 0.0079628 0.00812924 0.00796269 274.128 677.068 0.00796269 0.00796269 0.00796296 0.00796269 240.547 0.00796269 0.00796269 0.00796269 0.00796269 0.00796271 0.00796307 29.7848 0.00803345 0.00796281 0.00796351 0.00796751 0.00796269 0.00796311 0.00800105 0.00796269 0.00797358 0.00796388 0.0079627 0.00796269 20.5536 0.00796269 0.00796268 0.00796268 0.00796269 0.00796316 0.00796268 0.00796269 0.00796273 0.00796268 0.00796269 0.00796269 23.3145 0.00796269 0.00796911 0.00796269 0.00796269 108.917 0.00796269 0.00796358 0.00797302 0.00796269 0.00796269 0.00796271 0.00796269 0.00796269 0.00796269 0.00796291 0.00796269 0.00796269 0.00796269 0.00796269 0.00796269 0.00796326 0.00816009 0.0079822 14.5351 0.00796269 0.00796269 59.7358 0.00798177 0.00796273 0.00798531 0.00796269 0.00796269 1190.65 4.42938 0.00796269 0.00797071 280.026 0.00796269 0.00796269 71.7428 11.2794 0.0079627 0.0453411 0.00796269 0.00796269 0.00797221 0.00796269 0.00852655 0.00796269 0.00796754 0.00796356 3.20852 0.00796505 0.00796269 0.00796269 0.00797625 0.00796268 29.77 0.00796269 0.00796318 0.0079627 0.00796292 0.00796269 0.00796269 0.00796274 0.00796284 0.00801789 0.00796274 0.00796293 0.00796269 0.00796269 0.00796269 0.00805585 0.00796269 0.00796269 0.00796269 0.00796269 0.00796269 0.00796269 0.00796269 0.00796269 0.00796268 0.00796271 0.0079965 0.00825405 0.00796269 0.0079627 0.00796269 14.5351 0.00796268 0.00796269 0.00796269 0.00796269 0.00796424 0.00796269 0.00796269 20.1579 0.00796269 0.00799713 0.00796277 0.00796269 0.00796281 0.00804786 0.00796352 92.1701 0.00796269 0.00796273 28.7955 0.00796269 0.00796387 0.00797288 0.00807734 0.0079627 0.00796269 0.0079631 0.00796319 0.00796269 0.00796277 0.00796269 0.00846199 0.00846104 0.00796269 0.00796269 0.00796269 0.00801966 0.00796269 0.00802344 0.00796274 0.00796397 0.00796272 0.00796294 0.00796269 0.0079627 0.00796269 0.00796383 0.0079627 0.00796269 0.00796299 0.00796309 0.00796269 0.00796481 0.00796269 0.00796269 0.00796269 0.00796269 0.00799847 0.00796304 0.00801173 0.00805989 0.00796269 0.00796269 0.0079627 0.00796277 0.00796269 0.00807 0.00796269 0.00796269 0.00796269 0.00796271 0.00796269 0.00805031 0.00801503 0.00826566 0.00796316 0.00796269 0.00796347 0.00796272 0.0079627 0.00796268 0.0079627 0.00796304 0.00796269 0.00809687 0.00796271 0.00797127 0.00796929 0.00796627 0.00796271 0.00796281 303.16 0.00796269 0.0107843 0.00796269 0.00796382 0.00796269 0.00796269 0.00800175 0.00800861 0.00796269 0.00796269 0.00796269 0.00796326 0.00796269 0.00839078 0.00796269 0.0079801 0.00796269 78.884 0.00797596 1.12805 0.0108664 0.00840892 0.00796269 0.00801586 0.00797395 0.00796269 0.00796269 0.00796269 0.00796312 0.007963 0.00796269 0.0299531 0.00796269 0.00796269 0.00796269 0.00796269 0.00796269 0.00835415 0.00796269 0.00796713 0.00796269 0.00796269 0.00796421 0.00796576 0.00861111 0.00796269 0.00796269 0.00796271 0.00796309 0.00796269 0.00796269 0.00796271 0.00796269 143.48 33.5105 0.00796269 0.00796269 0.00796269 48.4933 0.00796269 0.00796268 0.00796681 0.00796269 0.00796268 0.00796269 0.00796269 48.1798 0.00796269 0.00796269 0.202337 0.00796269 0.00796269 0.00807989 0.00796269 0.00796269 0.00796269 0.00796269 0.00796294 56.7102 0.00796269 0.00796726 0.00796269 0.00809006 0.00796279 0.00796269 0.00796277 0.0079644 0.00796272 0.0079629 0.00796269 0.00796269 69.5738 353.049 0.00796276 0.00796269 0.00796458 0.00825917 0.00796269 0.00811644 0.00796269 0.00796269 0.00796269 0.00796577 0.00796277 0.00796313 0.00796269 0.0079627 0.00796269 0.00796269 0.00796287 14.7103 67.7768 0.00796269 0.0079627 0.00796269 0.00796269 0.00796273 0.0079629 0.00796269 0.00814969 0.00846639 0.00796269 0.00796269 0.00796269 0.00796269 0.00799096 0.00798533 0.00797427 0.00796269 0.00796269 0.00796275 0.00796269 0.00796269 0.00808829 0.00796278 0.00796331 0.00796271 0.00796519 0.00796269 0.00797841 0.00796491 0.00796269 0.00796294 0.0079627 0.00797541 0.00796269 0.00796269 0.00803372 0.00856551 0.00798198 0.00796269 0.00796269 0.0079627 0.00796281 0.00796269 0.00796269 0.0197438 0.0079627 0.00796269 0.00796269 0.00796269 0.00796292 0.00796281 0.00796269 0.00796268 0.00796269 0.00796269 0.0079677 0.00796286 22.9984 0.00804552 0.00796269 0.00803615 0.00796269 0.00796269 1.40177 0.00796269 0.00819004 211.45 0.00805016 0.00796269 0.673635 0.00796311 0.00796277 0.00796288 0.00796269 0.00796269 39.1921 0.00796277 0.00796365 0.00796269 0.00796274 0.00796272 0.00796269 0.00796271 0.00796316 0.00796269 0.00796269 0.00796269 0.00796446 0.00796269 0.00796269 0.00796269 0.00796268 0.00798149 0.00832698 0.00796269 0.00796269 0.00796269 0.00796269 0.00796272 0.00806278 0.00797153 0.00796269 0.00874757 0.00796656 9.96247 0.00796513 0.00796268 0.00803237 0.00796269 0.00796273 0.00797504 0.00796269 0.00820358 0.00800111 0.00817192 0.00796269 0.0079698 0.00796269 0.00939714 0.00796287 0.00796278 0.00796269 0.00796269 0.00796268 0.00796286 0.00796309 94.3858 0.00796269 0.00796586 0.00796884 0.00796268 60.7453 0.00796269 0.00796269 0.00796297 0.00796269 0.00796269 0.00796269 0.00796279 0.00796355 0.00796269 0.00796334 0.00796269 0.0079627 0.00796269 0.00796269 0.00796269 0.00798092 0.00796271 0.00796269 0.00796283 43.7243 0.00801413 0.00796269 0.00796269 0.00796269 0.0441645 14.63 69.1978 0.00796279 0.00796269 0.00796269 0.187561 0.00831766 0.00796316 0.00797552 0.00796343 0.00796269 27.2028 0.00796284 0.00797902 29.0194 0.00797959 0.0111888 0.0112345 0.00796269 0.00805343 0.00796269 0.00796513 0.00796269 0.00796269 0.0125203 0.00796269 0.00796323 336.281 0.00801198 0.00797316 0.00796269 0.00796269 0.00796269 0.00808271 0.00796278 0.00818656 0.007965 0.00796269 0.00796275 0.0079627 0.00799949 0.00796269 0.00796271 0.00848758 0.00796782 0.00796291 0.00799535 0.0079628 0.00796269 28.723 0.00796269 0.00796273 0.00796279 0.00796326 0.00796293 63.405 0.00796383 0.00796319 0.00796328 0.00796363 0.00796286 0.00799645 0.00796402 0.00796269 0.00796268 0.00893922 0.00796269 0.00796384 0.0084528 30.8349 0.00796269 0.00796269 0.00796791 0.00797971 0.00796268 14.2026 0.00796278 0.00796268 0.00806199 0.00796269 0.00796375 0.00796411 0.00796269 0.00796269 0.00796526 0.00858479 0.00797292 0.00796522 0.00796269 0.00796269 0.00796269 0.00796269 0.00796286 0.00796269 0.00796269 0.00796269 44.6356 0.00796305 0.00796434 0.00796927 0.00835906 0.00833369 0.00796269 34.4997 0.00796277 0.0079627 0.00796269 0.00796281 0.00796269 0.00796895 0.00796269 0.00800885 0.0080085 0.00796292 0.00807296 0.00796318 30.5844 0.00796309 0.00796269 0.00796271 0.00797294 0.00796269 0.00796269 0.00796363 0.00809101 0.00796497 0.00796275 0.00796269 0.00796268 0.00796269 1.70925 0.00796272 0.00796421 0.00796268 0.00796269 0.00797277 0.00796291 0.0079627 0.00796284 0.00796274 0.00796269 0.00796269 0.00796269 0.00796269 0.00796269 0.00796384 0.00796274 0.00796328 21.5478 0.00808396 0.00796269 0.00796269 57.4108 0.00796269 0.00813643 0.00796269 0.00798875 0.00796269 0.00796269 0.00796269 0.00796269 0.00799137 0.00796269 0.00796269 0.00802838 0.00811459 0.00796269 3.30103 0.00796269 18.6246 0.00796322 0.00796304 0.00796282 0.00796269 0.00796276 0.00809032 0.00796269 0.00831935 0.00797911 0.00797483 0.00796269 0.00869398 0.00796269 0.0079755 0.00829249 0.00796269 0.00796318 0.00796272 0.00796272 0.00797501 0.00798492 0.00796283 0.00796269 0.00814479 0.00796269 0.00796269 0.00796269 10.529 0.00796269 133.841 0.00824752 0.0080315 0.00796269 0.0079628 0.00802244 0.00796883 0.00796273 0.00796269 0.00796269 0.00796269 0.00796269 0.00796548 0.0079627 0.00796269 0.00797401 4.12108 0.00796341 0.0109925 0.00796269 586.196 0.0080137 0.00796483 0.00796275 0.00796291 0.0079627 0.00796269 0.00796269 0.00796269 0.00796269 18.6246 0.00807743 0.00796269 0.00798321 0.0080161 0.00796272 0.00802719 0.00796269 0.00796269 0.00796269 0.00796269 0.00796269 0.00796269 15.5467 0.00796269 0.00796515 0.00796269 0.00796269 0.00796269 0.00797101 0.00796268 0.00796269 102.214 0.00796313 0.00796269 0.00796989 0.00796269 0.0080335 0.00796269 0.00796543 0.00796269 0.00796269 0.00796297 0.00796282 0.00796782 0.00798641 0.00796269 0.00796269 0.00796269 0.00796269 0.00796271 0.00932047 0.00796269 0.00796334 0.00796269 0.00796477 0.00796269 0.00796277 19.7985 0.00796269 0.00796269 0.00796269 26.7686 0.00796269 0.00796302 0.00796269 0.00796269 0.00796269 0.00796269 0.00796269 0.00797348 0.00796269 0.00796269 0.0079694 0.00796269 0.00796269 0.00796274 0.0079627 0.00796269 0.00796269 0.00800977 0.00796269 0.00813423 0.00796268 147.002 0.00961382 0.00797368 0.00796269 0.00796426 0.00796269 0.00796269 14.63 0.00796282 0.0145096 0.00796269 0.019745 0.0083609 0.00796269 0.00796269 3.00292 180.349 0.0079627 0.00796291 46.8169 0.00796269 22.481 0.00796269 0.00836432 0.0079627 0.0590597 875.007 0.0079627 0.00796269 0.00796269 0.00796331 0.00806398 0.00796269 0.00796269 0.00796271 0.00797068 38.2877 0.0079628 0.00895528 0.00796269 0.00796269 0.00802075 0.0081825 18.7124 0.0079627 0.0079629 0.0079635 0.00796271 14.8595 0.00796269 5.73351 0.0079717 0.00796309 0.00796269 0.00796269 0.00796272 0.00796269 0.00797097 0.00796269 0.00796268 0.00804346 0.00796273 0.00796269 0.00796269 0.00796269 0.00796269 0.00796269 0.00802458 0.00803171 0.0080247 0.00798582 0.00796269 0.00796271 1263.74 0.00796269 0.00797644 0.00796294 0.00796269 0.00796271 0.00816773 0.00801045 0.00796269 0.00796269 0.00796269 20.4028 0.00796269 0.00796269 0.00796285 0.00796269 0.00796269 0.00796269 0.00796268 0.00796269 0.00796269 0.00796269 0.00796269 0.00796269 0.00796275 0.00796269 0.00796277 0.00796338 0.0079634 0.00796269 0.00796722 0.00823805 0.00796483 0.00796269 0.00796269 0.00796292 0.00797211 0.00798443 0.00796603 0.00796269 0.00796269 0.00796276 0.00796279 0.00796269 0.00796275 0.00796269 0.00801311 0.00796269 0.00796269 0.00796269 0.00796269 0.00796317 0.00796269 0.00796269 0.00796271 0.00796269 0.00796269 0.00796271 54.9953 0.00796269 0.00796269 0.00796495 0.00796269 0.00845062 0.00796377 0.00796273 0.00800873 0.00796268 0.0079655 0.00815313 0.00796399 0.00796609 0.00796269 0.00796269 0.00796276 0.00796269 0.00796285 0.0079628 0.00796279 217.678 0.00855517 0.00796269 23.3145 91.0488 0.00796269 0.00796394 0.00796268 0.00796269 0.00796272 0.00796446 0.00796269 0.00796269 0.00796269 0.00796269 0.00797006 0.00841136 0.00796275 0.00796269 0.00796275 0.00796269 0.00796269 0.00796279 0.00796333 0.00796309 0.00806701 0.00820702 0.00796269 0.00796269 0.00796269 0.00796269 0.00798466 0.0079627 0.00800245 0.00797119 0.00796269 0.00796302 0.00810143 0.0079627 0.00796269 0.00829296 22.9984 234.104 0.00796269 0.00806869 0.00796269 0.00804521 15.8219 0.0102403 0.00796269 0.00802209 0.00796269 0.00796276 0.00796269 0.00798287 0.00796269 0.00796269 0.00796269 0.00797288 0.00796269 0.00797478 0.00796282 0.00796269 0.00812011 0.00796269 0.00799959 0.00796268 0.00796269 0.00796269 0.00796269 0.0079628 0.00797086 0.00796269 0.00802349 0.0079627 0.00799643 0.00796279 0.00796269 0.00812576 0.00796269 0.00796272 0.00796283 0.00796269 36.9986 0.00796296 0.00799693 0.370379 0.00796344 0.00796269 325.496 0.00797297 0.00796269 0.00796268 0.00796269 27.4985 0.00796284 0.00796269 0.00796269 0.00824188 0.0210786 0.00801526 0.00796269 0.00796269 0.00796269 0.00811881 0.00796269 0.00796269 29.7789 0.00796288 0.00796269 0.00796269 0.0079637 0.00796283 0.00796269 0.00796271 0.00796269 0.00796269 0.00796269 0.00796269 0.00796269 0.00796269 163.227 0.00796294 0.00796269 0.00796268 0.00796272 0.00799904 1965.6 427.326 0.359394 0.0079627 0.00796269 0.00805868 0.00796269 0.00796269 0.00796269 0.00839495 0.00796332 0.00796269 0.00797166 0.00796269 0.00796269 0.00796269 0.00796269 0.00796269 0.00796269 0.00796283 0.00796269 0.00796269 69.2213 0.00796269 0.00796285 24.9885 0.00796717 0.00796269 0.00796309 0.00796366 0.00796268 0.00798217 0.00796269 0.00796396 0.00796269 0.00796269 60.276 0.00796373 0.00796269 0.00796269 0.00796269 0.00797522 0.00796289 0.00796274 0.00796268 0.00796589 0.00800123 0.00796269 0.00796269 0.00807351 0.00801125 0.00796271 0.00796269 0.0079627 0.00796269 18.6246 0.0079627 69.6349 0.00796269 67.5235 0.00796269 0.00796287 0.00796269 0.00796269 0.00796269 0.00796269 0.00796272 0.00796269 0.00796269 0.0079697 0.00796269 0.00796366 0.00796269 859.067 0.00796269 0.00796269 0.00796269 0.00796269 0.00796269 0.00796874 81.164 29.9781 0.00796278 0.00796271 0.008441 0.00803285 0.00796285 0.00797292 0.00796269 0.00796269 0.00796275 0.00796269 0.00796269 0.00819698 0.00796269 0.00824622 0.00796987 0.00796269 0.00796269 0.00796294 0.0081216 0.00796269 0.00796269 0.00796269 0.0079627 0.00796269 9.28358 0.0093913 0.00796269 0.00796269 15.1939 0.00796269 42.334 0.00796275 0.00799258 0.00796986 0.00796269 0.00796273 0.00796269 0.0079853 0.00796269 0.00796884 0.00796283 0.00796269 0.00821108 0.00796269 76.4403 0.00796269 0.00796269 0.00796269 0.00796379 321.953 0.00796269 0.00796447 0.00796295 0.00796269 0.00796314 15.356 0.00796269 0.00796271 0.00823643 0.00796855 0.00796269 0.00796286 0.00796269 0.00802787 0.00796269 0.00796309 0.0185312 0.00796269 0.00796269 0.00796269 0.00823225 0.00796275 541.614 0.00796293 0.00796269 0.00796272 0.00796269 0.00796269 0.00796269 0.0079648 0.00796269 0.00799202 0.00796402 0.00796269 0.00799639 0.00796279 0.00796269 0.00796272 0.00796306 0.00796282 0.00796778 64.8703 0.00796269 0.00796274 0.00796269 0.00796273 0.00796273 0.00796395 0.00821884 0.00906936 0.00796269 0.00796398 0.00796276 0.00802799 10.4464 0.00797945 0.00796269 0.00796269 0.00796269 0.00796269 0.00796269 0.00796269 0.00798456 0.00796269 0.00821781 0.0079627 0.00796269 0.00796293 0.00796306 7.73979 0.00796269 0.00796269 0.00796624 0.00796269 0.00796269 0.0079627 0.00796269 118.916 0.342295 0.00848523 0.00796637 0.00796273 0.00796281 0.00799275 0.00796274 0.00800393 0.00796916 0.00796374 0.00796269 0.00798994 0.00796269 0.00796276 0.00818194 22.0414 0.00796275 0.00797658 0.00796269 0.0081377 0.00796467 0.00796528 0.00827246 0.00796269 0.00796915 0.00796269 0.00796269 0.00796269 0.00796269 0.00796269 0.00796269 0.00796269 0.00796276 0.00796883 0.00797184 0.00808439 0.00796269 0.00796692 0.00796269 0.0080158 0.00825357 0.00800785 0.00796269 0.00796361 0.0080252 0.00796269 0.00796269 0.00796532 0.00800804 0.00796289 0.00800795 0.00796269 0.00796269 0.00796269 0.00796268 0.00796269 0.00796269 0.00796269 0.00796269 0.00796269 0.00796286 0.00796269 0.00796269 0.00796269 14.5722 0.00796269 0.00796382 0.00852071 0.00799281 0.00796272 0.00796269 0.00939729 0.00796269 0.00796284 0.00796269 0.00796273 0.00796404 0.00796269 0.00796269 0.00796269 346.214 0.00796271 0.0079627 28.6152 0.00796269 0.00812103 0.00796275 0.00797777 0.00796269 0.00796269 0.00797221 0.00796269 0.00796269 0.0079627 1.88075 15.3557 210.987 0.00804477 865.702 0.00796269 0.00810483 0.0080156 0.00796269 0.00796303 0.00796269 0.00796272 0.0128444 75.9146 0.00796269 0.00804264 0.00796284 0.00796269 0.00796275 0.00806658 0.0079629 0.00796274 0.00799693 0.0079627 0.0079627 0.00809093 0.0108039 0.00796341 0.00796269 0.00796269 0.00796269 0.00811577 0.00815102 0.00804689 0.00796269 0.008329 23.3145 0.00796279 0.00796275 0.00796277 0.00796269 0.00796269 0.00796269 0.0079627 0.00796612 58.7036 0.00796269 0.00796269 0.00796269 0.00796273 0.00796311 0.00796327 126.011 0.00796269 0.00796269 0.00796269 0.00796269 0.00796269 0.00796269 0.00796269 0.00796269 0.00796274 0.00813439 127.285 0.00796269 0.00796269 30.9131 0.00796271 0.00796269 0.0079627 0.00796269 0.00796269 0.00796269 0.00796269 0.00796269 23.4031 0.00798004 0.00796269 0.00796269 0.00796273 0.00796269 0.00796269 0.00796269 0.00806875 0.00796318 0.00796291 0.893223 0.00796269 0.00796271 0.0079726 128.159 0.00797261 0.00811244 0.00796269 0.00798854 0.00796269 0.00796277 0.00796269 0.00796269 0.0079627 0.00798362 0.00796269 23.9403 0.0081122 0.00796433 0.00796269 20.6717 0.0079635 0.00798906 0.00796269 0.0079633 0.00796328 0.00796272 0.00796269 0.00796453 0.00796654 47.9544 0.00796269 0.00796269 0.00796269 0.00800411 0.00796294 0.00796269 0.00796269 0.00796275 0.00816397 0.007963 0.00796269 0.00796269 0.00796271 0.00796269 0.00796269 0.00796927 0.00796269 0.00797144 0.00796268 0.00838632 0.00796269 0.00796269 0.00796269 0.00796271 0.0247938 0.0186356 0.00796269 0.00796269 285.61 0.00797706 16.7841 0.00911757 0.00797007 0.00796292 0.00796269 0.00796269 0.00796269 0.00849096 0.00796268 0.00796269 0.00796269 0.00796269 0.00796269 0.00796375 6.54256 0.00796363 30.3746 0.00807966 0.00796269 0.00796269 0.00796294 0.00796269 0.00796285 67.7461 0.00796269 0.00796269 0.00796269 0.00797135 0.00802977 0.00796269 0.00796269 0.00796269 0.00796269 0.00796275 0.00796269 0.00796269 0.00796331 0.00796269 0.00803576 0.00796269 0.00796271 0.00796375 0.00796269 0.00796276 0.00796271 0.00796269 0.00796337 0.00796281 0.00796269 0.00796271 0.00796291 0.00796269 0.00796269 0.00796269 0.00796269 0.00797153 0.00800515 0.00798235 0.00796269 0.00796269 0.00796269 0.00796269 0.00796269 0.00796278 32.9179 0.00796269 0.00796269 0.00810187 30.5784 0.00796269 0.00796269 0.00796269 0.00796269 0.00796273 17.961 0.00796269 110.444 0.00796269 0.00796269 0.00796274 0.00796269 0.00796269 95.7989 0.00796269 117.845 0.00796283 0.0079631 0.00796269 0.00796269 0.00796269 0.00797596 0.00797224 0.00796279 0.00796269 0.00796276 0.0079627 0.00796269 0.00796269 0.00796707 0.00796269 0.00803943 0.00796269 0.0079914 0.00796269 0.0126383 0.00796269 0.00796287 0.00796269 0.0079627 0.00796377 0.00796269 0.00796269 0.00796539 0.00812866 0.00796269 0.00802622 0.00796269 0.00796269 0.00796268 0.00796344 0.00796269 0.00796269 0.00808446 0.00812954 0.00796269 0.00796268 0.00796269 0.0079627 0.00796269 0.00796269 0.00797706 0.00796269 0.00796275 1.01437 0.00805716 0.00796304 0.00796269 0.00796934 77.5152 0.00796269 0.00796269 96.1003 0.00796269 0.00796269 0.00796269 0.00796269 0.00796278 0.00796269 0.00796269 0.00800038 0.00796269 0.00796269 0.00796333 0.00796274 0.00796298 0.0145414 0.00796269 0.00796272 0.0318596 89.016 0.00806845 0.00796269 0.00796273 30.1989 0.00796288 0.0372739 7.16099 0.00799959 0.00798955 0.00796269 0.00796698 0.00796268 0.00796269 0.00796283 0.00796269 0.00796269 0.00796269 0.00796269 0.00797165 52.2721 0.00796269 0.00820925 0.00796269 0.00796269 0.0079647 0.0079627 0.0079648 0.00799952 3.64911 0.00799217 0.00796458 0.00796287 0.00798616 0.00796269 0.00796269 0.00796269 0.00796273 0.0079627 49.7732 0.00796269 0.00796269 0.00796269 0.00796269 0.00796269 0.00796269 0.00796269 0.00796319 0.00796276 0.00796269 0.00796269 0.00817602 4.46564 0.00796269 0.00798467 0.00796269 0.00821062 0.0079669 0.00796318 0.00796269 0.00796348 0.00796288 0.00796269 0.00796268 0.00802586 0.00796269 0.00804667 0.00796269 0.00796269 0.00796268 0.00796277 0.00796269 0.0079627 0.00796269 0.00801491 0.00796486 14.3452 0.0160325 0.00796269 0.00796541 0.00796269 0.00796442 0.00796271 0.00796269 0.00796379 0.00796269 0.00796268 0.00796269 0.00796269 61.9819 0.00796269 0.00922018 200.305 0.0080559 0.00799627 0.00796269 0.00796269 0.00796275 0.00796269 0.00796682 0.0079627 0.00796269 0.0297653 0.00796269 1191.06 0.00796379 0.00799949 0.00796269 0.00796269 0.00796269 0.00815658 0.00796269 0.00796269 0.00796269 0.00796281 0.00796269 0.0079627 0.00796303 82.1243 0.00796271 0.00796281 0.0079627 0.00796269 0.00796269 240.9 0.00796276 0.00796269 0.00796269 0.00796269 0.00796269 115.04 0.00796269 0.00798151 0.00796269 0.00796269 0.00796305 0.00796272 0.00796269 0.00796276 0.00796269 0.00796269 0.00796269 0.00796269 0.00796269 0.00796269 0.0079627 0.00796271 0.00796269 0.00796309 0.00796269 0.00796269 0.00797048 0.0079662 119.216 0.00796271 14.3828 0.0105874 0.00796272 0.00802679 0.00796719 0.00796269 0.0079627 0.00796269 0.00796271 0.00796281 0.00796269 0.00797653 0.00807196 0.00804375 0.00796269 0.00796269 0.00796283 0.00796269 0.00796269 0.00808627 0.00796269 213.22 0.00796286 0.0079631 0.00797665 0.00796326 0.00797288 0.00798195 0.00796269 0.00796269 0.00796269 0.0082186 0.00796275 0.00796269 942.739 0.00796269 0.00796269 0.00796269 184.101 0.00796893 23.373 0.0079627 0.00796598 0.00796271 161.647 186.567 486.797 0.00837458 0.00796392 0.00939738 0.00796269 24.106 0.00796269 0.00796272 0.00796269 0.00796269 0.00807989 0.00796269 0.00796269 0.00796268 0.00800733 0.0079627 0.00796272 0.00796269 49.6787 0.00800786 0.00796269 0.00798215 0.00860506 0.00796269 0.0079627 0.00796669 715.054 0.00796269 0.00796269 0.00796276 0.00796269 0.00802683 102.077 0.00798812 0.00796269 0.00798876 26.248 0.00796269 74.1875 0.00796274 0.00796269 0.0822422 0.00797037 0.00805696 0.00796269 0.00796269 0.00798285 0.00796269 0.00796286 0.00796269 0.00796269 0.00796269 0.00802495 0.00796269 0.00796269 0.00796269 0.00796269 0.00796507 0.00796269 0.0110881 0.00797186 0.00812228 0.00796271 0.00796275 0.00796269 19.1598 0.00796343 0.00796268 0.00796532 0.00796269 0.00796269 0.00796273 0.00796269 0.00798572 0.00796269 0.0279846 0.00796272 0.00801908 0.00796269 0.00799558 0.00796273 0.00796269 0.00796269 0.0079627 0.00796332 0.00796269 0.0108691 9.88104 0.00796269 0.00796269 0.00802933 0.00796269 0.00796269 0.00796269 0.00796269 0.00798556 0.00796269 0.00796307 0.00801109 0.00796269 0.00796269 51.6444 0.00796389 0.0079627 0.0079627 0.00796278 0.00796276 0.00796269 0.00796367 0.00796269 0.00798141 0.00796269 0.00796367 0.00796269 0.00796269 0.00796301 0.0080854 0.007969 0.00796278 0.00796269 0.00796269 150.239 0.00797165 0.00796269 0.0084713 0.00814973 0.00796383 0.00796269 0.00796269 0.00796269 0.00796269 0.00796269 0.00796276 17.3138 0.00843812 0.00796299 0.00796269 0.00796269 73.0255 0.0079627 0.00796269 0.00796269 0.00796269 0.00799531 0.00811991 0.00799631 0.00810509 0.00796269 0.00796276 0.00796286 0.00796269 0.00812594 116.258 0.00798411 0.00796274 0.00796269 0.00796269 0.00799231 0.00796277 0.00801292 0.00796291 0.00799596 0.00796268 0.00796269 0.0079629 0.00796269 0.00796378 0.00798531 0.00796269 0.00796269 0.00796269 0.00796471 0.00796269 0.00796269 0.00796288 0.00796446 0.00830492 11.1839 0.00796698 0.00796275 0.00796269 0.00796298 0.00802955 0.00974414 0.00796269 0.00796269 0.462988 0.00796269 129.343 0.00796269 0.00796269 0.00796282 0.00796268 0.00796567 277.909 0.00796269 30.9949 0.0079629 58.2976 0.00796269 0.00797051 0.0108847 0.00796269 0.00796269 0.00796269 0.0079627 0.00796269 0.00796451 0.00796269 38.4292 0.0113296 0.00796272 0.00801926 0.00796269 0.00796268 0.00796276 0.00796269 0.00796271 0.00796269 0.00796269 501.61 0.00796279 0.00796269 0.00796269 0.00796269 0.00800446 0.00797101 0.00796269 0.00796274 0.0079646 0.00796269 0.00796333 0.00796271 0.00796269 0.00796269 0.00796298 0.00796269 0.00796269 0.00796269 0.00893273 0.00796269 0.00796269 0.00796287 0.00800325 0.00796269 0.00803577 0.00796269 0.00796332 0.00796269 0.008081 0.00796272 0.00796269 0.00796269 402.979 0.00796269 0.00796269 0.00796269 0.00796269 0.00796269 0.00796269 0.00796273 0.00797678 0.0079889 0.00796291 0.00796269 0.00796752 0.00801635 0.0079639 0.00845206 0.00796269 0.00797872 0.00796269 0.00796269 0.00796468 0.00796358 0.00796294 0.00796269 0.00796269 0.00796269 384.936 0.00796269 0.00796291 0.00796271 0.00796315 0.00796291 0.00796269 0.00798768 0.00798989 0.00796268 0.00796269 0.00796269 0.00796417 0.00800295 0.00806795 0.00800767 0.00801906 0.00797539 0.00801615 0.00796269 0.155416 0.00796269 0.00796372 0.00796269 1.30775 0.00797545 122.263 0.00796269 0.00796269 0.00796273 0.00796623 0.00796269 0.00796269 0.00796269 0.00796436 0.00796274 0.00796269 0.00796447 0.00796269 0.00828572 0.00796269 0.00796317 0.00796269 0.00796269 0.00796269 0.00799806 0.00801503 0.00803039 0.00798795 0.00806593 0.00819092 0.00796269 0.00801052 0.00796288 0.00796269 0.0079627 0.00796555 0.00801293 0.00796269 0.00796269 0.00796269 0.0079627 0.00796679 0.00796301 0.00796269 0.00796402 0.00796269 0.00796269 0.00796278 0.00796269 0.00796513 0.0082415 0.0079667 0.00803041 0.0079627 0.00820394 0.00796272 0.00796269 0.00796269 0.00813698 0.00796352 0.00796303 0.00796273 103.867 0.00796293 0.00800714 0.00796448 0.00796273 0.00800081 0.00796269 0.00796269 0.00800696 0.00796269 0.00824744 0.00796269 0.00800699 0.00796281 0.0087743 0.00796308 0.00796269 0.00796269 0.00796274 0.0079627 0.00796634 0.00796275 0.0079627 0.00796268 0.00796279 0.00796269 0.00796428 0.00796269 0.00796269 33.4167 0.00810704 0.00796269 0.00796861 0.00796286 73.229 0.00804338 0.00796269 0.00796389 0.00796269 0.00796365 0.00796318 0.00796298 0.00796269 0.00812349 0.00796274 0.00796269 486.351 0.00796269 0.0081399 0.00796269 0.00796721 0.00796269 0.00796344 0.00796269 0.0079641 0.00796269 0.122801 0.00796269 0.00796271 0.00796272 0.00796283 0.00796299 0.00805213 0.00796269 0.00796276 0.00796269 0.0087317 0.00796269 0.00796285 0.00796269 0.00796269 0.00796269 0.0079629 0.00796269 0.00796269 0.00796269 0.00796269 0.00796272 0.00796269 0.00799749 0.00796277 57.0176 0.00796322 0.00800365 0.00796269 0.00796269 0.00796291 0.00812727 0.00796322 0.00797353 0.00802127 0.00796269 0.00796269 0.0079627 0.00796269 33.893 0.00796268 143.602 0.00796269 0.00796271 46.5241 0.00796273 0.00796269 0.00801614 0.03253 0.00796268 0.00796285 0.00796269 0.00796269 0.00796269 0.00796269 0.00796311 127.142 0.00796269 0.00796269 0.00796269 0.00796395 0.00796288 0.00796269 0.0298924 0.00796269 0.00796269 0.00796269 0.00796629 0.00796269 0.00796269 0.00796269 0.00796279 0.008082 0.00803958 0.00796292 0.00954505 0.0079627 0.00796271 60.0263 0.00796269 0.00796269 0.00796449 0.00796286 0.00826978 0.00796271 0.00796269 0.00796702 0.00796269 0.00796269 0.00796269 0.00796269 0.00796269 0.00796269 0.00796279 0.00796272 0.00796401 0.00796269 0.00801885 0.00796269 0.00796268 0.00799344 257.251 0.00796269 0.00796269 0.0079628 0.00796643 0.00798183 0.00796289 121.711 0.00799395 0.00796269 0.00796269 0.00806994 0.00796269 0.00811211 0.0079627 0.00796269 0.00796269 0.00796298 0.00796275 0.00862338 280.974 0.00796269 0.00796269 0.00796315 12.701 0.00889058 23.0774 0.00796269 0.00796284 0.0682403 0.00796299 0.00796269 0.00796269 0.00796268 0.00816051 0.00796303 0.00796269 20.1891 0.00796269 0.00796373 0.00796289 33.176 0.00796269 0.00796269 0.00796269 274.189 0.00796269 0.00796269 0.00796271 139.7 0.00796269 71.9651 0.00796269 0.00796269 0.00796269 0.00796278 0.00796269 0.00796271 0.00796269 0.00796269 0.00798084 0.00796274 0.00796519 0.00796269 0.00796269 0.00796301 0.00796297 143.402 0.00796283 0.0079627 0.00796268 0.00796269 817.617 0.00796269 0.00796281 0.00796269 0.00799058 0.00813106 0.00796269 166.226 0.00796269 0.00796269 0.00796289 0.00796269 0.00796269 0.00796269 0.00796269 0.00796288 0.00796269 0.00829947 0.00796269 0.00808125 78.9363 0.00796293 0.00803387 0.00796269 0.00796269 0.00796273 0.00949364 0.00796269 10.6037 0.00796313 0.00796269 0.00847056 0.00882561 0.00796273 0.00798959 119.084 0.00796269 0.00796967 0.00797542 71.9847 0.00796474 0.00796269 0.00796269 0.00796269 0.00796269 0.0079629 0.00796269 0.00796354 0.00796272 0.00796269 0.00796796 0.00796269 0.00817199 0.00796269 0.00796357 0.00796271 0.00796269 0.00796269 0.00796269 0.00796269 0.00796269 0.0079627 0.00814205 0.00796269 0.00796285 0.00967318 0.00796272 68.9391 0.00796281 0.00860486 0.00796269 0.00803997 0.00796286 0.00796285 0.00796439 90.2657 0.00796269 0.0079636 0.00796808 0.00878686 0.00796344 0.0079627 0.00802279 121.903 0.00796269 0.00844255 0.00796269 0.00796273 0.00796284 0.00797033 0.012098 0.00796351 0.00798354 0.00796269 0.00796274 0.0079631 29.7848 0.00796269 0.00796269 0.0079627 0.00796275 0.00796287 0.00796292 0.00796269 0.00796772 0.00849682 0.00796271 0.00796269 0.00796269 0.00796269 0.00796268 0.0079633 0.00796269 0.00796273 18.7032 8.96426 0.00796272 0.0080198 0.00796269 0.00796269 0.00796269 0.00796269 0.00796269 0.00821391 3.7125 0.00796271 0.00796269 0.00796269 0.00796269 0.00796269 0.00796279 0.00796279 0.00796269 0.00806521 0.00796269 0.00796269 33.0965 0.00800264 0.00796281 0.00797086 0.00796269 0.00796288 0.00796269 0.00796269 0.00796269 0.00796357 0.00796269 0.00796288 0.00796272 0.00796268 0.00796303 0.00796274 0.00845288 0.00796836 0.0080615 0.00850407 0.00797198 0.00796386 0.00796408 0.00796269 0.00796269 0.00796271 0.00796269 0.00796269 0.00796284 0.00846981 0.00928277 0.00796279 0.00796269 0.0079627 0.00796268 0.00796269 0.0079629 0.00796269 0.0079627 0.00797309 0.00796473 0.00796269 0.00796282 0.00800623 0.00796269 0.00796269 0.0079627 0.00796269 0.0079627 0.00796269 0.00801253 0.00796781 0.00796269 0.00796269 0.00796269 0.00796269 0.00796269 0.00796269 0.00799344 0.00796581 0.00797172 379.954 0.00796269 0.00796269 0.00796269 0.00800788 0.00796269 130.295 0.00796269 0.00809687 0.00796271 0.00796269 0.00796343 0.00796269 0.00805067 0.00796269 0.00796269 0.00796269 0.00796269 0.088565 0.00796519 0.00796269 0.00796272 0.00796269 0.00796271 0.0079627 0.00796269 0.00796269 0.00796269 0.00796352 0.00796271 0.00796269 0.00796269 0.00796271 0.00796269 0.00796269 0.00796269 0.00796269 0.00796269 0.00796643 0.00796537 219.453 0.0079709 0.00796269 0.00796269 0.00796269 0.00796785 0.00796269 0.00796337 0.00796269 0.00882938 0.00796269 14.7112 0.00799861 0.00796269 0.00796269 0.00796269 0.00796282 0.00796322 40.0232 3.43896 0.00796301 0.00796269 0.00796269 0.00796269 0.00796269 0.00796284 0.00796269 0.00796269 0.00796509 0.00796269 0.00796343 0.00796269 0.00814293 0.00796767 9.32594 0.00796279 0.00796269 0.00796269 0.00796269 0.00796269 0.0079627 38.9313 0.00796269 0.00797071 0.00796286 0.00796302 0.00796269 0.00796269 0.00797184 0.00796269 0.00804653 0.00796269 0.00840632 0.00796269 0.00804689 1.30752 0.0079628 0.00796269 0.00796269 0.00796269 0.00799428 0.00802222 0.00796269 0.00796269 0.00796274 0.0111039 0.00800362 0.00798662 0.0079631 0.00796269 0.00796269 0.00796268 0.00807191 355.051 0.00796419 0.00796269 0.00814655 409.31 0.0079628 0.00796292 0.00796269 0.00796269 0.00796269 0.00799726 0.00796269 0.00796269 0.00796356 0.00796269 0.00796269 0.00796269 0.00796269 0.00796315 0.00797146 0.00796269 44.4325 23.1496 0.00797301 0.00796269 0.00830597 0.00796302 0.00796312 0.00796269 0.00796272 0.00796269 0.00796269 0.00796269 0.00809812 0.00796269 0.00796269 0.00796269 30.585 7.01333 0.00796269 0.00796269 0.00823387 0.00838231 0.00796269 0.00807293 837.88 0.0079629 438.322 0.00796286 0.00796268 0.00796305 0.00796753 0.00796715 0.00796268 0.00796269 0.00796297 0.00796269 0.00796269 9.76244 0.0112557 0.0079627 0.00796288 0.00796269 0.00796274 0.00796404 0.00796269 0.00796269 0.00796269 0.00796269 0.00796269 0.00800234 0.00796269 0.00799204 0.00796269 0.0088409 0.00796276 0.00798393 0.00796269 0.00796269 0.00796269 0.00807145 0.00796269 0.00796269 0.00796268 15.1213 0.00796269 0.00796277 0.00796269 0.00796269 2280.49 0.00870309 0.00796306 0.00796722 0.00796278 0.00796269 0.00796269 0.00796269 0.00817521 0.00797537 0.00796269 0.00796269 109.156 0.00802792 0.00815898 0.00796269 0.00796269 0.00796269 0.0079721 0.00796277 0.00801771 45.0562 0.00810826 0.00796269 0.00821534 0.00796272 0.00796269 0.00796269 0.0079627 0.00796269 0.00796269 0.00796269 0.0079627 0.00799559 0.00796268 0.00796272 0.00798574 0.00796981 52.4522 0.00796272 0.00809642 304.892 0.00796269 0.00796287 0.00796276 0.0079628 0.00796269 0.00796269 0.00796269 0.00796269 0.00796269 0.00796269 0.00796269 0.00796269 0.0079627 0.00796269 0.00796269 0.0079902 0.0079627 0.0079629 0.00798607 0.00839127 0.00796392 0.00808448 0.00796332 0.00796269 0.00796269 0.00796269 0.00869382 0.00796269 0.00796269 0.00796298 0.0101477 0.00796269 0.00796552 42.5849 0.00802539 123.52 0.00796294 0.00796269 0.00796269 0.00796269 0.00796269 101.503 0.00796269 0.00796377 0.0079627 0.00796269 0.00796269 0.00798085 0.00796269 0.007964 0.00796269 0.00796358 0.00806156 0.00801294 0.0079628 0.00796269 0.00796271 0.00796269 0.00811603 0.00800154 0.00796268 0.00796269 0.00796269 0.00796285 0.00796269 0.00796269 0.00796271 0.00796287 0.00796269 0.00796315 0.00796869 0.00796269 0.00796269 0.00796269 0.00796682 0.00796269 0.00797805 0.00796269 0.00796269 0.00796269 0.00796269 0.00796274 0.00796269 0.00796269 0.00796383 0.00821057 0.00796269 0.00796269 133.878 0.00796269 14.1998 0.00803627 0.00796269 0.00796269 0.00797244 0.00796269 0.00815921 91.9012 0.00796269 0.0082143 39.0487 0.00796274 0.00796269 0.00796269 0.00798029 0.00796269 0.00796269 0.00796269 0.00796269 0.0079628 0.00796269 0.00796269 0.00796269 0.00796271 0.00796269 0.00796269 0.00798133 0.00796269 0.00796273 0.00796274 0.00796416 0.00797212 294.3 0.00798311 0.00796314 0.00806892 0.00796271 0.00796292 0.00796269 0.00796269 0.0079628 0.00796271 0.00796268 0.00796269 0.00820098 0.00796271 0.00796311 0.0079636 30.6553 0.00796324 0.00796549 417.435 0.00796276 0.00796269 0.00796269 0.00796269 41.288 0.00796269 0.00796269 10.1312 0.00796324 0.00796274 0.00796269 35.9348 0.00796269 0.00796334 0.00796269 0.00798377 0.00796302 0.00798308 0.0081186 0.00796269 0.00796269 0.0105605 0.0079627 20.2263 0.00796269 0.00796515 0.00796277 0.00796269 0.00823804 0.00796269 0.00797257 0.00796468 0.00796295 0.00796274 0.00796269 0.00796269 0.00796269 0.00796269 0.00796343 0.00796269 0.00798035 0.00796269 0.00796269 0.00796269 0.00796782 0.00796269 0.00914001 0.00796269 0.00796314 0.00796269 0.00796269 17.8135 0.00796269 0.00796269 0.00796269 172.73 0.00796279 0.00923778 0.00796269 0.00796269 0.00796269 0.00796304 0.0081207 0.00796269 0.00796269 0.00803446 0.00796269 0.00796613 0.00796269 0.00796269 0.00796269 0.662997 0.00796271 0.00796344 0.0079627 0.00796269 0.00796275 0.00796268 0.00796269 0.00796269 0.00796269 0.00799117 0.00796369 0.0079627 0.00796269 0.00796322 0.00796269 0.00798552 0.00796525 0.00796269 0.00796284 0.0079627 72.4914 0.00797458 0.00796269 0.00796269 0.00796269 0.00796269 0.00796269 0.0079627 0.0102437 0.00798277 0.00796269 0.00796269 0.00796269 0.00796272 0.00796269 0.00796269 21.344 0.00804548 0.0130029 0.00796269 0.00796269 0.00796269 0.00796269 0.00796269 0.0079627 0.00796288 0.00796269 0.00796281 0.00799705 0.00796269 0.00796291 115.033 0.00796269 0.00796269 0.00796269 0.00796269 0.00796269 0.0079627 0.00802178 0.00796269 0.00799833 0.00796269 0.00796334 0.00796269 0.00827376 0.0079627 304.437 0.00796269 0.00796636 0.00797255 0.00796269 0.00799627 0.00796269 0.00796269 0.00796597 33.5453 0.00796369 0.00796305 0.00796269 0.00796269 0.00818222 0.00796269 0.00796269 0.00796269 0.00796274 0.00796269 0.00796269 0.00796269 0.00796272 0.00796269 0.00796269 0.00796269 0.00796269 398.593 0.00796269 62.9951 0.00796269 0.00796269 0.0079628 0.00797032 0.00796304 0.00796274 22.898 0.00796269 0.00796269 0.00796291 0.0079627 0.00796269 0.00796279 0.00796269 338.171 0.00796269 0.0079636 0.0079627 88.3684 0.00796511 0.0080221 0.00796269 0.00796269 0.00796269 0.00796268 0.00796889 0.141389 0.0874213 0.00796272 0.00796269 0.00796269 0.00817105 0.00799613 0.00796269 0.00796269 0.00796279 0.00796274 0.00796269 0.00796286 0.00796707 0.00796284 0.00815143 0.00808374 0.00796269 0.00807471 0.00796269 0.00796269 0.00796269 0.00796269 0.00878205 0.00796269 0.00796269 241.952 0.00868323 0.00796269 506.582 0.00796269 0.00798016 0.00796269 0.00816147 0.00796269 0.00796269 0.00796276 0.0079627 0.00796269 0.00796269 0.00933267 0.00796269 0.00798494 0.00796452 39.4353 0.0079627 0.00796269 0.00796271 0.00796269 0.00796272 0.00796269 0.00852382 0.00796269 17.1543 0.00815249 204.906 0.00796269 0.00796269 0.00796269 0.00796316 0.0107873 0.00796269 0.00796279 0.00796278 0.00798407 0.00796437 0.00796269 0.00796269 0.00796269 0.00799235 0.00796371 0.00796274 0.00796347 0.00796269 0.0079627 143.026 66.8504 0.0080398 0.00796338 0.00796269 0.00796284 0.00796269 0.00796273 1658.67 0.00796269 0.00797005 0.00796269 0.00796269 0.00796269 0.00831855 0.00796271 0.00796283 0.0182656 0.00796343 0.00796282 0.00796269 0.00796269 0.00796271 0.00796362 0.00801247 46.7886 0.00796273 0.00796269 0.00796269 0.00796269 0.00796269 0.0079627 71.159 0.00806311 0.00796269 0.00801497 0.00796269 0.00796269 0.00796269 0.00796272 0.00796269 0.00806184 0.00796277 126.221 0.00796269 0.00796434 0.0566858 0.00796269 0.00796269 1.1595 0.00799728 0.00796295 0.00796398 0.00796276 0.00800787 0.00796269 0.00796269 0.00796281 0.00796271 7.25159 0.00807151 0.0079637 0.00796269 0.00796269 0.00796272 0.00796269 0.00802079 0.00796271 1.15295 0.00796273 0.00796269 0.00797048 0.0081768 0.00796269 0.00796269 0.00796269 0.00796269 0.00796269 0.00796269 0.00801492 0.00796354 0.00796271 0.00816495 0.0079648 139.644 23.3311 0.0079627 0.00796269 0.00796269 0.00796323 0.00796269 0.00796269 0.00796301 0.00796272 0.00796277 0.00797265 0.00796269 0.0080172 0.00872425 6.36826 0.00796269 0.00796269 65.9044 0.00796269 0.00796304 45.3479 1.63857 0.00796269 0.00796269 0.00796662 0.00796269 0.00821207 0.00807836 0.0081482 0.00796299 0.00796291 0.00796269 0.00796269 0.00796269 0.00796276 0.00835718 0.00796269 0.00796269 0.00796269 0.00796269 0.00798753 0.00796269 0.00796333 0.00796269 0.00796269 0.00796269 0.00796275 0.00796269 0.00796269 0.00906129 0.00796356 0.00796275 0.00796269 0.00796272 270.97 0.00796271 0.00796269 0.00796295 0.00796269 0.00880735 0.00796269 0.00796281 0.00796409 29.6792 0.00796269 0.00796269 0.00796269 0.00796304 0.00796269 0.00814168 0.00796269 0.00796269 0.00797915 0.0079631 0.00796331 1065.35 0.00798399 0.00796269 37.4486 0.00810021 0.00796273 0.00796269 0.00796269 0.00796269 0.0079627 0.00796269 0.00796269 0.00797109 0.0177027 0.00796269 0.00807958 0.00796269 0.00799006 82.9024 0.00796269 0.00796269 0.00796269 0.00796269 0.00796268 0.00823212 0.00823158 0.00801958 0.00796269 0.00796269 0.00880161 0.00796278 0.00796365 0.00796269 49.3816 0.00796269 22.5013 0.00796269 0.00796269 0.00796847 0.00796269 0.00796269 0.00796269 0.00796268 0.00796269 0.00796269 0.00796272 0.00796285 0.00796277 0.0354403 0.00796271 0.00798276 0.00796269 0.00796291 0.00796269 0.00796983 0.00796269 0.0481113 0.00796454 0.00809682 0.00796397 0.00807162 0.00796269 0.00796455 0.00796269 0.00796269 0.00796282 0.00796269 0.00796269 18.9034 0.00796269 0.00796269 0.00805699 0.00796269 0.00796269 0.00796269 0.00796271 0.0079627 0.00797167 0.00796269 12.9791 0.00796269 0.00796269 0.00798176 0.00796269 0.00796269 0.00796269 0.0079719 0.0079627 0.00796269 0.0079628 0.00796269 0.00796276 0.00796269 0.00805379 0.00796284 0.00796316 0.00796269 86.6119 0.00796276 0.00796433 0.00796269 0.00796269 0.00796269 0.00796269 0.00796269 0.00796269 138.411 0.00796269 0.00796287 0.00796269 0.00796268 0.00796353 0.00797651 0.00796269 0.00796269 0.00796269 0.00796269 0.00796276 0.00796269 0.00796269 0.00796269 0.00796269 20.9545 0.00796269 0.00796269 0.00796269 0.00796278 0.00796269 0.00809325 0.00798874 0.00796659 41.5852 0.00796373 0.00796269 0.00796273 0.00796269 0.00796269 0.0079707 0.00796269 0.00796269 0.00806403 72.4891 30.6578 0.00796269 0.00796354 0.00796308 1.32028 0.0079632 0.00807717 0.00799155 0.00804824 0.00796269 0.00816605 0.00796269 0.00796374 0.00796269 0.00798014 0.0079627 177.982 0.0079627 0.00796269 0.00796269 0.00815838 0.00796269 0.00802722 0.00796269 0.00796269 0.00796269 30.3345 0.00796406 0.00796519 0.0083966 0.00796269 9.50436 0.00796269 0.00796283 0.00796273 0.00796269 0.50704 0.00797173 0.00796271 19.5652 0.00796269 0.00796513 0.00796269 0.00796272 0.00796276 0.00796269 0.00796269 0.00796269 0.00796271 0.0079627 0.0079757 0.00796269 0.00796273 0.00796783 0.00796269 0.00801545 0.0079628 0.00796357 153.957 0.00832693 0.00796269 0.00799794 0.00809433 0.00796269 0.00796269 85.6439 0.00796269 0.00796269 0.00796289 0.0079635 0.00797646 0.00796291 0.00796269 0.00796269 4.65718 0.0079627 0.00797426 0.00796343 0.00796269 229.974 20.2822 0.00796269 0.00796269 0.00802048 0.00796281 0.00796269 10.9241 0.0675215 44.9733 0.00796276 0.00801263 0.00796269 0.0079627 0.00849213 0.00796271 0.00796274 0.00796282 0.00797558 0.0079628 0.00796269 0.0080355 0.00796269 0.00796268 0.00796269 0.0170355 0.00796269 0.0079627 0.00814062 0.00796319 18.3779 0.00796269 0.00796269 0.00796269 0.00796268 13.786 0.00796269 0.00796269 0.00797146 0.00796455 0.00796269 0.00796301 0.00796269 0.00796316 250.051 0.00796268 0.00796269 0.00796269 1.30788 0.0079627 0.00797803 41.4351 0.0079627 0.0079627 75.8853 0.00796284 39.3509 0.00796269 0.00797428 0.00796269 0.00796269 10.6114 0.00796269 0.00796269 0.00796271 0.00796271 0.00796398 0.00796269 0.00811591 0.00796302 0.00796685 0.00796378 0.00796269 0.0079627 0.00796269 0.00796269 15.3441 0.00796269 0.00796269 0.00796269 0.00796453 0.00796269 15.3561 0.00796276 0.0079627 0.00796269 0.00796289 0.00796269 25.6044 0.00796269 0.00796269 0.00796276 0.00856313 0.00796269 0.00796269 0.00796277 163.708 0.00796269 0.00796273 44.2767 0.00796269 0.00796269 0.00796279 0.00796269 0.007986 0.0079642 0.00826107 0.00796269 0.00796269 0.00796269 0.00796269 0.00796269 0.00796269 0.00796272 0.00796269 0.00796269 0.00796269 13.7507 0.00796269 0.0079627 0.00796269 0.0079853 0.00877477 0.00837172 0.00796269 0.00796269 0.00796269 0.00831217 0.00796277 0.00796269 0.00796269 0.00796269 0.00796356 0.00806994 26.7901 0.00796269 0.00796269 0.00796269 0.00796269 0.00796269 0.0128359 0.0080129 0.00796269 0.00796403 22.8123 0.00805432 0.00796268 0.00797769 0.00796386 0.00796269 0.00796269 0.00796269 0.00796269 0.00796269 0.00796269 0.00796269 0.00796269 0.00796269 0.00796269 0.00796269 0.00796269 0.00796269 0.00796627 0.00797767 26.1588 0.00796269 0.00803138 0.00796269 0.00796271 0.00796269 0.00803161 0.00796269 0.00796343 0.0079631 0.00796269 0.00796269 0.00796269 55.3024 0.00796357 0.00796269 0.00796269 15.2631 29.7747 0.00800365 0.00796268 58.6867 0.00796269 0.00796269 0.00796292 0.00796269 0.00796315 0.00796269 0.00796269 0.00796269 0.00796269 0.00796269 0.00796269 0.00796269 0.00796327 0.00796269 0.00796272 0.00796269 274.441 57.6748 0.00796357 0.00796273 0.00803347 0.0264109 0.00796269 0.00796269 4.63416 0.00796269 0.00796291 0.00796295 0.0079635 0.00796294 0.00796269 0.00796269 14.785 0.00796269 0.00796271 0.00796269 0.00796269 0.00796269 116.21 0.00796269 0.0088112 0.00796269 0.00796326 0.00796271 0.00796269 0.00796269 0.00796593 0.00796269 0.00796273 0.00796269 0.00796269 0.00796269 0.00807974 0.00796269 0.00796276 0.00796269 0.00801803 47.5915 0.00796281 0.00796269 0.00796299 0.00796309 0.00796269 0.00797166 0.00797086 0.00796273 0.0080974 0.00796269 0.00796441 0.00798006 0.0079655 0.00802149 0.00796541 0.00796269 0.00796269 0.00798452 0.00796269 0.00824077 0.0079682 0.00796269 0.00796269 0.00796277 0.00796269 0.00796314 0.00796692 0.00796271 0.00796269 0.00796269 0.00796269 0.00796269 0.00796277 0.00796271 0.00796269 0.00819911 0.00796269 0.00796269 0.00796269 0.00796269 0.0079627 0.00796268 0.00796269 0.00796269 0.00796276 0.00796269 0.0079628 0.00796324 0.00796269 0.00796269 0.00796269 0.00796269 0.00891069 0.00796281 0.00796312 0.00796269 0.00808822 0.00796269 0.00796269 0.0110586 0.00798097 0.00796269 148.19 43.6648 0.00796269 0.00796269 0.0079627 0.00796269 0.00796269 0.00796269 0.00796269 0.00796308 0.00796285 0.00796269 0.00796269 0.00796349 0.00796626 0.00796269 0.00797024 0.00796269 0.00809385 0.00796269 0.00796268 20.9694 0.00796269 0.00796269 56.684 0.00796308 0.00796268 0.00796826 0.00796269 7.49344 0.00797058 0.00796269 0.00796269 0.00796269 0.00796269 0.00796269 0.00797133 0.00796975 329.085 0.00796271 0.00796269 0.00797462 0.00796269 0.00796269 0.00804478 0.00796268 0.00796269 0.00796763 0.0079627 0.00796269 0.00796408 0.0079627 0.00796269 0.00807302 0.00796269 0.00796269 0.0079627 0.00796268 0.00796269 0.00800416 0.00796854 0.0083403 0.00800085 0.00796272 0.00796268 0.00796269 0.00796269 0.00796269 8.35958 0.00796269 0.00796269 0.505836 0.00796269 0.00798819 0.00796269 0.00920176 0.00837638 0.00802323 0.00796269 36.0207 0.00796269 0.00797565 0.0079629 0.0079628 0.00796269 0.00796277 285.731 0.00796269 0.00801325 0.00800367 0.00796269 0.00796284 0.00796271 0.00796269 0.00796269 0.00805456 0.00796491 0.00836948 0.0079648 0.00796269 0.00796806 0.00796269 0.00797327 0.00796271 42.8082 0.00796269 0.00796269 0.00796355 0.00801952 0.00796269 0.00796269 0.00813713 0.00796303 0.00796269 0.0079669 15.6671 0.00797941 0.00806111 0.00796269 1960.46 0.00796306 0.0118513 0.0079627 0.00796269 0.0079627 0.00796269 0.00796269 0.00796269 0.00835212 0.00809382 0.00796279 0.00796302 0.00796269 0.00824578 56.831 0.00796269 0.00796269 0.00800592 0.00796271 0.00797622 0.00796288 0.00796454 0.00796269 0.00976153 0.0080291 0.00796286 30.4036 0.00799572 0.0079627 0.00796392 0.00796269 0.00796269 16.8587 52.5986 0.00796269 0.00796552 0.00796289 0.00796269 0.00796612 0.00796323 0.0079628 0.00796271 0.00796269 0.00796269 0.00796284 0.00796277 0.00796272 0.0226583 0.00796269 440.484 0.00796271 0.00796269 0.00796269 0.00798409 0.00796274 0.00796269 0.00796393 0.00810092 0.00796269 20.5535 0.00812457 0.00796569 0.00796269 0.00803349 56.5682 0.0079708 0.013866 1.0357 30.795 0.00796269 0.00796274 0.00796294 0.00796269 0.00796271 0.00796886 0.00796305 0.00918696 139.608 0.00801056 0.00840498 0.00796269 0.00796275 0.00796304 10.6383 24.2991 0.00796286 0.00796271 0.00796276 0.00908598 0.00796268 0.00797573 0.00796269 83.0039 0.00796269 0.00796996 0.00796744 0.0079716 79.5601 0.00796269 0.00798693 29.7738 0.0079635 0.00796317 0.00796282 0.00796269 0.00796269 0.00796269 0.00796268 0.00796389 0.00796286 0.0079627 0.235878 0.00796269 9.76244 0.00796269 0.0079628 0.00796285 0.00796269 0.00796269 0.00796269 0.00796956 0.0079636 0.00799629 0.00796272 0.00796275 0.00796269 0.00796271 9.43436 0.00796269 0.00796269 14.5351 0.00796269 0.00796269 0.00796269 0.0117577 0.00796269 0.00796268 39.0026 0.00796269 0.00796272 0.00796273 0.00796766 0.00796269 0.00796269 0.00796301 0.00798193 0.00796269 0.00796269 0.00796269 0.00796269 0.00796274 0.00796294 0.00796269 0.00796269 0.00796269 0.00807862 0.00796269 0.00796338 0.00831588 0.00796269 0.00796275 0.00796269 0.00796269 0.00796269 0.00796271 0.00805063 0.00804616 0.00796269 0.00801161 0.00796269 0.00796281 0.00797158 0.00796269 0.00796269 17.702 0.0142253 0.00796269 1103.08 0.00796269 0.00806213 0.00796381 1574.43 0.00796268 0.00856872 0.00798405 0.00796459 0.00804705 0.00796269 0.00796269 0.00796269 0.00796269 0.00802246 0.0079627 0.00796269 0.00796269 0.00885047 78.031 0.00796269 0.00804331 0.00796269 0.00796269 0.00796269 0.00796294 0.00796269 0.00796269 0.0079627 0.00796294 0.00817939 0.00807032 0.00796269 0.00822112 0.00796269 0.00796269 0.00796308 73.2936 0.00796269 0.0079627 0.0079628 0.0079696 0.00796443 0.00811595 0.00796269 0.00796285 0.0079627 0.0080428 0.00796298 0.00849683 0.00804023 116.118 0.00796269 0.00796269 0.00796575 0.00796278 0.00796272 0.00796552 3.25233 0.00796333 0.00796269 157.925 0.00798704 0.00796269 0.0079629 0.00796269 0.00811741 0.00796271 51.1479 0.00796279 0.00796269 0.00796269 0.00805253 0.00796269 0.00796735 0.00796271 0.00796269 0.00796269 0.00796269 0.00796274 0.00814059 183.729 0.00796274 0.00796269 0.00796269 0.00796269 0.00796394 0.00796269 17.1439 0.00796268 0.00796269 0.00830945 0.00798273 0.00796269 0.00796269 0.00796273 0.00796289 0.00796269 0.00798389 0.00796269 0.00796269 0.00796269 0.00796269 0.00796268 0.00796269 0.00796269 0.00796669 0.00796269 0.00796269 0.00796274 0.00796269 0.00796269 0.00796269 0.00796269 0.00796269 0.0079688 0.00796269 0.00796304 0.0079627 0.00796269 0.0113766 0.00796352 0.00796269 0.00796269 0.00796269 0.00796269 0.0079704 0.00796269 455.788 0.00803491 0.00838367 0.00796269 189.938 0.00819219 139.825 0.00796269 0.00796269 0.00797242 0.00796269 0.00796269 0.00796269 40.4417 0.00796269 0.00796269 0.00796269 0.00797647 0.00797365 47.5125 0.00796292 0.00803688 0.00804814 0.00796269 15.1946 0.00817299 0.00796275 0.00800787 0.00796269 0.0079651 0.00796276 0.00796269 0.0079778 0.00796385 0.00796269 0.00818222 0.0079627 0.00796269 0.00796269 0.00833609 0.00797386 0.00796269 0.00797486 0.00796269 0.00796294 0.00796277 402.208 0.00796269 0.00796269 0.00796343 0.00796269 0.00796897 0.00796269 0.00796269 0.00796271 0.00796269 0.00796481 0.00796279 0.00833874 0.00796269 0.00797295 0.0079633 0.00796269 0.00799269 0.00796277 0.00796269 0.00796268 0.00796269 0.00797315 0.00796268 0.00796365 0.00796269 0.00796269 11.9577 0.00796269 0.00796269 0.00796269 0.00796269 0.00796654 0.00796307 0.00796269 0.00796269 0.00796268 0.00796269 47.5717 93.5842 0.00796289 55.1216 323.692 0.00802467 0.00796315 0.00796274 0.00799952 0.00796269 0.00796269 0.00796269 0.00796268 0.00797424 16.7835 0.00796269 306.657 0.00796269 0.00796459 0.00796273 0.00796269 0.00796269 0.00796269 0.00796268 43.0792 0.00796269 0.00796269 0.00796306 0.00796269 0.00827798 0.00796269 0.0079627 0.0079627 0.0079627 0.00796268 0.00796269 0.00796269 0.00796269 0.00796292 0.00796269 0.00796269 0.00796269 0.00826909 0.00796269 0.00796269 195.712 0.00796297 0.0080207 326.01 0.00800611 0.00796269 0.00796291 0.00796269 0.00810001 0.00796269 0.0079627 0.00796272 0.00796269 51.2494 0.00796269 0.00796269 0.00798992 0.00796269 0.00796269 0.00796269 12.1427 0.0286658 0.00796313 43.3267 0.00796269 0.00806615 0.00796423 0.00797588 0.00797086 0.00796341 0.0080729 0.00798106 0.00796269 82.0321 0.00807919 0.00798414 0.00796383 0.00796269 0.00799022 0.00796269 0.00796269 0.00796269 0.0079654 0.00796343 0.00796269 69.1323 0.00797471 0.00796269 0.00814948 0.00796269 141.444 0.00800179 0.00796269 0.00796492 0.0079628 0.00796269 0.00855647 0.00796269 0.00796269 0.00817011 0.00796269 0.00796269 0.00796279 0.00801065 0.00806476 0.00796269 0.00831546 0.00813021 0.0079628 0.00835725 0.00849212 0.00796269 0.00796269 1075.05 0.00796268 0.00796269 143.829 0.00796269 0.00796269 0.00796269 0.00796269 0.00796271 0.00808744 77.5584 258.936 0.00796269 0.00796269 0.00796404 0.00871969 0.00796269 0.00796269 51.8539 0.0138447 0.00796268 0.00799854 0.00800566 0.00796269 0.0079701 0.00796269 0.00796288 0.00796269 0.00796269 0.00796269 0.00796965 0.00796269 0.00796278 0.00796269 0.00805761 0.00796585 0.00796364 1.36175 0.00808928 0.00796271 0.00800636 0.00796268 0.00796269 0.00796269 0.00796269 0.00796359 0.008306 0.0100406 0.00796269 0.00796269 0.00796269 0.00799279 0.00796269 0.00796269 0.00796269 0.00796289 0.00796269 0.00796269 0.00849683 0.00871795 0.00796269 0.00797593 0.00796269 0.00796269 0.00799627 0.00796272 0.00796276 0.00796334 93.7501 0.00796269 167.964 0.620502 0.00796269 0.00796269 0.00796269 0.00796269 0.00796269 0.00796269 3.64795 0.0079789 376.56 0.00804731 0.00796269 0.00796268 0.00796269 0.00796487 0.00796269 0.00796269 0.00796311 0.00796697 0.00813687 0.00796273 83.4546 0.00796534 0.00796269 166.72 12.1427 0.00796476 0.00796275 0.00796269 0.00796269 0.00796269 0.00796304 0.00796598 0.00796269 0.00796269 19.3055 0.0079627 0.00798117 0.00796282 0.00815449 0.00796269 0.00796269 0.00796269 0.00796301 0.00796269 0.00806306 36.053 69.9444 0.00796309 0.00796282 0.00796333 0.00796269 0.0645738 0.00806691 0.00796269 0.00796269 0.00796269 0.00796321 0.00796271 0.00796269 0.00796269 0.00796269 0.00796646 0.00796269 0.00796269 0.00796272 0.0079731 0.00796269 0.00797057 0.00796269 0.00796268 413.387 0.00796269 0.00796272 0.00809802 0.00796291 0.00796269 0.00814118 0.00796269 0.00796286 0.00797175 0.00796269 0.00796284 0.00803666 0.00796293 0.00796269 0.00796269 32.2632 0.00796269 0.00796269 0.0794286 0.0079627 0.00796269 0.00796268 0.00804675 0.00797309 0.0079629 0.00796754 0.00796905 0.00796269 0.00796269 0.00796269 0.00797792 0.00830044 128.798 0.00796269 0.00796482 0.00796275 0.00812126 0.00796269 0.00819043 0.00797819 0.00796269 0.00796268 0.00796337 0.00796269 0.00798477 0.00796269 85.6614 0.00796269 0.00796269 0.00796269 0.00796272 0.00797934 117.114 0.00831311 0.00796274 0.00796269 0.00796274 0.00796269 0.0079627 0.00796269 0.00796269 0.00796269 0.00796269 0.00797176 0.00796269 0.00796269 0.0079627 0.00796269 0.00819942 0.00796269 0.00796275 0.00796269 0.00909093 0.00804784 0.675832 0.00796269 0.00800194 0.0079976 33.6604 0.0079634 0.00796269 0.00796314 0.00796269 0.00796269 0.00796269 0.00796421 0.00796269 0.00796269 0.00796269 0.00796403 0.00796269 115.761 0.00796585 0.00796627 0.0079627 0.00796512 0.00797895 0.00796269 0.00796269 0.00796269 0.00796276 0.00796269 0.00796363 0.00796268 0.00977854 0.00796269 0.00796316 0.00796273 12.975 0.00797227 66.5904 0.00796273 0.00796269 0.00796295 0.010111 0.00796269 0.00798452 19.4402 0.00796269 0.00796269 0.00796269 0.00796821 0.00797443 0.00796268 0.00926242 238.089 0.00796275 0.00796269 0.00799935 0.00796273 0.00816809 0.00796451 0.00797069 0.00796291 0.00810147 0.00796276 0.00796295 0.00796269 0.00796269 0.00796268 0.00796271 0.00796269 0.00796269 0.00796322 0.00815629 0.00796269 0.00796285 0.00796269 0.00796269 0.00796301 143.375 0.00796269 0.00799181 0.00796276 0.00796269 0.0079652 80.0101 0.00796285 0.00800593 0.00796333 0.00796269 0.00796269 0.0137722 0.00797221 0.00796269 0.00796269 0.00796268 0.00796315 0.00796269 0.00797177 0.00796269 0.00796269 0.00796278 0.0079627 1585.96 0.00809491 0.00796269 0.00796269 0.00802687 0.00796269 0.00796325 0.00796276 0.00796316 0.00796269 0.00796686 0.00796269 0.0079627 0.0079628 0.00796336 0.00854739 0.00796286 0.00796271 0.0079657 0.00796269 0.00796992 0.00796331 0.0990978 0.00796268 0.00796269 0.00796269 0.00796269 0.00796269 0.00813409 0.00796271 0.00796275 0.00796269 0.00796269 0.00796268 0.00802238 0.00796277 0.00796269 0.00796269 0.00796271 0.00797185 0.0079627 0.00796269 0.00796269 0.00887292 0.00852214 0.00796349 0.00796269 0.00796269 0.00796269 0.00796269 0.00796301 0.00797559 0.00796305 0.00796269 5.62316 0.00812214 0.0079627 0.00831461 0.00796425 0.00796297 0.00796991 0.00797754 0.00796269 0.00796269 0.00796724 0.00797961 0.00796269 0.00796585 0.00796269 0.0079627 0.00796279 0.0079627 59.1885 0.00796269 0.00796278 15.7071 0.00796269 0.00796269 0.00796269 0.0083609 0.00798413 0.00796269 24.2178 0.00800355 0.0079629 0.00798368 0.00796288 0.00796269 0.0080116 0.00796269 0.00796307 0.00796269 0.00843585 0.00796269 0.00796269 0.00796277 54.4786 0.00796269 0.00796275 0.00797896 0.0079627 0.00796269 0.00796269 0.00796269 0.00796269 0.00796562 0.00796271 0.00796269 0.00808426 0.00804719 0.00796269 0.00796269 0.00796845 8.37586 0.00840066 0.00796269 0.00796269 0.00796269 0.00796269 0.0079631 0.00796742 0.00796271 0.00893951 0.0082745 0.00796269 0.00796345 0.00816508 0.00796271 0.00796269 0.00796269 71.1691 0.00799646 0.00796269 0.00796269 0.00796269 0.00796269 0.00796268 0.00796269 0.00796269 0.00796269 163.048 0.00796269 0.00796438 0.00799078 0.00801955 0.00796269 0.00796268 0.0079629 0.00796387 0.00796269 0.00796667 0.00796284 63.8582 0.00796269 0.00796269 0.00860426 0.00796269 0.00803177 0.0079654 0.00796284 0.00796269 0.00796269 0.00796269 0.00796269 0.00796272 0.00797756 258.059 29.033 0.00796269 0.00796278 0.00796269 393.257 0.00800468 0.00796271 0.00796269 0.00796269 0.00796281 0.00796271 0.0079646 0.00796347 0.00796275 0.0079627 0.00796413 9.39113 0.00796269 0.00796269 0.00796269 0.00796269 0.00796269 0.00796623 0.00796273 0.00796269 0.00796269 0.00796269 0.00796269 0.00796269 0.00796269 0.00796282 0.00796269 0.00796269 0.00796369 0.0122346 16.7641 0.00800349 0.00796269 0.00796269 0.00796269 0.00796269 0.00796269 0.00797616 0.00796269 0.0081023 0.0079627 0.0103867 11.1823 0.00796286 0.00819814 0.00796269 5.49855 0.00796269 0.00796286 0.00796269 0.00796274 0.00796269 0.00796269 0.00796287 77.8549 0.00796269 0.00796279 0.00796271 0.00796278 0.00796269 0.00796269 0.00796307 0.00796269 0.00797214 0.00796269 0.00796269 0.00816072 0.00796308 0.00796269 0.00796269 0.00800279 0.00796269 0.00796298 0.00796269 0.00796269 0.00796358 22.2752 0.00796269 0.00796269 0.00798037 0.00796269 14.63 0.00796268 0.00796269 10.4987 0.0079633 0.0079631 0.00796269 5.41523 0.00796269 12.7863 0.00796269 0.00796269 0.00796275 93.0936 0.00811714 122.694 0.0079627 0.00796269 0.00796377 0.00796315 0.00796269 15.2266 0.00796269 96.8774 0.00797173 0.00796269 0.00796269 0.00796431 0.00796269 0.00796416 0.00796277 0.00796269 0.0080525 0.00796273 0.00796269 0.00796282 0.00797137 0.0135738 0.00796269 0.00796269 115.956 0.00796283 0.00835897 0.00802151 0.00796288 34.4671 0.00796269 2.60023 0.00800131 0.00796493 0.00796269 0.00796269 0.00796269 0.00796272 0.00796322 0.00796269 0.00800523 0.00801248 0.00796269 0.00796269 0.00968867 0.00796269 0.00802095 0.00805166 0.00796269 0.00796269 0.00796269 0.0106751 0.00796319 0.00796269 6.82005 0.00796269 0.00796269 83.4673 0.00796276 0.00796269 0.00839826 0.00867307 0.00796269 0.00838919 0.00801412 0.00796269 0.00796269 0.00797679 0.0079627 0.745901 0.00796269 0.00809598 0.00796269 0.00796269 0.00796269 0.00796269 0.00796269 0.00796303 0.00800863 0.00796271 0.00797033 21.7843 0.00796269 0.0167486 0.00796294 0.00818017 0.00796269 0.00796271 115.643 0.0079627 0.00796269 0.00796331 0.0079627 0.00798331 0.00796515 0.00796625 0.00796729 0.00796269 0.0079647 0.00796269 0.00796272 0.00796275 0.0079627 0.00796269 0.00796269 0.00796269 0.00796269 0.00796505 0.00796269 0.00796269 0.00796269 0.00796269 0.00796269 0.00796269 99.4756 0.00796269 0.00796269 107.598 0.00796319 14.8411 0.00796275 0.00796269 0.0080153 0.00801331 0.00873387 0.00796281 0.00796269 0.00796269 0.00796303 0.00796286 0.00799525 0.00796337 0.00796269 0.00796269 0.00796313 0.00796269 0.00853032 0.00796269 0.00796269 0.00796269 13.0551 0.0079627 0.00796269 0.00800531 0.00807191 0.00796291 0.00796272 0.00796269 0.00796275 0.00796269 0.00797186 0.0086027 0.00803038 0.00938291 0.00796279 0.00796303 27.5174 0.00796355 0.00796269 0.00796269 0.00796269 0.00807222 0.00796269 0.00796269 0.00796269 0.00796268 0.00796275 0.00796269 0.00796275 3.50188 0.0079627 0.00809413 0.00796277 0.00796443 0.00803343 0.00823169 0.0079627 0.00796269 0.00816597 0.00796269 8.35959 0.00796269 0.00799711 0.00796269 0.00796269 0.00796297 0.00796268 0.00796269 0.00796268 0.00800902 0.00796269 0.00796269 0.00796268 0.00798217 0.00796269 0.00796696 0.00796271 0.00796269 0.00796269 0.00796269 0.0079627 0.00797549 0.00796321 0.00812865 0.00796269 0.0079796 0.00796269 0.00796269 0.00798986 0.00796269 0.00796269 0.00796292 0.00796268 0.00802864 1977.07 0.00796269 6.80824 0.00796269 0.00814716 0.00796269 0.00796269 0.00796269 0.00796269 0.00796269 0.00796302 0.00796345 0.00796269 0.00797413 0.00796268 0.0079782 135.535 0.00796269 0.00796278 0.00796269 0.00796275 0.00796269 0.00796269 0.00796269 0.0434747 0.00799743 0.00796269 0.00796269 0.00796269 14.9973 0.00796269 0.00796271 0.00796332 0.00796269 173.211 0.00796269 0.00808106 0.00796269 36.8886 0.00796269 29.7848 0.00800867 0.00796272 0.00796269 0.00803013 0.00796269 0.00806478 0.00796269 0.00796269 0.00796269 0.00806196 0.00796269 0.00796268 0.00797442 0.00822518 0.00796269 0.00796271 0.00829206 0.00796269 0.00827424 0.00796269 0.0176392 0.00796312 0.00796269 0.00821838 58.2799 0.00796268 0.00796539 217.869 0.00796269 0.00796269 0.0128346 68.1766 0.00796269 0.00796271 0.00796282 0.00796269 0.00796269 0.00797025 56.3337 0.00796269 379.314 0.00796348 0.0079628 22.6743 9.50439 0.00796269 0.00796269 0.00856016 0.00797295 0.00796269 0.00796269 0.00796288 0.00797899 0.00796269 0.00796306 0.0080172 0.00796269 0.00797465 0.00796269 0.00796268 0.00796269 0.00796269 0.00796269 0.00796269 0.00796269 0.00796307 0.010342 0.00796511 0.00796269 0.00796282 0.00796269 0.00796279 0.00796276 16.1214 0.00796269 0.00796269 0.00796269 0.00796274 0.00796283 0.00796269 0.00796269 0.00796271 0.00796269 0.00796269 0.00964399 0.00796279 0.00796269 0.00796268 1.59318 0.00796269 0.00796293 0.0079627 0.00796269 0.00801631 0.00796269 0.00796269 0.00796269 8.85139 0.00796272 0.00796356 0.00811751 0.00796269 0.00797563 0.00796269 0.00796269 0.00796269 0.00796269 0.00796269 0.00796361 0.00796269 0.00796269 0.00796269 0.00796269 0.00796269 0.00796276 0.00796269 0.00813324 0.00796269 0.00796269 0.00913578 0.00796269 0.00832933 0.00796269 0.00796276 0.00796269 0.00796269 0.00796314 0.00796316 0.00796269 0.00796302 0.00796269 0.00796402 0.00796269 0.00800915 0.00796357 0.00796281 0.00796268 0.00796269 0.00796535 0.00796269 0.00796269 0.0079693 0.00796449 0.00796269 0.00796269 0.00846815 0.00796269 0.0079627 0.00796269 0.00796268 0.00796272 0.00809365 0.00796269 0.00796269 57.1664 0.00796269 0.00796272 0.00796269 0.00796269 0.00796269 0.007963 13.2375 0.0079627 0.00797775 0.00796361 0.00796269 0.00796269 0.00804992 0.00796363 0.00796269 0.00796269 0.00796269 0.00798115 0.00796269 0.00796269 0.00796269 0.00799629 0.00796269 0.0079627 69.2893 0.00796276 0.00796269 0.00796288 0.00796269 0.00796324 0.00804748 0.00796269 0.00912933 9.95862 0.00796286 0.00796269 0.00796787 0.00796277 0.00796333 0.00796269 0.00796269 0.00799177 0.00796269 0.00796269 0.00796269 0.00796269 0.00796339 0.00797803 0.0079628 0.00796269 0.00796276 41.6052 0.00796291 0.00796269 0.00796269 0.00796269 0.00796268 0.00796269 0.00796269 0.00796269 0.00796288 0.00812124 0.00796277 0.0079627 0.00796269 0.00796341 0.008342 0.00796269 0.00796269 0.00796279 0.00796269 0.00796318 0.00796269 0.00796269 15.9798 0.00796269 0.00796275 0.00796308 0.00796269 0.00796272 0.0110308 0.00796269 0.00796269 0.00796313 0.00815039 0.00824023 0.00801473 0.00796269 0.00796269 0.00796269 0.00796269 0.0079629 0.00799896 0.00796305 0.00802239 0.00796786 0.00796269 0.00796275 0.00798142 0.00796269 0.00796272 0.00796822 0.00799134 0.00796286 0.00800671 0.00796269 0.00812737 297.104 0.0079627 0.00796269 51.5556 0.00796269 0.00796269 13.7837 0.00796269 0.00796269 0.00796268 0.00796269 0.014255 0.00796269 0.00796269 0.00796458 0.00893977 0.00796269 0.00796269 0.00796269 0.00796269 0.0079992 0.00878505 0.00796269 0.0079627 146.38 0.00797309 0.00796269 0.00796269 0.00796269 0.00796272 0.0079627 0.00826568 0.00800644 0.00796269 0.00796269 0.00797456 0.00796269 0.00796269 0.00796269 0.00796269 0.00799557 0.00885149 0.0102574 0.00801189 0.00796275 0.00796282 0.00796269 0.00796269 0.00796269 0.00796269 0.00811281 0.00796787 0.00796308 0.00796269 0.00796274 0.00797646 156.687 0.0079684 0.00796286 0.00796269 0.00796269 0.00800899 0.00796458 0.00797492 0.0106513 0.00796269 0.00796269 0.00796296 0.00796269 0.00796318 0.00796269 0.00796273 0.00796269 0.0106019 0.00796269 0.00802875 0.00796268 116.322 0.00805325 0.0079627 0.306475 0.00797185 0.00796275 0.00796269 125.835 0.00796269 0.0079627 0.00796269 0.0217999 0.00796314 0.00796269 265.169 0.00804834 0.00796287 0.00796282 0.00796269 0.00796276 0.00799135 0.00796268 0.00796269 0.00796733 0.00796268 0.00796269 0.00796274 0.00796268 0.00824762 0.00796269 55.0104 0.00796283 0.00796284 0.00797076 0.00796269 0.00797985 0.00796269 0.00810019 0.00796294 0.00796269 0.00796311 0.00816851 0.00796269 0.00796271 0.00899414 0.00796299 0.00796272 0.00796384 0.00802843 0.00800724 0.00796269 0.00828063 0.00796269 0.00796269 0.00796269 0.00954792 0.00806122 0.00799724 0.00796286 17.1966 0.00796335 0.00801322 0.00797039 0.00796269 0.00796268 0.00798668 0.00811317 0.00796294 7.56413 0.00796269 0.00796278 0.00796269 0.00796269 0.0079631 0.0079627 0.00796272 0.00796272 0.00796268 0.00796269 0.042189 0.00796408 0.00796385 0.00796269 0.00797662 0.00796275 0.00824686 0.00796269 0.0079637 0.008109 0.00796269 0.00796275 0.00796269 0.00803127 177.382 0.00796481 0.00796273 0.00797735 0.00796286 0.00796269 0.00798183 0.00796313 0.00811217 0.00796269 22.6448 0.00796277 0.00796269 0.00796269 137.691 0.00796269 0.00796269 0.00796364 0.00796269 0.00796322 0.00796269 0.00796323 0.00796269 31.042 0.00820072 0.00800799 0.00796269 0.00796269 0.00796269 0.00796269 0.00796269 0.00796294 0.00796269 0.00796269 0.00796269 0.00796269 0.00796269 0.011971 0.00796269 0.00796271 0.00796292 0.00796278 0.00796269 0.00796269 0.00796269 70.2524 0.00796269 0.00796269 0.00796268 0.00796304 0.00796269 0.00796271 0.00796269 0.00796977 0.00796269 0.00796292 0.00796269 7.7981 0.00796271 0.00796269 0.0079628 0.00796309 37.5214 0.00796269 0.00796269 0.00796269 0.00796268 0.00802274 0.00796268 0.00796269 0.00796291 0.00796296 0.00802312 0.00796269 0.00796268 0.00796292 0.00796269 0.00796269 0.00796275 0.00796299 0.00796269 0.00796286 0.00796546 0.00796536 0.00801803 0.00796299 0.00796269 0.00796377 0.0079674 0.00796273 0.00799028 0.00796269 0.00796269 1627.97 20.1891 0.00796269 82.7674 0.00796269 0.00809973 0.00796269 0.00796268 0.00796273 0.00796271 0.00796283 0.00796269 0.00874513 0.00796436 0.00796269 0.00796269 0.00796655 0.00796887 0.00796914 0.00796268 34.3928 0.00796277 0.00796776 0.00796269 0.00796269 0.00796268 0.00796327 0.00796269 0.00796269 0.00796277 0.00799042 0.00834366 0.008055 0.00796269 136.145 12.3811 0.00803618 0.00796268 0.00797151 0.00796269 0.00796468 0.00796424 0.00796269 7.72264 0.00796617 0.00796269 0.00815024 0.00796269 0.00796288 0.0080288 0.0080114 0.00796269 0.00799163 0.00798048 47.9456 0.00796269 0.00796269 0.00796323 0.0079627 0.0113221 0.00796274 0.00796272 0.00797117 136.564 0.00796269 0.00796269 0.00796269 0.00796268 0.00796271 0.00796268 0.00796269 0.0079627 0.00796269 0.00796269 133.108 0.00796269 0.00796286 0.00796269 0.00796269 117.168 0.00874552 0.00796268 0.00796269 0.00799224 0.00796279 541.988 0.00796269 0.0079627 0.0079627 0.0079627 0.008013 0.00804002 0.00796269 0.00796433 0.00796275 0.00796268 83.6529 0.00796269 0.00796269 0.00796545 0.0201528 195.99 0.0079628 0.0079628 0.00796269 0.00796269 0.00801135 30.2346 0.00796269 0.00796301 0.00796269 0.00796273 0.00812865 0.00796269 0.00796399 0.00796269 0.00796269 0.00796269 0.00796269 0.00796269 0.00796269 0.00796269 0.00796269 0.00796289 0.00796271 0.00796269 0.00796271 0.00796324 0.00796284 113.176 0.00796269 0.00796269 0.00797221 0.00796269 0.00796284 0.00824282 0.00796271 0.0176686 0.00796269 0.00812093 0.00796269 0.00796602 0.00796277 0.00796269 0.00796269 0.00796269 0.00796269 0.00796686 0.00796268 0.00796269 0.00796269 0.00796275 0.00796269 0.00804704 0.00796269 0.00796273 0.00796269 0.00855123 0.0079627 0.00796269 0.0079631 0.00796269 0.00796269 0.00796285 0.00796269 0.00796269 0.0080192 0.00796269 0.00796269 0.00796274 0.00796316 0.00796269 0.00796268 0.00796982 0.00796269 0.00800235 0.00796276 0.00796269 48.5895 0.00796269 0.00796269 0.00796269 0.00796273 0.00796269 0.00796931 0.00796288 0.00796282 0.00796269 0.00796269 0.00796485 0.00800061 0.00796269 0.00866706 0.00796302 0.00806744 0.00796269 0.0079655 0.00807326 0.00796269 0.0084692 0.00796269 0.00796274 0.00796269 0.00796269 0.00796269 0.00796268 0.00796269 0.00796269 0.00796296 0.00796269 315.424 0.00796269 0.00796269 0.00796269 0.00796269 50.7911 171.563 0.00823524 0.00796269 0.00796275 0.00796269 0.007963 0.00867723 0.00796268 0.00797278 0.00796339 355.196 0.00796282 0.00796269 0.00796276 0.00814019 0.00796345 0.00796277 0.00796269 0.00796368 0.00796269 0.00796269 0.00796269 0.00796269 0.00796269 0.00798029 20.7204 0.00796277 0.00796804 0.00796269 0.00796894 0.00796269 0.00799668 0.00796279 0.00796269 219.574 0.00796269 0.00796341 235.633 0.00796327 48.0938 0.00796269 0.00801918 0.00796286 0.00796269 0.00796269 0.00796298 0.00796269 0.00796269 73.7267 0.00796296 0.00796277 0.00798968 0.00796276 434.87 0.00796269 13.0833 0.00796269 0.00796269 0.00796269 0.00796269 0.00796269 0.00822561 0.00796268 234.569 0.00796269 0.00796269 0.00797544 0.00796269 0.00796277 0.00796332 0.00799816 0.00796269 0.00796274 0.00796269 0.014363 0.0080083 0.00796269 0.00797236 0.00796269 0.00796269 0.00796268 0.00796269 19.3008 0.00796452 0.00796282 0.00796269 213.469 0.00800093 0.00796269 0.00796333 0.00796295 0.00796269 0.00796269 0.0079642 0.00796269 0.00796269 0.00796269 0.00796269 446.471 0.00796299 0.00814472 0.00796298 0.0079627 0.00796274 0.00796295 0.00796268 0.00796269 0.00797136 0.00796269 0.00796269 0.00849678 0.00796269 0.00796649 0.00797005 0.00796269 0.00796269 0.00796298 0.00802844 0.00796269 0.00799664 160.978 0.00796902 0.00796309 0.00796269 0.00796269 0.00796269 0.00797977 688.308 0.0079644 0.00796269 0.00817762 0.00796269 0.00947707 0.00796269 14.63 0.00796269 32.0737 0.00802232 125.925 0.00796271 0.0079629 0.00796269 0.00796269 0.00796269 0.00796271 0.00796269 0.00796304 0.00796287 0.0079628 0.00843183 0.00796271 0.00796269 9.89686 0.00796271 0.00798849 0.00796269 0.0079627 0.00796269 0.00796269 0.00815141 0.00796269 0.00797033 0.00796272 0.0079627 0.00796269 0.00798468 0.00796269 0.00796269 4.18371 0.00797571 0.00796323 0.00799071 0.00809578 0.00803366 0.00802071 0.00796626 67.2716 0.00796277 234.94 0.00796269 0.00799917 0.00796269 315.975 190.413 0.00796269 0.00796275 0.00796269 0.00810322 0.00796269 0.00796269 0.00796596 0.00796308 0.00796273 0.00796269 0.00796269 0.00796269 0.00843871 0.00796271 0.00796326 0.00798531 0.00796269 0.00826825 0.00796269 0.00797827 0.00810425 0.00796269 0.0422095 0.00796269 0.00796269 0.00796309 0.00796269 0.00796269 0.00796275 0.00796304 0.00796271 0.00796269 0.00798399 0.00796346 0.00796269 0.00796272 0.00796269 0.00796269 36.0352 0.0079632 0.00796269 0.00838669 0.00796269 0.00797816 0.00796308 0.00796269 0.00796269 0.00796298 0.00796269 0.00796316 0.00796269 0.00796276 0.00800587 0.00796269 0.00888478 0.00796269 0.00797728 0.00801581 0.00796284 0.00798562 0.00796269 0.00796269 0.00796269 0.0079628 118.343 0.00796269 0.00796269 0.00801068 0.253267 0.00796287 0.00796269 0.00796273 0.00796269 41.6142 0.00796269 0.00796473 0.00796269 0.00804515 0.00796269 0.00796336 135.341 0.00796268 0.00796269 0.00796268 0.00796268 0.00796299 0.00808069 0.00796268 0.00804218 0.00796269 0.00796269 0.00796279 0.00796269 28.2425 0.00796269 0.00796269 23.9268 0.00796277 0.00796336 0.00796269 0.00796269 0.00796269 0.0079628 0.00796269 0.00960676 0.00798489 0.00818229 0.00796269 106.033 0.00796275 0.00796296 0.00800277 0.00796269 0.00797712 0.00796268 9.76244 0.00796269 0.00796269 0.00796269 0.00796277 0.00796269 0.00814128 0.00796269 0.00796269 0.00796297 0.00796269 0.00796269 0.00796269 0.00796269 0.00796269 0.00796269 0.00809445 0.00796341 0.00804477 0.00797956 0.0084779 0.00798153 0.00796269 0.00796928 0.00796268 0.00796355 0.00796269 0.00800393 0.00801803 0.00796275 0.00796269 0.0079665 0.00796269 0.00796269 0.00812995 0.00796321 0.00796269 0.00796286 0.00796403 0.00796282 0.00796269 0.00800563 0.00797035 60.9201 0.00796269 0.00868323 0.00796271 0.00796269 0.00802316 0.00796269 15.7198 0.00796272 0.00796585 0.00800902 0.00813737 0.00796269 0.00796269 0.00796269 0.00796269 0.00801333 0.00800311 0.00796269 0.00809321 74.4304 0.00796269 0.00796278 0.153095 0.00796269 0.00796269 0.00796269 0.00796269 0.0079629 19.6676 0.00796269 0.00796271 0.00811474 0.00796269 0.00796269 0.00796271 0.00796278 0.00796295 0.00796317 0.00796269 37.2792 0.00809284 0.00796269 0.00799262 0.0107627 0.00796272 0.00796269 0.00796269 0.00796269 0.00796269 0.00796295 0.00796269 0.00796269 0.00796268 0.00796269 0.00796269 0.00796269 180.708 0.00796269 0.00796269 0.00796287 0.00796269 0.00801957 0.00796269 0.00796715 0.00796269 0.0079627 0.00803452 0.00797974 0.00796269 0.00796269 0.00807624 0.00797206 0.00796269 0.00796273 0.00796271 0.00796269 0.00796319 0.00796269 12.9392 0.00796269 0.00800437 0.00801795 0.0079627 0.00796269 0.00798575 0.00796269 0.00796269 0.00796299 0.00796269 0.00796269 0.00796269 0.00799716 0.00813624 0.00796269 0.00796269 0.00796269 0.00796269 0.00796269 0.00796269 0.00796269 0.00796269 0.00804282 0.0079702 0.00796269 0.00796269 0.00796276 0.00796272 0.00796269 0.00796269 0.00796269 0.00796409 0.00806317 0.00796269 0.00796269 0.00796269 329.107 0.00796268 0.0117302 0.00798403 0.00796273 0.00812782 0.0080103 0.00796269 0.00796269 81.5103 0.00796375 0.00796299 0.00796269 0.00796284 0.00796327 0.00796316 1.07847 0.00801557 0.00796269 0.0082396 0.00796269 0.0106186 0.00796269 0.00796268 0.00812685 0.00797881 0.00796272 0.00796269 0.00796269 0.0079627 0.00830137 0.00796269 0.00796276 0.00796269 0.0080093 0.00796269 0.00796276 0.00796269 0.00796269 0.00796269 0.00796269 203.048 0.00796269 0.00796269 0.00796269 0.00796269 0.00796269 0.00796379 0.00796756 0.00796269 0.00796728 0.00799777 0.00796269 0.0079627 0.0079628 0.00796269 0.00796269 0.00796367 0.00796269 0.00796269 0.00796269 0.0079641 0.00796269 0.00796551 0.00796269 0.00796269 0.00796269 0.00796279 373.36 0.00796269 0.00796271 0.00796269 0.00796269 0.00796269 0.00796269 0.00796269 0.00796269 0.00796269 0.00796269 0.00796269 0.00796269 0.00796406 0.00796388 39.2775 0.00796269 0.00796719 0.00797621 0.00808121 0.00796269 0.00796269 0.00796269 0.00796288 0.00796269 0.0079769 0.00796269 0.00796269 0.00796269 10.2072 0.00796281 0.00796269 0.00796275 0.00796272 99.8811 0.00796268 0.00800038 0.00796269 0.00796269 24.9241 0.00796269 0.00796269 0.0079648 0.00796268 0.00796269 0.00796277 0.00796269 0.00796268 0.0079627 0.0079627 0.00796269 0.00796269 0.00829365 0.766509 0.00796275 0.00796269 0.00796269 0.00796269 0.00796269 0.00800333 0.00796329 0.00804192 0.00798102 0.00796269 0.00796268 0.00796273 0.00796269 0.00798018 0.00798509 0.00796275 0.00796269 0.00796269 0.00796269 0.00796269 0.00796268 0.00796269 0.00796269 0.00796299 0.00796614 0.00796269 0.00796269 0.00813099 0.00796284 0.00796345 0.00796269 85.5921 0.00796283 0.00796319 0.00796269 21.4296 0.00798919 0.00796285 0.0111557 0.00825244 0.00796269 0.00796271 0.00796298 0.0079627 473.042 0.0079698 0.0079627 0.00796269 0.0079635 431.752 0.00796319 0.00876297 0.0143947 72.4315 0.0079627 0.00796269 0.00796272 0.00796269 0.00796269 0.00808276 0.00797229 0.00796269 0.00796268 0.00796604 0.00797952 0.00796269 0.00796269 0.00796269 0.00796269 0.00810649 0.00796283 5.28764 0.00799882 0.00796269 0.00796269 0.00796269 97.641 0.00796269 0.00796277 0.00796269 0.0105546 0.00796269 0.00796269 0.0079627 0.00796269 0.00804367 0.00796269 0.00800983 0.00796271 0.00798725 0.00796269 0.00796269 804.773 0.00796269 0.0116349 0.00796438 40.7085 0.00796283 0.00796277 0.00796269 0.00796269 0.00796269 0.00796283 0.00796269 0.00796269 0.0079631 0.00796274 0.00796269 0.00850123 0.00796357 60.7509 0.00796361 0.00796269 0.00796269 0.00796269 0.00796269 0.0079627 0.00796443 0.00796269 0.00796269 0.00796297 0.00796279 0.00824091 0.00796269 7.79771 0.00796269 0.00796503 0.0079632 0.00796269 0.00796652 0.00798053 0.00796272 14.7019 0.00796269 0.00796269 0.00796269 0.00796269 0.00796269 0.00796269 0.00796268 159.068 0.00796285 0.00796268 22.6448 0.00798827 0.00796269 0.00796269 0.00796269 0.00796269 0.00796269 7.79844 0.00796271 0.00831305 0.00796269 0.00796269 0.00813932 0.0080644 0.00796269 0.00796315 0.00818804 0.00796302 0.00796269 0.00796269 0.00796269 24.2796 0.0080476 0.0079638 0.00798922 0.00796295 0.00796269 0.00796271 0.00796269 0.0079627 0.00796271 0.00796269 0.00796436 101.704 0.00796269 0.00831553 0.0079627 0.00796404 0.00796269 34.6718 0.00796269 0.00796271 0.00796275 0.00796269 0.00799727 0.00796275 0.00796269 0.00796503 3.8508 0.00796278 0.00796275 0.00796269 0.00796269 0.00796272 0.00796272 0.00796329 0.00796269 0.00802762 0.00796273 10.2118 0.00796269 0.00796516 0.00796269 0.00796269 0.00796269 0.00796269 0.00796324 0.00796269 0.00796269 0.00796269 0.00801699 0.00796281 0.00796377 388.058 0.00796268 0.00797436 0.0079807 0.00796269 0.00826437 0.00803778 519.935 21.3271 0.00796271 20.1891 0.00796275 60.6055 0.00796748 0.00821253 0.00796269 0.00796269 0.00796269 0.0079629 0.00796269 0.00796283 0.00798091 0.00796269 0.00796273 0.0079627 91.1377 0.00796358 0.00796269 0.00796269 0.00796284 0.00796269 0.0079685 0.00797119 0.00796269 0.00835201 110.627 0.00798558 0.00796269 0.00796269 0.00796274 0.00796269 0.00796553 0.0104062 0.00796269 0.00796269 0.00796531 0.00796269 0.00796269 0.00796276 0.0079627 0.00796269 0.00796274 0.00796269 0.00796269 0.0108351 0.00796269 0.00796269 0.00796269 0.00812389 0.00796269 0.00796269 0.00799171 0.00796269 0.00796273 0.0159207 0.00796269 0.00796269 0.00796378 0.00796298 0.0079628 0.00796269 0.0079627 0.00796269 0.00796269 0.00796269 0.00796896 0.00796269 0.00796269 360.556 0.00796269 0.00796269 0.00796269 0.00806183 0.00796281 0.00796289 0.00796269 0.00796269 0.0079627 0.0079627 0.00796285 0.00796269 0.00796281 0.00796271 0.00796269 0.00796269 0.00796269 0.00817222 0.00796269 0.00796269 64.5019 0.00796269 0.00907258 0.00796299 0.00796332 0.00798617 0.00796306 0.00796269 0.00796269 0.00796269 0.00796269 0.00797184 0.00796269 0.00796269 0.00796269 0.00798431 0.00796269 0.0131431 0.00796269 0.00796269 0.00796269 0.00796293 0.00796269 216.758 0.00796279 0.00796276 0.00817208 0.00796668 0.00800394 0.00809926 0.00796294 0.0079627 0.00796269 0.00796269 0.00796269 0.00796275 0.00796269 0.00796333 0.00796269 0.00796269 0.00799591 0.00796269 11.2307 0.00796269 0.00796269 0.00796272 0.00804937 0.00796269 0.007964 80.2121 0.00796269 0.00797526 0.00797651 0.00796269 0.00796582 0.00796719 38.7045 0.00796269 0.00796269 0.00796512 0.00798544 0.00796269 0.00824955 0.326674 0.00796269 0.00796274 0.00796273 0.00796286 0.00796269 0.00796269 0.00806334 0.00796398 0.0079627 0.00804341 0.00796269 0.00803922 0.00805348 0.00796322 0.00796269 98.1803 0.00796274 0.00803475 0.00796269 0.00796663 0.00796269 0.00806431 0.00796854 0.00797098 0.00796269 0.00796269 0.00796471 0.00796297 0.00796274 0.00796269 0.00796269 0.00796269 0.00796341 0.00796269 0.007972 0.0079705 0.00799132 80.7061 0.00796377 0.00796269 0.00796273 0.00796272 0.00898364 0.00796272 0.00808303 0.00796269 0.00796269 0.00796294 0.00887665 0.00796269 0.00808171 0.0138421 0.00796269 0.00796269 0.00797234 0.00796313 0.00796298 0.00796269 0.00796269 0.00796269 0.00796545 0.00804821 0.00796269 0.00809565 0.00796269 0.00796363 0.0091793 22.9984 16.6857 0.0079652 0.0079627 0.00796268 0.00796268 0.00796268 0.00796269 0.00796295 0.00796269 0.00855494 0.00796278 11.2795 0.00796268 1.04419 0.00796269 0.00796269 0.00800608 54.4216 0.00802326 0.00796269 0.00796269 0.00796388 0.00796269 0.00796372 0.00796269 0.00796315 0.00796269 0.00798399 0.00796388 0.00805687 0.0079627 0.00798354 0.00796298 0.00796269 0.00796269 0.00796295 0.00797296 0.00796269 0.0079629 0.0079627 73.8637 0.00796269 0.00796269 0.00830697 0.00796273 0.00796669 0.00796269 0.00796269 0.00796492 129.058 0.00801153 0.00796658 0.00796338 0.00797756 0.00796269 0.00796269 0.00796269 61.9718 0.00796269 0.00796268 0.00824478 0.0079627 0.00796274 5.46849 0.0079627 1.83354 0.00796299 0.00796273 0.00796269 0.00796276 0.00796269 0.00796269 310.752 0.00796269 0.00796466 0.00796269 0.00796271 0.00796269 0.00805828 0.00796269 0.00933233 0.00819144 0.00801872 0.00796273 0.00796283 0.00796268 0.00796296 0.00796272 0.00796269 0.00796284 0.0079628 81.1837 0.00802256 0.00796269 0.00796275 72.3693 0.0079627 0.00796292 0.00796269 0.00796551 0.00796269 0.00796269 0.0079627 0.0079627 0.00796269 0.0079627 17.7493 0.00796269 0.00796271 0.00796269 0.00803039 0.00796269 0.00796275 0.00796269 0.00967273 0.00796269 0.00796285 0.00796585 0.00796269 0.00796375 0.00796269 0.00796269 0.00796269 0.00833654 0.00797424 0.00796269 0.00796269 0.00796269 0.00796268 0.00796269 0.00797085 0.00796269 0.00798527 0.00796306 57.1777 0.00796269 0.00806095 0.00803113 0.00796269 0.00796764 0.00796287 0.00796931 0.00849685 0.00796317 0.00796269 0.00796271 0.00796269 97.8295 0.00796269 0.00797986 0.00796279 0.00811451 0.00796269 0.0079627 0.00796269 0.00796269 0.00796269 0.00796269 0.00796269 0.00846817 0.00802147 0.0079627 0.00796269 0.0079639 0.0080892 0.0079636 0.00796454 0.00796722 0.00895829 0.00796269 0.00796269 488.173 0.00796269 12.701 0.00796269 0.00796269 0.0079629 0.00796269 0.00796269 0.00796271 0.00800116 19.2667 0.00796332 0.00796287 0.00797064 0.00796269 19.896 0.00796269 67.7362 0.00797559 0.00796287 0.00796423 305.356 0.00796693 0.00796269 0.00797826 0.0079637 0.00796285 0.00797036 0.00796269 0.00796271 0.00796269 0.00796287 0.0079627 0.00796269 1898.45 0.00796269 0.00796269 0.0104572 0.00796269 0.00796269 0.0079627 0.00796269 0.00796269 0.00858181 0.00797216 0.00796269 0.0079627 0.00796287 0.00796695 0.00796579 0.00796269 0.00796655 0.00796278 38.0873 0.00827505 0.00796269 8.63437 0.00796269 0.00796269 0.00796269 0.00812576 0.00796268 0.00796269 0.00796269 0.00987688 0.00798091 0.00798341 0.00796278 0.00796269 0.00796295 0.00796285 0.00796269 0.00800787 0.00796277 0.00796269 0.00796274 0.00822303 0.00796355 0.00796269 0.00796269 0.00803483 21.0689 0.00796278 0.0079963 0.00796269 0.00797333 0.00796286 0.00796269 0.00796376 0.00796273 0.00796269 0.00796273 0.00796939 0.00796269 0.00823524 0.00796269 0.00796973 0.00796426 0.00805106 0.00796269 0.00796272 0.00796299 0.00796269 0.00810762 0.00796275 0.00826576 0.00796292 0.00803624 0.00796269 100.746 0.00796325 0.00796269 36.661 0.00796269 0.00796308 0.00796269 0.00840889 0.00796269 0.00796272 0.00806996 0.00796269 0.00796269 0.00796283 0.0079627 0.00796272 0.00807552 0.00801201 0.00796269 0.00796311 0.0079627 0.0079627 0.00796271 359.774 0.00796323 0.00796269 0.00796302 0.00798376 0.00796535 0.00796285 0.00796269 0.105205 0.00796269 0.0080122 0.00796269 0.00796269 0.00818106 0.00796269 0.00809251 0.126034 0.00796269 0.00797174 0.00796269 73.6666 0.00796269 0.00796279 0.00823975 0.00796951 0.00796276 0.00797651 0.00820141 0.00796458 0.00796269 0.00796269 43.9884 0.00897257 0.00796277 0.00796269 0.00797177 0.00796275 0.00796269 126.159 0.00796268 0.00796269 0.00796269 19.896 0.00796269 0.00796269 0.0079628 0.00796269 0.00796272 0.00796278 0.0079627 0.00796332 0.00796269 0.00796269 0.00796269 0.00796293 0.00796269 0.00796269 0.00846443 0.0079627 0.00796934 0.00796269 0.00796269 0.00796269 0.00796272 0.00796269 0.00796295 0.00796269 0.00796421 0.00796269 0.00796274 0.0145418 0.00796269 0.00990306 0.00797316 0.00796401 0.00804438 0.00796269 0.00796422 345.711 0.00796431 0.00796269 0.00796271 160.236 0.00796309 0.00796269 0.00796273 0.00796297 0.00796269 0.00796269 0.00796269 0.00796269 0.00796269 0.0104412 21.3283 440.159 0.0079627 0.00811952 0.00796269 0.00796275 0.00796269 0.00796269 0.00796269 613.516 0.00796269 0.0079627 0.00796269 0.00796269 0.00798173 0.00796269 0.00798485 0.00796269 0.00796885 0.0079648 18.3873 0.00796655 0.00817566 89.2086 72.5406 0.00796269 0.00796269 12.2078 0.00796269 25.1633 0.00796311 5.16389 0.00796269 0.00796269 0.0079627 19.3037 0.00796269 41.4771 0.43834 0.00796269 0.00796269 0.00796269 0.00796269 0.0079627 0.00796269 0.00796269 10.2024 0.00796268 0.00796284 0.00796273 24.6987 0.00835579 0.0079629 0.00796269 0.008154 0.0079627 0.00796269 0.0079627 0.00802969 0.00796268 0.00796268 0.0079627 0.00796269 0.00803904 0.00796308 0.00824502 0.00801256 0.00797413 16.5518 0.00796353 26.9181 0.00796269 0.00796461 191.478 0.00796929 0.00796269 0.00799601 0.00796497 0.00796269 0.00796269 0.0079627 0.00796271 0.00796269 0.00796269 0.00810968 0.00796269 0.00798563 0.0089687 0.00796269 0.00796274 0.00808788 0.00796293 0.00815787 0.00800883 0.00796269 0.00804845 0.00796278 0.00797269 0.00796269 0.00796281 0.00810793 10.0009 0.00796269 0.00796269 0.00892722 0.00796347 0.00796269 0.0079651 0.00796271 0.00807792 0.00796269 0.00796269 0.00796269 0.00796269 0.00796269 0.00796269 0.00796269 0.00796271 0.00796269 0.00796269 0.00797688 0.00796285 0.00796269 0.00796311 0.00839975 0.00796269 0.00823198 0.00796271 0.00796269 0.00796279 0.00796295 0.00796358 0.00796269 0.00796287 0.00796269 0.00796269 0.00796269 0.00796283 0.00796274 0.00796269 0.00796268 0.00796271 0.00799464 0.00796455 0.00800188 0.00796269 0.00796269 0.00796269 0.00796375 1362.87 0.00796269 0.00796269 0.00796269 0.00796283 0.00796273 0.00796269 0.0079627 4.71857 0.00796282 0.00796343 0.00796269 0.00802817 0.00796278 0.00796269 0.00798005 29.8412 0.00796678 0.00818647 324.754 22.6448 0.00796269 0.00796269 174.835 0.00796269 0.00796269 0.00796269 0.00796269 0.0079627 0.0079627 0.00796311 0.00808634 0.00796269 0.00796285 38.2447 0.00796298 0.0079627 0.0079634 0.00796272 0.00796269 0.00800901 0.00796269 0.00796285 0.00808463 0.00796269 0.00796277 39.579 96.7107 26.1572 0.00796269 0.00796708 0.00796269 0.00796269 0.00796269 0.00819701 0.00796269 0.00796294 0.00797079 0.00796269 0.00796268 0.0079775 0.00796269 0.00796269 0.00796272 0.00796269 0.00796278 0.00796286 0.00796269 0.00796269 0.00798117 0.00796269 0.00796269 0.00796269 0.00808122 0.00796315 0.00796269 0.00796624 0.00796269 0.00796268 0.00796278 0.00796286 0.00955045 436.452 0.00799043 0.00796269 0.00796269 0.00796269 0.00797288 58.5538 0.00892635 0.00796269 0.00796269 0.0079627 0.00796279 0.00802148 0.00796269 0.00796269 0.00797097 0.00796269 0.00796269 0.00796269 0.00796726 0.00796269 0.007968 0.00798455 0.00797055 0.00796269 0.00796269 0.00796269 0.00796269 0.00796269 0.00796276 0.00796269 0.00796269 0.00796269 0.0079627 0.00800984 0.00796269 0.00796269 0.00796269 0.00796269 0.0079627 0.00797848 0.00796308 0.00796316 0.00796269 0.00796269 0.0080715 0.0080459 0.00796269 0.00796308 0.00796269 0.00798354 0.00796269 0.00796269 0.00823212 375.502 0.00796269 0.00796269 0.00796428 0.00796276 0.00796269 0.00796269 0.00796284 0.00797378 0.00796282 0.00796269 0.0079647 0.00802036 0.00796269 0.00799762 0.00796478 0.00796431 0.00820358 0.00796269 0.00796269 10.2852 0.00796269 0.00796269 22.229 0.00987947 0.00796393 0.00796269 0.00798532 0.00796291 6.61046 0.00796269 0.00796269 0.00796269 0.00796269 0.00796269 0.00796289 16.7499 0.00796269 156.315 0.00796303 0.245823 0.00796282 0.00796465 0.00796269 0.00796269 0.00796314 0.0103824 0.00807678 0.0094202 0.00796269 0.00796269 0.00796268 0.00796269 0.00796269 0.00807332 0.00796269 0.00796269 0.00798173 1188.95 0.00798344 0.00796269 0.00796269 0.00796269 0.0079627 0.00812309 0.00796269 0.0079627 0.00801279 0.00796269 7.55099 55.7329 0.00796269 0.00796269 0.0079627 0.00796272 0.00796491 0.00796269 1.30724 0.00796603 32.6291 0.00796269 0.00796291 0.00796269 0.00796269 0.00796269 0.00796269 0.00796269 0.00796498 0.00808345 0.00796269 27.7918 266.491 0.00803115 0.00796268 0.00796305 0.0080646 0.00796269 0.00799508 0.00796284 70.915 0.00796269 0.00796269 0.00796269 0.00796269 0.00796273 0.00796269 0.00796823 0.00796269 0.00796269 0.00857201 0.0079627 0.0079627 0.00796269 0.00797461 0.00796269 0.00796269 0.00796286 0.00796269 0.00796269 0.00796274 0.00796269 0.00796282 0.00796269 21.7843 0.00796269 0.00796415 0.00796269 0.00796641 0.00796269 0.00796271 0.00796269 0.00796269 0.00796269 0.00809011 0.0079994 0.00814239 0.00809917 0.00796269 0.0084149 113.289 62.3485 0.0079627 0.00796271 0.00796269 0.00813326 0.00796487 128.019 0.00796269 249.074 0.00796269 0.00801504 0.00796343 0.0079627 0.00796285 0.00796269 0.00796269 0.00796748 0.00797826 0.00798372 0.00796269 0.00799845 0.00804749 0.00816739 0.00796269 0.00796303 0.00796295 0.00796269 0.00811582 0.00796272 0.00796269 0.00796269 0.00797522 20.9545 0.00796269 0.00796269 0.00796269 0.00796269 0.00796269 0.00796269 0.00796269 0.007977 0.00796307 0.00796269 28.5672 0.00796269 0.00796397 0.00798646 0.00796269 0.00796269 0.00796386 0.00796269 0.00796272 0.00796269 0.00796681 0.00796269 0.0079627 0.00796269 0.00797099 9.78465 0.00797275 0.00796524 0.00800546 0.00797487 0.00796269 0.00796269 0.00796367 0.00796269 0.00845844 0.00816066 0.00796332 0.00796269 0.00796269 0.00796269 0.00796292 0.0203983 0.00796269 0.00796269 0.00797242 0.00796269 0.00796269 16.1214 0.00804471 0.00796269 0.00796269 0.00796269 0.00796269 0.00796272 0.00800823 0.00796272 0.00796268 0.00796298 0.00796268 0.00796269 0.00796401 0.00796269 0.00797036 0.0079627 0.00796269 0.0277969 0.00796269 0.00796269 0.00796273 0.00797465 0.00796269 0.00796269 0.00796269 0.00796269 0.0152316 0.00796269 0.00796363 0.00798509 0.00804881 0.00796269 0.00796269 0.00796268 0.0079627 0.00796269 0.00813877 0.00796268 0.00813123 0.00796269 0.00799756 0.00860946 0.00796269 0.00796269 0.00796269 0.00796269 0.00796272 0.00796288 0.00796269 0.00811852 0.00796269 0.00796269 0.00796273 0.0079627 0.0079627 0.00796269 0.00796269 0.00796269 0.00797057 0.00796422 0.00796269 1.01419 0.00817102 0.0079698 0.00894667 0.00796269 0.00796268 0.00796269 0.00813416 0.00796269 0.00798309 0.0079627 0.00797084 0.00796269 0.00796269 0.00796269 0.00796269 0.00797621 13.7514 0.00796269 0.0079925 0.00796268 0.00796269 0.00844 0.00796277 1.01419 0.00796312 19.8009 0.00796277 0.00800991 0.00796269 0.00796269 0.00796273 0.00796269 0.00798212 0.00796269 0.0079627 0.00796269 0.00806434 0.00796269 18.4489 14.2004 0.0079635 9.50445 0.00796269 105.649 0.00796338 14.4624 0.00804482 0.00796269 0.00796269 0.0079627 0.0079643 2.86824 0.00796269 0.00796273 0.00796368 0.00876501 0.0079627 0.00796269 0.00796269 0.00804598 0.0079632 0.0079633 0.00796269 0.00796269 40.3367 0.00796276 0.00796269 0.00796269 0.00850168 0.00796273 0.00796269 26.0199 0.00796291 0.00796269 0.0155843 0.00887609 0.00796278 0.00796269 0.00801708 0.00797881 0.00796269 0.00796269 0.00796269 0.00798429 0.00813897 0.00796278 0.00796269 0.00796269 0.00796269 0.00796269 0.00796269 0.00803285 0.00796269 0.00799358 129.668 0.00796384 0.00796308 0.00819023 0.00888375 0.00796445 0.013131 0.00796269 0.00796269 306.263 0.00799422 0.00796269 0.00796269 0.00796269 0.00796269 0.00796269 0.00799939 0.00796269 0.00796269 0.00796269 0.00819239 0.00796279 0.00796269 0.00796269 0.00796367 0.00796269 0.00796272 0.00800102 0.0449943 0.00810406 0.00796269 0.00796269 270.702 61.7017 0.00796269 0.00796269 0.0079699 3.4374 0.00796269 54.1147 0.00796288 0.00796269 0.00796269 0.00796323 0.00796269 0.00796269 0.00797721 97.1936 0.00796614 0.00796536 0.00796279 0.00796269 0.00796431 0.00796269 0.00796269 0.00797177 0.00800984 0.00803343 0.00796375 0.00796268 0.00796285 0.0080584 0.00796272 0.00796269 0.00796269 0.00796269 0.00796294 0.00796269 0.00796269 0.00796277 15.1946 0.00796557 0.00796269 0.00796269 0.00796269 0.00833432 0.00796269 0.00796966 0.0080215 0.00817866 0.00796269 0.00796269 0.00796338 0.0079627 0.00796302 133.655 0.00796269 0.00796275 0.00796269 0.00796533 0.0079694 0.00805446 0.00796269 0.00800149 0.00828895 0.00796268 0.00796269 0.00796269 34.2043 0.00796269 0.00796269 0.00796269 0.00796269 0.00800045 0.00838226 0.00796271 0.00796269 106.338 0.00796269 0.00796269 0.00796273 0.00796276 0.00796269 0.00796269 16.1214 0.00796294 0.00796269 0.00796269 0.00796269 0.00796277 0.00796269 0.00796277 0.00796269 0.00796269 10.3207 0.00796321 0.00802209 275.698 0.00796269 5.64474 0.00796271 43.2928 0.0079627 0.00796322 12.7863 0.00796269 0.00796271 0.00796536 0.00796269 0.0197769 0.00796269 0.00946301 0.00796288 0.00808779 0.00796269 0.0079627 0.00796556 0.00796271 0.00804845 0.00817223 0.00796279 0.00796269 0.00796269 0.00796617 0.00796269 0.00797006 0.00800983 9.96797 0.00805338 0.00796297 0.00796269 0.00796269 0.00796801 0.00796269 0.00796269 7.44167 0.00796268 0.00796268 0.00804964 0.00796392 0.00796269 0.00796269 0.00796269 43.2402 0.00796269 0.00796269 0.00796283 0.00797962 0.00796269 0.00796432 0.00798534 0.00796269 0.00796269 0.00798823 0.00796753 0.00796271 0.00796269 0.00796274 0.00796293 21.1924 0.00796308 0.00796268 0.00796695 54.4334 0.00801557 0.00796269 0.00796269 0.00796273 369.268 0.00796269 0.00796269 713.568 0.00796269 0.00796269 0.0079627 0.00796269 0.00803501 0.00796273 0.00796431 0.00796269 0.00798171 0.00798033 0.00798753 0.00796272 0.00796345 0.00805338 81.3642 0.00797017 0.00796449 0.00796276 0.00797882 0.00796554 0.00796269 0.00796269 0.00796269 0.00796269 0.00797227 0.00796269 0.00796415 87.0148 0.00796274 0.00796269 0.00796269 0.00796269 314.538 0.00796271 0.00800959 0.0079627 0.00796269 39.5857 0.00804913 0.00796269 0.00796293 28.8226 0.0079627 10.2974 0.00796269 0.00796269 0.00796472 0.00796268 0.00796269 0.00801808 0.00796272 0.00798232 0.00796269 0.0079627 0.00796269 0.00823307 0.00830813 0.00796273 0.00796269 0.00796283 0.00799231 81.775 0.00796271 0.00819995 19.3037 0.00801467 0.00816466 0.00796269 0.00796269 0.00814378 0.00796269 0.00801465 0.00796269 0.00822523 10.6386 0.00796296 0.00796269 0.00839784 0.00796467 0.00796269 0.00796269 0.00796269 0.00796269 0.00796269 0.00815807 0.00796269 0.00796269 0.00796269 34.0004 0.00796269 0.00796277 0.00796269 0.00796815 0.00796271 0.00796269 0.00796321 0.00796269 0.00796271 0.00796269 0.00796448 0.00796269 0.00857984 0.00796269 0.00796398 0.00796458 0.00796661 5.29459 0.0114838 0.00837666 0.00801386 0.00796296 0.00796348 0.00828559 0.00796269 0.00796269 0.00796274 0.00801353 0.00796269 0.00796317 148.01 0.00848039 329.072 0.00796276 0.00796289 0.00796269 0.0079629 0.0079627 0.00800491 0.00796318 0.0079627 0.00950579 0.00796283 0.00796269 0.00796272 0.00796277 0.00801948 0.00796269 0.00800339 0.00796269 0.00796269 0.00796269 0.00796269 0.00796269 0.00796269 82.8297 0.00796323 0.00796269 0.00866735 0.00796269 0.00796269 0.00796269 8.97752 0.00796269 0.00796269 0.00796269 0.00796271 0.00796269 0.0079627 0.00796269 0.00796269 1416.23 0.00796323 0.00796271 0.00796269 0.00796294 0.00796865 0.00796269 0.0631268 0.0079702 0.00796268 456.079 0.00796278 69.863 0.00796269 0.00796269 0.00796269 0.00801459 0.00796269 0.00796269 0.00796269 810.289 0.00796269 0.00796269 0.00796269 0.00796475 0.0079773 0.00796269 0.00796339 1.01785 0.00796269 26.9389 0.00796269 0.00796269 0.00804265 0.00796269 0.00796269 0.00796269 0.00796269 0.00971676 0.00796269 0.00796269 0.00812865 0.00796269 0.00803684 0.00796269 0.00796269 0.00796269 0.00796269 0.00796272 0.00796269 0.00796276 0.00796652 0.0079629 0.0079627 0.00796268 0.00796269 0.00796269 0.00796269 0.00796269 0.00796269 0.00796269 0.00796269 37.1106 0.00796269 0.0104855 0.00796295 146.289 0.00796269 0.00796269 0.00796269 0.00796269 0.00802873 0.00796269 0.00796271 0.00796269 132.239 0.00797162 0.00797676 0.00796269 0.00796269 0.00796269 0.00796298 48.1798 0.00796269 0.00814889 0.00800109 0.00796269 0.00851327 0.00796269 0.00802199 213.555 0.00796269 0.00796371 0.00796272 0.00796269 0.00798276 0.00799712 0.00818627 0.00796269 0.00796325 0.00796279 0.0079647 0.00796272 0.00796452 0.00796278 0.00800417 0.00796269 0.00796269 0.00798532 0.00796269 0.00796273 0.00796272 0.00818806 0.00796269 13.7717 0.00802787 0.00796269 16.6858 0.00796273 0.00796312 1098.49 11.2799 0.00796269 0.00796279 0.00820722 0.00796269 0.00799059 0.00800203 0.00796269 0.00811269 0.00796269 0.00796269 0.0079629 0.00796272 0.00796269 0.00796271 163.457 0.00796315 0.00796269 0.00797177 54.8613 1.3243 0.0079627 0.0079627 0.00796269 0.00796269 0.00796341 0.0079627 0.00796269 0.00810426 0.00796269 0.00796271 0.00796268 0.0079627 0.00796268 0.0079627 0.00796269 0.00796271 0.00796297 0.00869098 0.00799387 0.00796269 0.00796978 0.00818373 0.0083951 22.2327 0.00796269 14.4134 18.7828 0.00796276 0.00796271 0.00796782 0.00796269 51.6332 0.00796419 0.00796269 0.00796269 0.00796269 0.00796269 0.00796276 0.00796271 0.00796269 0.00796269 0.0079643 0.00796272 0.00799776 0.00796269 96.2261 0.007963 0.00796302 0.00796269 0.00796269 0.00796646 0.00796271 0.00796272 0.00800294 15.5343 0.00796269 113.628 0.00796281 0.00917108 137.371 0.00796269 0.00796278 0.00797097 0.00799314 0.00796468 0.00796269 0.00796315 0.00796269 0.00796268 0.00796269 0.00808837 0.00796269 0.00796269 0.00796269 27.7753 0.00796648 0.00796269 0.00796269 0.00796269 0.00796269 0.00796336 11.2792 0.00796269 0.00796269 0.00796291 572.563 69.6574 0.0080035 0.00796277 0.00798551 0.00796269 0.00796269 0.00796269 0.00796767 0.00796269 0.00796269 0.00796624 0.00796269 0.00796445 0.00796269 0.00796269 0.00796421 0.0079627 0.0079627 914.965 91.7189 0.00796271 0.00796269 0.0281755 0.00796269 0.00811446 13.0689 0.00796327 235.586 0.00796269 0.0079627 0.00822121 0.00796269 0.00796269 0.00796268 0.0080207 0.00796304 0.00812539 0.00796271 0.0403154 0.00796268 0.00796269 0.00796269 0.00801812 0.00796268 0.00796269 0.00796269 0.00904983 88.5412 0.00796404 0.00796269 0.00796269 0.00868064 5.35031 0.00796271 0.00799265 0.00798774 0.00796269 0.00796271 0.00841119 0.00798296 0.00798103 0.00803099 0.00796276 101.027 0.00811274 0.00796268 329.011 0.00797894 0.007964 0.00796269 0.00796357 0.00796268 0.00796275 0.00796269 0.0106416 0.00796272 0.00796269 0.00796277 0.00796269 0.00796282 53.7695 799.015 0.00796278 0.00796271 0.00802549 0.00796269 0.00796273 0.00796269 0.0079627 0.00796269 0.00796269 0.00796277 0.00796271 0.00799738 0.00796455 64.8687 0.00806172 0.00796269 0.00796269 0.00805141 0.00796269 0.00796272 0.00796328 0.00796302 0.0079627 0.00796271 0.00796269 0.00796364 17.8135 0.00796269 0.00796269 0.00796289 0.00796269 0.00796269 0.00796269 0.00803646 0.00796269 0.00796271 0.00796834 0.00796273 0.00799026 0.00796272 0.00798912 0.00796273 0.00796268 0.0079627 0.00796269 0.00796269 0.00796481 0.00796269 188.564 0.00796416 0.00796289 0.00796269 0.00828183 0.00796269 0.00797471 0.00796269 0.00872194 0.00796271 0.0079896 0.00796269 0.00796427 0.00796627 0.0079628 20.1678 0.00796279 0.00796307 0.00796268 0.00798899 755.832 0.00796269 0.00797409 0.00796268 0.00796312 0.00830802 0.00799375 0.00796273 0.00796283 0.00799407 9.07283 0.00796324 0.00796272 0.00796269 157.795 43.8742 114.628 0.00796289 0.00796269 0.0079646 37.2814 0.00796283 0.00796269 0.00796272 0.00796269 0.00796278 0.00797559 0.00796272 0.00796268 0.00796269 0.00796269 0.00803847 0.00796269 0.00796269 0.00796269 0.00796269 0.00796269 0.00796613 0.00796269 0.00796282 0.00796269 0.00796269 0.00796273 0.00796289 0.00796278 0.00796269 0.00796365 0.0079847 42.0178 0.0079866 0.00797405 0.00796269 0.00796268 0.00796269 0.00799154 0.00796269 0.00816798 0.00796269 0.00796269 0.00796293 0.00796274 0.00796269 0.00796269 0.790233 0.00796269 0.00797332 1.0144 1.78918 47.8835 0.0079627 0.00796269 0.0079722 0.00796269 0.00796269 0.00796351 59.7729 0.00796345 0.00796269 0.00796269 11.7553 0.00796289 0.00796269 0.00796269 0.00796269 0.00796269 0.00796269 0.00796269 6.16525 0.00845943 0.00796269 0.00796269 0.00796268 0.00797459 0.00796269 0.00796269 0.00804885 3.19753 0.00796269 0.00796269 0.00796269 0.00796269 0.00796272 0.00796269 0.00796274 0.0079627 0.00796278 57.6111 0.00796514 0.00796731 0.00835871 0.00796269 0.00796269 0.00796269 0.00796269 0.00796277 0.00796711 0.00797099 0.00796299 0.00796271 0.00796286 0.0079865 0.0080468 0.00796363 0.00796268 0.00796272 0.00803475 0.00796429 0.00807992 0.00796359 0.0079627 0.00796272 0.0104905 0.00796941 0.0079627 0.00796273 0.00796271 0.00796275 0.00796269 0.00796271 0.00797689 0.00796269 0.00799035 0.00796269 0.00796269 0.00796269 0.00796269 0.00796268 0.00810044 0.00796269 59.1664 0.00796268 1777.12 0.00796269 0.0079627 0.00796269 0.00796269 0.00796269 0.00796268 0.00796269 0.00796272 0.00810354 0.00796494 0.00802223 0.00796731 0.00796269 5.65252 0.00796274 0.00796269 0.00796269 0.00806647 0.00796324 0.00796269 0.0079627 0.00796273 0.00796269 0.00796277 0.0079933 0.00796327 0.00796269 0.00796269 0.00796269 0.00796279 0.0079714 0.00796269 0.00796269 0.00796269 0.00796436 280.956 0.00796271 0.00796281 284.17 0.00801172 0.00796269 0.119364 0.00796269 0.00796269 1094.55 0.00796272 0.00796268 0.00796268 0.00796269 0.00796269 0.00796269 0.0079627 0.00796403 0.00796269 0.00796269 0.00796278 0.00796277 0.00796269 0.00796268 0.00796469 0.00796269 0.00834771 0.00796269 0.00796269 0.00796269 0.0094774 0.00796269 16.1343 0.0079948 0.00796521 0.00797325 0.00796271 0.00796268 0.00796269 0.00891482 0.00796269 0.00796269 0.00796269 0.00796269 144.726 0.00796271 0.00796272 0.00799929 0.00796269 0.00820232 0.00796295 0.00798906 0.00796269 0.0079627 0.00796269 0.00796268 0.00796269 0.00796271 0.00814455 0.00796269 1091.21 0.00796269 0.00796269 0.00796277 0.00796269 0.00796982 298.549 0.00796269 0.00796269 0.00800903 0.0079811 0.00796269 0.00796269 0.00796269 0.00796269 0.00796277 0.00797302 0.00796269 10.6386 0.0079627 0.00796275 0.00796269 0.0080019 0.00796269 0.00796269 0.00796269 0.00796269 0.00796551 0.00796269 0.0079629 0.00796269 0.00796269 0.00796269 0.00811178 0.00796271 0.00796272 0.00796269 0.00796279 0.00796271 0.00796269 0.0079627 3.65844 88.8612 0.00796269 0.00796269 0.00796279 0.00796269 0.00796269 0.00796288 0.00796269 0.0079686 0.00796269 0.00796269 0.00796269 188.901 0.00796271 0.00796269 68.5739 0.00796269 0.0079644 0.00796272 0.00799476 0.00796275 0.0079628 0.00796269 0.00802745 0.00798704 0.00796269 0.00796272 0.0079628 0.00796274 0.00796268 106.142 0.00796282 0.00926394 0.00796269 0.00796269 0.00796308 0.0079627 0.00803562 0.00796269 0.00813867 10.873 0.00796269 0.0079831 0.00796269 0.00796875 30.0335 0.00796269 0.00796269 0.00796522 0.00796269 0.00796268 0.00836935 0.00796269 0.00796269 0.00796293 53.6143 0.00796269 0.220974 0.00796269 0.00798383 0.00812058 0.00796269 0.00796269 0.00862827 0.0080861 0.00796269 33.6951 0.00796269 0.00796279 0.0079735 0.00797033 0.00796269 0.00796294 0.00907469 0.00796269 0.00796269 0.00796269 0.00796274 0.00796269 0.00796269 0.00796295 0.00831141 0.007963 0.00796402 0.00796269 0.00796269 0.00796285 0.0079783 0.0079628 0.00796269 0.00796269 0.00797066 0.00803211 0.00796269 0.00796269 0.00796268 0.00797309 0.0079633 0.00796269 0.00796272 0.00796269 0.00796269 0.00796269 0.00796269 0.00796269 0.00796269 0.00832082 9.77092 0.00796303 0.00796269 0.00796269 0.00796656 0.00803109 0.00796277 0.00796269 0.00796269 0.00796273 0.00796274 0.00796269 0.00796269 0.00796269 0.00796269 0.00796277 0.00796269 0.0083609 49.273 0.00796269 0.00796269 23.0746 3.52439 0.00801294 0.00796269 0.00796282 0.00796269 0.00796269 0.00796269 0.00796307 0.00796282 7331.1 0.00796269 0.00796269 0.00796269 0.00796269 0.00796269 0.00798581 0.00796447 0.00796269 27.2509 206.451 0.00796271 0.00796293 0.00796269 0.0081505 290.858 0.00796376 0.00796313 0.00796269 0.00796269 0.00796419 0.00796269 0.00796269 0.00796269 0.00796269 0.00836048 97.4454 0.00796269 0.00796269 0.00801359 11.7553 0.00796269 0.00796304 49.1579 0.00796269 0.00796269 0.00803816 0.00796269 0.00796407 0.00796269 0.00796285 0.00796269 0.00796563 0.00796269 0.0079706 0.00796269 0.00833285 0.00796461 0.00796268 0.00796269 0.00796269 22.6448 0.00796269 0.00796269 0.00796845 0.00796269 0.00796275 0.00796269 0.00796269 0.00892315 0.00810936 0.00796276 0.00796269 0.00796269 0.00796269 0.00796471 0.00796269 0.00796446 0.00796269 10.9459 0.00796269 0.00796269 0.00796279 0.00796269 0.00796434 0.00796269 0.00796269 0.00796282 0.00796269 0.00796272 0.00796269 0.00796423 0.00796269 0.0079627 0.00796268 0.00796269 0.00796285 0.00796269 0.00796269 0.00796277 0.00796296 0.00852445 0.00796269 0.00797072 0.00796336 0.00796273 0.00796269 0.00796269 0.00796625 0.00796269 0.00796269 0.00796269 0.00796269 0.0107498 0.00796269 0.00796279 0.00796269 0.00796269 0.00796269 0.00796309 0.00796269 0.00796271 0.00796269 0.00796269 1565.94 29.7848 614.534 0.00796372 0.00796275 0.00796275 0.00796269 0.00796269 0.00797451 0.00808904 0.00796269 9.96555 27.9836 0.00796269 0.00796269 0.00812753 0.00796269 0.00800851 0.00796269 0.00796269 0.00796276 0.00805227 0.00796269 0.00796269 0.00798496 0.00801407 0.00796275 0.00802823 0.00796269 0.00796269 0.00796283 0.00796272 0.00796269 0.00796269 789.859 0.00796269 61.3804 0.00796269 22.2327 0.00796374 0.0079628 0.00800915 0.00796269 0.00796278 462.627 0.00796401 0.00802108 187.606 0.00803143 0.00796325 0.0079655 0.00796269 0.00796268 0.00796269 0.00796269 0.00796269 0.00796628 7.96381 0.0292281 0.00836849 6.2034 0.00796277 0.00796269 0.00796689 0.00796269 0.00796286 0.0203435 0.00796269 0.00796269 0.00796269 0.00796269 0.00796269 0.00796269 0.00796321 0.00796269 0.00796269 0.00796269 0.00796269 0.00796269 0.00796269 26.8927 68.2452 0.00798621 0.00796309 0.00796269 0.00796269 59.5621 0.00803398 0.00797668 0.00796273 0.00796269 0.00796269 0.00796269 0.0241545 0.00796269 0.00796271 0.00845181 0.00796389 406.914 0.00796289 0.00796268 0.00796269 0.00796269 38.586 0.00826552 0.00796276 0.00796269 0.00796269 0.00796269 53.276 0.00796269 51.0502 0.00796269 0.00796269 0.00801036 0.0079627 0.00801581 0.00796269 0.00796269 0.00818175 247.134 0.0108429 0.00796299 0.00799687 0.00796489 0.00796273 0.00796276 0.00796272 0.00796269 754.317 0.0084119 0.00796269 0.0079653 0.00803983 0.00796269 0.0079627 0.00796269 0.00796269 0.00796272 0.00796269 0.00796269 0.00831416 0.00796269 0.0245607 0.0079627 0.00796269 0.00796283 0.00796271 0.00796278 0.00796269 10.2312 0.0079683 0.00799895 0.00796269 33.8292 0.00796272 0.00796269 0.00812736 0.00796299 0.00796269 0.00796269 0.00799108 0.00796269 0.00796269 0.00796269 0.00796269 0.00796271 0.00796269 0.00796269 0.00796278 0.00796269 0.00796269 0.00796269 0.00796269 0.00827353 132.008 0.00796269 0.00796541 0.00797453 0.00796269 0.00796269 0.00796269 0.00796269 0.00796334 0.00808475 0.00796269 0.00796268 0.00796269 0.00796275 0.00805039 0.00797331 0.00796285 0.00796269 0.00796269 0.00796271 0.00796269 0.00797741 0.00796269 0.00796269 0.00796269 82.0285 0.0079627 0.00796269 0.00796273 0.00796268 0.00796269 0.0079627 0.00796269 0.00796269 0.00796269 165.69 0.00807358 0.00796269 0.00796895 0.00796273 0.13507 0.00796269 0.0079627 0.00796269 0.00796278 89.8241 0.00796269 0.00796269 0.00796343 0.00796277 0.00796269 0.00796269 0.00796268 0.00796268 0.00796271 0.00796269 0.00796298 0.00796273 0.00796269 0.00796471 0.0079969 0.00797908 0.00796269 0.00796269 0.00807136 0.00796733 0.00796454 0.00796524 15.475 0.00796274 0.00796269 0.0079633 0.00796292 0.0079632 0.00796291 0.00796269 0.00796269 0.00796269 0.00796269 0.00963705 0.00796271 0.00796288 0.00796271 0.00796269 0.00796269 0.00806353 0.00813016 0.00796269 0.00796269 0.0243195 0.00796269 0.00796269 0.00817131 0.00796269 0.00797378 0.00796273 0.00796268 0.00796305 0.00796269 0.00796285 0.00796269 0.00796307 0.00796269 0.00796315 567.351 10.6113 0.00797354 0.00796483 0.00809895 0.00796291 0.00810199 0.00796269 0.00796275 15.7198 0.00796269 0.00796269 0.00796279 0.00796269 0.00796269 12.9791 0.00796535 0.00796269 68.7911 0.00796319 26.8208 0.00796309 0.00796268 0.00796269 0.00796269 15.571 0.0079627 0.00796369 0.00796269 0.00796269 0.0079629 0.00796269 0.00796269 18.5088 0.00796277 0.00796309 0.00799069 0.00796269 0.00796398 0.00796269 0.00796269 0.00796269 0.00796269 0.00865826 0.00796271 0.00805507 0.00796269 50.2314 0.00796269 0.00796269 0.00796269 0.0079678 0.00796269 0.00796269 0.00796276 43.4126 0.00796268 0.0079877 0.00810306 0.00796269 0.00796269 0.00796269 0.00796269 0.00796269 0.00796269 0.00806097 0.00796389 0.0079627 0.00796269 0.00796269 0.00796269 22.9926 0.00796331 0.00796283 0.00796269 0.00796269 0.00796269 0.00796269 0.00797839 0.00802574 0.00796269 22.5013 0.00796269 0.00796275 153.573 0.0169167 0.00796277 0.00796269 0.00796269 0.00796269 0.0079627 0.00796298 0.00796269 0.00796269 0.00796269 0.00796545 0.00796313 0.00796269 63.4379 0.00796269 0.00796268 0.00796269 0.00796269 0.00796269 0.00796269 0.00796347 0.0079627 0.00796269 0.00801925 0.00796269 0.00796269 0.00796269 0.00796269 0.00796269 0.00796269 85.5621 0.00796277 0.00796753 0.00797084 0.00796269 0.00796273 0.00796268 0.00796629 0.056009 0.00796305 0.00797169 0.00796269 0.00796269 0.00796269 0.00796489 0.00796269 0.00796269 0.00796269 0.00796445 0.00796269 0.00800148 0.460061 0.00796269 0.00796269 0.00796299 357.955 0.00796269 0.00796269 0.00796283 0.00828342 0.00797498 0.00803055 613.231 0.00797309 0.00799684 0.00796269 0.00796309 0.00796269 0.00796396 0.0080413 0.00796269 0.00796269 0.0079627 0.00796271 0.00796328 0.00894649 0.00796269 0.00800392 0.00796269 0.0143355 0.00977038 0.00796269 0.00796269 0.0079627 0.00796653 0.00796269 0.00796269 0.0079627 0.00796269 10.9185 0.00796274 0.00796707 0.00796269 0.00797415 0.00796745 0.00799778 0.0079661 0.00796269 0.00796269 0.00796275 0.00796269 109.22 0.00796292 0.00802095 0.00796269 0.00796269 0.00796269 0.00796275 0.00796269 0.00800445 0.00796269 2.27748 0.00800571 0.00796271 0.00796269 0.00796269 0.00796269 0.00796269 0.00933238 0.00796274 0.00796269 0.00796277 0.00797195 0.00796269 0.00796717 0.00804526 0.00839499 0.00796271 0.00796269 0.00796372 0.00796286 0.00796271 0.00796269 0.00796269 0.00799868 0.00796647 0.0079632 0.0197644 0.00796269 30.0586 0.00796269 0.00796272 0.0079914 0.00796313 0.00796269 0.00796269 0.00800789 0.00796269 0.00797343 0.00796269 0.00796311 0.00801076 16.2942 0.00796269 0.00796276 0.00799373 0.00796275 246.589 0.00796269 0.00796366 0.00869416 0.00796269 0.00796296 0.0081822 0.00796313 0.00796269 0.00796268 0.00796269 0.00796352 0.00796273 0.00796269 0.00796269 0.00796316 0.00815296 0.00796269 0.00796269 0.00796725 0.00796268 0.00796268 0.00796292 0.00801793 0.00796271 0.00796269 0.00796268 0.00796283 0.00797381 0.00797933 0.00796269 0.0079627 0.00796269 0.00796269 0.00796269 0.00796268 29.5485 0.0079631 0.00796269 0.00796269 125.682 716.711 0.00796271 0.00796299 0.00796269 0.00796269 0.00796803 0.00801889 0.00796309 0.00796476 0.00796269 0.00796319 0.00796269 0.00796304 0.00796276 31.3819 86.6835 0.00796269 0.00796269 0.00796275 0.00796268 19.8283 0.00796269 0.00796352 0.00796269 0.00796269 0.00796269 0.00796269 0.0109394 0.00796269 0.00796268 0.00796269 0.00796269 0.0079645 0.00796269 0.00796269 0.00796269 25.1889 164.121 0.00800106 0.0079636 0.00796269 0.00798275 0.00796269 0.00815497 0.00796277 0.00796269 0.00796269 0.0079708 0.00796471 0.00796269 0.00796269 0.00796275 0.00796595 0.00796321 98.136 0.00797213 0.00796269 0.00796269 0.00797228 0.00796269 0.0079627 0.00797956 0.00796269 0.0082478 206.622 0.00796269 0.00796311 0.00796268 0.00796278 0.00796295 0.00796272 80.5925 0.00796269 0.0108269 0.00796269 0.00796269 0.0079631 0.00796269 0.00796268 0.00796269 0.00796269 0.00796269 0.00796269 0.00799568 0.00796269 0.00796888 0.00825135 0.00796269 0.00796269 46.1492 0.00796313 0.00796285 0.00801318 0.00796269 0.00796277 0.00796269 0.00796269 0.00796288 0.00796269 0.00796293 0.00796289 0.00796269 0.00796354 0.00796269 38.6878 0.00796555 0.00796269 23.3145 0.00796332 0.00796269 0.00796885 0.00796318 0.00797935 0.00800409 0.00801981 0.00796291 0.00796269 22.592 88.4693 0.00796501 0.00796269 0.00796405 0.00796269 0.00797258 0.00796269 0.00796269 0.00796269 0.0079641 0.00800831 0.00796269 0.00796269 0.00796396 0.00796269 0.00796269 0.00796269 0.00796269 0.00796277 122.541 0.00805509 0.00799992 0.00796269 0.00796322 0.00867969 0.00796396 0.00796489 0.00796269 0.00796269 21.7843 0.00800075 0.0079627 0.00796349 0.00808298 168.787 0.00798517 0.00796269 0.568882 0.00796273 0.00796269 0.00796339 17.8135 0.00800387 0.0079627 0.00840154 0.124098 0.00803655 0.00796269 0.00796386 0.00796269 0.00796272 0.00796269 0.00796278 0.00796269 0.00796269 0.00799796 14.6125 0.00796269 0.00796272 0.00796269 0.00796279 0.00796269 0.00796269 0.00796269 0.0079627 0.0080836 0.00796269 0.00796288 0.00796269 0.00796363 0.00796269 191.603 0.00943039 0.00796301 0.00804906 0.00796281 0.00796269 0.0107751 0.00796617 0.00796269 0.00796275 0.00796269 0.00796269 0.00797699 0.00796308 0.00796579 0.00796269 0.00796269 0.00811146 0.00796282 0.0079627 0.00796631 0.00796585 0.00796277 14.6125 0.00796268 0.00796269 0.00796271 0.00796269 0.00798254 0.00796269 0.00823692 0.00800914 0.00855739 0.00796269 0.00796269 0.00799125 0.00796269 0.00796269 0.00796359 18.6696 0.00809094 0.00796269 0.00796318 0.00796269 0.00796269 0.00796269 0.00801503 0.00796269 0.00796269 0.00796269 0.142687 0.00796275 0.00796269 0.00796376 0.00827477 20.1891 38.4726 0.00796269 0.00796269 0.007984 22.6448 0.00796289 41.4787 0.00796273 0.00826579 0.00796269 0.00796268 0.00796273 0.00796269 0.00796281 0.00796269 0.0127507 0.00799995 0.0080276 0.00796269 0.00796269 0.0079627 0.00796269 0.00796347 0.00796271 0.00796269 0.00796269 0.00796972 0.00796269 0.0079628 0.0079627 0.00995501 0.00796269 0.00796279 0.00796269 0.00796269 0.00796269 400.44 0.00796269 0.00796269 0.00796269 3.60394 0.00796271 0.00843281 0.00796269 0.00796268 0.00796269 0.00796269 0.00796269 0.00796275 0.00796269 0.00796268 0.00796286 0.00796271 0.00796269 0.00807478 0.00803375 192.047 0.00796269 0.00796269 0.0079627 0.00796269 0.00796269 0.00796269 0.00796278 0.00796391 0.00831237 0.00797142 0.00796269 0.00796269 0.00796269 353.473 14.6125 0.00796269 0.00796269 0.00796269 0.00797034 0.00796277 17.7168 0.00796269 0.00811754 0.00796285 0.00796269 0.00796271 41.0191 36.8815 0.00796289 0.00796282 0.00796269 0.00796368 0.00796269 0.00796269 0.00796269 0.00796269 0.00852803 0.00796343 0.00949045 0.00796269 0.00867408 0.00796269 13.0105 0.0079627 0.00796269 0.00796269 24.7989 0.00796282 0.00796269 0.00796268 0.00796315 0.00800189 0.00796269 0.00796269 153.856 0.00796298 0.00796269 25.1068 0.0137219 0.00796269 0.00796269 0.00796285 0.00796269 12.6762 0.010214 0.0079669 0.00808153 0.00796269 0.00796269 0.00796357 0.00796269 0.00796269 0.00796347 0.00796269 0.00796273 0.00809096 15.8604 0.00796269 0.00796269 0.00796269 0.0079627 0.00796354 0.00796269 0.00796269 0.00798743 0.00805307 0.00796269 0.00796269 0.00796273 0.00800531 0.00796269 0.00796269 0.00796296 0.00796269 0.00796269 0.00796269 0.00796269 0.0079712 0.00797662 0.00796269 33.1994 0.00796301 0.00796268 20.2823 0.0108543 0.00796269 1854.39 5.31363 0.00796269 0.00796278 0.00796269 0.00796273 0.00796269 0.00796269 0.00796273 0.00796273 0.00796269 0.00796269 0.00796319 0.00796279 0.00797927 0.00796269 0.00796436 0.00796269 0.00796468 0.00799847 0.0079627 0.00800724 0.00796269 0.00800384 0.00796515 0.00796269 0.00796269 0.00796269 0.0079627 0.00836088 34.7413 0.0189127 0.00801831 0.00796312 0.00796269 0.00796269 0.00796277 0.00826572 0.00796281 0.00796269 0.00818679 19.3684 0.00796269 0.00796294 0.00796319 0.00809146 0.00796281 0.00796269 0.00796269 0.00796269 0.00796269 0.00808159 0.00796269 0.00796269 0.00796269 0.00796617 0.00796343 0.00796352 0.00796269 0.00796274 0.458417 0.00796269 0.00835184 0.00796269 0.00796283 0.00796382 0.00796269 0.00796281 0.00796269 0.00796269 0.00796269 0.00796269 0.00796269 0.00796269 0.00796274 0.00796269 0.00796269 0.00800393 0.00796269 0.00796271 0.00796269 0.00796277 0.0079642 0.00796269 0.00796303 0.00796269 0.0079627 0.00796269 0.00796269 0.00796918 0.00796269 0.00796273 0.00796269 0.00796625 0.00796269 0.00796269 0.0079627 0.00796455 0.00796269 0.00796269 0.00796269 0.00796284 0.00796278 0.00802886 0.00796269 0.00796269 0.00796285 0.00796306 0.00796491 0.0079651 0.00826304 16.2146 0.00796269 36.333 54.6728 0.00814927 0.00796269 0.00796268 31.2375 0.00796295 0.0079627 0.00796269 0.00796269 0.00823072 0.00801524 0.272501 0.00796269 0.00796269 0.00796269 0.00796269 0.00796297 10.873 0.00796336 0.00800041 0.00796269 0.00796274 0.00821532 0.0079627 0.0082111 91.8031 0.0079627 16.114 0.00796689 0.0079629 0.00796269 0.00797522 0.00851501 0.00796269 0.00796271 0.00796269 0.00797641 0.00796273 29.7358 0.00796269 0.00796284 718.388 0.00800867 0.00796269 0.00810301 0.0079835 39.3441 0.00796269 0.00812736 0.00796269 0.00796269 0.00796269 0.00796269 0.00796291 99.5922 0.00796269 0.00796279 0.00796269 0.0079627 0.00796269 0.00798883 0.00803861 0.00796269 0.00796393 0.00796268 13.7638 0.00796269 0.00948669 0.00797504 0.00796297 0.00796269 0.00796269 0.00844644 0.00796269 0.00796815 10.6386 0.00796274 0.00800392 0.00796269 0.0079627 0.00835519 0.00811853 0.00796269 0.0079669 0.00796269 0.00796269 0.00796354 0.00796269 0.00796269 0.00796269 0.00796269 0.00796301 0.00796372 0.00796269 0.00814742 0.00798979 0.00796269 0.00796706 0.00844062 0.00796873 0.00796269 0.00796269 0.00796269 0.00796269 0.00796269 0.00796269 0.00816434 0.00796269 0.00796269 0.00796269 0.00796269 0.00855272 0.00796269 0.00838325 0.00796269 0.00796269 0.0079627 21.5163 0.00796269 0.00824888 0.00796269 0.00796288 6.35271 0.00796269 0.00796281 0.00803714 0.00806749 0.0079904 0.00933233 0.00796269 0.0079629 0.00796269 0.00796269 0.00796269 0.00796269 0.00796303 0.00806981 0.00796432 0.00796534 0.00796274 0.00796273 0.00796269 0.00796269 0.00796269 0.00796269 0.0079627 0.00799341 0.00800073 0.00796269 0.00796269 0.00796269 0.00796269 0.00796269 66.8131 0.00797392 0.00796269 0.00796269 0.00796543 0.00796315 0.00796285 0.00796519 0.00796269 0.00796269 0.00796269 0.00796268 0.00796269 0.00796516 0.00796269 0.00796413 0.00813161 0.00796269 0.00796269 0.00796272 0.00796269 0.00796269 0.00796277 0.00796269 0.00796333 0.00796543 0.00796269 0.00796296 0.00796455 0.00796307 0.00796269 0.00796269 0.00796475 0.00804804 0.00830184 0.00802531 0.00796269 0.00796269 0.00796269 0.0522329 0.00796269 0.00796269 0.00796269 0.00796269 0.00796269 0.00796269 0.00799268 0.00817082 0.0079693 0.00796269 0.00796269 0.00796269 0.00796272 0.00796269 0.00796269 0.00796285 0.00796305 0.00796269 0.00796271 0.00796269 0.00796269 0.00796269 0.00796269 0.00796269 0.00796269 14.63 0.00796269 0.00796269 0.00796269 0.00800076 0.00796269 0.00796269 0.0079627 0.00796269 0.00796277 23.9268 0.00796458 0.00796269 0.00796449 0.00796269 13.7838 32.1345 0.00796269 0.00796269 0.00796269 0.00796269 0.00796271 0.00882812 24.6566 0.00796269 0.00796269 0.00796268 0.00796269 0.00796269 123.462 0.00796448 0.00796269 0.00796269 0.00796271 0.00796274 0.00796269 0.00796318 451.521 0.00796478 0.00796269 0.00796304 0.00796269 0.00796268 0.00796269 0.00805089 0.00796269 0.722802 0.00830225 0.00796269 0.00796571 0.00796269 0.00796269 0.007963 53.2507 0.00796364 0.00796269 0.00796269 0.00796269 0.00796387 0.0124733 0.00798207 0.00796268 0.0079629 0.00796272 0.00796269 0.00796309 0.00796736 0.00796269 0.00796269 0.00796269 0.00809846 0.00847123 0.00796269 0.00796269 307.206 0.00796777 0.00796269 0.00796404 0.00797301 0.00796601 0.00796332 0.00796273 0.00796269 0.00796269 0.00796331 0.00796674 0.00796271 32.7568 0.00796303 0.00796269 0.00796269 37.2481 0.00894362 0.00796269 0.00796842 0.00801464 0.00796397 0.0113638 0.00796269 0.00801955 0.00796269 0.00796268 0.00796986 0.0079627 0.00796338 0.00796269 0.00796269 0.00799518 0.00796269 0.00797994 0.00796269 0.00796273 0.00796269 0.00796269 0.00802131 0.00796272 0.00796328 0.00796269 0.00796269 0.00796273 0.00796288 0.00796269 0.00796269 0.00806755 0.00796377 0.0079627 105.133 27.4927 0.00796273 0.00796292 0.00797909 0.00796617 0.00796269 0.00796269 0.00799892 0.00796279 0.00796269 0.00796876 394.952 105.364 0.00796269 0.00801061 0.00802129 0.00796269 4.16209 28.9031 0.00796269 0.00796279 0.00796269 0.00796269 0.00806525 0.00796269 5.16387 0.00796269 375.334 0.00796288 0.00796271 78.4102 0.00796269 0.00796269 0.00797619 0.00835742 0.00800151 45.3341 0.00796269 16.1214 62.696 0.00796269 0.00801861 0.00796292 0.00796269 0.00796269 0.00796269 60.6532 0.00796702 0.00796269 0.00796683 61.6307 0.0079761 0.00805527 0.00796271 0.00796407 0.0079628 0.00796272 0.00796269 0.00796327 0.00796268 0.00796269 0.00796269 0.00948931 0.00796269 0.00796269 0.00796271 0.00796273 0.00800119 0.0079627 0.00796269 0.00819862 0.00796747 0.00796926 0.00796351 0.00796279 13.0878 0.0241479 0.263934 0.00830583 0.00796269 0.0079627 0.0135163 0.344934 0.00796268 0.00814688 36.7251 0.00796269 0.00796269 0.00796269 0.00796277 0.00796286 0.00796274 0.00796269 0.00796279 0.00796269 0.00796299 0.00796277 0.00796269 48.3854 0.00802858 0.00796315 99.0789 0.00797589 0.00796269 0.00796269 0.00796269 0.00796269 0.00796269 0.00824263 0.00796374 0.00841697 0.00796271 0.00796873 0.00800048 0.0105106 0.00796269 0.00796402 69.6318 0.00796278 0.00799005 0.00796312 0.00796269 0.0213145 0.00796269 0.00796983 0.00796269 0.00797603 0.00864566 0.00796269 0.00801017 0.00796286 0.00796269 0.00796625 0.00796269 0.00796312 0.00796269 0.00796269 0.00796334 0.0079737 0.00796269 25.3942 0.00809319 0.00796269 0.00796269 0.0080505 0.00796288 0.00804763 0.00796971 0.00805248 0.00796269 0.00796269 0.00796269 0.00797487 0.00796273 0.00874576 0.00796269 0.00796283 0.00796269 0.00796269 0.0079636 0.00796269 0.00936281 0.00797286 48.8436 0.00796269 0.00796271 0.00796269 0.00796269 0.00796269 0.00796269 0.00806133 0.00796269 0.00796269 0.00796292 0.00796269 0.00796269 0.00796269 0.00796269 0.00796269 0.00796269 234.306 0.00796273 0.00796271 0.00796269 0.00797846 0.00796269 0.00796322 0.00796269 0.00796269 0.00796295 0.00796269 0.00834083 0.00796306 0.00796269 0.00796269 0.00796269 13.0683 0.00796269 0.0088409 0.00796269 0.00796269 0.00805722 0.00796269 0.00796269 0.00796269 0.00796269 0.00796271 0.0079627 0.00796293 0.00796269 0.00796269 0.00796269 0.00796269 0.00796269 0.00796269 0.0079627 0.00796269 0.00796439 0.00796359 0.00796269 0.00799474 0.00800435 0.00796271 0.00796269 0.00800962 0.00796279 0.0081742 0.00838026 0.00796396 0.00818326 0.00796269 0.00796269 0.00796269 0.00800643 0.00796269 0.00803258 0.00796269 0.0079627 0.00797754 0.00796269 0.0080493 115.412 0.0079627 0.00796329 0.00796271 0.00796294 0.00796269 0.00796269 0.00796269 0.00796625 0.00799622 0.00796269 0.00796269 0.00796269 0.00796269 0.00796269 0.00796269 0.00806562 0.00796269 0.0107482 0.00796269 0.00796269 0.0107416 0.00796269 0.00812736 0.00796269 0.00796269 0.00796269 22.9984 0.00796269 0.00796269 0.00796269 0.00796269 0.00796269 0.00796269 0.00796268 0.00796269 0.00796269 0.00796269 0.00796269 0.00796269 0.00796269 120.722 0.00796269 0.00796269 0.00822871 0.00796269 0.00796269 161.22 360.902 0.00796273 11.6726 0.00796269 0.00796279 0.00802549 0.00796268 0.00796279 0.00796269 0.00796269 23.0774 0.00796276 0.00796269 0.00796276 1.58114 0.00796269 0.00819118 0.00797076 0.00796269 0.00796268 0.00796269 0.00797653 0.00796269 0.0082353 0.00796269 0.00796311 0.00796269 0.00796407 0.00796269 0.00796269 0.00796269 0.00796269 0.00796309 0.00796287 0.00796275 82.2139 0.00796269 0.0079627 0.00796268 269.234 0.00796643 0.00796269 0.00796268 0.00796296 0.00796269 0.00796513 0.00796269 0.0120982 0.00799943 18.8848 0.00796269 0.00796269 0.00796269 0.0079807 0.00796269 0.00796269 0.00796517 0.00796916 0.00796269 0.00796269 0.00802707 0.00796269 0.00796269 0.00796269 0.00796311 0.00796269 0.00796406 0.00796269 0.00796269 0.00796279 0.00796269 0.00796269 0.00796269 0.00796414 0.00796271 0.00796269 0.00796269 119.798 1.58883 0.00796313 0.00796269 0.00798383 7.96372 0.00796269 0.00796269 0.00796269 0.00836629 0.015843 0.00796283 0.00801705 0.00796268 0.0079628 0.00814044 0.00796269 0.00796269 0.00796269 0.00796269 0.00796269 72.8266 0.00796325 0.00796269 0.00796269 0.00815001 0.00796269 0.00796269 0.00796269 0.0154422 0.0080916 0.0079627 0.00796269 0.00796269 0.00812377 0.00796616 37.8325 0.00796293 0.00796269 0.00865592 0.00796269 0.00796269 25.4049 0.0211773 0.00796269 0.00796269 0.00796269 0.00796269 0.00796621 0.0079682 0.00843536 0.00796268 0.00796269 0.00796343 0.00796269 56.1543 0.00797628 0.00796269 0.00796269 74.3884 0.00796269 0.00796269 0.00796269 0.00796269 0.00796269 0.00796509 57.5721 0.00822588 0.00796269 0.00807326 0.0081275 0.00796269 0.00796375 0.00796269 0.00796269 110.996 0.00796481 0.00796268 0.00796281 0.00796276 0.00796269 0.00796269 0.00796268 0.00801699 0.00796446 0.00796269 0.00796269 0.00796269 0.00796269 0.00796269 0.00796293 0.00796269 18.6246 0.0080313 0.00796268 0.00796269 0.00796269 0.00796269 139.69 652.05 0.00796268 0.00796268 0.00796297 0.00796269 17.7044 0.0079629 0.00798887 0.00799834 0.00830719 0.00796269 0.00796283 136.318 0.00796299 147.717 0.0080382 0.00796336 0.00796271 0.00797817 0.00805062 0.00796272 0.00796268 0.00796271 0.00800766 0.0079661 0.00796276 0.00796293 0.00796269 16.1476 0.00796276 0.00796269 22.0336 0.00796454 0.00796269 0.00796269 0.00796269 21.848 0.00806908 30.5842 0.00796639 0.00796279 0.00796539 0.00796269 0.00946925 0.00796269 0.00796269 0.00796269 0.00796281 0.696288 0.00796287 0.00796268 0.00796269 0.00796271 0.0226776 0.00796939 0.00796269 0.00796269 0.00796333 0.00796289 0.00796269 0.00796269 0.00796269 0.00796269 0.00796269 0.00796606 0.00796269 0.00796269 0.00796407 0.00796269 10.5278 0.00796286 0.00796269 0.00796269 0.00796416 0.00798044 0.00797104 0.00796421 0.00796269 0.00796271 39.7439 0.00796269 0.00796269 0.00796273 0.00903922 142.675 257.651 168.423 0.0079627 0.00796269 0.00796269 0.00796269 0.00838475 0.00824759 0.00796316 0.00797538 0.00796269 0.00796269 0.00796268 0.00803345 0.00796392 57.175 0.00796269 0.00796333 0.00807206 0.00797116 0.00796269 0.00796269 0.00796269 0.00796269 0.00796269 0.00796269 0.0079627 0.00796269 0.102381 0.00796269 1924.16 88.4738 0.00796269 0.00822932 0.00805248 0.00796273 0.00796568 0.00796269 0.00824033 0.00796273 0.0079665 0.0107546 0.00796269 0.00796269 0.0080078 0.00796328 0.00797109 0.00796269 0.00796273 0.00796269 0.0079627 0.00796272 0.00796334 76.0078 0.00796269 0.00796833 0.00796269 0.00815991 0.00796269 0.00796269 0.00796334 0.00796311 0.00796269 42.3211 0.00796275 0.00796307 0.00796269 0.00796269 0.00796276 0.00796269 0.00796294 0.00796269 494.021 0.00818243 0.00812386 0.00796662 0.00796284 0.00796666 0.00803038 0.0175442 0.00796269 0.00796275 0.00796269 0.00796814 0.00796571 0.00851129 0.00796269 0.00796269 0.00797729 0.00796269 0.00796269 0.00796269 0.00796272 0.00796271 0.00870935 0.00796268 0.00796269 0.00796269 0.00796269 0.0080019 0.00796269 0.00796465 0.00796269 0.0079627 0.00849678 0.00796444 0.00796269 0.00796278 0.0549239 0.00801564 0.00862338 0.0079628 3.52904 0.00796303 0.00796269 0.00796269 0.00796273 0.0079645 11.2793 0.00796269 0.0079647 0.00796269 0.00831678 0.00796269 0.00801508 0.0079627 0.00796269 0.0079635 0.0079627 0.00796269 0.00796269 0.00796284 0.00796402 0.00796269 0.00796557 6.08271 0.00798076 0.00796288 0.0079627 0.00818698 0.00796277 0.00887089 0.00796271 0.00796269 0.00796269 0.00796468 0.00796269 0.00796269 0.00796273 26.1534 0.00796269 0.00796269 0.00796282 0.00796274 0.00796299 0.00796299 0.00854389 0.00800674 0.00796269 5.99374 0.00796307 0.00805543 0.00796557 0.00796269 0.00798594 0.00796269 0.00796269 0.00796378 0.00796269 0.0079627 0.00846093 12.7868 0.00796269 0.00796273 0.00948691 44.4944 0.00796269 0.00796269 0.00796283 258.171 0.00796269 0.00796271 0.00801062 0.0130764 0.00796269 0.00796269 0.00796269 0.00796274 0.00796269 0.00796832 0.00796269 0.00809982 0.00816314 0.00796269 0.00796269 0.00796269 0.00799043 29.9524 0.00796269 0.00796269 0.00796285 0.00796292 0.00796318 0.00796269 0.00796269 0.00796269 0.00802923 192.571 0.00865399 0.00796269 0.00796269 0.00796268 0.00805892 0.00796269 0.00796272 0.00796269 0.00796269 0.00796269 0.00796269 0.00796269 178.691 1027.75 41.1231 0.00796269 0.00799763 0.00796269 0.00796269 0.00796268 0.0079633 449.822 0.00796269 0.00796275 46.2847 0.00796269 0.00796282 0.00796406 0.00796269 0.00796334 0.00796285 0.00796268 0.00796269 0.0080878 0.00813981 0.00796276 0.00796427 0.00796269 0.00796428 0.00796269 0.00796268 0.00796269 0.00796269 0.00796269 0.00796269 0.00801267 0.00796269 0.00800666 0.00796269 0.00796269 0.00796731 10.8694 0.00800472 0.00796269 0.00796269 0.00796269 0.0081176 0.00796269 0.00796557 0.00796269 0.00796533 0.00796276 0.0114036 0.00796269 0.00796285 0.00796269 0.00818617 0.00796269 0.00804595 0.00806014 0.00796269 0.00796269 0.00796269 188.173 0.00796269 0.00796269 0.00800383 0.00796594 0.00801195 0.00796998 0.00801923 0.00796283 0.00796269 0.00796272 0.00796269 14.8077 0.0082238 0.00796269 0.00796269 0.00798727 0.00796269 0.00796271 0.00796269 0.00796269 0.00816955 0.00796269 9.61278 0.00796273 0.00796271 0.00796269 0.00796269 138.436 0.00796281 0.00796269 2159.47 0.00796269 0.00796269 0.0079627 0.00796269 0.00796269 0.00796269 0.00796378 0.00797084 0.00796269 0.00796269 0.00799171 0.00796269 0.00796269 0.00796272 0.00797234 0.00796276 0.00796268 0.00796269 0.00812973 0.00796302 0.00796269 0.00796273 0.00796269 0.00796269 0.00801503 0.00796269 0.00796269 0.00796269 0.0079627 0.00796341 0.00796536 0.00796268 0.00796269 0.00836248 12.3534 0.00796269 0.00796269 0.00796269 0.00796403 0.00803253 0.00796269 0.00799155 0.00796269 0.00818157 0.00796269 0.00796269 0.00796269 0.00796269 0.00796269 0.00796294 0.00797689 831.322 0.00796269 0.00798031 0.00796269 0.00796271 0.00796269 0.00822125 0.00796269 9.50447 0.00796269 0.00796269 0.00796269 100.889 0.00796268 0.00796269 0.00796269 0.00797043 16.5518 0.00796509 12.9397 0.00796269 0.00796554 5.16402 96.8885 0.00796269 0.00796269 0.0129786 0.00796269 0.00796269 21.7843 136.991 0.00796413 0.00798473 0.00796269 0.00796269 0.00796269 0.00796269 0.00796269 0.00796302 0.00796269 0.0080108 0.00799369 0.00796272 0.00796291 0.00796272 30.3067 129.352 87.9334 0.00796376 0.00796342 0.00796269 162.245 0.00796269 0.00796269 0.00796568 0.00796408 0.00796269 0.00796269 0.00796289 0.00806875 0.00796269 0.00796293 0.00796269 0.00796273 0.0079627 0.00796269 0.00796269 0.00796269 0.00796269 0.00816727 0.00796269 0.0079627 0.00796272 0.0079652 0.0080133 0.00796269 0.00796269 0.00796269 0.00796269 0.00796271 0.00796269 0.00796269 0.00853166 0.00797179 0.00800859 0.00796339 0.00798075 0.00796632 0.00796271 0.00796269 0.0079627 0.00796269 0.00806382 0.00796269 0.0080129 0.00796269 16.7834 0.00796812 0.00796269 0.00804823 0.00796838 0.00796271 0.00796269 15.7872 0.00796269 0.00796269 0.00796269 0.00796269 0.00796319 0.00796271 0.00796283 0.00796269 0.0079627 0.00796269 0.00796269 0.00796269 0.00796269 0.00796269 0.00796269 245.866 0.00796269 0.00796281 0.00810092 0.00796269 0.00796309 0.00796269 0.00796287 10.9185 0.00812737 0.00796269 0.00796269 0.00797189 0.00796566 0.00796272 0.00796269 0.00801181 0.00796269 0.00849036 0.007963 0.00796277 0.00796269 0.00796269 0.00815011 0.00796269 0.00796269 0.00796269 0.00796269 0.00796269 0.00796269 0.0136886 0.00796269 0.0079639 0.00796269 0.00796269 0.00796274 115.406 0.00796274 0.00796269 0.00796272 0.00796269 46.4227 142.748 0.00796286 0.00796324 0.00796269 203.314 0.00796269 4.60895 0.00796288 0.0079627 5.94852 0.0079629 0.00796273 0.00798642 128.934 0.00796269 0.00796269 0.00796272 0.00796269 0.00797572 0.00796269 0.00796268 0.00811808 0.00802618 0.00796269 0.00796271 0.00796269 0.00796268 0.00796269 0.00810839 0.00796269 0.00796275 66.1538 0.00814874 0.00796269 0.0080662 0.00796269 0.00796269 0.00796269 83.6276 0.00803937 0.00796269 0.00796482 0.00796278 0.00796269 0.00796269 0.00796269 0.00796269 0.00796278 0.00796273 0.00796271 0.0079628 0.00796269 0.00810058 0.00797562 186.281 0.00796269 0.00796269 0.00807371 0.00796269 0.00796269 0.00796269 0.00796269 0.00796268 0.0079628 0.00796269 0.00796269 0.00796269 0.00798811 0.00796268 0.00796269 0.00801568 13.0878 0.00796269 0.00796278 0.00796274 0.00796269 0.00796269 0.00796269 0.00796269 0.00818608 133.879 0.00796269 0.00796328 0.00796269 43.9787 0.00796273 0.00796269 0.00796269 0.00799912 30.0727 0.00796269 0.00796269 0.00797234 0.00796269 0.00796269 0.00801983 22.8981 0.00796269 0.00796408 0.008008 0.00796618 0.00849606 213.448 0.00796269 0.00796268 0.00796269 0.00796269 21.3291 0.00815209 0.00796269 33.893 0.00796269 0.00796365 0.00796269 0.00796269 0.00796382 0.00796278 0.00801073 0.0734798 2674.3 0.00796269 0.00796282 0.00796286 187.285 34.5943 42.2628 0.00798271 0.00796269 0.00797197 0.00812438 0.00799177 0.00796302 0.00796269 0.00808413 0.00796269 0.0123165 0.00796328 0.00796268 0.00796269 561.41 0.00796418 0.00796269 0.00796269 0.00796269 0.00796269 0.00796288 0.0131756 0.00796341 0.0079629 0.00813183 0.00796269 0.0122753 53.4909 0.00796465 0.00796269 108.743 0.00821757 0.00796269 0.00796275 0.00796269 0.00796269 0.00796271 0.00805125 0.00796269 0.00796269 0.00796278 0.00796289 0.00796888 0.00796268 0.0114104 0.00796269 0.0079627 0.00797171 0.00796269 0.00797077 0.00796275 0.00796273 0.00808919 0.00841329 0.00796984 110.511 0.00796269 0.00796294 0.00796269 0.00800888 0.00796503 0.00796269 0.00798445 0.00796285 0.00797173 22.8978 0.00796277 328.329 0.00796269 0.00799813 0.00796282 0.00796269 0.00797356 0.00796269 30.5282 0.00817367 0.00796269 0.00796688 0.00796269 0.00796269 0.00796269 0.00796269 466.76 0.00796269 0.00796269 0.00796269 0.00796269 0.00803498 0.00796276 0.00796269 36.1674 0.00796272 0.00796269 0.00796372 0.00796268 0.00796269 0.0146678 0.00844123 0.0079628 0.00796269 0.00796269 0.00796269 0.00796681 0.0079627 5.25604 0.00796276 0.0088893 0.00803652 0.00796269 0.00796681 37.8112 0.00796283 0.0079627 0.00796376 0.00798442 0.00796284 0.00805499 0.00796269 0.00796269 0.00796269 0.00796269 0.00796269 0.00796269 0.801297 30.6784 0.00796352 0.00796566 105.033 0.00796269 32.5273 0.00844849 0.00796269 0.0079629 4.36278 0.00796269 0.00796269 0.0093047 0.00796289 0.00796269 0.00796329 0.00796269 0.0079627 0.00796269 0.00961838 0.00796269 0.00796275 0.00798361 0.00796277 0.00796269 0.00796272 2507.3 0.00796272 0.00801812 0.00796285 0.00796269 0.00810468 0.00796269 0.00798753 0.00812869 0.00796602 0.00796269 0.00796269 0.0080503 0.00796268 0.00800217 20.6127 621.603 0.00796547 0.00796269 0.00796269 12.7867 0.0080053 0.00796269 0.00796271 0.00796269 0.00796269 0.0079627 0.00796269 0.00796269 0.010805 0.00796269 0.00796269 0.00797878 0.00796269 0.00796269 0.00796269 0.00796268 0.0079675 0.00796269 0.00796269 0.00796441 0.00808739 0.00796269 0.00796269 0.00796275 0.00814917 0.00796269 0.00796269 0.00797079 0.00801808 0.00796269 0.00796282 22.5124 0.0082867 0.00796269 0.00796269 0.00796269 0.00798463 0.00796269 0.00823528 0.00796271 0.00796269 0.00796275 0.00796269 0.00796269 0.00796269 0.00796269 0.00796269 0.00803532 0.00796269 0.00852107 0.00796383 0.007976 0.00796269 0.00796269 0.00796375 0.0080981 0.00796269 0.00796269 0.00797335 0.00796269 0.00796269 0.00796269 0.00796378 0.00796268 0.00796274 0.00796269 0.00796269 0.00796269 0.00796269 0.00796982 0.00796269 0.00796269 0.00796269 0.00796279 0.00824454 81.2717 0.0082228 0.00796269 0.00796269 0.00796269 0.00801532 0.0098653 0.00796269 39.2324 0.00796269 0.00796269 0.00796269 0.00796269 0.00796269 0.00796268 0.00862879 0.00796269 0.00801804 0.00796271 0.00798248 0.00796275 0.00796269 0.00796269 0.00796296 0.00796681 0.00796269 0.00796269 0.00796269 0.00796282 0.00796269 0.00796269 0.00796269 0.00796269 0.00796269 0.00833934 0.00796269 0.00796269 0.00796269 0.00796269 0.00796636 0.00822021 0.00810691 99.1814 0.00840665 0.00796269 0.00796269 0.00796269 0.0079628 0.00800214 690.352 0.00796269 0.0079765 0.00796269 0.00834028 0.00800155 0.00796269 0.00945297 0.00807181 0.00796328 0.00796269 0.00796269 0.00884127 229.665 0.00796859 0.00796269 0.00796269 0.0079629 0.00796277 0.00796269 0.00796272 0.00796281 0.00796654 0.00796447 0.00796269 0.00796269 0.00796269 0.0079627 0.00796269 0.00796273 0.00796269 0.00796269 0.00796269 0.00796268 0.00796269 0.0079629 4.42942 0.00796269 0.00873502 0.00796269 0.00802169 0.0081172 0.00796269 0.00796277 0.00796274 0.00796269 0.00796269 0.00796271 0.00796269 0.00798128 0.00796319 0.00796269 0.00800922 0.00796765 0.00796268 0.00796488 0.00797659 0.00796269 0.00796269 0.00796269 0.00796269 0.00840055 0.00796269 0.00796269 0.00796269 0.00796269 0.00796269 0.00796269 0.00796269 0.00796289 112.825 401.512 0.00811515 0.00798375 0.00796269 0.00796269 0.00796269 0.0079627 0.0079627 0.00796286 0.00796275 0.00796269 52.5931 0.00796269 0.00796376 0.00800185 0.00796536 0.00796273 0.0079838 0.00796269 0.00796272 0.00796277 0.00796277 0.00796572 0.00796269 0.00797453 0.00798224 0.00796269 0.00796269 0.00796277 0.00796269 0.00796299 0.00796269 0.00796269 0.00796269 0.00796275 0.00796269 0.00796269 145.588 0.00796269 0.00796269 0.00796271 0.00796269 0.00812865 0.00833288 0.00796292 0.00796447 0.00796645 0.0101399 0.00796269 0.00796269 0.00799489 0.00796269 0.00796269 0.00815998 0.00796555 0.00796269 0.00796278 0.00796269 0.00796278 0.00797999 0.00796269 0.00804157 0.00796269 0.00796272 0.00796269 0.00796269 0.00796272 0.00796268 0.00796269 0.00796269 0.00796269 0.00796268 0.00796272 0.00796278 0.00893419 0.0079627 0.00796283 0.00796343 0.00796273 0.00796346 0.00796271 17.8135 0.00796269 16.8269 0.00796268 0.00796269 0.00796269 0.00796269 0.00796269 36.0811 0.00796269 0.00796269 0.00818965 0.00796269 0.00796299 0.00796269 0.00796269 0.00803428 0.00796269 0.00796269 0.0138607 0.00796281 0.00796269 0.00796287 0.00818215 0.00796268 0.00812189 0.00813191 0.00796269 0.00796269 454.679 0.00796269 0.00796999 0.0079627 0.00796269 0.00796269 0.00796269 0.00796269 22.5799 0.00802293 0.0079627 0.00796279 0.00796269 0.007968 0.00796269 0.00796334 0.00796269 0.00796269 0.00796534 0.00796269 0.0079627 0.00862337 0.00820033 0.0079627 0.00797405 0.00796269 0.00796269 0.00796269 0.00796269 0.00796269 0.00796269 0.0079627 0.00796272 0.00796269 0.00797375 0.0079665 0.00823421 0.00796269 0.00796346 0.00796269 0.00796269 0.00799081 57.525 0.00814094 0.00796305 0.00796269 0.0131449 0.00796434 0.00796269 8.73777 0.00796269 0.00796269 0.0079627 0.00796269 0.00796269 10.873 0.00796269 0.00796399 0.00796291 0.00796295 0.00796285 0.00796282 0.00796269 0.00796275 0.00796294 0.00796776 0.00902029 0.00796269 0.00804273 0.00796272 0.00796276 0.0079644 0.00796269 0.00796269 0.00809758 0.0079627 0.00796269 0.0079669 0.00796269 0.00798094 0.00797502 57.4692 76.8859 0.00796269 0.00796269 0.00796268 419.369 441.434 0.00796634 0.00796329 0.00796276 69.5995 0.00796599 0.00796275 0.00796386 0.00796269 0.00796269 0.00796269 0.0079628 0.00796269 0.00796269 0.00800923 0.00796269 0.00796269 0.00796269 0.00796269 0.00796269 0.00796273 0.00796269 0.0079628 74.5841 0.00796269 0.00796269 0.00796269 0.00796269 0.00796269 0.00796275 0.00797385 0.00796273 0.00796277 0.00825771 0.00796269 0.0079635 0.00796269 0.00796338 0.00796269 0.00938896 0.00796269 0.00860786 0.00796269 0.0079627 0.00796269 0.0079627 0.00796269 0.00813967 0.00796363 0.011363 0.00796269 0.00805906 0.00796287 0.00796269 0.00835984 0.00796272 47.57 0.00796268 0.00796269 0.00800913 0.00796269 0.00796326 0.00797145 0.00796629 9.69052 0.0165533 0.00796269 0.00796292 0.00796269 0.00796271 0.00796296 12.9791 0.00796269 0.00796323 0.00802643 0.00797149 0.00799768 0.00796269 0.00796269 0.00796315 0.00796268 0.00796269 0.00797628 0.00976525 0.0079627 0.00796269 0.00796269 0.00798427 0.00796271 0.00796269 0.00796269 0.00796285 0.00796268 0.00796269 0.00800833 0.00796268 62.8933 0.00796269 0.00796269 0.00796269 0.00801188 290.129 0.00800137 0.00796274 0.00796344 0.00796269 0.00796269 0.00796269 0.0079629 0.00796269 0.00796269 0.00796269 0.00796271 0.00804522 0.00803929 0.00813778 0.00796279 0.0079627 0.00796269 0.00796269 5.1639 0.00799631 0.00846914 0.00806036 0.00796269 0.00796269 0.00924446 0.00796269 0.00796269 0.00796269 0.00796421 0.00796269 0.00796269 0.00796273 0.00796269 0.00811413 260.134 0.00796289 0.00796269 0.00796269 0.00796269 0.00796292 0.00796269 0.289051 0.00797149 0.00796269 0.00796269 0.00796269 39.2168 0.00796269 0.00796269 0.00801755 0.198803 0.00796269 21.3271 0.00796269 0.00796269 0.00796269 0.00796269 0.0079725 0.00796269 0.00796269 0.00796269 0.00796269 0.00796269 0.00796269 157.247 0.00796296 0.00796269 0.00796757 0.00807882 0.00796271 0.00796287 0.00796269 114.623 0.00796269 0.00796268 0.00796269 0.00796282 0.00797011 0.00796268 25.4749 0.00796269 0.00796269 0.00797194 0.00812269 415.144 26.5384 0.0079627 0.0082501 0.00796269 0.00796269 0.00796269 0.00796269 0.00796779 0.00796274 14.8842 88.464 0.0079627 0.00796269 133.258 0.00796269 0.00796269 0.00796269 0.00798018 18.7606 0.0079628 0.00796269 0.00796271 0.00796269 0.00796269 0.00801311 0.00796541 0.00796539 0.00796832 0.00806434 0.00796269 0.00796269 0.00797259 0.00796269 0.00796796 0.0079627 0.00796269 0.00796275 0.00796269 0.00796279 0.00796272 0.00796269 0.00796299 0.00798952 0.00801315 0.00796308 24.1555 0.00796283 0.00797315 0.0079731 0.00796292 0.00797099 0.00796269 0.00796269 0.00796269 0.00798354 0.00797941 33.8004 0.0079627 0.00796269 0.00796268 0.0081833 0.00796269 0.00796269 0.00796269 0.00796269 0.00798934 0.00796651 0.00796269 0.00796292 0.00796269 0.00796269 412.252 0.00796269 0.00796873 0.00796269 0.00801319 0.00796268 0.00796269 0.158134 0.00796269 0.00796344 0.00796269 0.00796269 0.00796269 0.00930797 0.00822903 0.0079636 0.00796284 12.1979 65.3263 0.00796304 0.00796269 0.00796269 0.00796269 0.00796269 0.00796268 0.00796269 0.00867559 0.00796269 0.00796269 9.07294 0.00796269 0.00798687 0.00796291 0.00796269 0.00850313 0.00796269 0.00801353 0.00796269 0.00796269 0.00796269 0.0079644 0.0079963 0.00796269 0.00796491 0.00796269 0.00796269 0.00796269 0.00805273 0.00796269 0.00796269 0.00796269 0.00796269 0.00796269 0.00796269 0.00801503 0.00799696 0.00796269 0.00803251 0.00797717 0.00796269 0.00797848 0.00796271 0.00796297 0.00796269 0.00796269 0.00796269 0.00796269 0.00796269 0.00796332 0.00808699 0.007963 0.00797086 0.00801951 0.00796269 367.321 0.00796269 0.41667 0.00796269 0.00802358 0.00798531 0.00821594 0.00796269 0.00796599 0.00796269 0.00796752 0.00796316 0.00796269 0.00806988 138.845 0.0213478 0.0079697 0.00796268 0.00796269 0.00796269 0.00796269 0.0120982 0.00796269 0.00796269 0.00796269 0.00796269 0.0079629 0.00796269 309.64 0.00796272 0.00796269 0.00796269 0.00796275 0.00857959 0.00796302 1.04006 0.0079627 0.00796269 0.00798718 15.1213 0.00796475 0.00797499 0.0079644 0.00796347 0.00796269 0.00796686 0.00796269 0.00796269 0.00796269 0.00796269 0.00796269 0.00796281 0.00796269 0.00796269 0.00796269 0.00796269 79.1231 0.00796468 35.1281 0.00796286 0.00796407 0.00812735 0.00796269 0.00796275 0.00796273 0.00796269 0.00796269 0.00796269 0.00815336 0.00796269 0.00796269 0.00796269 0.0079633 0.00796269 0.00797154 11.2359 0.0182818 0.00796269 135.078 0.00816027 0.00797208 0.0079627 0.00796998 0.00796269 0.00814216 0.00801268 0.00796432 0.00796269 0.00796701 0.00801546 0.0079627 0.00796269 0.00796313 0.00796269 0.00796345 0.00796273 0.00796269 0.00796269 0.0079627 0.00796274 0.0079628 0.00796303 0.00796277 0.00796284 0.0079627 0.00796269 0.00796269 0.00799833 0.00796269 0.00796269 0.00797045 0.00796269 0.00796268 0.00796269 0.00796631 0.00796275 0.00796294 0.00796273 0.00796275 9.21301 0.00796269 0.0079661 0.00796533 0.00797191 0.00796269 0.00796269 0.00796591 0.00798402 0.00796602 0.00796269 0.00796269 0.00796295 0.0115094 0.00810873 0.00796269 0.0079628 0.00800478 0.00796976 0.00796269 0.00796269 0.00797066 0.00796269 0.00816764 0.00796269 0.00796269 0.00796276 0.00796269 0.00796269 0.00796271 0.00796269 0.00796269 0.00796319 0.00796271 0.00796441 0.00801619 90.4675 0.00796269 0.00796268 0.00796317 0.00799096 0.00796269 0.00796269 0.00796269 0.00796269 0.00797353 0.00796269 0.00796269 0.00796407 0.00796269 0.00796271 0.00796269 0.00796277 0.0079627 0.00796269 0.008471 0.00796405 0.00856584 0.00796286 0.00796354 0.00796269 0.00796355 0.00796269 0.00796271 0.00796269 0.00796395 0.00796269 0.00796269 0.00796269 0.0079627 0.00796269 0.00796809 0.00796349 127.925 0.00798747 19.5816 0.00796277 0.00796269 0.00796269 0.00796309 0.0080282 0.00796271 0.00796269 0.00796269 0.00796269 0.00883973 0.00796269 0.00799277 0.00796271 0.00796269 0.00796269 0.00796269 0.00796574 0.00796269 0.00796286 0.00796292 0.00797722 0.00796269 0.00814792 0.00796269 413.155 0.0100425 0.00796272 0.00796269 0.00796843 0.00797495 0.00796269 0.00796274 0.00796295 86.4899 0.00796556 0.00796287 0.00797404 0.00796269 0.00796269 0.00796269 0.00796269 0.00796272 0.00796286 0.00796269 0.00796367 0.00796282 0.00796279 0.00796269 0.00796269 0.00914061 0.0079628 0.00796269 30.3639 0.00796269 0.00977537 189.455 0.00796269 0.00796269 0.00796268 0.00796269 0.00796273 0.00796612 0.00796463 0.00796269 0.00886063 0.00796269 31.042 15.2641 0.00796269 0.00796269 0.00796269 0.00796319 0.00796269 0.00801296 0.00796276 0.00796269 0.00796269 0.00796269 0.00817088 0.00796269 0.00796269 0.00796278 0.00796372 0.00796269 0.00796269 0.00796269 0.00796268 125.157 0.00796269 0.00796769 0.00796663 0.00796419 0.00796269 29.779 0.00796269 0.00796269 0.00796269 0.00796454 30.1961 0.00796271 0.00796269 0.00796269 0.00796269 0.0079628 0.00796269 17.5501 0.00796269 0.00796269 0.00796992 0.00796269 0.00796269 0.00796273 0.00796269 0.0079627 0.00797512 0.00796268 0.00796279 149.708 0.00796269 0.00796269 0.00796269 0.00796269 52.4292 0.00796269 0.00796269 0.00796269 0.00796269 0.00797308 19.896 0.00801347 0.00796269 0.00796317 0.00796269 0.00796299 0.00796324 0.00796269 0.00796332 0.00796269 0.0125623 0.00796269 0.00796269 0.00796269 0.00808079 0.00796918 0.00796272 0.00796269 0.00796269 0.00796269 0.00796269 0.00796269 0.00796269 0.00796269 0.00796421 0.00796621 0.00796273 0.00796269 0.00797934 0.00802359 0.00796269 0.00796269 0.00797097 0.00796269 0.00796269 0.00798304 0.00796269 0.00799233 0.00798709 0.00796269 0.00796269 0.00800834 0.00884083 202.529 0.0079814 0.00796269 0.00824295 0.00796269 0.00798574 0.00796414 0.00796358 0.00796311 0.00796271 0.0079629 0.00796268 0.00796269 150.793 0.00796667 0.00796271 0.00796268 0.00796337 0.00796269 0.00796269 0.00797499 0.00798362 10.6387 0.00796268 44.4114 0.00796269 69.3374 0.00796269 0.00796269 0.00803255 0.00796269 0.00796286 0.00825327 0.00796269 0.00797157 0.00796269 0.00796275 0.00796269 0.00796269 0.00800593 0.00796311 0.0079678 0.00799055 0.00796268 0.0079627 0.00796269 0.00796272 0.00796269 0.00796269 0.00796269 0.0079627 0.00796269 141.258 0.00797849 0.00796269 0.00796271 0.00796269 40.1715 0.0079629 0.00796269 0.0079627 53.0896 0.00796269 0.00796269 0.00796275 0.00796269 0.00796269 204.885 0.00796269 78.0254 22.9984 0.00796269 0.00796473 0.00847496 0.00796269 153.306 0.00869338 0.00796269 0.00796269 0.00796292 0.00796269 0.00796274 0.00796269 0.00796273 0.00796279 0.00796269 0.00796268 0.00796295 0.00796269 0.00806851 0.00796269 0.00796272 0.00796269 0.0079629 0.00796553 0.00796268 0.00796269 96.2766 504.825 0.00796271 0.00796269 0.00796269 0.00796269 0.00796269 0.00796269 0.00796275 0.00797893 0.00796269 0.00796269 0.00796451 0.0079655 0.00796269 0.00796284 0.00796285 0.00796269 0.00796269 482.748 0.00799209 0.00849678 0.00796269 0.0079654 0.00796269 0.00801996 0.00796269 0.00796269 0.00796269 0.00796269 0.00796268 0.00796269 0.00796292 0.00796287 0.00806119 0.00796286 0.00796269 11.9256 0.359339 25.3738 0.00796269 0.00796455 0.00796343 0.0079628 0.169962 0.00796269 0.00796269 0.00796292 403.924 0.00796269 0.00796289 0.00796328 0.0079629 0.00799682 0.0138848 0.00796269 151.777 0.00796269 0.00796269 0.00796269 0.00796269 0.0079627 0.00796273 0.00796269 0.00796347 0.00796269 0.00796269 0.00797534 27.9757 0.00796269 52.7037 0.00796596 0.00796269 0.00796291 0.00796269 0.00897311 0.00796269 0.00796287 0.00796269 0.0081777 0.00796452 0.00796269 0.00796269 0.00796269 0.00797956 0.00805202 0.00798661 0.00796269 0.0079907 0.00796269 0.00796269 0.00796269 0.00799123 0.00807877 0.00796269 0.00796272 41.9583 0.00796269 0.00796691 0.0081038 0.0079627 0.00799122 0.00796269 0.00814797 0.00796933 0.00796542 0.00796269 0.0079637 0.0079627 0.00796269 0.0079632 0.00796274 0.00796269 0.00796271 0.00796269 0.00796269 491.47 0.00796269 0.0079627 0.00796269 0.00796269 0.00796269 0.00796269 0.00796269 0.00796489 0.00797837 0.00802722 0.0079627 0.00796338 0.00801068 15.1213 0.00798565 0.00796269 0.00796269 0.00796298 0.00805529 0.00796382 0.00796269 0.00796269 0.00796532 0.00796269 0.00796281 0.00796317 0.00796269 0.00796268 0.00796374 0.0079628 0.00797268 0.00796287 0.0079627 0.00796269 0.00798686 0.0079627 0.00796271 0.00796282 20.5535 0.00796269 0.00796271 0.00796269 0.038877 0.0969379 103.552 0.00852495 0.00796269 0.00815646 0.00796278 0.00796269 0.00796287 0.0079939 0.00796278 0.00802132 0.00796269 0.00796269 0.00799618 113.491 0.00796272 0.00796269 0.00796403 0.00796269 0.00796269 0.00796269 0.00796269 0.00796269 0.00796269 0.00796444 0.00796269 0.00797431 0.0079627 0.00796318 0.00796269 0.00796278 0.00796269 0.00796271 0.00796269 0.00810241 0.00796269 0.00796273 0.00796269 0.00796269 0.00796337 0.00796269 0.00878193 0.197549 0.00796274 0.0079627 0.00796272 0.00811957 0.00796269 0.00801648 0.00796269 22.9458 10.873 34.7221 0.00804958 0.00797119 0.0080361 109.478 15.5469 0.00796269 0.00796288 0.00796276 0.00796291 0.00810739 0.00796269 0.00796328 0.00796269 0.0079627 0.00796274 60.6623 0.00796281 0.00796348 0.00796273 0.00796268 0.00798519 0.00796278 0.00796356 0.00796269 0.00796269 0.00796269 0.00796269 0.0079631 0.00796288 0.00796269 0.00796302 0.0079802 0.00796269 0.00796295 0.00796891 0.0083047 0.00796376 0.00796269 0.0103829 0.0079627 0.00796269 0.00796269 0.105746 0.00796269 17.7129 0.00796269 0.00796269 0.00796269 0.00796393 0.0080408 0.00796273 0.00800832 0.00796268 0.00796269 0.00796269 0.00796268 0.00835981 0.00796269 0.0079627 0.00796293 0.00819803 0.00796269 0.0079627 0.00796272 0.00796269 0.00796269 0.00796269 0.00818603 1.17646 0.00796269 0.0079627 0.00796278 0.00796269 0.00796271 0.00796269 0.00819145 0.00796269 0.00796268 0.00796269 98.7381 0.00796307 0.00796269 0.00796269 0.00796269 0.00796278 0.00796385 0.00796269 0.00796269 0.00796269 0.00796269 0.00796452 0.00796269 0.0406705 0.00796272 0.00811504 1.48968 0.0079627 0.00796269 83.2024 0.00796269 39.0967 0.0079627 0.0104598 0.00796309 0.00796301 0.00796284 151.085 0.00797894 0.00796269 0.00796292 0.00796431 0.00796363 4.18373 0.00796315 32.5254 0.00796269 0.00796269 0.00805256 0.00796269 63.4297 0.00796501 0.00796269 121.015 0.00796269 0.00796269 0.032549 0.00796269 0.00796269 0.00796269 0.00796269 0.00796399 245.953 0.00796274 0.00811647 9.61273 0.00828239 0.00796415 0.00796269 0.00796269 0.00796269 0.00796269 0.00796274 0.00796269 0.00796269 0.00796276 0.00796402 0.00796269 0.00796269 445.591 0.0079688 0.00796269 0.00796269 0.0079628 0.00796277 0.00799543 0.00796269 0.00796269 0.00796269 9.89701 0.00796269 0.00796346 0.00806194 450.429 0.00796269 12.9901 0.00803731 0.0079627 7.29646 0.00796268 0.00796322 0.00796269 0.00796269 0.00796269 0.00796269 0.00796269 0.00796273 0.00796269 0.00796269 0.00796269 0.00796269 0.00796269 0.00796269 0.00796269 0.00893527 0.00796269 0.00797075 0.00796269 0.00796269 0.00796269 0.00796293 0.00796269 0.00813025 0.00828681 0.00817653 0.00796349 0.0079628 0.0722879 0.00799945 0.00796269 0.00796269 0.00796274 0.00796269 0.00803036 0.0079627 0.0138634 0.00804754 0.00796277 0.00796278 0.0080112 17.7247 0.00802508 0.00796269 0.00796269 0.00796269 0.00796269 0.00796268 0.00796269 0.00796269 0.00796269 0.00796794 0.00796269 0.00796269 0.279522 32.4918 0.007963 0.00796269 0.00796471 0.00796269 0.00815719 0.00796269 0.00796443 0.00796304 0.00796269 0.00796273 0.00796345 0.00796268 0.00796269 0.00796269 0.00796269 0.0079866 0.00796502 51.5754 0.00830441 0.011538 0.00796453 0.610888 0.00796269 0.00796318 0.00796269 0.00857887 0.00796269 0.00796533 0.00796269 0.0079627 0.00796272 0.00796269 13.0104 0.00796272 0.00796269 0.00796269 0.00796269 0.00796269 0.00796392 0.00796269 0.00796269 0.00796291 0.00796269 0.00796269 0.00796269 80.3422 0.00796269 0.00797451 0.00796269 0.00796269 0.00796379 0.00796269 0.00796269 0.00801426 0.00839712 0.00800379 0.00796307 0.00796276 0.00796269 0.00796269 0.00796857 0.00796269 0.00796269 66.1749 0.00796299 0.00796269 0.00796269 0.00796269 0.00796269 0.00796269 0.00796269 0.00796269 0.00796269 0.00796268 0.00796269 0.00811541 0.00805037 0.00796269 0.023066 0.00796274 15.1946 0.0079629 0.00796269 0.00796269 0.00796269 5.91656 0.00797989 11.0215 0.0079627 0.00796286 0.00796618 6.44979 0.00796275 351.146 0.0079628 0.0177017 0.00796269 20.9545 0.0079631 0.00810153 0.00797304 19.896 0.00796269 23.7089 0.00796269 0.00796268 0.00796271 0.00796269 0.00796276 0.00796269 20.9545 0.00796269 0.00799483 0.00806569 0.00807061 0.00796269 0.0079709 9.76245 155.985 0.0083778 0.00797101 0.00796454 0.00796269 0.00796271 0.00796269 0.007964 0.00796272 0.00796269 0.00804538 0.00957934 0.00796269 0.00796268 0.00796269 0.00796269 0.00796269 0.00796269 0.00796269 0.00802217 0.00796269 0.00796269 202.192 0.00796269 0.00800476 0.00799994 0.00796269 0.00802878 0.00796269 0.00796273 0.00796269 0.00816517 0.00797908 0.00796375 0.00796269 0.00796274 0.00796269 0.00815442 184.136 0.00796269 0.00796269 0.00796269 0.00841236 0.00802666 0.00796269 0.00796269 0.00796269 38.9788 0.00796458 0.00796755 0.00796317 0.00796269 0.00796305 0.0079649 0.00796269 0.00796277 0.00876097 0.00796269 0.0079627 0.00796268 0.00805781 0.00796268 0.00803775 0.00796269 0.00796277 0.00796269 0.00796269 0.0079627 0.00796272 0.00805472 0.00798537 0.00796316 0.00796269 0.00796401 0.00796269 0.00796269 0.00796269 0.00796269 0.00796269 0.00796269 0.00796278 0.00796269 0.00806353 0.00796269 0.00796269 100.282 0.00796269 0.0088127 0.00796268 0.00796269 0.0079873 0.00799509 0.00796269 0.0079757 0.00796394 0.00796269 0.00796269 0.00796275 0.00800884 0.00796269 0.00796269 0.00796269 0.00796269 0.00797121 0.00796269 0.00796269 0.00796278 0.00798882 0.00796518 0.00796269 0.00796269 0.296353 0.00801418 0.007963 0.00796356 0.00796276 0.00796271 0.00796277 0.00796273 0.00796269 16.6628 0.00796269 0.00805433 0.00796269 0.00796287 0.0079726 0.00796269 0.0079672 0.00796269 0.00801514 0.00796269 0.00796269 0.00796269 61.7547 0.00799034 0.00796286 0.00796272 0.00796269 0.0079627 0.00798402 0.00799464 0.00796269 0.00796269 0.00876163 0.00796269 0.00796269 0.00796269 0.00796269 0.00797696 0.00796274 0.00802573 0.00796269 0.00796269 0.00796269 0.00796269 0.0079628 0.00796269 0.0079644 64.557 0.00802007 125.845 0.00796269 35.5893 0.00796269 0.00796574 0.00796269 0.00796269 114.826 0.00810988 0.00796413 0.00796269 0.00798407 0.00796269 0.00796268 0.00796269 0.00796784 0.00796269 0.0079911 366.169 0.00814002 0.0079799 0.00796269 0.00796275 0.00796296 0.00796585 0.00796269 0.00796269 0.00806906 0.00796272 0.00803038 0.00796269 0.00796269 0.00796899 0.00796269 0.00796385 0.0079627 0.00796269 0.00796269 0.00796397 0.00796269 0.00796269 0.00796275 0.00796269 0.00796269 0.00796274 0.00796269 0.00796269 0.00796269 0.00796408 0.00796275 0.00796269 0.00796268 0.00796277 0.00796269 0.00796269 0.00796278 0.00796269 0.00796279 0.00796269 0.00796269 0.00796269 0.00796269 0.00797255 0.00796309 41.5867 0.00796317 0.00796278 0.0079627 0.00796269 0.00806948 0.0081868 0.00796275 0.00796269 0.00796284 0.00827225 0.00796269 0.00796269 0.00796272 0.00796269 0.00796269 0.00799441 0.00797077 0.00797485 0.00852429 0.00796269 0.00796314 0.00796384 0.00796894 0.00801417 0.00796269 73.0981 0.00796999 0.00796269 0.00796269 0.00796269 0.00796269 0.00796271 0.00798035 0.00797383 39.1296 0.00796269 0.00796275 39.2747 0.00796334 0.00818529 0.00796269 0.00796269 0.00828078 0.00796272 0.00796269 0.00796269 0.00796299 0.00796828 1.21152 0.00796269 0.00818846 0.00796268 0.00804231 56.8691 0.00796269 1486.14 0.00796282 0.00796276 0.012438 0.00796272 0.00796269 0.00797462 0.00796269 0.00801563 0.00796269 0.00796269 0.00797315 0.00796269 0.00796269 0.00801595 0.00796269 0.00796269 0.00801858 12.701 0.0079658 0.00796268 0.00796269 2.39819 0.00796269 0.00796632 0.00796527 0.00800551 0.00796345 0.00796269 0.00798284 36.1436 0.00796269 0.00796269 0.00796323 0.00796269 0.00796269 44.214 0.00796269 0.00796269 0.00800865 0.00796269 0.00796279 0.0079627 0.00796269 0.00796269 0.00796269 0.00799229 0.00836795 0.00837056 0.00796281 0.00798001 0.00796269 0.00796269 0.00796269 0.00796269 0.00796286 0.00796268 0.00798319 0.272492 7.15144 0.00797303 55.6871 0.012212 0.00796269 0.00823005 0.00796272 0.00796269 0.00796275 0.00796269 0.00796269 0.00796283 0.00797083 0.00796282 0.00796269 79.5062 0.00796269 0.00796269 0.00796269 0.00797978 0.00796269 0.00796269 50.2424 0.00796269 0.00797216 0.00797351 0.00796269 0.00796269 0.00796269 0.00796269 0.00809164 0.00796271 0.00796269 0.00796269 0.00796269 0.00796716 0.00796269 0.00796533 0.0246427 0.00796269 0.00796294 0.00796707 0.00796269 0.00818021 0.00796656 0.00798038 0.0079627 0.00796292 0.00839492 0.0079628 0.00796327 0.00800202 0.00796268 0.00796269 0.00796269 0.00797741 0.00796269 14.4134 0.0079682 0.00796288 0.00796269 0.00814113 0.00796269 41.9726 0.00797364 0.00796459 0.00796269 0.00796268 0.0079627 0.00796269 0.00806487 0.00796269 0.00796268 0.00796273 0.00796269 0.00796269 0.0079627 0.00796269 0.00796269 0.00796292 0.00796275 0.00797188 0.00803006 0.00796269 0.00796269 0.00796401 0.00796286 0.00796269 0.00796269 0.00796269 0.00850441 0.00796269 0.00796269 0.00796329 0.0089066 0.00796269 0.00796269 0.00796393 0.00799948 0.00796269 0.00796558 0.00797355 0.0079681 0.00796269 0.00796269 0.00810811 0.00796269 166.664 0.00796275 0.00796269 0.00796269 0.00796275 0.00873507 0.00796272 0.00796269 14.5253 0.00796271 224.668 0.00796269 0.00796532 0.00796269 0.00796269 0.00796269 0.0376554 0.00809782 0.00796269 0.00796269 0.00796269 0.00796269 0.00796268 0.00796736 0.00797457 0.00912325 0.00796269 0.00796269 0.00796698 0.489845 0.00796269 0.00796269 0.00804527 0.00796621 0.00796269 0.00796374 0.00796274 0.00796271 0.0079627 0.00796269 0.00796269 0.00796275 0.00796269 0.00796269 0.00796269 0.00796516 0.00796269 0.00796269 0.00796269 0.00796278 0.00796584 157.274 0.00796365 0.00796376 0.00796302 117.527 0.00796269 0.00796269 0.00800193 0.00796269 0.00796269 0.00796269 0.0079627 0.00796269 0.00800245 0.0079627 0.00796269 0.00796354 0.00796269 0.00796269 0.00796275 0.00805753 0.0079636 0.00798537 0.00796269 0.00796269 0.0086068 0.00801828 0.0626871 5.78857 0.00796269 0.00796392 0.00796274 0.00801615 0.00796269 0.00796269 0.00796269 0.00796269 0.00796269 0.00796269 33.4315 0.0079627 9.8969 0.00796269 0.00796269 0.00796385 0.00796278 0.00796269 0.00796269 0.00796309 0.00796269 0.00796269 0.00796275 0.00796269 0.00796269 0.00796269 0.00796272 0.00823632 0.00805762 0.00796269 21.2154 1164.84 0.00796269 0.00796898 0.00796269 0.00796302 0.00798031 0.00797099 0.00796432 0.00796269 0.00796268 0.00822418 0.00796286 0.00796269 0.00796269 0.00796269 0.00796269 0.00796292 0.00796269 0.00797245 0.00796391 0.00796269 0.00797314 0.00796269 0.00796269 0.0079627 0.00796269 0.00796269 0.00796269 0.00796269 0.00796269 0.00796269 0.00796279 0.00798089 0.00796269 0.00810244 0.00796269 0.00796269 0.00796271 0.00796269 0.00796269 0.00796269 7.59219 0.00796375 0.00796269 338.588 0.00800832 0.0079627 0.00796968 0.00796269 0.00796269 0.00796269 0.00796831 0.00796269 0.00796269 0.00796269 0.00852734 0.00796279 0.0079632 15.6185 0.00796284 7.79884 0.00796269 0.00796269 0.00796269 0.00796269 0.00806491 0.00796269 0.00796401 19.9479 0.00796269 0.00796273 0.00796269 0.00796269 0.00796269 0.00796271 0.00796269 0.00796835 0.00796269 0.00796269 0.00822689 0.00796376 0.00806472 0.00796269 0.00796514 0.00796987 0.00796269 0.0079816 0.0079627 0.00796269 0.00796602 0.00796269 0.00796287 0.00796271 0.00796269 0.00796269 0.00811604 0.00796286 0.00796319 0.00796271 0.00796289 0.00811451 2.08119 0.00796286 0.00799584 0.0079627 0.00796269 0.00797365 0.00796269 0.00796269 0.00796269 52.0003 0.00796269 0.00798623 0.00796321 0.00796269 0.00796269 19.2644 0.00799362 0.00796348 0.00796269 0.00796269 0.00796279 87.2944 0.00796269 0.00796339 0.00796269 0.00796269 0.00827005 0.00796271 0.00796882 0.00796269 0.00796269 0.00796269 0.00796269 0.00796269 0.00796273 0.00796269 0.00802468 0.00796466 0.00803655 0.00796269 0.00796299 0.007964 0.00796269 0.00796269 0.00796269 0.00796279 0.00796269 0.00796279 0.00796269 247.256 0.00796327 0.00797557 0.0079628 0.00796528 0.00797867 0.00796269 0.00796269 0.00833927 713.965 0.00796269 0.0079627 0.00796269 0.00796288 0.00796269 0.00796269 0.00796626 0.00825389 0.00802939 0.00796269 0.00796269 0.0080963 0.00796269 0.00796269 0.00796269 0.0079627 0.00796317 0.00832733 0.00796268 0.00796269 0.00799258 0.00796268 0.00796269 0.00796634 16.5518 0.00796279 0.00796269 0.0079627 343.33 0.0080026 45.3945 15.696 0.00796602 0.00798811 0.00796269 0.00796308 0.00796269 0.00796269 0.00796269 0.00834677 0.00798689 0.00796274 0.00796299 0.00796269 0.00796272 181.509 0.00796729 0.00796991 0.00796269 0.00796269 0.00796281 0.00796416 0.00796361 0.00806849 0.00796269 0.00796394 52.3207 0.0080931 0.00796269 0.00800983 0.00796269 0.0084137 0.0079631 0.00796269 0.00801351 0.00796484 0.00796269 0.00796269 0.00797367 0.00796269 0.00796269 0.00796269 0.00796269 0.00796269 0.00796277 0.0079831 0.00796269 0.00796269 29.2184 0.00796525 0.00796269 0.00796275 0.00796269 0.00796275 0.00813667 0.00796295 9.89708 0.00796269 0.0079754 0.00797237 0.00796269 0.00797193 69.8101 0.00828222 0.00796269 0.00796269 0.00796274 0.00812869 0.00796269 0.00796269 0.00796269 0.00796268 0.00796343 0.00798282 0.00796276 0.00796318 0.00796269 243.879 0.00796981 0.00887418 0.00796302 0.00796269 0.00796292 0.00796269 0.00796269 0.00800286 0.00796269 0.00808742 119.791 0.00796269 48.2602 0.00796274 0.00796269 0.00796285 0.00796269 0.00796269 0.00796269 0.00796269 0.00796714 0.00796269 0.00796269 0.00796269 0.00796325 0.00796269 0.0079654 0.00805783 0.00796269 198.915 51.5831 0.00796273 0.00796294 0.00796761 0.00799548 0.00796269 31.8157 0.00796269 0.00796352 0.00796269 0.00798354 0.00796288 0.00796269 0.00796306 0.00856597 227.248 0.00840798 0.00796268 0.00796269 0.00796291 0.00796269 0.00796268 0.00796472 0.00796269 0.00796269 0.0079627 0.00796275 0.00796269 0.00796269 0.00796275 0.00796286 0.0079627 0.00796269 0.00796269 17.7032 0.00796272 0.00796696 0.00796269 0.00796269 9.89699 0.00796269 0.00796269 4.80579 0.00798114 0.00796269 0.00801742 0.0079635 0.00796271 0.00796269 0.00796285 0.00854606 0.00796299 0.00796269 17.6718 0.00796269 0.00796507 0.00798327 0.00796467 0.0079627 0.00796269 0.00796269 0.0214298 0.00796269 0.00796269 0.00796269 0.00796269 40.981 0.00796286 0.00796269 0.00868336 0.00796281 0.0079627 0.00796283 0.00796269 0.00796269 0.00796269 0.00796306 0.00796268 4.43054 0.00796269 0.00796269 0.00796269 0.00817582 0.00796269 0.00796635 0.00796287 19.5545 0.00796269 0.00796269 0.0079627 0.00796271 0.00819785 0.00873106 0.00797227 0.00796269 0.00796269 0.00796269 0.00796269 0.00796277 0.00799745 0.00796269 0.00796269 0.00796269 0.00796293 0.00796269 0.00796268 0.00796269 0.00797269 67.7993 0.00796269 0.00796269 0.00796269 0.00797398 0.00796269 608.312 0.00796269 0.00796269 0.00796269 22.5846 0.00796412 0.00797044 0.00796269 0.00796268 0.00810018 0.00796293 0.00796412 0.00872794 0.00796269 0.00796368 0.00796271 0.00796269 0.00796269 0.00796275 0.00797872 0.00796285 0.00796269 0.00796269 0.00796269 0.0079813 0.00796323 0.00796269 0.00796269 14.6125 0.00796268 0.00796269 0.00796289 0.00809801 0.00796273 0.0120971 0.00796461 0.00796269 0.0079627 0.00798415 0.00796269 0.00796269 0.00796269 0.00796269 0.00797258 0.00796269 120.109 0.00796269 0.00796269 16.2348 0.00808928 0.00796277 63.9534 0.00796286 0.00796269 0.00796269 0.00796268 0.00796269 0.00799004 526.054 0.00796269 0.00796269 0.00796269 0.00796269 0.00796307 0.00796938 0.00796269 30.6583 0.00796269 0.00796269 0.00796269 0.00796269 0.00796269 0.00796828 0.00796269 0.00796282 0.00796271 0.00796269 0.00800363 0.00796269 0.00796514 0.00796355 0.00796269 0.00796269 0.00796269 0.00799306 0.00796269 0.00796306 0.00797298 0.00796269 300.727 0.00796306 0.00796269 0.00803325 34.1783 0.00799701 0.00796273 343.112 0.00804541 0.00796269 0.007963 0.0079627 0.00796272 0.00796425 0.00796268 0.00796451 0.00797309 0.00796269 0.00806739 0.00796269 0.00796287 0.00796269 0.00796269 0.00796269 0.00796269 0.00797524 1526.2 0.0079627 0.00800942 0.00796269 0.00807827 0.00796394 0.00796269 0.00796453 0.00796269 0.00797806 0.00796271 0.00796768 0.00796269 0.00796268 0.00796269 0.00796269 0.00796283 0.00796269 0.00796269 0.00796269 0.00796269 0.00796364 0.0081288 0.00796269 0.0079631 0.00796309 0.00796693 0.00796826 0.00796269 0.008433 0.00815794 0.00796269 14.7049 0.00796269 0.00796269 14.5351 0.00796269 0.00796282 0.00796269 0.00796269 0.00796268 37.5576 0.00805982 0.00796269 0.00800108 0.00796329 0.00796269 0.00798831 0.00796282 0.00796269 0.00796272 0.00796269 59.2007 0.00796503 0.00796277 0.00796304 0.00796269 0.00796421 24.6022 0.00796272 0.00796269 15.9799 0.00894142 0.0517407 0.0079716 0.00796269 0.00809234 0.00796269 6.40075 0.00796275 0.00796288 0.0079635 0.00796269 0.00796269 0.00796273 0.00796269 0.00796279 0.00796269 0.00797157 0.00796334 0.0079627 0.00796271 31.5055 0.0079627 0.00796269 0.00796364 0.00796269 0.00796269 0.00796269 0.00796269 0.00797233 0.136951 0.00796268 0.00796269 0.00796269 0.00796269 0.00796269 0.0104745 0.00809218 0.00796272 0.00796272 0.0079627 0.00796269 0.00796269 0.00796274 0.00796286 0.00796269 0.00796269 0.00796269 0.00796269 0.00873745 0.00798088 0.00884452 0.00796269 0.00797848 0.00810581 0.00796448 0.00796269 0.0079631 0.0079627 48.6363 0.00796269 0.00796269 0.00796272 0.00796269 0.00796283 0.00829544 0.00796269 0.00796269 0.00796269 0.00796271 0.00796273 0.00796269 0.00796269 0.00796269 13.1035 0.00796404 0.00796565 23.8038 0.00796269 0.00796288 0.00796269 0.00796269 0.00797523 0.00796269 0.00796269 0.00796269 0.00796269 0.00796269 0.00796269 0.00796273 25.3154 0.00796268 0.00799516 0.00905227 0.0151734 0.00796269 7.37395 0.00796277 0.00796269 14.63 0.00796331 0.00797926 0.00820496 0.0079627 0.00796898 0.00796269 47.6004 0.00796296 0.00796269 0.00796269 0.00796269 0.00796269 30.3087 0.00796287 0.00796269 0.00796451 0.00799008 0.00796269 0.00796269 29.7718 0.00804613 0.00796275 0.00796269 0.00800828 0.00796269 0.0079647 0.00796332 0.00796269 0.00796269 0.00796273 0.00796269 0.00796269 0.0079627 0.00796276 0.0079627 0.00796269 0.00796269 0.00796274 0.00796325 0.00796269 0.00796471 20.8622 0.00796269 0.00796269 0.00796299 284.507 0.00796273 0.00806987 0.00796268 0.00801493 0.00796277 0.00796269 0.00796269 21.3227 0.00796269 0.0079627 0.0079627 0.00796269 0.0079668 0.00796269 0.00796269 0.00796269 0.00803185 0.00796269 0.00796277 0.0113505 0.00796304 0.00796271 0.00796317 0.00796274 0.00796269 0.00814598 41.8215 0.00796269 0.00796269 0.00796269 0.00796271 0.00796465 0.00796269 0.00796277 0.00796269 0.00796316 0.00796269 0.00796269 0.00796269 0.00796269 0.0104002 0.00796269 0.00796269 0.00796269 0.00796269 0.00796269 0.00796278 0.00796278 0.00796299 0.0079627 0.00796269 0.00796269 0.00796521 0.00796269 0.0079628 171.933 0.00797119 0.00796269 0.00796292 0.00796269 0.00798018 0.00796269 0.00796269 0.00796269 0.00796269 0.00796269 0.00796539 0.00796269 0.00797985 0.00796292 0.00796662 0.00796269 0.0079627 0.00796269 0.00796269 0.00796269 0.00802556 116.887 0.00796269 0.00824921 0.0079629 0.00796269 0.0079627 0.00796307 0.00796269 0.00796269 4.18372 0.00796269 0.00796269 0.00796269 0.00796269 0.00796269 0.00796276 0.0079628 0.00798271 0.00796269 0.00796269 0.00799992 0.00796269 58.7738 0.00796269 0.00796269 0.00796269 0.00796268 0.00796272 0.00796269 53.5113 31.068 0.00796271 0.00796269 0.00796269 0.00818633 557.899 0.00804612 0.00798061 0.00796269 0.00946653 0.00796571 0.00796307 0.00796269 0.00796269 0.00796341 0.00872161 0.00796273 0.00796269 0.00796909 10.2574 30.6327 0.00796278 0.00796269 0.00796433 0.00796287 0.00796269 0.00796269 0.00796269 0.00796269 0.00796269 0.00796283 0.00796269 0.00796329 0.00955645 0.00796269 0.00796911 0.00796269 0.00796268 0.00796269 0.00797496 0.00801125 0.0408624 0.00796285 0.00799207 0.0158245 0.00796269 0.0079627 0.00823037 0.0079643 0.0079629 0.0079628 0.00796269 0.00796269 0.0081137 0.00797165 0.00808096 0.0079627 0.00796269 0.00796531 0.00831172 0.00796268 0.00796277 0.00796269 0.100338 0.00796435 0.007963 0.00796274 0.00796528 0.00796269 0.00796269 0.00797258 0.00796269 0.00796268 17.8135 19.3037 0.00796275 0.00796269 0.00796268 0.00796269 0.00796269 0.00796274 0.00796276 0.00807223 0.00805341 0.00796269 0.00796269 0.00796291 0.00796275 0.00796292 0.00799676 0.00796269 0.00868321 0.0079627 0.00796269 0.00796269 0.00796269 0.00796357 0.00823635 0.00796269 0.00796269 0.00796269 0.00796269 45.326 0.00796268 0.00796284 0.00796545 0.0079628 0.0079652 0.00796358 0.00797902 0.00796269 3.01869 121.232 0.00796269 0.00796271 21.3247 0.00796268 0.00796277 0.00796299 0.00796271 0.00796271 0.00796269 0.00796284 0.00796283 0.00796269 0.00796269 0.00796269 0.00796269 0.00796269 0.00797423 0.00796269 58.3632 0.00796289 0.00796269 0.00796333 0.00796268 0.00796888 0.00796314 0.00796269 0.00796273 0.00796269 0.00796269 0.00796269 0.00813578 0.00796269 0.00806511 0.00796268 0.00796269 0.00796269 0.00796269 0.00796269 69.0328 0.00796269 0.00796269 0.00796269 0.00796269 0.00809212 88.5592 0.00796269 0.00796279 0.00796279 86.2639 0.00796269 0.00796269 0.00796269 0.0079829 0.00796269 0.00796269 0.00796278 0.00796342 0.00796269 0.00796269 0.00796654 0.00796269 0.00796269 0.0079627 0.00796269 0.00796269 0.00796269 1.30644 0.00796269 0.00796273 0.0085932 0.00796269 0.00796278 0.00796352 0.00796269 0.00796268 0.00796269 0.00796288 0.00796269 0.00796269 138.032 0.00796269 0.00796276 0.00796269 43.9778 0.0081559 0.00796269 22.6448 158.116 0.00796269 0.00796774 0.00796355 0.00797288 0.00796269 0.00796269 0.00796269 0.00796269 0.00800723 0.00796269 0.00796269 0.00802163 0.00796887 0.00796269 0.00796269 0.00796269 0.00796269 0.00796269 0.00796269 0.00796269 0.00796282 0.00796367 0.00796272 0.00796272 0.0868732 0.0079655 0.00796532 0.00796269 0.00797226 0.00796269 0.00796269 0.00799976 0.00796291 0.00796313 0.00796269 0.0079627 0.00796269 0.020926 0.00796269 500.201 59.5621 0.00796271 0.00796277 0.00796269 0.00796269 0.0079628 0.00796269 0.00796269 0.00796269 0.00796344 0.00796271 0.00796269 0.00796269 0.00796269 0.00796269 0.00796269 0.00796283 0.00796269 0.00796269 7.47335 0.0115672 0.00796274 0.0079627 0.00797564 0.00796269 0.00796269 0.00796275 0.00796276 0.00796357 0.00796269 0.00796269 0.00796269 0.00796431 0.00796294 0.00796269 0.00796268 23.3145 0.00796269 0.00796269 0.007963 0.00799799 0.00796269 0.00796269 11.2788 0.00796269 0.00796372 0.00796841 0.00796269 0.00796269 0.00796269 0.00796353 0.00796268 0.00796269 0.00796269 0.00796269 0.00835865 0.00796276 0.00796269 0.0079679 0.00796269 0.00796439 0.00796275 287.972 93.4565 0.00796269 0.00846794 0.00801121 0.00796269 0.00796269 0.00796274 0.00808372 0.00796307 0.00796516 0.00796619 92.9648 0.00809838 0.00806024 0.00796412 0.00796269 24.3565 0.00796269 0.00796274 0.00796269 0.00796273 0.00796269 80.6255 0.00796269 0.00796308 0.00796269 0.00796269 0.00796271 0.00796269 0.00796403 0.00796269 0.00796287 0.00796269 0.00798531 0.00796285 0.00802584 0.0096548 0.00796269 0.00918169 0.00796322 0.00796269
1 2 3 3,1 2 3,2658.51,0.00087638 0.000875656 0.000875656 0.000875657 0.000875656 0.00090068 0.000875658 0.000875667 0.000875657 0.000875657 0.000957091 0.000875656 0.000875657 0.000875656 0.000875656 0.000875659 0.000875657 0.000875656 0.000875656 0.000875657 0.000875666 0.000875659 0.000940936 0.000875656 0.000875656 0.000875656 0.00919766 0.00087632 0.000875657 0.000877839 0.000875656 0.000875658 0.000875657 0.000875656 0.000875657 0.000875656 0.000875656 0.000875656 0.000875656 0.000875656 0.000875659 0.00821219 0.000875658 0.000875657 0.000875657 0.000922847 0.000875873 0.000875657 0.000875657 0.000875656 0.000875656 0.000875656 0.000875659 0.000875657 0.000875658 0.000875661 0.000875656 0.000875657 0.000875656 0.000875656 0.000875656 0.000875656 0.000875659 0.000875656 0.000875656 0.000875656 0.000875658 0.000875656 0.000875656 0.000875656 0.000875656 0.000875656 0.000901527 0.000875656 0.000875656 0.000875656 0.000875656 0.000875657 0.000875656 0.000875656 0.000875656 0.000875656 0.000875656 0.000875656 0.000881145 0.000875656 0.000875658 0.000875656 0.000875656 0.000875657 0.000875656 0.000875657 0.000875657 0.000875657 0.000875656 0.000875656 0.000875658 0.000879953 0.000875658 0.000875657 0.000875657 0.000875657 0.000875657 0.000875656 0.000875656 0.000875657 0.000875657 0.000875656 0.000875657 0.000875656 0.000875657 0.000875656 0.000876117 0.000875659 0.000875656 0.000875656 0.000875656 0.000875656 0.000875657 0.000875656 0.000875656 0.000875656 0.000875656 0.000875662 0.000875657 0.000875657 0.000875656 0.000875656 0.000875658 0.000875656 0.000875657 0.000875658 0.000875658 0.000875658 0.000875656 0.000875658 0.000875656 0.000875664 0.000875656 0.000875656 0.000875656 0.000875657 0.000875656 0.000875656 0.000875657 0.000875656 0.000875657 0.000875656 0.000879202 0.000875656 0.000892778 0.000875656 0.000875656 0.000917342 0.000875656 0.000875656 0.000875656 0.000875656 0.000875656 0.000875658 0.000875664 0.000875656 0.000875656 0.000905012 0.000875656 0.000875656 0.000875656 47.0626 0.000875659 0.00087566 0.000875656 0.000875656 0.000875657 0.000875659 0.000875656 0.000875656 0.000875656 0.000891014 0.000875656 0.000875656 0.000875656 0.000876102 0.000875657 0.000930758 0.000876836 0.000875659 0.000875656 0.000875719 0.000875657 0.000875659 0.000947642 0.000875656 0.000875656 0.000875657 0.000875657 0.000891812 0.000875656 0.000875658 0.000875656 0.000875658 0.000875656 0.000875656 0.000879607 14.5012 0.000879133 0.000875656 14.0543 0.000875657 0.000875657 0.000875656 0.000875656 0.000875656 6.57083 0.000875801 0.000875656 0.000875656 0.000875656 0.00088283 0.00088054 0.000931154 0.000875658 0.000875658 0.000875656 0.000875657 0.000875811 0.000875656 0.000875658 0.000875656 0.000876769 0.000875658 0.000875656 0.000879645 0.000875656 0.000875656 0.0298577 0.000875657 0.000875657 0.000875657 0.000875656 0.000875658 0.000875657 0.000875656 0.000875656 0.000875656 0.000875656 0.000875656 0.000875659 0.000875762 0.000875657 0.000875656 0.000875657 0.000875656 0.000875656 0.000875656 0.000875656 15.9921 0.000875657 0.000875656 0.000875658 0.000875657 0.000875659 0.000875657 0.000875657 0.000875656 0.000875656 0.000875659 0.000875656 0.000875688 0.000875656 0.000875657 0.000875659 0.000875656 0.000893652 0.000875657 0.000875656 0.000875657 0.000875656 0.000876225 0.000875656 0.000875656 0.000875656 0.000875794 0.000875656 0.000875656 0.000875656 0.000875656 0.00089491 20.5485 0.000875658 0.000875657 0.00111145 0.000875656 0.000875656 0.000875656 0.000875656 0.000875657 0.000875656 0.000875771 0.000875657 0.000875656 0.000878954 0.000875656 0.000875668 0.000875658 0.000875656 0.00087576 0.000894752 0.000875661 0.000875656 0.000875656 0.00113451 0.000875656 0.000875657 0.000875658 0.000875656 0.00120886 0.000875656 0.000875656 0.000875657 0.000877582 0.000875656 0.000875656 0.000875751 0.000875656 0.000875656 0.000875656 0.000875657 0.000875657 0.000875656 0.000875656 0.000875656 0.000875656 0.000875656 0.000882823 0.000875656 0.000875659 0.000879587 0.000875656 0.000875657 0.000875656 0.000932655 0.000875657 0.000875656 0.000875657 0.000875657 0.000875657 0.000875656 0.000875656 0.000875657 0.000875656 0.000875658 0.000875656 0.000875656 0.000875656 0.000875657 0.000875657 0.000875656 0.000875656 0.000875656 0.000875658 0.000959602 0.000875656 0.000875682 0.00090821 0.000875656 0.000875657 0.000875656 0.000875657 0.000875657 0.000875656 0.000875657 0.000875657 0.000918072 0.000883362 0.00137407 0.000875658 0.000875657 0.000875657 0.000875658 0.000875656 0.000875656 0.000875657 0.000983232 0.000875658 0.00197094 0.000875656 0.000879864 0.000875656 0.000875657 0.000886683 0.000875656 0.000875656 0.000877552 277.906 0.000875656 0.000875656 0.000875657 0.000875658 0.000875656 0.000875656 0.000875657 0.000875656 0.000875656 0.000875656 0.000875657 0.000875658 0.000875657 0.000875656 0.000875656 0.000878395 0.000877585 0.000875656 0.000875656 0.000875659 0.000875656 0.000875656 0.000875689 0.000875659 0.000875657 0.000875662 0.000875656 0.000875657 0.000875656 0.000902034 0.000875656 0.000875657 0.000875656 0.000875657 0.000875656 124.324 0.000875656 0.000875656 0.000875656 0.000875656 0.000875658 0.00088787 0.000875656 0.000875658 0.000875656 0.000875657 0.000875658 0.000877699 0.000875657 0.000875657 0.000875656 0.000875656 0.000875672 0.000875673 0.000875657 0.000875656 0.000875656 0.000876627 0.000875656 0.000875656 0.000875704 0.000875766 0.000875656 0.000875658 0.000875657 0.000875656 0.000876307 0.000875656 0.000875658 0.000875656 0.000875656 0.000892312 0.000875656 0.000875656 0.000875656 0.000875659 0.000875657 0.000875665 0.000875656 0.000875656 0.000875657 0.000875656 0.00252563 0.000875656 0.000875656 0.000875657 0.000875656 0.000875656 0.000877096 0.000875656 0.000875656 0.000928176 0.000911632 0.000875656 0.000875656 0.000875656 0.000875656 0.000875656 0.000882412 0.000875729 0.000875656 0.000875656 0.000875656 0.000875656 0.000875656 0.000875658 0.00127748 0.000875656 0.000875656 0.000875656 0.000875656 0.000875656 0.000875657 0.000875657 0.00315215 0.00087566 0.000875657 0.000875656 0.000877234 0.000875656 0.000875656 0.000875658 0.000875657 0.000875656 0.000875656 0.000882283 0.000875656 0.000875658 0.000912658 0.000875656 0.000875657 0.000875656 0.000875656 0.000875714 0.000875656 0.000875658 0.000917407 0.000875656 0.000875656 0.000875656 0.000875656 0.000875707 0.000875656 0.000875658 0.000875656 0.000875656 0.000875657 0.000875657 0.000875656 0.000875657 0.000875656 0.000875657 0.000875658 0.000875657 0.000875657 0.000875656 0.000875656 0.000875657 0.000875656 0.000875656 0.000875659 0.000875879 0.000875656 0.000875656 0.000907471 0.000875656 0.000875657 0.000875656 0.000875656 0.000875656 0.000875656 0.000875656 0.000875656 0.000875656 0.000875807 0.000875656 0.000875656 0.000875656 0.000875656 0.000875658 0.000875657 0.000875659 0.000875656 0.000875657 0.000875657 0.000875656 0.000876005 0.000875657 0.000875656 0.000875657 0.000875656 0.000879327 0.000875656 0.000875657 0.000875657 0.000875659 0.000875656 0.000875656 0.000875681 46.8018 0.000883653 0.000875657 0.000875656 0.000875656 0.000875656 0.000875656 0.000875656 0.000920431 0.000875657 0.000875656 0.000875656 0.000875658 0.000875656 0.000877109 0.000875656 0.000875656 0.000875659 0.000875656 0.000875669 0.000875944 0.000875659 0.000881743 0.000888854 0.000875656 0.000875657 0.000875656 0.000875656 0.000875656 0.000875656 0.000875657 0.000875656 0.000875656 0.000971941 0.000875657 0.000875656 0.000875656 0.000875656 0.000875657 0.000875657 0.00088723 0.000875656 0.000876511 0.000875657 0.000875656 0.000875656 0.000875658 0.000875656 0.000875753 0.000951603 0.000875657 0.000875657 0.000875657 0.000875656 0.000875656 0.000875657 0.000875657 0.000875657 0.000898047 0.000875656 0.000875656 0.000875657 0.000875656 0.000875657 0.000875658 0.000875656 0.000875656 0.00087566 0.000875656 0.000875734 0.000875658 0.00087566 0.000875657 0.000875657 0.000875656 0.000875656 0.000884555 0.000875656 0.000875656 0.000875837 0.00103726 0.000875656 0.000875657 0.000875656 0.000875656 0.00108847 0.000875656 0.000875656 0.000875656 0.000875657 0.000888413 0.000875657 0.000875656 0.000875657 0.000875656 0.000875656 0.000901423 0.000875657 0.000875657 0.000875656 0.000875656 0.000875657 0.000875657 0.000875656 0.000875656 0.000875656 0.000875657 0.000875657 0.000875656 0.000875656 0.000875656 0.000875656 0.000875656 27.0738 0.000875657 0.000875656 0.000875656 0.000994252 0.0014985 0.000875656 0.000875656 0.000875656 0.000875657 27.5134 0.000875656 0.000875657 0.000875656 0.000875656 0.000999822 0.000875656 0.000875656 0.000876491 0.00087566 0.000875657 0.000875657 0.000875656 0.000875656 0.000875656 0.000875658 0.000875656 0.000875657 0.000875656 0.000875659 0.00127604 0.000875656 0.000875656 0.000875656 0.000875657 0.000950686 0.000875657 0.000875656 0.000875656 0.000908783 0.000875656 0.000875657 0.000875657 0.000875656 0.000875943 0.000875657 0.000875658 0.000875656 0.000875675 0.000875656 0.000875657 0.000875657 0.000875656 0.000875656 0.000875657 0.000875657 0.000875657 0.000875658 0.00087566 0.000875656 0.000875656 0.000968417 0.000875657 0.000875656 0.000875656 0.000875657 0.000875656 0.000875658 0.000875861 0.00087566 0.000876842 0.000875656 0.000875656 0.00087772 0.000875656 0.000875656 0.000875656 0.000875657 0.000875656 0.000875656 0.000875657 0.000875656 0.000875658 0.000875656 0.000875656 0.000875656 0.000875656 0.000875656 0.000875657 0.000875656 0.000875656 0.000875656 0.000875658 0.000875656 0.000875656 0.000891311 0.000875656 0.000875656 0.000875657 0.000875658 0.000875657 0.000875656 0.000875657 0.000875656 0.000875656 0.000875656 0.000875657 0.000875656 0.00087566 0.000875656 0.000879641 0.000875656 0.000875657 0.000875656 0.000875656 0.000875657 0.000875658 0.000875656 0.000875656 0.000875656 0.000875656 0.000875656 0.000875656 0.000875656 0.000875657 0.000875658 0.000875656 0.00120568 0.000875656 0.000875659 0.000884112 0.000875658 0.000875658 0.000875811 0.000875658 0.000884213 0.000875656 41.5097 0.000878399 0.000875656 0.000875659 0.000875657 0.000875657 0.000875657 0.00087566 0.000882699 0.000875656 0.000875657 0.000875658 0.000875656 0.000966977 0.000963126 0.000875657 0.000875657 0.000875656 0.000875657 0.000875656 0.000889277 0.000875656 0.000875658 0.000875657 0.000875656 0.00494427 0.000875656 0.000875657 0.000875657 0.000875656 0.000875657 0.000875657 0.000882217 0.000875656 0.000881148 0.000875671 0.000875657 0.000875656 0.000876479 0.000875658 0.000875656 0.000875657 0.00119081 0.000875656 0.000875656 0.000875773 0.000882588 0.000875656 8.26236 0.000875656 0.000889856 0.000875656 0.000875656 0.000876087 0.000875657 0.000875657 0.000875656 0.000875656 0.000875656 0.000875656 0.000875656 0.000875656 0.000875656 0.000890538 0.000875873 0.000875657 0.000875657 0.000972584 0.000875656 0.000995652 0.000875657 0.000875656 0.000875658 0.000875657 1.15711 0.000875656 0.000875692 0.000879683 0.000879135 0.000875657 0.000875656 0.000881152 0.000875795 0.000885759 0.000880594 0.000875656 0.000875656 0.000875657 0.000883584 0.000875657 0.000877519 0.000875656 0.00087627 0.000875656 0.000875657 0.000875656 0.000875659 0.000898591 0.000875659 0.000875656 0.000875657 0.000875657 0.000875656 0.000875656 0.000875656 0.000875657 0.000875656 0.000875656 0.000875656 0.000875656 0.000875656 0.000875656 0.000875657 0.000875911 0.000878408 0.000875656 0.000875657 0.000875656 44.6919 0.000875657 0.000875656 0.000875656 0.000875656 0.000875889 0.000875656 0.000875681 0.000898299 0.000875656 0.000875658 0.000875657 0.000875656 0.000875656 0.000875656 0.000875665 0.000875656 0.000875658 0.000875656 219.167 0.000875657 0.000875658 0.00087566 0.000875656 0.000875658 0.000875659 0.000875671 0.000875657 0.000875656 0.000875656 0.000875656 0.00087566 27.3621 0.000875657 0.000875656 0.000875657 0.000875656 0.000875657 0.000875658 0.000875657 0.000875656 0.000876748 0.000875656 0.00089797 0.000875656 0.000875657 0.000875656 0.000875656 0.000875656 0.000875656 0.000875656 0.000875662 0.000875656 0.000875657 0.000875659 0.000875676 0.000953362 0.000875657 0.000875656 0.00087566 0.000876042 0.000875656 0.000875656 0.000875657 0.000875656 0.000875656 0.000875656 0.000875656 0.000875656 0.000876541 0.000875656 0.000875656 0.000875656 0.000875659 0.000875656 0.000875656 0.000875656 0.000875656 0.000875656 0.000875656 0.000875656 0.000875685 0.000875675 0.000875731 0.000918267 0.000875656 0.000875656 0.000875792 0.000875656 0.000875656 0.000875657 0.000875657 0.000875668 0.000875656 0.000875656 0.000875656 0.000875656 0.000875699 0.000875656 0.000875656 0.000875657 0.000875659 0.000875657 0.000875656 0.000875656 0.000875656 0.000875656 0.000875656 0.000875656 0.000875657 0.000875656 0.000875656 0.000875656 0.000875656 0.000905035 0.000875656 0.00101969 0.00088048 0.000875657 0.000875656 0.000875656 0.000875656 0.000875656 0.000880943 0.000875656 0.000875656 0.000875688 0.000875656 0.000875656 0.000875656 0.000875657 0.000875656 0.000875656 0.000875676 0.000879148 0.000875658 0.000875657 0.000875657 0.000875656 0.000875656 0.000875656 0.000875656 0.000875656 0.000875656 0.000875657 0.000875656 0.000900241 0.00103314 0.000875656 0.000875656 0.00101736 0.000875656 0.000875657 0.000875657 0.000875656 0.000875656 0.000875659 0.000875658 0.000879103 0.00247883 0.000875656 0.000875658 0.000875656 0.000920878 0.000875656 0.000875657 0.000875656 0.000875656 0.000875657 0.000875656 0.000875657 0.000930436 0.000875659 0.000875656 0.000875656 0.000875656 0.000875656 0.000879244 0.000875657 0.000935843 0.000875656 0.000875656 0.000875657 0.000875656 0.000875755 0.000875658 0.000875656 0.000875656 0.000875657 0.000876923 0.000888213 0.000875656 0.000875656 0.000875659 0.000875656 0.000896955 0.000885495 0.000875656 0.000875658 0.000875722 0.000875657 0.000875656 0.000875656 0.000875656 0.000875761 0.000897895 0.000875656 0.000875658 0.000875658 0.000875656 0.000875656 0.00087566 0.000875656 0.000875656 0.000875677 0.000875657 0.000875657 0.000875656 0.000875657 0.000875659 0.000875656 0.000882329 0.000875656 0.000875656 0.000875657 0.000875656 0.000907892 51.266 0.000875656 0.000875657 0.000880213 0.000875656 0.000875672 0.000875656 0.000875656 0.000875656 0.000875657 0.000875656 0.000875656 0.000875656 0.000875656 0.000875656 0.000875657 0.0008758 0.000875657 0.000875656 0.00087569 0.000875657 0.000898857 0.000875656 0.000877043 0.000875656 0.000875656 0.000875656 0.000875656 0.000876323 0.000875656 0.000875657 0.000875656 0.000875657 76.7475 0.000875656 0.000875656 0.000875656 0.000875723 0.000875657 0.000875657 0.000921107 0.000875658 0.000875656 0.000876269 0.000875658 0.000910642 0.000875656 19.6687 0.000875656 0.000875656 0.000875656 0.000875657 0.000875656 0.000875656 0.000875656 0.000875657 0.000875656 0.000875656 0.000875658 0.000875656 0.00114269 0.000875656 0.000875656 0.000875657 0.000875658 0.000875656 0.000875656 0.000875657 0.000875753 0.000875656 0.000875656 0.000875657 0.000875656 0.000875656 0.000875656 0.000875657 0.000875664 86.9766 0.000875656 0.000875656 0.000875656 0.000875656 0.000875659 0.00310964 0.000875658 0.000875657 59.5842 0.000987448 0.000875657 0.000875656 0.000875917 0.000875658 0.000879026 0.000875657 0.000875656 0.000875656 0.000875656 0.000875656 0.000875656 0.000875656 0.000875656 0.00087566 0.000875657 0.000890511 0.000875656 0.000875657 92.9778 0.000875656 0.000875664 0.000875656 57.1621 0.000875656 0.000875656 0.000908992 0.000875656 0.000875657 0.000875658 0.000875656 0.000875656 0.000875656 0.000875657 0.000875656 0.000875656 0.000875656 0.00087566 0.000929541 0.000877212 0.000875657 0.000913585 0.000876077 0.000875656 0.000875709 0.000887522 0.000875656 0.000875657 0.000875657 0.000875657 0.000875656 0.000875656 0.000875657 0.000875657 0.000875657 0.000875656 0.000875657 0.000875656 0.000958768 0.000875657 0.000895418 0.000928539 0.000877682 0.000875657 0.000875656 0.000875714 0.000875686 0.000875657 0.000875656 0.000875656 0.00087572 0.000875657 0.000875657 0.000875659 0.000875656 0.000875656 0.000875656 0.000875658 0.00206051 0.000875658 0.000875658 0.000875656 0.000875657 0.000875657 0.000875681 0.000875657 0.000875656 0.000875671 0.000875658 0.00132262 0.000958111 0.000875657 0.000875658 83.7876 0.000875658 0.000875656 0.000875657 0.000875656 0.000921301 0.000875656 41.5116 0.000883141 0.000918425 0.000875657 0.000875656 0.000875656 0.000875656 0.000907266 0.000907734 0.000875741 0.000875656 0.000875656 0.000875656 0.000875656 0.000875656 0.000875656 0.000875658 0.000875658 0.000875656 0.000875656 0.000875658 0.000875656 0.00089418 0.000875656 0.000892732 0.000875656 0.000875656 0.000875656 0.0008798 0.000875656 0.000881902 0.000875656 0.00115989 0.000896725 0.000875656 0.000875657 0.000875657 0.00104012 0.000875657 0.000875659 0.000875656 0.000875656 0.000875656 0.000875656 0.000875656 0.000875657 0.000875656 0.000875657 0.000875656 0.000875656 0.000875659 0.000875656 0.00087566 0.000875657 0.000875656 0.000876023 0.000875656 0.000875656 0.000875656 0.000895456 0.000875661 0.000875656 0.000875656 0.000875659 0.000875657 0.000875656 0.000875657 0.000875657 0.000875665 0.000875658 0.000875656 0.000875656 0.000878208 0.000875656 0.000875656 0.000875658 0.000875753 0.000875657 0.000875656 0.000875656 0.000900154 0.000875656 0.000875658 0.000875656 0.000875656 0.000875656 0.000875656 0.87588 0.000876099 0.000875656 0.000875656 0.000876323 0.000876726 0.000875656 0.000875656 28.9666 0.000875656 0.000875656 0.000875657 0.000875658 0.000875656 0.000875656 0.000879904 0.000875658 0.000888494 0.000875658 0.000875656 0.000875657 0.000875656 0.000969337 0.00100667 28.9666 0.000875657 0.000875666 0.000875656 0.000875656 0.000875656 0.000875656 0.000875656 0.000875656 0.000875656 0.000875658 0.000875656 0.000875656 0.000876813 0.000902083 0.000875657 0.000875656 0.000875657 0.000875656 0.000875656 0.000875657 0.000875657 0.000875656 0.000875656 0.000875656 0.000875657 0.000875656 0.00087571 0.000875656 0.000875657 0.000875657 0.000875657 0.000875656 0.000875656 0.000875656 0.000875756 0.000875658 0.000875656 0.000875656 0.000875656 0.000875656 0.000875659 0.000875656 0.000875656 0.000875657 0.000875657 0.000875656 0.00111852 0.000875656 0.000875657 0.000875656 0.000875656 0.000875656 0.000875656 0.000875656 0.000875656 0.000875657 0.000875656 0.000875656 0.000875656 0.000973788 0.000875656 0.000877409 0.000875657 0.000875658 0.000875658 0.000875656 0.000875656 0.000875656 0.00087566 0.000875656 0.000875657 0.000875657 0.000875656 0.000875656 0.000875656 0.000875657 0.000904199 0.000875656 0.000875656 0.000875659 0.000875656 0.000927127 0.000875658 0.000875666 0.000875656 0.000910384 0.000875658 0.000875656 0.00087566 0.000875656 0.000875656 0.000875656 0.000875656 0.00087651 0.000875657 0.000882219 0.000875656 0.000875657 0.000875656 0.000875657 0.000875656 0.000875657 0.000875657 0.000876191 0.000877321 0.000875658 0.000875657 0.000875656 0.000875656 0.000875656 0.000875657 0.000875656 0.000875658 18.6516 0.000875696 0.000875656 0.000875656 47.9095 0.000875674 0.000875656 0.000875656 0.0116362 0.000875656 0.000915672 0.000875782 0.000875657 0.000875656 0.000875656 0.000875656 0.000875656 0.000875656 0.000875656 0.000875656 0.000875657 0.000875657 0.000875656 0.000875656 0.000875657 0.000875656 0.000875656 0.00087566 0.000875656 0.000875656 0.000875659 0.000875659 0.000875656 0.000875656 0.00087566 0.000875691 0.000875658 0.000875656 0.000875656 0.000875656 0.000875656 0.000875656 0.000875656 0.000876681 0.000875656 0.000875656 0.000875657 0.000875656 0.000875657 0.000875656 0.000907821 0.000875656 0.000902746 0.00087787 0.000875657 0.000875728 0.000875656 0.000875656 0.000875657 0.000875656 0.000875657 0.000875656 0.000875656 0.000898873 0.000875656 0.000900199 0.000875657 0.000875657 0.000875656 0.000875656 0.000875657 0.000875656 0.000875656 0.000875656 0.000875656 0.000875656 0.000875656 0.000875665 0.000875656 0.000875657 0.000875656 0.000875656 0.0292802 0.000875656 0.000912394 0.000875656 0.000999545 0.000884708 0.000875658 0.000875656 0.000875656 0.000875656 0.000875656 0.000875656 0.000929852 0.000875657 0.000875658 0.00104323 0.000875656 0.000875656 0.000875656 0.000876557 0.000875656 0.000875656 0.000881798 0.000875656 0.000875656 0.000875657 0.000900691 0.000875656 0.000875656 0.000940518 0.000875656 0.00100075 0.000875656 0.000875658 0.000875656 0.000875656 0.000875656 0.000875656 0.000875658 0.000875656 0.000875658 0.000875656 0.000875656 0.000875657 0.000875967 0.000875658 0.000928987 0.000875656 0.000875656 72.8839 0.000875656 0.000875656 0.000875656 0.000875657 0.000875656 0.000875659 0.000875656 0.000875657 0.000875658 0.000875656 0.00089081 0.000875658 0.000875658 0.000875657 0.00087568 0.000875656 0.00149224 0.000875656 0.000876619 0.000875657 0.000875657 0.000875656 0.000876095 0.000875656 0.000875656 0.000875657 0.000875656 0.000875656 0.000875656 0.000875656 0.000875656 0.000875656 0.000875656 0.000875656 0.000875657 0.000875656 0.00106525 0.000875656 0.000875657 0.000875656 0.000875657 0.000881829 0.000875656 0.000894271 0.000875656 0.000875656 0.000875658 0.000875656 91.0692 0.000875657 0.000875656 0.00169678 0.000875659 0.000875656 0.000875659 0.0009063 0.000875657 0.00087566 0.000875657 0.000875657 0.000875656 0.000875704 0.000875656 0.000875656 0.000875656 0.000907187 0.000875656 110.535 0.000907632 0.00168932 0.000878791 0.000875657 0.000875657 0.000875657 0.000984836 0.000875657 0.000875656 0.000875656 0.000875656 0.000875656 0.000875656 0.000875656 0.000875657 0.000875656 0.000875656 0.000875656 0.000875662 0.000904731 0.000875658 0.000875907 0.000875708 0.000935535 0.00129661 0.000875656 0.000875657 0.000875656 0.000875656 0.000884303 0.000875656 0.000875657 0.000875656 0.000875656 0.000879915 0.000875656 0.000894215 0.000875656 0.000875657 0.000875656 0.000875656 12.7081 0.000875656 0.000875656 0.000875656 0.000875656 0.000876085 0.000875656 0.000987799 0.000875656 0.000875656 0.000875721 0.000875657 0.000875656 0.000875657 0.000875657 0.000875656 0.000875658 0.000875657 0.000875658 0.0014119 0.000875659 0.000875661 0.000875656 0.000926672 0.000875659 0.000880983 0.000875657 0.000875657 0.000875656 0.000875656 0.000875657 0.000875656 0.000875656 0.000875656 0.000875659 0.00087754 0.000875657 0.000875657 0.000875867 0.000875656 0.000875657 0.000875658 0.000875658 0.000875656 0.000875656 0.000875672 0.000986208 0.000875658 0.000875656 0.000875656 0.000875657 0.000875656 0.000875656 0.00087647 0.000875657 0.000915083 0.000875657 0.000875657 0.000875656 0.000875656 0.000875658 0.000875656 0.000875656 0.000875656 0.000875656 0.000875656 0.000875657 0.000875656 0.000875657 0.000875656 0.000876031 0.000875656 0.000875657 0.000875656 0.000875656 0.000875656 0.000875656 0.000875656 0.000875657 0.000875656 0.000875817 28.9665 0.000875657 0.000950663 0.000875656 0.000875659 0.000875656 0.000875656 0.000875657 0.000875657 0.000875656 0.000875657 0.000875656 0.000875657 0.000875656 0.000875656 0.000876301 0.000875657 0.000875657 0.000875657 0.000875656 0.898627 0.000888482 0.000875657 0.000875656 0.000875656 0.000930767 0.000875656 0.000875656 0.000875656 0.000875657 0.000875658 0.000875656 0.000875657 0.000875659 0.000875656 0.000875657 0.000875656 0.000880477 0.000875658 0.000875656 0.000875656 0.000914725 0.000875657 0.000875656 0.000875656 0.000875656 0.000875656 0.000875656 0.000926354 0.000875945 0.000875656 0.000875656 0.000875656 0.000875658 0.000875656 0.000875656 0.000875656 0.000875656 0.00088299 0.000875656 0.000875742 0.000875656 0.000875657 0.000875657 0.000875656 0.000875656 0.000875657 0.000875864 0.000875657 0.000875656 0.000875658 0.00090024 0.000875656 0.000875657 0.000895991 0.000875665 0.000875656 0.000902659 0.000875657 76.4012 0.000883119 0.000875657 0.000875661 0.000875656 0.0010378 0.000875659 0.000875681 0.000875662 0.000875656 0.0295052 0.000875657 0.000875657 0.000875656 0.000875657 0.000875658 0.000875656 0.000875656 0.000875656 0.000875656 0.000875656 0.000875656 0.000875663 0.000875657 0.000875657 0.000875656 0.000875656 0.000875656 0.000875656 0.000884386 0.000875656 0.000875656 0.000875656 0.000875661 0.000875661 0.000920891 0.000875656 0.00109831 0.0012489 0.000875656 0.000875657 0.000875656 0.000875657 0.000875656 0.000875658 0.0020066 0.000875656 0.000875656 0.000875656 0.000875656 0.000875657 0.000875656 0.000875656 0.000875656 0.000875656 0.000875656 0.000875656 0.000875656 0.000875656 0.000875657 0.00087566 0.000875656 0.000875656 0.000889543 0.000882035 0.000875658 0.000875656 285.002 0.000875656 0.000875656 0.000875657 37.182 0.000875657 0.000875656 0.000875656 17.4375 19.5145 0.00106868 0.000875656 0.000875657 0.000875658 0.000875657 0.00090642 0.000875657 0.000875656 0.000875656 0.000875657 0.000875657 209.048 0.000875656 0.000875656 0.000875656 0.000875657 0.000875658 0.000875657 0.000875656 0.000875656 0.000875656 0.000875656 0.000875656 0.000875656 0.00100741 0.000875656 0.000875657 0.000875656 0.000875656 0.000875658 0.000875719 0.000875657 0.000875656 0.000875657 0.000875658 0.000875657 0.000875657 127.065 0.000875657 0.000875656 0.000875656 0.000875699 0.000875656 0.000875656 69.8446 0.000875683 0.000875657 0.000875656 0.000875657 0.000875656 0.000875656 11.8628 0.000875657 0.000875656 0.000875657 0.000875657 0.000875656 0.000875656 0.000875657 0.000875657 0.000875656 0.000875656 0.000875657 0.000875656 0.000875656 0.000875656 0.000875658 0.000875656 0.000875808 0.000876119 0.000875656 0.000875656 0.000875658 0.000875656 0.000875656 0.000875657 0.000875656 0.000875658 0.000875656 0.000875657 0.000875656 0.000875657 0.000875657 0.000875658 0.000875656 0.000875657 0.000890516 0.000875656 0.000875656 0.000875656 0.00087566 0.000875656 0.000875657 0.000875656 0.000875657 0.000875657 0.000875658 0.000875656 0.000875656 0.000875656 0.000877686 0.000875656 0.000878659 0.000875656 0.000875656 0.000875657 0.000875657 0.000875656 0.000875658 0.000875656 0.000875656 0.000875788 0.000875656 0.000875656 0.000875656 0.000875668 0.000875656 0.000875656 0.000875879 0.000875657 0.000875656 0.000875656 0.000875659 0.000875657 0.000875656 0.000875656 0.000875656 0.000875656 0.000875656 0.000875722 0.000875657 0.000903285 0.000875656 0.000875657 0.000875656 0.000875656 0.000902633 0.000875657 0.000875657 0.000875656 0.000875658 0.000875835 0.000875657 0.000875656 0.000875656 0.000875656 0.000875656 0.000875656 0.000875656 25.5035 0.000875659 0.000875656 0.000875656 0.000875656 0.000875656 0.000875657 9.62472 0.000875657 0.000875656 0.00087566 0.000875656 0.000875656 0.000875656 0.000875657 0.000875657 0.000875657 0.000875658 0.000875656 0.000939131 0.000876234 0.000875656 0.000875656 0.000875656 0.000875657 0.000875656 0.000875656 0.000875656 0.000875656 0.000875657 0.00087567 0.000875656 0.000875656 0.000875657 0.000875657 0.000884355 0.000875656 0.000875656 0.000875656 0.000875658 0.000875657 0.000875656 0.000875657 0.000875656 0.000875656 0.000875656 0.000875656 0.000875656 0.000875656 0.000875658 0.000875656 0.000875656 0.000875657 0.000890564 0.000875656 0.000875656 0.000875657 0.000875657 0.000875656 0.000875656 0.000875656 0.000882221 0.000876576 29.2411 0.000875657 0.000875656 0.000875658 0.000875656 0.000875657 0.000875656 0.000875658 0.00104089 0.000875656 0.000889353 0.000875656 0.00141855 0.000875657 0.000875656 0.000875656 0.000875656 0.000875657 0.000875856 0.000875656 0.000875657 14.067 0.000875657 0.000875656 0.000875657 0.000875656 0.000875656 0.000875658 0.00087566 0.000875656 0.000879984 0.000875656 0.00167217 0.000875656 0.000875657 0.000875656 0.000875657 0.000875658 0.000881485 0.000875657 0.000905004 0.000875657 0.000875658 0.000875657 0.000875656 0.000876023 0.000875656 0.000875656 0.000875656 0.000875749 0.000875656 0.000875657 0.000875656 0.000875659 0.000875657 0.000875656 0.000875656 0.000875656 0.000875658 0.000875656 0.000875656 0.000875656 0.000875656 0.000875659 0.000875656 0.000875656 0.000875657 0.000875656 0.000875657 0.000875656 0.000875656 97.3181 0.000875656 0.000875656 0.000875658 0.000880483 0.000875658 0.000875657 0.000875657 0.000875657 0.000875656 0.000875656 0.000875658 0.000875656 0.000875656 0.000876779 0.000875656 0.000875656 0.000875656 0.000885038 0.000875656 0.000875764 0.000875656 0.000889452 0.000875657 0.000879362 0.000875657 0.000875656 0.000875656 0.000875657 0.000875658 0.000898969 0.000875656 0.000875657 0.00088795 0.000875656 0.000875656 0.000875656 0.000875656 0.000875656 0.000875656 0.000875656 0.000875656 0.000875657 0.000875656 0.00123965 0.000875656 0.000880597 0.000875656 0.000875656 0.000875658 0.000875656 0.000875658 0.000875656 0.000875656 0.000875657 0.000875656 0.000875656 0.000877935 0.000875656 0.000882998 0.000875656 0.000875657 0.000875656 0.000875899 0.000888606 0.000875656 0.000875656 0.000875656 0.000875656 0.000875656 0.000875656 0.000875656 0.000875656 0.000875657 0.000875656 0.000875656 0.000875656 0.000875656 0.000875656 0.000875656 0.000875656 0.000875656 0.000875659 0.000875658 0.000875656 0.000875656 0.000875657 0.000875656 0.00088075 0.000875656 0.000875656 0.000902347 0.000875656 0.000875656 0.000875656 0.000875656 0.000875656 0.000875658 0.000875656 0.000875792 0.000888511 0.00142981 0.000875657 0.000875656 0.000875656 0.000875656 0.000875656 0.000875656 0.000875656 0.000875656 0.000875656 0.000875656 0.000875656 0.000875657 0.000881097 0.000875656 0.000875657 0.000875656 0.000875656 0.000875656 0.000875656 0.000875656 0.000875656 0.000875656 0.000875656 0.000875656 0.000875657 0.000900217 0.000875657 0.000883588 0.000875656 0.000875656 0.000875657 0.000910135 0.00088725 0.000875657 0.000875656 0.000875656 0.000929219 0.000875656 0.000875656 0.000875656 0.000888186 0.000875656 0.000875724 0.00088247 0.000875656 0.000875659 0.000875656 0.00165892 0.000875656 0.000875659 0.000875658 0.000875656 0.000875657 0.000875656 0.00127818 0.000875656 0.000875657 0.000875672 0.000875657 0.000875657 0.000876276 0.000875656 0.00089767 0.000880728 0.000875656 0.000875656 0.000876041 0.000875656 248.497 0.000875656 0.000875657 0.000875658 0.000875656 60.1557 0.000875656 0.000875656 0.000875656 0.000875656 0.000875657 0.000875656 0.000875657 0.000879414 0.000876615 0.000875657 0.000875656 0.000875657 0.00195748 0.000875656 0.000875656 0.000875657 0.000875656 0.000875656 0.000878125 0.000875656 0.000875658 0.000875659 0.000875656 9.40696 0.000875656 0.000875656 0.000876303 0.000875656 0.000875657 0.000875657 0.000911623 0.000875656 0.000875691 0.000875657 0.000875656 0.000875657 0.00146615 0.000875656 0.000875874 0.000875663 0.000875656 0.000875658 0.000875656 0.000875657 0.000875656 0.000875656 0.000875656 0.000875656 0.000875656 0.000876958 0.000880608 0.000875657 0.000876146 0.000875656 0.000875656 0.000875656 0.000875656 0.00087566 0.000875656 0.000875656 0.000875656 0.000875706 0.000875656 0.000875657 0.000875656 0.000875656 0.000875656 29.631 0.000875656 0.000941541 0.000875657 0.000883477 0.000875656 0.000875658 0.000875656 0.000875656 0.000875657 0.000875656 0.000875658 0.000875656 0.000875656 0.000875656 0.000875656 0.000875657 0.000875656 0.000875657 35.7616 0.000875659 0.000875656 0.000875656 0.000875657 0.000875656 0.000875656 0.000875656 0.000875656 0.000875656 0.000880174 0.000875656 0.000875656 0.000875656 0.000875656 0.000875658 0.000875658 0.000875656 0.000876815 0.000875657 0.000875656 0.000875658 0.000875656 0.000875658 0.000875656 0.000875657 0.000942703 0.000875657 0.000875656 0.000875656 0.000875656 0.000875656 0.000875657 0.000875661 0.000875659 0.00087566 0.000875656 0.000875656 0.000946142 0.000875657 0.000875656 0.000875657 0.000875656 0.000875658 0.000875656 0.000875658 0.000875656 0.000875659 0.000875656 0.000875656 0.000875656 0.000875657 118.051 0.000875656 0.000875656 0.000875656 0.000875656 0.000875656 0.000875659 0.00236912 0.000875656 0.000875656 0.000875656 0.00088516 0.000875657 0.000979588 0.000875657 0.000875656 0.000875659 0.000875657 0.000875657 0.000875656 0.000876212 0.000875656 0.000875658 0.000875656 0.000875658 0.000875656 0.000875656 0.000875657 26.278 0.000875656 0.000875657 0.000876231 0.000875657 0.000875657 0.000875658 0.000881097 0.000875656 0.000875656 0.000875656 0.000875657 0.000875657 0.000875691 0.000875657 0.000875656 0.000875656 0.000875656 0.000875656 0.000875657 0.000875656 0.00087568 0.000875656 0.000875656 0.000875657 0.000875656 0.000875656 0.000875728 0.000875656 0.000875656 0.000875658 0.000875658 0.000875657 0.000875656 0.000875657 0.000875656 0.000875657 0.000875779 0.000875656 0.000875657 0.000875658 0.000875656 0.000891153 0.000875656 0.000875656 0.000875661 0.000876065 0.00103656 0.000875656 0.000875657 0.000922745 0.000875656 0.000875657 0.000875656 0.00087566 0.00101672 0.000875656 0.000875658 0.000875656 0.000875657 0.000875656 0.000875656 0.000875657 0.000875656 0.000875659 0.000875657 0.000875656 0.000875656 0.000875656 0.000875671 0.000881966 0.00088735 0.000875656 0.000875691 0.000949269 0.000875656 0.000875656 0.000875656 0.000875659 0.000875657 0.000875656 21.1405 0.000875731 0.000875719 0.000875657 0.000875656 0.000875657 0.000875656 0.000875657 0.000875656 0.000875656 0.000876657 0.000875656 0.000875879 0.000875656 0.000940793 0.000875656 0.000875658 0.000875656 0.000875656 0.000875658 0.000876029 0.000875658 36.0991 0.000875657 0.000875656 0.000875657 0.000875656 0.000875657 0.000875656 0.000875656 0.00087566 0.000875657 0.000875656 0.000875658 0.000875656 0.000875814 0.000875656 166.274 0.000875968 0.000875656 0.000875662 0.000876061 0.000875656 0.00087568 0.000875674 0.000875698 0.000875656 0.000875656 0.000875656 0.00089562 0.000987643 0.000875656 0.000875656 0.000875656 0.000875656 0.000875656 0.000875656 0.000875659 0.000875656 0.000875656 0.000875656 0.000875657 0.000875656 0.000875658 0.000875658 0.000880441 0.000875853 0.00087566 0.000875656 0.000875657 0.000875657 0.000875656 0.000875656 0.00087566 0.000875656 0.000875656 0.000875656 0.000875657 0.000875656 0.000875656 0.00133828 0.000875656 0.000875656 0.000875656 0.000875656 0.000875658 0.000875657 0.00286927 0.000875656 0.000875656 0.000875656 0.000875656 0.000875657 0.000875656 0.000875656 0.000875656 0.000875656 0.000875657 0.00419679 0.000875656 0.000875656 0.000897992 0.000875656 0.000875675 0.000875656 0.000875656 0.000875656 0.000875656 0.000875657 0.000875657 0.000875656 0.000890668 0.000875657 0.000875656 0.000875656 0.000875656 0.000875657 0.000875656 0.000875656 0.000875657 0.804565 0.000875656 87.8796 0.000875657 0.000875656 0.000875656 39.971 0.000908209 0.000876058 0.000875657 0.000875656 0.000941054 0.000875656 0.000875658 0.000875656 0.000898638 0.000875656 0.000875656 0.000875657 0.000875656 0.000875656 0.000875656 0.000875659 0.000875656 0.000875656 0.000875659 0.000875656 0.000875656 0.000875657 0.000875657 0.000875656 0.000875656 0.000875656 0.000875656 0.000875657 0.000875657 0.000875656 0.000875658 0.000875656 0.000875657 0.000875656 0.000875658 0.000875657 0.000875656 0.000875656 0.000875656 0.000876037 0.000887139 0.000875657 0.000875657 0.000886483 0.000875656 0.000875656 0.000875658 0.000875656 0.000875656 0.000875657 0.000911969 0.000875656 0.000875656 0.000875658 0.000875656 0.000881812 0.000875657 0.000875658 0.000956575 0.000940969 0.000875656 0.000882359 0.000875657 0.000875656 0.000875656 0.000875656 0.000875656 0.000875656 0.000875656 0.000875656 0.000875657 0.000875656 0.000875656 0.000875656 0.000875661 0.000875656 0.000875656 0.000901768 0.000875656 0.000875656 0.000908768 0.000875657 0.000879591 0.000875657 0.000875657 0.000875656 0.00087566 0.00087654 0.00099733 0.000875656 0.00148992 0.000876406 0.000875914 0.000875656 0.000875656 0.000875657 0.000875657 0.000875656 0.000875656 0.000875657 0.000875656 0.000875656 0.000875656 0.00130351 0.000875656 0.000875656 0.000875658 0.000875656 0.000875656 0.000875656 0.000875656 0.000875657 0.0303998 0.000875688 0.000875656 0.000875657 0.000875657 0.000875658 0.000875656 0.000875656 0.000875656 13.4555 0.000875656 0.000875666 0.000875656 0.000876501 0.000875658 0.000904594 0.000875656 0.000875656 0.000875658 0.000875656 0.000875657 0.000875656 0.000875656 0.000875656 0.000875657 0.000875657 0.000875656 0.000875657 0.000875656 0.000875656 0.000875656 0.000875859 0.000875658 0.000875656 0.000875656 0.000875656 0.000875656 0.000875656 0.000875657 0.000875656 0.000875656 0.000875656 0.000875657 0.000875656 0.000875656 0.000875746 0.000877806 0.000875656 0.000875797 0.000878625 0.000875657 0.000875656 0.000875656 0.000875657 0.000875657 0.000875725 0.000875656 0.000876381 0.000875658 0.000875656 0.000875656 0.000926062 0.000875656 0.000940544 0.000875656 0.000894408 0.000875657 0.000883976 0.000875656 0.000875656 0.000875656 0.000875656 0.000875701 0.000875658 0.000875656 0.000875656 0.000875656 0.000875656 0.000875656 0.000875718 0.000875656 0.000875656 0.424778 0.000875657 0.000875658 0.000884345 0.000875656 0.000875668 0.00087566 0.000875657 0.000875656 0.000875686 0.000875656 0.000875656 0.000875656 0.000877363 0.000875656 0.000875656 0.000875656 0.000875707 0.000875658 0.000875657 0.000875657 0.000875656 0.000875657 0.000875657 0.000875657 0.000875656 0.000891723 0.000875656 0.000875658 0.000875657 0.000875657 0.000875656 0.000889549 0.000875992 0.00087566 0.000875656 0.000875656 0.000875656 0.000875658 0.000875668 0.000875656 0.000875657 0.000875656 0.000875657 0.000875658 0.000875659 0.000875656 0.000875659 0.000879362 0.000875656 0.000875656 0.000875656 0.000875656 0.000875656 0.0011 0.000875656 0.000875656 0.000875656 0.000875656 0.000875656 0.000875656 0.000876054 0.000875657 0.000883809 0.000875656 0.000875656 0.000875656 0.000875656 13.6833 0.000875656 0.000875661 0.000875657 0.000875656 1.44124 0.000987921 0.000875656 0.000875656 0.000875656 0.000875656 0.000875659 0.000875657 0.000875696 0.000875656 0.000875656 0.000882397 0.000901215 0.000875981 0.000875656 0.000875656 0.000875656 0.000875656 0.000875656 0.000912441 0.000875656 0.000875656 0.000875656 111.905 0.000886466 0.000875656 0.000875656 0.000880608 0.000875656 0.000875656 0.000875657 0.000983975 0.000875657 0.000907831 0.000875658 0.000875657 0.000875656 0.000875787 0.000875657 0.000875656 0.000875658 0.000875656 0.000875682 0.000875656 0.000875658 0.000875656 0.000875656 0.000875657 0.000875656 0.00087566 0.000875656 0.000875657 0.000875656 0.00109097 0.000875656 0.000875659 0.000875657 0.000875656 0.000875657 0.000875656 0.000875656 0.000875656 0.000875657 1.75709 0.000875656 0.000875658 0.000875657 0.000879163 0.000881255 0.000875656 0.000989718 0.000875659 0.000875657 0.000875657 0.000875656 0.000875656 0.000877112 0.000875658 0.000875656 0.000875658 0.000882968 0.000875656 0.000875656 0.000875656 0.000875656 0.00242038 0.000875656 0.000875656 0.000875656 0.000875656 0.000875657 0.000875657 0.000875657 0.000875656 0.000875656 0.000876384 0.000875656 0.000875656 0.000875656 0.000875657 0.000875657 0.000875659 0.000875656 0.000875656 0.000875658 0.000875657 0.000875656 0.000875716 0.000875656 0.000892347 0.000965164 0.000875702 0.000875656 0.000875657 0.000875656 0.000879109 0.000875657 0.000879343 0.000875657 0.000886679 0.000875656 0.000875657 0.000875656 0.000876118 0.000875658 0.000875656 0.000875656 0.000875658 0.000875658 0.000875656 0.000894829 0.000875657 0.000875656 0.000875659 0.000875656 0.000875656 0.00087566 0.00087589 0.000875754 0.000875657 0.000875656 0.000875656 0.000875656 0.000875657 0.000875656 0.000881252 0.000875656 0.000875656 0.000875656 0.00087981 0.000875656 0.000882577 0.000901408 0.000875657 0.000875657 0.000875656 0.000875656 0.000875656 0.000875657 0.000875658 0.000875656 0.000875656 0.000875659 0.000875656 0.000875657 0.00087566 0.000875657 0.000875656 0.000875656 0.000875656 0.000875657 0.000875656 0.000875656 0.000875656 0.000875658 0.000875656 0.000875656 0.000875656 0.000875859 0.000885007 0.000875656 0.000875656 0.000875657 0.000875656 0.000875656 0.000875656 0.000875788 0.000875656 0.000875656 0.000875656 1.74794 0.000875658 0.000875656 0.000875656 0.000875656 0.00087567 0.000875673 0.000882221 0.000877381 0.000875656 0.000875875 0.000875656 0.000879355 0.000875656 0.000875656 0.000875657 0.000875656 0.000875656 0.000875657 0.000875656 0.000875658 0.000875658 0.000875657 0.000919865 0.000875658 0.000875659 0.000876449 0.000875656 0.000875672 0.000875656 0.000875656 0.000875656 0.00101698 0.000875656 0.000875657 0.000875656 0.000875656 0.000875657 0.000875656 0.000875656 0.000875656 0.000875656 0.00087566 0.00121337 0.000875656 0.000875657 0.000875657 0.000875656 0.000875656 0.000875656 0.000875657 31.7686 0.000889086 0.000875656 0.000875656 0.000875656 0.000875656 0.000876051 0.000875657 0.000875657 0.000875657 0.000875656 0.000875656 0.000875656 0.000875656 0.000879133 0.000875656 16.8115 0.000875656 0.000875656 0.000875656 0.000875656 0.000875656 0.000875978 0.000875656 0.000900841 0.000875656 0.000924621 0.000875656 0.000896901 0.000875657 0.000875656 0.000876057 0.000875656 0.000875805 0.000875656 0.000875656 0.000875657 0.000875656 0.000875657 0.00087566 0.000875656 0.000875656 0.000875658 0.000875656 0.000875656 0.000875697 0.000875656 0.000875656 0.000875818 0.000875656 0.000875733 0.000875658 0.000875658 0.000948022 0.000880543 0.000887649 0.000875656 0.000875656 0.000875656 0.000875657 0.000875657 0.000875656 0.000875658 0.000876374 0.000875656 0.000875656 0.000875656 0.000875656 0.000875656 0.000875656 0.000875661 0.000875656 0.000875656 0.000875656 0.000875656 0.000875656 0.000875656 0.000875656 0.000912238 0.000875657 0.000875656 0.000875657 0.000875657 0.000875656 0.00087566 0.000875657 0.000875656 0.000875656 0.000875656 0.000875658 0.000875656 35.6448 0.000875985 0.000875656 0.000875656 0.000875656 0.000875656 0.000875657 1.434 0.000875656 0.000875656 0.000875656 0.000875657 11.9459 0.000886423 0.000875656 0.000875656 0.000875656 0.000875656 0.000927375 0.000875657 0.000875656 0.000875658 0.00122772 0.000875659 0.000875656 0.000875658 0.000875656 0.000875658 0.000875657 0.000875656 0.000875656 0.000875657 0.000875656 0.000876043 0.000875656 0.000875656 0.000875657 0.000875658 0.000875657 0.00100179 0.000875657 0.000875656 0.000875657 0.000875656 0.000875656 0.00087581 0.000875656 0.000875656 0.000875657 0.000875656 0.000875661 0.000875656 0.000875657 0.000875656 0.000875656 0.000875656 0.000875657 0.000875656 0.000875657 0.000876121 0.000881739 0.000875656 0.000877834 0.000875656 0.000875656 0.00087566 0.000875659 0.000875656 0.000875659 0.000875656 0.000875656 0.000875656 0.000875659 0.000875656 0.000875656 0.000945263 0.000890995 0.000875657 0.000875656 0.000875656 0.000875656 0.000875656 0.000875656 0.000875657 0.000875656 0.000875656 0.000875657 0.000875656 0.000875657 0.000875656 0.00102816 0.000875656 0.000875695 0.000875656 8.27212 0.000875658 0.000875656 0.000875656 0.000875656 0.000875656 0.000875656 0.000875658 0.000875657 0.000875657 0.000875656 0.000875656 0.000875656 0.00145945 0.000875658 0.000875656 0.00087566 0.000875656 0.000875657 0.000875656 0.000875659 0.000875656 0.00112528 0.0822311 0.000875659 0.000875656 0.000875656 0.000875656 0.000875656 0.000875657 0.000875656 0.000875657 0.000875656 0.000875656 0.000875656 0.000875656 0.000876414 130.655 0.000875656 0.000875656 0.000881028 0.000875656 0.000875656 0.000875656 0.000875656 0.000875657 0.000875659 0.000875656 0.000875741 0.000875656 0.000875657 0.000875658 0.000875918 0.000875656 0.000875656 0.000875659 0.000875659 0.000875659 0.000875656 8.61905 0.000875656 34.9789 0.000875656 0.000875656 0.000875656 0.000875657 0.000900963 0.000875656 0.000875656 0.000875656 0.000875656 0.000875659 0.000875656 0.000875658 0.000875656 0.000875657 0.000875657 0.000875656 0.000875661 0.000875656 0.000875657 0.000875656 0.000875656 0.000875658 0.000875662 0.000875658 0.000875656 0.000936167 0.000875656 0.000875656 0.000875656 0.000875657 0.000875657 0.000875657 0.000875656 0.000875658 0.000875657 0.000875659 0.000906256 0.000875656 0.000875657 0.000875657 0.000875656 0.000875656 0.000875658 0.000875656 0.000875658 0.000875657 0.000875658 0.000875657 0.000875656 0.000875656 0.000875656 0.000875657 0.000875656 0.000875657 0.000875659 0.000875657 0.000875656 0.000875687 0.000875656 0.000875656 0.000875656 0.000875691 0.000875656 0.000875657 0.000875658 0.00102789 0.00087888 0.000875656 0.000875656 0.000875656 0.000875656 0.000875657 0.000875656 0.000875659 0.000875659 0.000875656 0.000875656 0.000876691 0.000875656 0.000875757 0.000875659 0.000875656 0.000875656 0.000915189 0.000875656 0.000875656 0.000875656 0.00108802 0.000875656 1.57852 0.000875657 0.000875656 0.000875657 0.000875656 0.000875656 0.000875657 0.000875656 0.000875656 0.000875656 0.000875656 0.000875657 0.000875658 0.000875657 0.000875656 0.000875656 0.000875657 0.000875657 0.000875656 0.000875656 0.000875657 0.000875656 0.000875656 0.000875656 0.000918109 0.000875656 0.000875656 0.000875656 0.000875658 0.000875656 0.000876949 0.000878919 0.000875656 0.000875656 0.000875656 0.000875658 0.000875656 0.000875656 0.000875656 0.000875656 0.000875657 0.00098248 0.000875656 30.7148 0.000875656 0.000875656 0.000875656 0.000875657 0.000888281 0.000875658 0.000875658 0.000875656 0.000875656 0.000875656 0.000875656 0.000875869 0.000875657 0.000875657 0.00091153 32.8481 0.000875656 0.000892705 0.000875657 0.000886007 0.000875656 0.000875656 0.000876125 18.642 0.000875656 0.000898839 0.000875657 0.000875656 0.000875656 0.000875657 0.000875656 0.000875656 0.000875658 0.000875658 0.000875656 0.000875656 0.000875657 0.000900167 0.000875656 34.18 0.000875656 0.000875656 0.000875656 0.000875656 0.000875656 0.000875656 0.000875656 0.000875656 0.000875658 0.000875656 0.000875656 0.000887608 0.00101362 0.000875657 0.000875658 0.000875657 0.000875656 0.000875656 0.000875803 0.000875656 0.000875656 0.000875656 0.000875656 0.00087566 0.000875656 0.000875656 0.000875656 0.000875656 0.000875657 0.000875656 0.000875656 0.000875656 0.000875656 0.000875656 0.000875656 0.000875656 0.000875656 0.000875657 0.000875657 0.000875656 0.000897443 0.000875656 0.000875656 0.000875656 0.000876725 0.000882943 0.000875658 0.000875656 0.000881459 0.000875656 0.000875695 0.000875656 0.000875656 37.855 0.000912313 0.000875657 0.000875657 0.000875657 0.000875656 0.000875656 0.000946058 0.000875656 0.000875656 0.000907378 0.000875656 0.00087566 0.000876463 0.000876542 0.00087612 0.000875656 28.9665 0.000875656 0.000875656 0.000875656 0.000875656 0.000875656 49.7062 0.000875657 0.000875658 0.000875658 0.000875656 0.000875656 0.000875658 0.000876431 0.000875656 0.000875656 0.000875657 0.000875657 0.000875802 0.000875656 0.000875656 0.000875656 0.000875754 0.000875689 0.000875656 0.000875656 0.000875657 0.000875656 0.000875656 0.000889058 0.000875656 0.000875656 0.000875659 0.000875656 0.000875657 0.000875693 0.000875656 0.000875656 0.000875657 0.000875656 0.000875656 0.0592989 0.000875656 0.000875656 0.000875658 0.000875656 0.000875657 0.000875656 0.000876384 0.000880334 0.000875657 0.000875656 0.000875801 0.000875657 0.000875666 0.000875656 0.000875656 0.000875656 0.000875656 0.000875657 0.000875656 0.000875657 0.000875656 0.000875658 0.000876295 0.000875656 18.6087 0.000911512 0.000876075 0.000875656 0.000875656 0.000886613 0.000875657 0.000875657 0.000875658 0.000875657 0.000910271 0.000884863 0.000915713 0.000875656 0.00088868 0.000875656 0.000875656 0.000875656 0.000875656 0.000878691 0.000875657 0.000875656 0.000875656 0.000875656 0.000875656 0.000875673 0.000875744 0.000875656 0.000875656 0.000875656 0.000875656 0.000875656 0.000875656 0.000875656 0.00087601 0.000875656 0.000875656 0.000875658 0.000875657 0.000875656 0.000875656 0.000875656 0.000875657 0.000875658 0.000875656 0.000893526 0.000875656 0.000875657 0.000875659 0.000875658 0.000923758 0.000875656 0.000875656 0.000875659 0.000875656 0.000875656 0.000875657 0.000875656 0.000875656 0.000875656 0.00087566 0.000875683 0.000925212 0.000875656 0.00121877 0.000875656 0.000875656 0.000875656 0.000875658 0.000875656 0.000875656 0.000875656 0.000876475 0.00088 0.00100998 0.000875656 0.000875656 0.000875656 0.000930999 0.000875656 0.00087566 0.000875656 0.000875656 0.000875656 0.000875656 0.000875656 0.000875656 0.000875656 0.000875656 0.000875656 0.000876415 0.000875656 0.000875656 0.000875658 0.000875657 0.000946894 0.000875656 0.000904047 0.000882742 0.000875656 0.000875656 0.000901312 0.000875657 0.0108574 0.000875657 0.000875656 0.000875656 0.000932189 0.000875657 0.000875658 0.000875656 0.000875657 0.000875656 0.000875656 0.000875657 0.000875656 0.000875656 0.000875661 0.000875656 0.000875656 0.000875656 0.000875656 0.00107157 0.000875656 0.000875656 0.000875658 0.000875656 0.000875656 0.000875656 0.000875656 0.000875658 0.000875656 0.000875656 0.000875659 0.000875656 0.000896304 0.000878891 0.000875656 0.000875729 0.000875656 0.000875656 0.000875656 0.000875656 0.000875657 0.0108757 0.000875656 0.000875658 0.000875656 0.000964232 0.000875656 0.000875656 0.000875656 0.000875656 0.000875658 315.836 0.000875657 0.000875656 0.000875657 0.000875656 0.000875657 0.000875656 0.000875656 0.000875656 0.000875658 0.000875658 0.000876078 0.000875657 0.000875658 0.00144257 0.000875658 0.000875657 0.000875657 0.000875656 0.000928386 0.000879148 0.000895966 0.000875656 0.000875657 0.000875665 0.000875659 0.000875656 0.000875656 0.000875656 0.000875656 0.000875657 0.000875656 0.000875656 0.000875656 0.000875657 0.000875656 0.000875656 0.000982222 0.000875657 0.000875656 0.000875657 0.000876106 0.000875671 0.000875657 0.000875656 17.2616 0.000883154 0.000875657 0.000875658 0.000875656 0.000875656 0.000875657 0.000875656 0.000875657 0.000875656 0.000875656 0.000875656 0.000875657 0.000875656 0.000875656 0.000875656 26.9935 0.000875656 0.000875658 0.000875659 0.000875656 0.000875656 0.000875658 0.000875656 0.000875656 0.000953027 0.000875656 0.000875656 0.000875657 0.00119294 0.000877235 0.000875658 0.000927865 0.000875656 0.000875659 0.000875658 0.000875656 0.000875658 0.000875657 0.000875656 0.000875656 0.000875658 0.000875761 0.0016745 0.000875656 0.000882118 0.000875656 0.000875657 0.000875656 0.000875657 0.000875667 0.000875657 0.000875656 0.000875658 0.000875657 0.000875656 0.000875867 0.000875656 0.000875656 0.000875656 0.000875657 0.000875657 0.000881405 0.000875656 0.000875998 0.000875657 0.000875657 0.000875656 0.000875656 0.000875656 0.000875656 0.000875657 0.000900471 0.000875656 0.000955379 0.000875656 0.000875656 0.000875656 0.000875657 0.000875656 0.000875657 0.000875656 0.000875656 0.000875656 0.000875847 0.000875656 0.000875657 0.000875656 11.3127 0.000912619 0.000875656 0.000911218 0.000875656 0.000875656 0.000875656 0.000875656 0.000875656 0.000875657 0.000988268 0.000875656 0.000979275 0.00338761 0.000875656 0.000875656 0.000875656 0.000875656 0.000875656 0.000875657 0.000875657 0.000875656 0.000875656 0.000875656 0.000875656 0.000875656 0.000875656 0.000875656 0.000875656 0.000875656 0.000875656 0.000875656 0.000875656 0.000875659 0.000875657 0.000875656 0.000875656 0.000875658 0.000875657 0.000875657 0.000875657 0.000875656 0.000883476 0.000875656 0.000933608 0.000875656 0.00087573 0.000875656 0.000878264 0.000876217 0.000875656 0.00087566 0.000875656 0.000875658 0.000875657 0.000875658 0.000875656 0.000875657 0.000875656 0.000875656 0.000875657 0.000875657 0.000875657 0.000875656 0.000875659 0.000875656 0.000875656 0.000875656 0.000875656 0.000875658 0.000875656 0.000875656 6.07408 0.000875656 0.000875656 0.000875656 0.000875656 0.000875656 0.000875656 0.000876778 0.000875657 0.000875658 0.000875657 0.000875656 0.000875656 0.000875657 0.000875656 0.000875656 0.000875656 0.00097101 0.000875656 0.000875657 0.000875656 0.000875656 0.000875657 0.000875894 0.000875657 0.000875656 0.000885514 0.000960444 0.000875656 0.000875656 24.419 0.00091121 0.000875657 0.000875656 0.000875658 0.000875656 0.000875657 0.000875656 0.00105866 0.000875656 0.000875656 0.000875657 0.000875657 0.000875734 0.000875657 0.000875656 0.000875656 0.000875656 0.000875656 0.000875656 0.000875656 0.000875656 0.000875656 0.000875656 0.000875658 0.000875657 0.000905686 0.000875656 0.000875656 0.00087923 0.000875656 0.000875656 0.000875657 0.000875656 0.000875657 0.000875656 0.000875657 0.000875656 0.000875656 0.000877235 0.000875656 0.00107743 0.000875656 0.000875656 0.000875656 0.000875656 0.000875657 0.000875696 0.000875656 0.000875658 0.000875656 0.000902491 0.000875656 0.000875658 0.000875656 0.000875656 0.000875656 0.00087575 0.000984782 0.00250561 284.807 0.000875656 0.00108283 0.000875696 0.000875656 0.000875656 0.000875656 0.00087566 0.000898547 0.000875797 0.000875656 0.00087608 0.000875656 0.000875658 0.00087566 0.000875658 0.000928613 0.000875693 0.000875658 18.6516 0.000875656 0.000875656 0.000875656 0.000875657 4.58453 0.000875656 0.000875664 0.00087655 0.000875657 0.000875657 0.000875657 0.000875656 0.000875659 0.000875657 0.000875656 0.000875656 0.00271545 0.000886154 0.000875656 0.000875657 0.000875656 0.000875656 0.000875656 0.000875656 0.000875657 0.000875657 0.000875659 0.000875656 0.000875656 0.000906972 0.000875656 0.000875656 0.000875673 0.000875656 0.000875656 0.000875656 0.000875656 0.000988852 0.000875656 0.000875656 0.000875656 0.000875659 0.000875656 0.000875657 0.000875658 0.000875656 0.000875656 0.000875664 0.000875656 0.000875656 0.000875658 0.000875657 0.000875656 0.000875656 0.000913716 0.000875687 0.000875656 0.000875656 0.000875657 0.000875656 0.000875656 0.000875656 0.000875656 0.000875656 0.000875658 0.000945272 0.000875656 0.000875657 0.000875656 0.000875716 0.000875656 0.000875656 0.000875656 0.000875656 0.000875656 0.000875656 0.00219734 0.000875656 0.000875656 0.000875656 0.000875656 0.000875656 0.000875656 0.000875658 0.000875656 0.000875656 0.000875656 0.000875656 0.000875656 0.000875874 0.000894502 0.000878503 0.000875657 0.000875657 0.000875656 0.000875657 0.000875656 0.000875658 0.000875657 0.000875656 0.000875658 0.000875656 0.000875657 0.000875656 0.000875656 0.000875657 0.000875656 0.000875658 0.000875656 0.000875656 0.000875656 0.000875656 0.000875656 0.000875715 0.000875661 0.000875657 0.000875656 0.000875658 0.000881082 0.000875657 0.000875656 0.000875656 0.000875657 0.000875656 0.000875656 0.000875657 0.000875657 0.000875656 0.000875658 0.000875657 0.000875656 0.000875657 0.000875656 0.000875656 0.000875658 0.000875662 0.000875656 0.000875656 0.000875656 0.000902674 0.000875658 0.000875656 0.000875656 0.000875656 0.000948104 0.000875773 0.000875656 0.000875657 0.000875657 0.000875656 0.000875659 0.000875656 0.000875656 0.000875657 0.000875656 0.000875656 0.000875656 0.000875658 0.000906249 0.000875656 0.000875779 0.000875937 0.000877095 0.000875658 0.000875656 0.000875657 0.000875657 0.000875657 0.000875656 0.000875663 0.000875656 0.000875657 0.000875656 0.000887178 0.000875656 0.000875656 0.000875656 0.000875658 0.000875657 0.000875656 0.00115559 0.000875656 0.000875656 0.000901061 0.000875656 0.000875656 0.000875738 0.000875658 0.000875656 0.000875754 0.000875657 0.000883984 0.000875656 0.000875657 0.000875657 0.000875657 19.9206 0.000875659 0.000875656 0.000875657 0.000875656 0.000875657 0.000875656 0.000875657 0.000875656 0.000875657 0.000875656 0.000875659 0.000875656 0.000897003 0.000875656 0.000875656 0.000875658 0.000875657 0.000875656 0.000875656 0.000875657 0.000875656 0.000875657 0.000875666 0.000875657 0.000875656 0.000875661 0.000875656 0.000875657 0.000875656 0.000875658 0.000875657 0.000894342 0.000875658 0.000875657 0.000875664 0.000875657 0.000875656 0.000875657 0.000875656 0.000875656 0.000875656 0.000875657 0.000875657 0.000875656 0.000875656 0.000875656 0.000875658 0.000875656 12.1469 0.000875656 0.000875656 0.000875658 0.000875656 0.000875657 0.000875658 0.00087566 0.000875656 0.000875656 0.000875658 0.000875656 0.000875656 0.000875725 0.000875656 0.000875656 0.000875657 0.000875659 0.000875784 0.000875656 0.000876297 0.000875658 0.000875656 0.000875656 0.000875656 0.000875657 0.000875656 0.000875656 0.000875656 0.000875658 0.000875656 0.000875657 0.000875656 0.000875657 0.000875656 0.000875656 0.000882588 0.000875656 0.000875656 0.000875656 0.000875656 0.000887869 0.000876043 0.000886115 0.000875657 0.000875657 0.000875656 0.000876575 0.000875657 0.000875657 0.000875656 0.000875656 0.000875656 0.000875657 0.000875679 0.000875656 0.000875656 0.000890302 0.000875656 0.000875658 0.000875656 0.000877939 0.000875714 0.000875656 0.000875657 0.000875656 0.000875656 0.000875656 0.000875656 0.000875656 0.000875658 0.000886506 0.000875656 0.000875658 0.000875656 0.000875656 0.000875661 0.000875656 0.000875657 0.00088526 0.000875656 0.000875656 0.000875657 0.000875656 0.000876857 0.000875656 0.000875657 0.000875657 0.000875656 0.000875656 0.000875657 0.000881662 0.000875656 0.000875656 0.000875658 0.00087566 0.000875656 0.000875656 0.000875657 0.000875656 0.000875656 0.000875656 0.000876291 0.000876995 0.000875656 0.000875658 0.00087566 0.000917847 0.000875656 0.000875658 0.000875656 0.000875656 0.000875656 0.000875657 0.000875656 0.000875934 0.000875656 0.000875656 0.000936861 0.000875656 0.000875656 0.000875657 0.000875657 0.000978068 0.000875656 0.000875656 0.000875656 0.00166615 0.000875656 0.000875657 0.000875659 0.000970532 0.000875656 0.000875656 0.000875657 41.2729 0.000875656 0.000875656 0.000875656 0.000875656 0.000875656 0.000875657 0.000875656 0.000875656 0.000875656 0.000875656 0.000875657 0.000875656 0.000875656 0.000875656 0.000875656 0.000875657 0.000875657 0.000875656 0.000875656 0.000875656 0.000875657 0.000949134 0.000876226 0.000875656 0.000875657 0.000993528 0.000875656 0.000875656 33.0188 0.000875657 25.5098 70.884 0.000875657 0.000875674 0.000875656 0.000876116 0.000875656 0.000875656 0.000875656 0.000875656 0.000875656 0.000875656 0.000875721 0.000875658 0.000875665 0.000884486 0.000875658 0.000875656 0.000875656 0.000875656 0.000875657 0.000878754 0.000875656 0.000875656 0.000875657 0.000875657 0.000998335 0.000875656 0.000875656 0.000875656 0.000875657 0.000875656 0.000875658 0.000875692 0.000875656 0.000875657 0.000875656 0.000875656 0.000997294 0.000875656 0.000877345 0.000875656 0.000888514 0.000875657 0.000875656 0.000875656 0.000875656 0.00087566 0.000875656 0.000875656 0.000875657 0.000875656 0.000875656 0.000875657 0.000875656 0.000875657 0.000875656 0.000875657 0.000875656 0.000875656 0.000875656 0.000875657 0.000875657 0.000875656 0.000875656 0.000875656 0.000875656 0.000875657 0.000875657 0.000875656 0.000875656 0.000875656 0.000875656 0.000875658 0.000875656 0.000875658 0.00087573 0.000875657 0.000875656 0.000888811 0.000875658 0.000875656 0.000875656 0.000875658 0.000875656 0.000875656 0.000875656 0.000875683 0.000908865 0.000875656 0.000879594 0.000875656 0.000875657 0.000875699 0.000875656 0.000875839 0.000875657 1.81061 0.000875657 0.000875656 0.000875661 0.000875656 0.000875656 0.000875656 0.000875698 0.000875656 0.000875657 0.000875657 0.000875656 0.000875659 0.000875656 0.000875656 0.000875657 0.000875656 0.000875656 0.00113954 0.000875656 0.00168931 0.000875657 0.000875656 0.000884389 0.000875656 0.000875656 0.000875656 0.000875657 0.000875656 0.000875656 0.000875656 0.000875656 0.000875657 0.000875656 0.000875656 0.000875656 0.00087569 0.000875656 0.000875656 0.000875657 0.000875656 0.000875694 0.000875656 0.000875859 0.000875656 0.000875656 0.000875659 0.000910157 0.000875791 0.00103078 0.000875657 0.000875656 0.000875657 0.000875656 0.000875656 0.000875656 0.000875656 0.000875656 0.000875656 0.000875657 0.000875656 0.000875656 0.000875656 0.000876153 0.0257508 0.000875685 0.000875656 0.000875656 0.000875656 0.000875656 0.000875658 0.000875657 0.000875656 0.000875656 0.000884279 0.000875656 0.000875657 0.000875656 0.000875658 0.000875656 0.000875656 0.000875657 0.000875657 0.000875657 0.000960632 0.000875656 0.000875656 0.000875656 0.000875656 0.000875656 0.00101707 0.00087571 0.000875656 0.000875657 0.000875658 0.000875656 0.000875657 0.000875656 0.000875656 0.000875656 0.000875656 0.000875656 0.000875656 0.000875657 0.000875656 0.000880642 0.000875656 0.000876089 0.000875656 0.000875657 0.000875656 0.000875657 0.000875656 0.000875657 0.000875656 0.000875657 0.000875656 0.000875657 0.000875656 0.000875656 29.5966 0.000875656 0.000875656 0.000875657 0.000875918 0.000875658 0.000875666 0.000875658 0.000875781 0.000875887 0.000875656 0.0008758 0.000875656 0.000875658 0.000886344 0.000875656 0.000875656 0.000875656 0.000875658 0.00089931 0.000875656 0.000875656 0.000875656 0.00087574 0.000875656 0.000875656 0.000875657 0.000879409 0.000896108 0.000875656 0.000875656 0.000875657 0.000875656 0.000992472 0.00087566 0.000875699 0.000875656 0.000875656 0.000875658 0.000875656 0.000875658 0.000942915 0.000875657 0.000875656 0.000875656 0.000875657 0.000875657 0.00087566 0.000875657 0.000878737 0.000875657 0.000875662 0.00551297 0.000875924 68.1693 0.000882221 0.000875656 0.000876306 0.000875656 0.000875656 0.000889757 0.000875868 11.876 0.000875656 0.000875656 0.000875657 0.000875656 0.000875658 0.000875657 0.000875657 0.000875656 0.000875739 108.28 0.00091421 0.000875656 0.000876749 0.00089587 0.000914834 0.000875656 0.000875656 0.000875656 0.000875657 0.000875656 0.000875656 0.000875657 0.000875656 0.000875656 0.000875658 0.000875656 0.000875656 0.000875657 0.000875656 0.000875656 0.000875656 0.000875656 0.000875656 0.000875656 0.000875656 0.000875657 0.000875656 0.000875657 0.000875656 0.000932837 0.000875656 0.000875656 0.000875656 0.000875659 0.000875656 0.000875656 0.000875656 0.000875656 0.000875657 0.000875658 0.000875656 0.000875656 0.000875659 0.000875656 0.000875656 0.000875656 0.000875721 0.15248 0.000875656 0.000875656 0.000875657 0.000875656 0.000875656 0.000875657 0.000875656 0.000875656 0.000875656 0.000875656 0.000875656 0.000891375 0.000875656 0.000875656 0.000875656 0.000875656 0.00087566 0.000885626 0.000875656 0.000875656 0.000875683 0.000875657 0.000875657 0.000875656 0.000919863 0.000875656 0.00109862 0.000875658 0.000875656 0.000888781 0.000875656 0.000875657 0.000875656 0.000875656 0.000875657 0.00087566 0.000875657 0.000875657 0.000875656 0.000875656 0.000920649 0.000875656 0.000875656 24.5041 0.000875657 0.000875656 0.000875656 0.000926161 0.000875656 0.000875656 0.000875657 0.000875656 0.000875656 0.000875656 0.000875656 0.000876002 0.000875664 0.000875656 0.000875656 0.000939009 0.000875656 0.000875656 0.000875656 0.000875656 0.000875656 0.000958591 0.000875656 0.000875658 0.000875657 0.000875656 0.000875656 0.00088643 0.000875656 0.000875656 0.000875657 0.000875656 0.000875898 0.000875656 0.000875656 0.000875656 0.000875656 0.000875658 0.000875656 0.000875656 0.000875659 0.000875657 0.000876909 0.000875656 0.000875656 0.000875657 0.000875657 0.00145346 0.000875656 0.000882681 0.000875657 0.000882676 0.000877334 0.000875657 0.000875657 0.000875657 0.000875656 0.000875656 0.000875656 0.000875657 0.000875656 0.000875657 0.000875656 0.000875658 0.000875656 11.0855 0.000875657 39.3518 0.000875656 0.000875656 0.000875656 0.000875656 0.00087566 0.000875656 0.000875656 0.000875657 0.00305476 0.000875656 0.000875656 0.000875657 0.000875657 0.000875657 0.00340442 0.000875657 0.000875656 0.000875664 0.000875658 98.7227 0.000875656 0.000875656 0.000875657 0.000875656 0.000875657 0.000875657 0.000875658 0.000875656 0.000875656 0.000875656 77.7239 0.000973868 0.000875658 0.000875656 0.000875657 0.000875656 0.000875656 0.000875656 0.000875656 0.000875656 0.000875657 0.000900499 0.000875657 0.000875656 0.000875658 0.000878901 0.000875656 0.000875656 0.000875656 0.000875658 0.000875656 0.000875656 0.000875656 0.000875657 0.000875656 0.000875657 0.000875656 0.000875656 0.000875656 0.000875656 0.000875656 0.000875657 0.000875658 3.31775 0.000875656 79.8571 0.000875656 0.000875659 0.000875656 0.000875657 0.000875656 0.000937543 0.000875656 0.000875656 0.000875657 0.000875657 0.000875656 0.000875656 0.000875657 0.000875656 0.000875656 0.000875656 0.000875657 0.000875656 0.00109568 0.000875657 0.000875657 0.000875656 0.000917889 0.000875657 0.000875656 0.000875773 0.000875656 0.000875656 0.000875656 0.000875656 0.000875656 0.000875658 0.000875658 0.000875656 0.000877521 0.000875658 0.000875657 0.000875657 0.000875656 0.000875656 0.000875657 0.000875656 0.00128753 0.000875656 0.000875657 0.000876456 0.000875656 0.000875656 0.000877544 0.000875656 16.9332 0.000875656 0.000875657 0.0008758 0.000876506 0.000875656 0.000875656 0.000875656 0.000875656 0.000875657 0.000875656 0.000875657 0.000875656 0.000875658 0.000875658 0.000875656 0.000875657 0.000875656 0.000875657 0.000875656 0.000875657 0.000875656 0.000875657 0.000875659 0.000875657 0.000875657 0.000875658 46.6339 0.000875657 0.000875656 0.000875657 0.000875656 0.000881952 0.000985105 0.000875656 0.000875657 0.000875656 0.00106896 0.000875656 0.00148511 0.000875656 0.000875656 0.000875658 0.000875657 0.000875658 0.000875656 0.000875657 0.000875656 0.00102127 0.000879632 0.000875656 0.000877818 0.000875656 0.000875656 0.000875656 0.000875656 0.000875656 0.000875657 0.000888581 0.000875656 0.000875657 0.000875658 0.000875656 0.000892896 0.000875656 0.000875656 0.000875656 0.000875657 0.000875656 0.000875656 0.000875656 0.000875656 0.000875656 0.000875657 0.000875656 0.000875657 0.000875656 0.000875657 0.000875656 19.1184 0.000875658 0.000875656 0.000875656 0.000875657 0.000875656 0.000875656 0.000891755 0.000875657 0.000875656 0.000875656 13.2069 0.000875656 0.000884684 0.000875656 0.000875656 0.000875656 0.000875657 0.000875656 0.000875657 0.000875657 0.000875657 0.000875658 0.000875656 0.000875656 0.000875656 0.000875656 0.000875656 0.000875656 0.000875755 0.000876546 0.000875659 0.000882077 0.000875656 0.000875656 0.000875657 0.000875656 0.000875656 0.000875657 0.000875656 0.000875657 0.000875752 0.000936317 0.000875657 0.000875663 0.000875656 0.000875656 0.000875656 0.000875656 0.0009867 0.000875657 0.000875657 0.000875656 0.000875656 0.000875656 0.000875657 0.000875656 0.000875658 0.000875656 0.000875657 0.000875656 0.000875656 0.000876913 0.000882343 0.000875656 0.000875656 0.000875659 0.000875656 0.000875657 0.000876028 0.000875656 0.000899163 0.000875657 0.000875656 0.000875656 0.000875658 0.000875657 0.000875656 0.000875658 0.000875656 0.000875656 0.000875658 0.000875656 0.000875893 0.000875656 0.000875658 0.000923569 0.000875658 0.000875657 0.000875656 0.000875657 0.000875656 0.000875656 0.000875657 0.000875656 0.000875657 0.000875656 0.000875656 0.000875656 0.000875656 0.000875743 0.000875659 0.000875657 0.000875657 0.000875656 0.000880525 0.000926587 0.000875657 0.00088387 0.000875656 0.000875656 0.000875658 0.000875657 0.000875656 0.000875656 0.000875657 0.000875656 0.000875656 0.000875656 0.000875658 12.7081 0.00121862 0.000875656 0.000942927 0.000875656 0.000875659 0.000875656 0.000875657 0.000879822 0.000875656 0.000875657 0.000875657 0.000875656 0.000875656 0.000875656 0.000920819 0.000875656 0.000875657 0.000898798 0.000938988 0.000875659 0.000875797 0.000875656 0.000875656 0.000875656 0.000875656 0.000875656 0.000879194 0.000875656 0.000875656 0.000875656 0.000875657 0.000875656 0.000875656 0.000875657 0.000875656 0.000875656 0.000875656 0.000875658 0.000875656 0.000875656 0.000875656 0.000885243 0.000875657 0.00087566 0.000875658 0.000875659 0.00118453 0.000875718 0.000875656 0.000875656 0.000875656 0.000875656 0.000875656 0.000875656 0.000875658 0.000875656 0.000875658 0.000875656 0.000875657 0.000875657 0.000932884 0.000884263 0.000875659 0.000875657 0.000875658 0.000875656 0.000875656 0.000875656 0.000875657 0.000875657 0.000875657 0.000875656 24.177 0.000875924 0.000875658 0.000875656 0.000875656 0.000875656 0.000875657 0.000875656 0.000875657 0.000884496 0.000962211 0.000875656 0.000875656 0.000875656 0.000875656 0.000875658 0.000875656 0.000875727 0.000875659 0.000875656 0.000875656 2.5039 0.000875656 0.000875656 0.000875657 0.00087566 0.000875656 0.000875656 0.000875656 0.000875656 0.000875657 0.000953665 0.000882703 0.000875656 0.000875656 0.000875658 0.000875656 0.000890561 0.000875656 0.000875656 0.000875656 0.000875656 0.000875656 0.000875656 0.000875726 0.000875658 0.000875656 0.000875686 0.000875656 0.000875656 0.000875656 0.000875656 0.000875656 0.000900377 0.000875656 0.000875657 0.000875657 0.000875657 0.000875677 0.000875656 0.000875656 0.000875658 0.000875846 0.000875656 0.000875657 0.000875656 0.000875914 0.000875657 0.000875656 0.000875656 0.000875656 0.000875657 0.000875657 0.000876063 0.000875657 0.000875657 0.000900274 0.000875657 0.000875657 0.00103239 0.000875656 0.00087682 0.000875656 0.000875656 0.000875656 0.000875656 0.000875656 0.000875658 0.000875656 0.000875656 0.000875656 0.000875657 0.000875762 0.000875657 0.000875656 0.000946568 0.000875657 0.000879574 0.000875656 0.000875656 0.000875656 0.00087573 0.000876294 0.000875656 0.000875656 0.000875658 0.000875656 0.000875658 0.000875658 0.000875804 0.000875656 0.000875917 0.000875657 0.000875656 0.000875813 0.000875656 0.000875656 0.000875657 0.000875656 0.000875656 0.000875855 0.000875658 0.000875657 0.000875656 0.000875656 0.000875656 0.000875656 0.000875658 0.00087567 0.000875657 0.000875657 0.000875689 0.000876529 0.000875656 0.000875656 0.000875771 0.000875676 0.000875656 0.0008878 0.000875696 0.000875658 0.000904729 0.000875657 0.00111516 0.000875656 0.000875657 0.00386987 0.000875656 0.000875659 0.000875656 0.000875701 0.000875657 0.000875656 0.000875656 0.000875656 0.000875656 0.000875656 0.000878099 0.00117587 0.000875656 0.000875658 0.000875657 0.000875656 0.000875657 0.000875656 0.000875656 0.000875657 0.000875656 0.000875656 0.000875656 0.000875656 0.000875656 0.000875656 0.000875657 0.000875656 0.000875656 0.000875657 0.000875662 0.000875656 0.000875657 0.000875656 0.000875656 0.00087566 0.000875687 0.000875656 0.000875658 0.000875656 0.000875656 27.1709 0.000875656 0.000875656 0.000875657 0.000875656 0.000875656 0.000875657 0.000882057 0.000875656 0.000875658 0.000875656 0.000875656 0.000875657 0.000875668 0.000875656 0.000875656 0.000875657 0.000875656 0.000875656 0.000875656 0.000875656 0.000875656 0.000875656 0.000875656 0.000875656 0.000875656 0.00087631 0.000875656 0.000875656 0.000875657 0.000875657 0.000875658 0.000875656 0.000875656 0.000914064 0.000875656 0.000875657 0.000875656 0.000875656 0.000875656 0.000875656 0.000958907 0.000875656 0.000875656 0.000888654 0.000875656 0.000875657 0.000875656 0.000875656 0.000875656 0.000875656 0.000879099 0.000875657 0.000875656 0.000875656 0.000875656 0.000884979 0.000875656 0.000875656 0.000875659 0.000876219 0.000875657 0.000875656 0.000875657 0.000875656 0.000875657 0.000875657 0.000875659 0.000875656 0.000901679 0.000875656 0.00142225 0.000875656 0.000875656 0.000875659 0.000875656 0.000875656 0.000875657 0.000875657 0.000875656 0.000875656 0.000875656 0.000875656 0.000875656 0.000875656 0.000875656 0.000875656 0.000892001 0.000875657 0.000875657 0.000875657 0.000875656 0.000875656 0.000875656 0.000879632 0.000875656 0.000875657 0.000875657 0.000875657 0.000875657 0.000875656 0.000875656 0.000875656 0.000875656 0.000875657 0.000875656 0.000881629 0.000875656 0.000875656 0.000875658 0.000875658 18.6516 0.00107298 0.000875656 0.000875656 0.000878041 0.000875658 0.000875656 0.000875656 0.000875656 0.000875659 0.000875656 0.000875656 0.000875656 0.000892755 0.000875656 0.00087566 0.000875656 0.000917457 0.00087566 0.000875656 0.000875656 0.000926075 0.000875657 0.000875656 0.000875658 0.000875656 0.000881254 0.000875657 0.000875656 0.00169493 0.000875656 0.000875656 0.000875656 0.000875656 111.576 0.000875656 0.000875656 0.000875656 0.000875656 0.000875656 0.000875756 0.000875657 0.000875656 0.000875657 0.000875656 0.000875946 0.000875656 0.000875657 0.000875657 0.000875657 0.000875664 0.000875656 0.000875656 0.000875657 0.000875657 0.000875658 0.00087566 0.000875657 0.000875657 0.000882315 0.000875656 0.000877565 0.000875656 0.000875656 0.000875659 0.000875656 0.000875656 0.000875656 0.000875656 0.000875656 0.000875656 0.000875656 0.000875657 0.000875656 0.000875656 0.000875656 0.000875656 0.000875656 0.000878651 0.00114975 0.000875657 0.000875657 0.000875657 0.000875656 0.000875656 0.000875656 0.000875656 0.000875656 0.000875658 0.000875656 0.00091262 0.000875656 0.000875658 0.000875656 0.000875656 0.000875658 0.00116454 0.000875657 0.000883738 0.000875656 0.000875656 0.000875656 0.000875656 0.000875657 0.000875656 0.000875658 0.000875656 0.000875659 0.000875656 0.000875656 0.000875656 0.000875657 128.806 0.000875656 0.000875657 0.000875657 0.000875657 0.000875657 0.000875656 0.000875657 0.000875658 0.00103471 0.000875657 0.000875656 0.000875656 0.000875656 0.000875656 0.000875656 0.000875658 0.000875656 0.000875656 0.000875677 0.000875936 0.000875656 0.000875656 0.000875657 0.000875656 0.000875656 0.000875656 0.000875657 0.000879857 0.000875656 0.000875656 0.000875657 0.000877092 0.000875657 0.000875657 0.000875656 31.9956 0.000875656 0.000875659 0.000939018 0.000875657 0.000875822 0.000875656 0.000875657 0.000882444 0.000875656 0.000875658 0.000875729 0.000875656 0.000875656 0.000875656 0.000875666 0.000875657 0.000875656 0.000875657 0.00144208 0.000875656 0.000875656 0.000875658 0.000875656 0.000875657 0.000877178 0.000875656 0.00087581 0.000875656 0.000875656 0.000875656 0.000875656 0.000875656 0.000875656 0.000875656 0.000875659 0.0244235 0.000875656 0.000875657 0.000875659 0.000875658 0.000875656 0.000875656 0.000875656 0.000968427 0.000875657 0.000875657 0.000875674 0.000875657 0.000875656 0.000875657 0.000875656 0.000875656 0.000875656 0.000875658 0.000875663 0.000875658 0.000875656 0.000875656 0.000876955 0.000940968 0.000875656 0.000875656 0.000875656 0.000875656 0.000875656 0.000875656 0.000875656 0.000875657 0.000875656 0.000931016 0.000875657 0.000875656 0.000875657 0.000875656 0.000875657 0.000875657 0.000988373 0.000875656 0.000875656 0.000896745 0.000877098 0.000875656 0.000875657 0.000875656 0.000875823 0.000902964 0.000875656 0.000875656 0.000875658 0.000875657 0.000875659 0.000875656 0.000882638 0.000875657 0.000875656 0.000875656 0.000875657 0.000875656 0.000875656 0.000875656 0.000875656 0.000875656 0.000875657 0.000875656 0.000875656 0.000875658 0.000875656 0.0010022 0.000875657 0.000875658 0.000876993 0.000875656 0.000875657 0.000875656 0.000875656 0.00111736 0.000875657 0.000875658 0.000875657 0.000875658 0.000875659 0.000875656 0.000875661 0.000969133 0.000875662 0.000875661 0.000875657 0.000875657 0.000875656 0.000875657 0.000875656 0.000875657 0.000875656 0.000875656 0.000875657 0.000875656 0.000875658 8.76495 0.000875657 0.000875656 0.000875656 0.000875657 0.000875656 0.000875656 0.000875657 0.000875657 0.000875656 0.000875656 0.000875656 0.000875814 0.000875656 0.000875656 0.000875656 0.000875658 0.000875656 0.000875656 0.000875656 0.000875657 0.000875656 0.000875659 0.000875656 0.000875657 0.000875657 0.00250286 0.000875657 0.000967216 0.000904055 0.000875656 0.000875656 0.000875656 0.000875657 0.000875657 0.000875656 0.000875658 0.000875657 0.000875657 0.000875676 0.000875656 0.000875708 0.000875657 0.000875657 0.000875656 0.000875656 0.000875657 0.00087646 0.000875656 0.000875656 0.000875656 0.000875656 0.000875657 0.000875751 0.000875657 0.000875657 0.000875657 0.000875657 0.000875656 0.000875656 0.000875656 0.00087575 0.000875657 0.000879918 0.000875657 0.000875657 0.000875659 0.000875732 0.000875741 0.000876678 0.00087566 0.000875658 0.000875656 0.000875656 0.000875656 0.000884503 0.000875657 0.000875657 0.000875656 0.000875656 0.000875656 0.000875657 0.000875657 0.000875657 0.000875656 26.7127 0.000875656 0.000875657 0.000875656 0.000875656 0.000875665 0.000875656 0.000875696 0.000875656 0.000875658 0.000875658 0.000881976 0.000875656 0.000875656 0.00101544 79.3133 0.000875657 0.000875658 0.000875658 0.000875664 0.000875659 0.000875656 0.000875656 0.000875742 0.000875658 0.000875656 0.000875656 0.000887946 0.000875657 0.000875661 0.000875656 0.000875656 0.000875656 0.000875656 0.000875657 0.000875656 0.000875657 0.000875657 0.000875656 0.000875656 0.000875659 0.000875656 0.000875656 0.000875656 0.000875659 0.000957997 0.000875657 0.000875739 0.000877465 0.000875656 0.000875656 0.000875828 176.195 0.000875656 0.00089253 0.000875656 0.000875657 0.000875656 0.00102007 0.000875656 0.000875658 0.000875656 0.00087566 0.000877423 0.000875659 0.000875656 0.000875656 0.000875658 0.000875754 16.6762 0.000875657 0.000875756 0.000875656 0.000875656 0.000875657 0.000875656 0.000875656 0.000875657 0.000875656 0.000875658 0.000875657 0.000875656 0.000875661 0.000875656 0.000875656 0.000875657 0.000875656 0.000875656 0.000875656 0.0010941 0.000875896 0.000875657 0.000875656 0.000875656 0.000875656 0.000875656 0.000875657 0.000875657 0.000875657 24.1652 0.000875755 0.000921417 0.000875764 0.000875656 0.000875656 0.000875656 0.000875656 0.000875657 0.000875656 0.000875657 0.000875656 0.000875657 0.000875656 0.000875906 0.000875657 0.000875656 0.000875656 0.277007 0.00123673 0.000875656 0.000875656 0.000875656 0.000875656 0.000875656 0.000875656 0.000875658 0.000875656 0.000875657 0.000888187 0.00176783 0.000875656 0.000875657 0.000875656 0.000875656 0.000876996 0.000875656 0.000875656 0.000875656 0.000875656 0.000875656 0.000880147 0.000892083 0.000875656 0.000875662 0.000875656 0.000875656 0.00180086 0.000875657 0.000875658 0.000875657 0.000878156 0.000875657 0.000875657 0.000875656 0.000875656 0.000875657 0.000875657 0.000875657 0.000875656 0.000943564 0.000875657 0.000875657 0.000875656 0.000875689 0.000875657 0.000899413 0.000875656 0.000875657 0.000875656 0.000875657 0.000875656 0.000875665 24.9375 0.000875657 0.000875657 0.000877154 0.000875657 0.0514632 0.000894831 0.000875656 0.000875656 0.000875656 0.000875656 0.000875656 0.000875656 0.000875869 0.000875657 0.000875656 0.000875657 0.000875657 0.000875656 0.000875659 0.000875657 0.000875811 0.000875656 0.000875658 0.000875657 0.000875658 0.000875657 0.000875658 0.000875656 0.000875656 0.000875656 0.000875656 0.000875656 0.000924038 0.000875656 0.000875657 0.000875657 0.000875656 0.000875657 0.000875656 0.000875656 0.000875656 0.00103483 0.000875658 0.000875656 0.000875656 0.000875657 0.000875657 0.000937296 0.000875741 0.000875658 0.000875658 0.000875656 0.000875656 0.000875657 0.000875659 0.000875658 0.000876269 0.000875656 0.000875656 0.000875657 0.000875656 0.000875656 0.000875658 0.000878549 0.000875656 0.000875657 0.000875656 0.000875656 0.000875656 0.000875659 0.000875656 0.000875656 0.000875656 0.000875657 0.000875656 0.000875656 0.00089932 0.000875656 0.00087808 0.000875657 0.000875656 0.00087566 0.000875656 0.000875656 0.000875659 0.000875656 0.000878832 0.000875657 0.000875658 0.000875656 0.000875656 0.000876913 0.00087574 0.000875657 15.8565 0.000875656 0.000875657 0.000875656 0.000875658 0.000875656 0.000875656 0.000875656 0.000919286 0.000875661 0.000875659 0.000875656 0.000875657 0.000875657 0.000888822 0.000875734 0.000875657 0.000875656 0.000875656 0.000875656 0.00118256 0.000875656 0.000875658 0.000875656 0.000875656 0.00094796 0.000875657 0.000875662 0.000875657 0.000875659 0.000875656 0.000875656 0.000875656 0.000875656 0.000875656 0.000875796 0.000875656 0.000875657 0.000875656 0.000875656 0.000875657 0.000875656 0.000875657 0.000875656 0.000875656 0.000884149 0.000875661 0.000875657 0.000956112 0.000875656 0.000875875 0.000875656 0.000875657 0.000875657 0.000875656 0.000875656 0.000875656 0.000875656 0.000875656 0.000875656 0.000875865 0.000875657 0.000875656 0.000876281 0.000875656 0.00087573 0.000875656 0.000875656 0.000875656 0.000875656 0.000875656 0.000875656 0.000875657 0.000875656 0.000875656 0.000875656 0.000875656 0.000875657 0.000881237 0.000875657 0.000885813 0.000875668 0.000875657 0.000875729 0.000875656 0.000875658 0.000875657 0.000875658 0.00088307 0.000875656 0.000875656 0.000875848 0.000875657 0.000875656 0.000875656 0.000875656 0.000875656 0.000875657 0.000875657 0.000875657 0.000875672 0.000875656 0.000875656 0.000875657 0.000875656 0.000875687 0.000875657 0.000875656 0.000875656 0.000875669 0.000875656 0.000875656 0.000875656 0.000888931 0.000878651 0.000875656 0.000875656 0.000875657 0.000875656 0.000875656 0.000875656 0.000875658 0.000875657 0.000875656 0.000875656 0.000875656 0.00087584 0.000875656 0.000875657 0.000875657 0.000875788 0.00109873 0.000875657 0.000875656 0.000875656 0.000875656 0.000878044 0.000875656 0.000903272 0.00142341 0.000875781 0.000875656 0.000875656 0.000875656 0.000875657 0.000875656 0.000875656 0.000875656 0.000875656 0.000875656 0.0008787 0.000875656 0.000875656 0.000875656 0.000875656 0.000875658 0.000875657 0.000875657 0.000875657 0.000875656 0.000875656 0.000875656 0.00101798 0.000875657 0.000875657 0.000875657 0.000875658 0.000875676 0.00479063 0.000875656 0.000875656 0.000875656 0.000875656 0.000886006 0.000875656 0.000875656 0.000875656 0.000886844 0.000875656 0.000875656 0.000875656 0.000875657 0.000875656 0.000875656 0.000875656 0.000876029 0.000875664 0.000875656 0.000875656 0.000875657 0.000875656 0.000883796 0.000875656 0.000875656 0.000875658 0.000875656 0.000875656 0.000875656 0.000875656 0.000875656 0.000875657 0.000875659 0.000895984 0.000875656 0.000875656 0.000875656 0.000875656 0.000875656 0.000875936 0.000875657 0.000875656 0.000875656 0.000875657 0.000875656 0.0008779 0.000875672 0.000875656 0.00755456 0.000875916 0.000875657 0.000878283 0.000875687 50.8306 0.000875657 0.000875656 0.00387916 0.000875656 0.000875656 0.000875656 0.000875657 0.000875656 0.000875656 0.000875656 0.000875656 0.000875658 0.000875657 0.000875658 0.00100807 0.000875659 0.000878081 0.000875656 0.000875656 0.000875656 0.000875657 0.000875657 0.000875656 0.000875656 0.000875656 0.000875657 0.000875657 0.000875657 0.000875656 0.000875656 0.000875656 0.000880734 0.000875656 0.000875656 0.000875656 0.000875656 0.000875656 0.000875657 0.000875657 0.000875656 0.000875656 0.000875656 0.000875656 0.000875661 0.000875656 0.000875656 0.000875661 0.000875656 0.000921655 0.000875656 0.000875658 0.00112669 0.000875656 0.000942269 0.000875656 0.000875656 0.00088827 0.000875657 0.000875658 0.000875656 0.000875657 0.000875656 0.000875656 0.00087566 0.000875656 0.000875656 0.000875657 0.000875656 0.000875657 0.000875657 0.000875656 0.000875656 0.000875657 0.000875657 0.000875657 0.00104386 0.000875657 0.000875657 0.000875656 0.000968101 0.000875656 0.00351641 0.000875656 0.000875659 0.000875656 0.000875751 0.000875656 0.000875656 0.000875656 0.000875656 0.000876062 0.000875656 0.000875656 0.000875656 0.000875657 0.000875656 0.000875656 0.000875656 0.000875656 0.000875668 0.000875656 0.000875656 0.000882616 0.000875656 0.000875656 0.000875656 0.000875656 0.000875657 0.000875657 0.000875657 0.000875656 0.000875656 0.000875656 0.000875657 0.000875656 0.000875656 0.000875656 0.000875657 0.000875656 0.000875656 0.00464775 0.000875657 0.000875656 0.000875656 0.000875656 0.000875656 0.000875658 0.000875656 0.00118345 0.000875663 0.000875656 0.00148513 0.000875657 0.000875657 0.000875657 0.000875667 0.000875942 0.000875657 0.000875658 0.000875656 0.000882092 0.000875656 0.000875659 0.00087575 0.000875657 0.000875657 0.000875807 0.000875657 0.000875656 0.000875656 0.000875656 0.000875657 0.000875657 0.000875657 0.000875657 0.000875656 0.000875656 0.000875656 0.000875658 0.000875814 0.000875656 0.000875656 0.000875656 0.000875657 0.000875658 83.4665 0.000875657 0.000875713 0.000875656 0.000875657 0.000875657 0.000875656 0.000875656 0.000875656 0.000875656 0.000875656 0.000875657 0.000875656 0.000875656 0.000875656 0.000875656 0.000875656 0.000875712 0.000875657 0.000875657 0.000875657 0.000875658 0.00950003 0.000875656 0.000875656 0.000875656 0.000884846 0.000875656 0.000875657 0.000875656 0.000875656 1.68725 0.000875659 0.000875656 0.000875656 0.000875656 0.000875656 0.000875659 0.000875657 0.000875658 0.000894415 0.000875658 0.000875656 18.6087 0.000875656 0.000875656 0.000875659 0.000875658 0.000875656 0.000875656 73.2665 0.000875656 0.000875656 0.000875659 0.000875657 0.000875798 0.000875657 0.000875657 0.000875656 0.000875656 0.000875676 0.000875656 0.000875656 0.000875656 0.000875664 0.00087566 0.000875657 0.000875656 0.000875656 0.000875656 0.000875658 0.000875657 0.000875656 0.000875656 0.000875656 0.000875656 0.000875657 0.000875657 0.000881365 0.000875656 0.000875657 0.000875657 0.000875656 0.000875656 0.000883141 0.00105541 0.000875656 0.000875657 0.000875656 0.000875656 0.000875656 0.000875656 0.000875657 0.000901007 0.000883579 0.000875657 0.000875659 0.000875656 0.000875656 0.000875656 0.000875656 0.000888049 0.000875656 0.000876351 0.000875656 0.000927771 0.000875656 0.000875657 0.000875656 0.000875657 0.000875656 0.000875657 0.000875656 0.000875657 0.000875657 0.000875657 0.000875656 0.000875656 0.000875657 0.000875657 0.000914293 0.000875658 0.000875656 0.000875656 0.000875657 0.000875665 0.000875656 0.000875656 0.000878244 0.00134064 0.000875656 0.00087566 0.000881139 0.000875656 0.000875657 0.000875658 0.000875658 0.000897872 0.000875656 0.000875657 0.000875656 0.000875656 0.000875656 0.000875656 0.000875658 0.000875656 0.000875656 0.000875656 0.000875657 0.000875657 0.000877653 0.000875657 0.000875656 0.000875657 0.000875658 0.000875656 0.000875656 0.000875656 0.000875656 0.000875656 0.000875657 0.000875656 0.000875656 0.000875657 0.000875656 0.000875657 0.000875657 0.000875656 0.000875656 0.000875656 0.000875657 0.000875657 0.000875656 0.000875657 0.000875691 0.000875656 0.000875657 0.000875656 0.000875657 0.000875656 0.000875656 0.000875656 0.000875659 0.000875656 0.000875656 0.000875656 0.000875658 0.000875656 0.000875657 0.000875657 0.000875656 0.000875656 0.000875656 0.000875664 0.000875657 0.000875656 0.000875874 0.000875658 0.000875656 0.000883715 0.000875658 0.000875657 0.00092348 0.000875656 0.000875656 0.000875656 0.000876369 0.000875656 0.000899299 0.000875657 0.000935233 0.000875656 0.000875656 0.000875656 0.000875658 0.000875656 0.000875656 0.000875656 0.000875659 0.000875657 0.000875657 0.000875658 0.000875656 0.000875805 7.35499 0.000875656 0.0011695 0.000875658 0.000875944 0.000875656 0.000875656 0.000875659 0.000887947 0.000875657 0.000875657 0.000875656 0.000875656 0.000875656 0.000875656 0.000875657 101.607 0.000875656 0.000875867 0.000875657 260.132 0.000875657 57.4656 0.000875656 0.00100084 0.000875658 0.000875656 0.000875656 0.000875657 0.000875656 0.000875657 0.00090272 0.000875657 0.000875657 0.000875656 0.000875656 0.000875657 0.000875657 0.000875656 0.000875671 0.000875657 0.000875657 0.000875657 0.000875658 0.000875656 0.000875656 0.000875656 0.000875657 0.000875656 0.000915042 0.000875657 122.395 0.000875686 0.00090402 0.000875658 0.00087579 0.000875657 0.000875658 0.000887026 0.000875656 0.000880411 0.000875656 0.000875656 0.000875656 0.000875656 0.000875656 0.000876992 0.000875657 0.000875656 0.000875656 0.000875656 0.000875657 0.000985108 0.000875821 0.000875656 0.000875729 0.000875656 0.00111984 0.000891529 0.000875657 0.000875656 0.000875656 0.000888131 0.000875656 0.000876003 0.000875656 0.000876367 0.000886377 0.000875656 0.000875656 0.000875656 0.000875656 0.000878218 0.000875663 0.000875656 0.000875656 0.000875657 0.000875679 0.000875657 0.000875656 0.00087571 0.001099 0.000875656 0.000875657 0.000875658 0.000875658 0.000875656 0.000876008 0.000875658 0.000875656 0.000875656 0.000884058 0.000875656 0.000875656 0.000979192 0.000875657 0.000875656 0.000875659 0.000875659 0.000875657 0.000875657 0.000875658 0.000875658 0.000875656 0.000875657 0.000875656 26.8428 0.000875656 0.000875657 0.000875656 0.000875664 0.000875656 0.000875657 0.000875657 0.000875656 0.000875656 0.000881247 0.000875656 0.000875656 0.000875656 0.000875659 0.000875656 0.000875657 0.000875656 0.000875656 0.000875656 0.000890649 0.000875656 0.000875656 0.000875656 0.000875656 0.000875656 0.000875656 0.000875668 0.000875657 0.000875657 0.000875657 0.000875656 0.00087566 0.000875657 0.00087566 0.000875656 0.000875656 0.000875656 0.000875658 0.000875656 0.000875656 0.000875656 0.000875656 0.000877111 0.000875656 0.000875657 0.000875724 0.000875656 0.000875658 0.000875656 0.000875656 0.000875656 0.000875679 0.000875656 0.000875659 0.0368999 0.000891299 0.000875656 0.000875659 0.000875657 0.000875657 0.000875656 0.000875656 0.000875657 0.000875656 0.000875657 0.000875656 0.000875656 0.000875748 0.000875661 0.000875659 0.000875657 0.000875658 0.000875656 0.000875657 0.00116573 0.000875657 0.000875657 0.000875656 0.000875657 0.000875657 0.000875656 0.000908671 0.000875658 0.000875656 0.000875656 0.000875656 0.000875656 0.000875657 0.000875656 0.000875657 0.000875656 0.000875657 0.000875656 13.2721 0.000875658 0.000875657 0.000875657 0.000875656 0.000875694 0.000875657 0.000875656 0.000875656 5.01093 0.000875658 0.000875657 0.000875658 0.000875657 0.000875656 0.000875657 0.000875873 0.00107207 0.000875657 0.000961239 0.000875656 0.000875656 0.000875658 0.000875826 0.000875656 0.000875656 0.000875656 0.000889488 0.000875657 0.000875826 0.000875704 0.000875657 0.000875656 0.000875658 13.272 0.000875656 0.000875657 0.000875656 0.000875657 0.000875656 0.000875657 0.000875657 0.000875656 0.000875656 0.000875656 0.000877013 0.000875656 0.000875657 0.000875656 0.000912216 0.000875656 0.000875656 0.000875656 0.000875656 0.000875656 0.000875656 0.000875656 0.000875656 0.000875656 0.000875657 0.000875656 0.000875658 0.000875656 0.000875656 0.000875658 0.000875656 0.000875656 0.000875657 0.000875656 0.000875657 0.000875656 0.000877726 0.00105581 0.000875656 0.000875657 0.000875656 0.000875657 0.000875657 0.000875656 0.000875656 0.000875656 0.000875657 0.000875657 0.000875656 0.000875657 0.000879829 0.000875656 0.000875808 0.000882296 0.000875657 0.000876048 0.000875656 0.000896271 0.000875656 0.000875656 0.000875656 0.000875657 0.000876406 0.00087566 0.000875656 0.000875657 0.000875657 0.000875656 0.000920026 0.000875656 0.000875656 0.000875656 0.000875659 0.000875656 0.000885184 0.000875656 0.000875656 0.000875656 0.000888265 0.000875659 0.000875656 0.000875656 0.000875657 0.000875657 0.000875657 0.000875657 0.000875656 0.000875656 0.00104122 0.000875722 35.2586 0.000875656 0.000875656 0.000875656 0.000875666 0.000875657 0.000875656 0.000875658 0.000875656 0.000942255 0.000875656 0.000875657 0.000875658 0.000875657 0.000875657 0.000875656 0.000875658 0.000875656 0.000875657 0.000875656 0.000875658 0.000875656 0.000876407 0.000875656 0.000875662 0.000875656 0.000875656 0.000875656 0.000875659 0.000904044 0.000875656 0.000875656 0.000875656 0.000875656 0.000875656 0.000875656 0.000875657 0.000875656 136.638 0.000875657 0.000875656 0.000875656 0.000875657 0.000875657 0.000875656 0.000875656 0.000875656 0.000875657 0.000875656 52.4405 0.000875656 0.000875656 0.000876533 0.000875658 0.000875656 0.000875656 0.000875656 0.000875656 0.000875656 0.000875656 0.000875656 0.000875662 0.000875657 0.000875657 0.000875656 0.000875656 0.000875658 0.000875656 0.000875656 0.000875656 0.000875656 0.000882769 0.000876141 0.000875657 0.00133359 0.000875657 0.000875788 0.000875656 0.000875656 0.000875656 0.000875656 0.000875657 0.000875658 0.000875656 0.000875656 0.000875656 0.000875656 0.000875657 0.000875656 0.000875657 0.000875657 0.000935406 0.000875656 0.000875656 0.000875656 0.000875656 0.000875658 0.000875657 0.000879415 0.000886038 0.000875656 0.000875656 0.000875656 0.000875656 0.000880595 0.000875656 0.000875706 0.000875656 0.000875658 0.000875656 0.000875656 18.0129 0.000875656 0.000875657 0.000875656 0.000875656 0.000875656 0.000875675 0.000875657 0.000875656 0.000875656 0.000922657 0.000875656 0.000875657 0.000911283 0.000875658 0.000875656 0.000875657 0.000875656 0.000875657 0.000875657 0.000876307 0.000875656 0.000875657 0.000875656 0.000875657 0.000875656 0.000875656 81.612 0.000875787 0.00250271 0.000875657 0.000875656 0.000875656 0.000875656 0.000875657 0.000929788 0.000875699 0.000875657 0.000875656 0.000885222 0.000876117 0.000875657 0.00087566 0.000879149 0.000875656 0.000975452 0.000879089 0.00090401 0.000875657 0.00087591 0.000875656 0.000875665 0.000875656 0.000875657 0.00087583 0.000875656 0.000875657 1.33906 0.000875656 0.000875658 0.000877277 0.000875656 0.000875657 0.000914953 0.000876597 0.00107894 0.000892811 0.000875656 0.000875659 0.000875656 0.000876291 0.000881952 0.000875656 36.7152 0.00087566 0.000875656 0.000875656 0.000875656 0.000875658 0.000875656 0.000875656 0.000875656 0.000875656 0.000875715 0.000890025 0.000875657 0.000875656 0.000875656 0.000875656 0.000965473 0.000883241 0.000875656 0.00167871 0.000875656 0.000875657 0.000875656 0.000875656 0.000875656 0.000875658 0.000875657 0.000875656 0.000875656 0.000875656 0.000875656 0.000875656 0.000875656 0.000875656 0.000875656 0.000875656 0.000875657 0.000875659 0.000875656 0.000875656 0.000875656 0.000875656 0.000875656 0.000875656 0.000875657 0.000875656 0.000875656 0.000875657 0.000875656 0.000875656 0.000875658 0.000875656 0.000875657 0.000875656 0.000875656 0.000875656 0.000875656 0.000875656 0.000875656 0.000880172 0.000875656 0.000875657 0.000875657 0.000875656 0.000875657 0.000875657 0.00133989 0.00087566 0.000875656 0.000875656 0.000875656 0.000877246 0.000875657 0.000875656 0.000875661 0.000875656 0.000875656 0.000875656 0.000875656 0.000875657 0.000876368 0.000875657 0.000875656 0.000952774 0.000875656 0.000875659 0.000875656 0.000875657 0.00087602 13.248 0.000875657 0.000875656 0.000875656 0.000875659 0.000875658 0.000875656 0.000875657 0.000875656 0.000875656 0.000875656 0.000875656 0.000875657 0.000875662 0.000880595 0.000875656 0.000875656 0.000876822 0.000875658 0.000875657 0.00118989 0.000875656 0.000875656 0.000875656 0.000875672 0.000875656 0.000875659 0.000875656 0.000875656 0.000875656 0.000882784 0.000875656 0.000875656 0.000875656 0.000875657 0.000875656 0.000875748 0.000875656 0.000875656 0.000875658 0.00087575 0.000875972 0.000883095 0.000875659 0.000875656 0.000875656 0.000875656 0.000875982 0.00087995 0.000875657 0.000875656 0.000888398 0.000875657 0.000875657 0.000875656 0.000875656 0.000875657 60.5731 0.000875659 0.000875656 0.000875656 0.000875656 0.000875658 0.000875656 0.000911766 0.000875656 0.000875656 0.0008825 0.000882523 0.000875661 0.000875656 0.000875656 0.000875657 0.000875656 0.000926355 0.00087638 0.000875656 0.000875657 0.000875656 0.000875656 0.000875656 0.000875656 0.000875657 0.000875656 0.000875656 0.000875656 0.000875656 0.000875657 0.000875656 0.000875659 0.000875657 0.000875656 0.000875656 0.000875656 0.000875656 0.000875657 0.000875657 0.000875767 62.0965 0.000875657 0.000875657 0.000875656 0.000875656 0.000893202 0.000875656 0.000875657 0.000875656 0.000875656 0.000875705 0.000878371 0.000886892 0.000875658 0.000875656 0.000875657 0.000878758 0.000875657 0.000875658 0.000875658 0.000919194 0.000875656 0.000875656 0.00087566 0.000875656 0.000875656 0.000875656 0.000875656 0.000875657 0.000875656 0.000875656 0.000875656 0.000875656 0.000875657 0.000875658 0.00087909 0.000877279 0.000875656 0.000875656 0.000875656 0.000875656 0.000875657 0.000875656 0.000875656 0.000875656 0.000913109 0.00114989 0.000875656 0.000875659 0.000875662 0.000876494 13.47 0.000875657 0.000875656 0.000875656 0.000875656 0.000875758 0.000875755 0.000875657 0.000906226 0.000875657 0.000875657 0.000875656 0.000875657 0.000875656 0.000875658 0.000875656 0.000875656 0.000875656 0.000888237 0.000875656 0.000875656 0.000875656 0.00087566 40.0035 0.000875656 0.000875656 0.000938523 0.000875656 0.000875656 0.00087798 0.000889807 0.000966853 0.000875657 0.000875656 0.000875656 0.000875656 0.000875656 0.000875656 0.000875656 0.000875656 0.000875656 0.000875657 0.000883276 0.000875656 0.000875656 0.000875656 0.000875656 0.000875658 0.000875656 0.000875656 0.000875685 0.000875656 0.000875657 0.000875657 0.000875976 0.000875656 0.000879991 0.000875656 0.000959331 0.000875656 0.000875658 0.000875656 0.000875657 0.000875657 0.000877207 0.000875658 0.000875656 0.000875657 0.000876018 0.000875682 0.000875657 0.00087566 0.000905419 0.000875656 0.000950143 0.000893515 0.000875659 0.00091236 0.000875656 0.000875656 0.000875656 0.000875664 0.000875656 0.000921459 0.000875656 0.000875664 0.0761404 0.000875656 0.000875657 0.000875657 0.000875656 0.000875656 0.000875657 0.000875656 0.00087574 0.000875656 0.000875656 0.000875658 0.000875796 0.000903175 0.000875666 43.4667 0.00103715 0.000875656 0.000875657 0.000875665 0.000875656 0.000875656 0.000875656 0.00087566 0.000875656 0.000875656 0.000875656 0.000875656 0.000875656 0.000875658 0.001205 0.000875656 0.000875656 0.000875656 0.000875656 0.000875657 0.000894391 0.000900996 0.000875656 0.000877397 0.000967828 0.000875656 0.000875656 0.000875657 0.000875656 0.00117683 0.000883155 0.000875656 0.000875656 0.00087566 0.000875656 0.00090055 0.000875658 0.000875656 0.000891825 0.000875656 0.000875656 0.000875657 0.000881485 0.000875656 0.00190916 0.000875698 0.000875657 157.648 0.000875656 0.000875656 0.00172247 0.000875656 0.000875656 0.000875656 0.000875656 0.000875656 0.000875657 0.000875656 0.000875656 0.00121089 0.00087566 0.000875656 0.000875656 0.000875656 0.000910439 0.000875656 0.000875658 0.000877399 0.000875656 0.000875656 0.000875658 0.000875656 0.000875656 0.000875656 0.000875657 0.000875658 0.000921469 0.000875656 0.000875657 0.000875656 0.000875672 0.000875656 0.000875656 0.000875657 0.000875656 0.000875656 0.000875657 0.000875735 0.000875656 0.000875657 0.000875658 0.000875658 0.000875656 0.000875656 0.000875656 0.000875656 0.000928893 0.000875657 0.000875656 0.000875659 0.000875656 0.000875657 0.000875656 0.000884962 0.000875658 0.000875657 0.000875656 0.000875656 0.000875657 0.000875657 0.000908725 0.000875656 23.6708 0.000875656 0.000875657 0.000875656 0.000875656 0.000875656 0.000875656 0.000875656 0.000875656 0.000875865 0.000875656 0.000902825 0.000875656 0.000876032 0.000875658 0.000875656 0.000875658 0.000875656 0.000875658 0.000875657 0.000875657 0.000875656 0.000875656 0.000875657 0.000875656 0.000875656 0.000875656 0.000875656 0.000875656 0.000875659 0.000875657 0.000875657 0.000875656 0.000875656 0.000875656 0.000875656 0.000877441 0.000875656 0.000875656 0.000876614 0.000875657 0.000875658 0.000875657 0.000878595 0.000875656 0.000875657 0.000875656 0.000875656 0.000875656 0.000875658 0.000875659 0.00096138 0.000875656 0.000875656 0.000875656 0.000875656 0.000875656 0.000875656 0.000875656 0.000875656 0.000875656 0.000875677 0.000875657 0.000875656 0.000875656 0.000875657 0.000875656 0.000875687 0.000875658 0.000875657 0.000875657 0.000875657 0.000875656 0.000875657 0.000875656 0.000875657 0.000875658 0.000875656 0.000875657 0.000875656 0.00087566 0.000875656 0.000875656 0.000875657 0.000875656 0.00124292 0.000875657 0.000938968 0.000875657 0.121469 0.000875656 0.000875657 0.000875657 0.000875656 0.000875656 0.000875657 0.000875656 0.000875657 0.000875656 0.000875656 0.00089784 0.000875658 0.000875656 0.000875657 0.000875657 0.000875657 0.000875657 0.000875657 0.000875656 0.000875657 0.000875658 0.000875656 0.000875656 0.000920556 0.000875669 0.000875656 0.000913646 0.000875656 0.000875657 0.000875656 0.000875657 0.000875656 0.000875656 0.000875656 0.000875657 0.000875656 0.000875657 0.000875656 0.000875656 0.000875656 0.000875656 0.000875657 0.000875657 2030.54 0.000875656 0.000875656 0.000875676 0.000875657 0.000896104 0.000875659 0.000875659 0.000875656 0.000875874 0.000875657 0.000875656 0.000880887 0.000875656 0.000875657 0.000875656 0.000875656 0.000875656 0.000875657 0.000888764 0.000875656 0.000875656 0.000875656 0.028013 0.000875656 0.000875657 0.000910004 0.000875657 0.000875656 0.000875656 0.000875657 0.000875657 0.000875656 0.000875656 0.000875657 0.000875657 0.000875657 0.000875657 0.000875656 0.00140222 0.000875656 0.000875656 0.000875656 0.000875656 0.000926338 0.000875657 0.000875656 0.000875656 0.000875656 0.000875656 0.000875657 0.000875656 0.000877016 0.000875657 0.000875656 0.000875657 0.000875656 0.000875657 0.000875656 0.000875657 0.00088032 0.000875656 0.000875656 0.000875656 0.000875656 0.000875656 0.000875656 0.000875656 0.000875656 0.000875657 0.000875656 0.000875656 0.000875658 0.00136034 0.000875657 0.000875656 0.000875656 0.000875825 0.00087566 0.000875657 0.000875658 0.000875656 0.000875658 0.000875656 0.000896341 0.000875656 0.000875657 0.000875656 0.000875659 0.000875809 0.000875656 0.000875656 0.000883247 0.000875657 0.000875656 0.000875657 0.000875657 0.00233407 0.000875656 0.000875656 0.000875657 0.000875656 0.000875656 0.000875657 0.000875656 0.000875657 0.000875656 0.000875656 0.000875656 0.00091873 0.000904275 0.000875657 0.000875657 0.000875659 0.000875656 0.000875656 0.000875656 0.000875657 0.000894448 0.000948943 0.000875656 0.000875657 0.000921604 0.000875656 0.000875676 0.000875656 0.000875656 0.000875656 0.000875656 0.000875656 0.000875656 0.000875656 0.000890624 0.000941098 0.000875656 0.000875713 0.000875751 0.000875656 0.000875657 50.4278 0.000875656 0.000875662 0.000875656 0.000875656 0.000875659 1.69427 0.000875656 0.000875656 0.000875656 0.000875656 37.3526 0.000875656 0.000875657 0.000875656 0.000875657 0.000875656 0.000875656 0.000875656 0.000875657 0.000875657 0.000888657 0.00087566 0.000875657 0.000875657 0.000875657 0.000875656 0.000904067 0.000875657 0.000875657 0.000875656 0.000875656 0.000875656 0.000875657 0.000875656 0.000875658 0.000957925 0.000875656 0.000875658 0.000875656 0.000875656 0.000875656 0.000875656 0.000875656 0.000875656 0.000875656 0.000875656 0.000875822 0.000875656 0.000881426 0.000875656 0.000875656 0.00087566 0.000875658 0.000875656 0.000875657 0.000875656 0.000875657 0.000875656 0.000875672 0.000875656 0.000875656 0.00107668 0.000894556 0.00108437 0.000875657 0.000875656 0.00177957 0.000875656 0.000875656 0.000875656 0.000890786 0.000875657 0.000875656 0.000875657 0.000878269 0.000875656 0.000875659 0.000875656 0.000875657 0.000875656 0.000875656 0.000875656 0.000875658 0.000875656 0.000875658 0.000875656 0.000875656 0.000875659 0.000875657 0.000875656 0.00240841 0.000875657 0.000875656 0.0010199 0.000875665 0.000875656 0.000875656 0.000875656 0.000875658 0.000875657 0.000875656 0.000877846 11.3742 0.000875658 0.000875656 0.000875657 0.000875656 0.000886154 0.000875656 0.000875689 0.000875681 0.000875658 0.000875656 0.000875656 0.000875656 0.000875656 0.000875656 0.000876279 0.000875656 0.000956925 0.000880144 0.000875656 0.000875656 0.000875656 0.000930308 0.000875656 0.000875656 0.000875658 0.000875656 0.000875656 0.000875656 0.000875657 0.000875656 0.000875656 0.000876232 0.000875657 0.000875657 0.000875657 0.000875657 0.000875657 0.000875657 0.619071 0.000875656 0.000875657 0.000875656 0.000875657 0.000875656 0.000875656 0.000875663 0.000875657 0.000875656 0.000875656 0.000875657 0.000875694 0.000875656 0.000875663 0.000875656 0.000875656 89.3452 0.000875658 0.000875656 0.000875656 0.000875658 0.000875656 0.000875656 0.000875706 0.000875656 0.000875656 0.000875656 0.000875656 0.000875657 0.000875656 0.000875657 0.000875656 0.000884368 0.000888781 0.000875656 0.000875656 0.000875656 0.000875657 0.000875656 0.000875656 0.000875656 0.000875656 0.000875656 0.000875657 0.000875656 0.000875658 0.000875656 0.000875656 0.000911747 0.000875656 0.000875656 0.000875656 0.000875656 0.000875656 0.000875656 0.000875657 0.000929847 0.000875657 0.000875656 0.000875656 0.000875656 0.000875656 0.000875656 0.000875656 0.000875658 0.000875763 0.000875656 0.000875656 0.000875656 0.000875656 0.83283 0.000875658 12.5786 0.000875656 0.000875656 0.000875656 0.000875656 0.000875656 0.000875656 0.000875887 0.000875657 0.00087566 0.000876809 0.000931249 0.000875657 0.000875662 15.0893 0.000875656 0.000875657 0.000875657 0.000875656 0.000875657 0.000875656 0.000875656 0.000876515 0.000896678 0.000875656 0.000875656 0.00101509 0.000875658 0.000875656 0.000875658 0.000883465 0.000875656 0.000875658 0.000875656 0.000875656 0.000875656 0.000908031 0.000875657 0.000875657 0.000875656 0.000875656 0.000875656 0.000875656 0.000875656 0.000875659 0.00185506 0.000875658 0.000875656 18.2906 0.000875656 0.000875656 0.000875656 0.000875658 0.000875656 0.000875656 0.00088153 0.000875658 0.000875656 0.000875656 559.77 0.00090041 0.000875658 0.000875656 0.000875657 0.000875656 0.000875656 0.000875656 0.000875658 0.000875802 0.000875656 0.000875656 0.000875656 0.000875657 0.000875656 0.000875659 0.000875656 0.000875656 0.000875658 0.000875656 0.000875659 0.000875656 0.000875656 0.000875656 24.3072 0.000875656 0.000875656 0.000875656 0.000875659 0.000875656 0.000875656 0.000875656 0.000878398 0.000875657 0.000875656 0.000875656 0.000875656 0.000875657 0.000875656 0.000875656 0.000875656 0.000875657 0.000875656 0.000875656 0.000875658 13.0881 0.000875661 0.000875656 0.000875657 0.000882309 0.000875657 0.000875676 0.000875657 0.000875656 0.000875656 0.000875656 0.000875657 0.000875657 0.000903494 0.000875658 0.000875656 0.000875656 41.6544 0.000875656 0.000875656 0.000875656 0.000875657 0.000875656 0.000875656 0.000875656 0.00087566 0.000875656 0.000875657 0.000875658 0.000875657 0.000875657 0.000875656 0.00127045 0.000875657 0.000875656 0.000875656 0.000875656 0.000875656 0.000875657 0.000875656 0.000875657 0.000875658 0.000875656 0.00107612 0.000875673 0.000875657 0.000875657 0.000882723 0.000875656 2.31009 0.000875657 0.000877266 0.000875656 0.000875656 0.000875656 0.000875656 0.000875656 0.000875829 0.000875656 0.000875656 0.000875656 0.000875656 0.000875656 0.000875656 0.000875656 0.000875656 0.000897692 0.000875658 0.000875656 0.000875656 0.000875656 0.000875656 0.00147681 0.000931772 0.000875657 0.000875656 0.000875656 0.000875656 0.000875656 0.000875656 0.000875657 144.049 0.000906276 0.000875657 0.000875656 0.000875657 0.000875657 0.000894489 0.000875657 0.000875657 0.000891389 0.000875656 0.000875659 0.000875656 0.000875657 0.000875657 0.000875656 0.000981543 0.000875656 0.000875656 0.000875657 0.000875656 0.000875657 0.000875658 0.000875656 0.000875656 0.000875656 0.000876296 0.000875656 0.000875656 0.000875656 0.000875657 0.000875656 0.000882081 0.000875656 0.000878591 0.000875656 0.000875656 0.000875656 0.000924871 0.00192137 0.000875656 0.000875658 0.000875656 0.000875656 0.000875656 0.000875656 0.000876575 0.000875656 0.000875656 0.000875656 0.000875657 0.000875658 0.000884723 0.000875656 0.000875659 0.000875656 0.000897982 0.000875656 0.000875656 0.000875656 0.000875656 0.000875657 0.000875657 0.000876596 0.000875656 0.000875657 0.000875656 0.000875656 0.000875657 0.000875657 0.000875657 0.000875657 0.000875657 0.000875659 0.000875658 0.000875657 0.000875656 0.000875656 0.000875656 0.000875656 0.000875656 0.000875657 0.000875656 0.000875657 0.000875656 0.000875656 0.00087566 0.000875657 0.0312043 0.000875657 0.000875656 0.000876227 0.000875918 0.000875656 0.000875656 0.000875658 0.000875656 0.000875656 0.000875657 0.000875656 0.000875656 0.000875657 0.000875657 0.000875658 0.000875656 0.000875656 0.000875657 0.000875656 0.000875656 0.000875656 0.000875659 0.000875656 0.00087566 0.000875656 0.000875657 0.000875657 0.000875658 0.000875658 0.000875686 0.000875656 0.000875656 0.000908653 0.000875656 0.000875656 0.000875656 0.000875656 0.000875657 0.000876013 0.0298663 0.000875656 0.000875656 0.000900169 0.000875658 0.000875658 0.000875656 0.000875656 0.000875657 0.00087573 0.000875658 0.000875656 0.000875657 0.000875656 0.000875657 0.000875657 0.000875659 0.000876448 0.000875657 0.000875657 0.000927126 0.000875691 0.000875656 0.000875656 0.000875656 0.000875719 0.000875656 0.000875656 0.000875656 0.000875656 0.00108891 0.000875656 0.000875656 0.000875657 0.000875702 0.000875656 0.000875657 0.000876688 0.000875656 0.000875658 0.000875657 0.000875656 0.000875656 0.000875665 0.000875656 0.000875656 0.000875656 0.000875656 0.000875656 0.000875658 0.000875656 0.000876586 0.000875656 0.000875656 0.000875656 0.000875657 0.000875656 0.000875656 0.000875657 0.000918342 0.000875658 0.000875656 0.000875667 0.000950317 0.000875657 0.000875656 0.000875659 0.000875656 0.000875657 0.000875656 0.000875657 0.000875656 0.00114042 0.000875656 0.000881309 0.000875657 0.000876013 0.000875657 0.000875658 0.000875711 0.000875658 0.000875656 0.000875656 0.000875656 0.000875656 0.000875656 0.000878356 0.000875656 0.000875656 0.000875656 0.000901865 0.000875656 0.000875657 0.000875658 0.000875656 0.000875656 0.000875657 0.000875656 0.00087568 0.000878941 0.000875658 0.000875656 0.000875656 0.000875657 0.000875656 0.000875656 0.000875656 0.000875656 0.000875656 0.000875656 0.000875656 0.000875657 0.000875656 0.000875658 0.000875656 0.000875657 118.406 0.000875657 0.000875657 0.000880915 0.000875656 0.000875656 0.000875656 0.000903918 0.000875657 0.000875657 0.000875656 0.000875656 0.000875657 0.000875656 0.000875656 0.000875656 0.000875656 0.000875658 0.000875657 0.000875656 0.000875656 0.000875657 0.000875658 0.000915699 0.000875657 0.000875656 0.000875656 0.000875656 0.000875656 0.000875656 0.000875656 0.000875656 0.000875656 0.000875656 0.000875656 0.000875656 0.000875717 0.000968732 0.000875656 0.000875656 0.000875656 0.000875656 0.000875656 0.000875679 0.000875657 0.000875656 0.000875656 0.000875656 0.000875656 0.000875656 0.000875656 0.000875658 0.000875752 0.000875656 0.00088411 0.00087566 0.000875658 0.000875656 0.000875657 0.000875657 0.000875656 0.000875912 0.000875657 0.000877579 0.000875656 0.000875656 0.000875657 0.000875656 0.000875656 0.000875656 0.000875656 13.6833 0.00087566 0.000879484 0.00090793 0.000875656 0.000875657 0.000875656 0.00111609 0.000875656 0.000875657 0.000875659 0.000875667 0.000875656 0.000890839 0.000875656 0.00101285 0.000875656 0.000875656 0.000875657 0.000875656 0.000875656 0.000875656 0.000875656 0.00087566 0.000875663 0.000875656 0.000875657 0.000875657 0.000875656 0.00138294 0.000875656 0.000875656 0.000881357 0.000880546 0.000875656 0.000875659 0.000875657 0.000875657 0.00102921 0.000875658 0.000875657 0.000875657 0.000875656 0.000875716 0.00124524 0.000875657 0.000875656 0.000875656 0.000875656 0.000875657 0.000875658 0.000875656 0.000875657 0.000875658 0.000875656 0.000875656 0.000876379 0.000875656 0.00087595 0.000875656 0.000875658 0.000875656 0.000875656 0.000887838 0.000875656 0.000930363 0.000909407 0.000875657 0.000875656 0.000875659 0.000875656 0.000875657 0.000875656 0.000875658 0.000875656 0.000875656 0.000875656 0.000875656 0.000875658 0.000875656 0.000875656 0.000875656 0.000875656 0.000875656 0.000875656 0.000875656 0.000875656 0.00087566 0.000875656 0.000894506 0.000875656 0.00088096 0.000875656 0.000875656 0.000875656 0.000875656 92.3484 0.000875656 0.000875657 0.000875658 0.000875658 0.000875657 0.000879823 0.000875656 0.00087566 0.000875656 0.000875656 0.000875656 0.000987582 0.000875656 0.000875656 0.000875656 0.000875656 0.000875794 0.000875656 0.000875656 0.000875657 0.000875656 0.000875656 0.000875656 0.000875656 0.000877213 0.000875657 0.000897105 0.000875656 0.000875656 0.000875656 0.000875658 0.000902123 0.000875656 0.000932444 0.000902199 0.00087566 0.000875657 0.000875657 0.000875656 0.000875656 0.000875656 0.000875658 0.000875656 38.5455 0.000875656 0.000875657 0.000875656 0.000875656 0.000875657 0.000875656 0.000875657 0.000875656 0.000875656 0.000875657 0.000875656 0.000875657 0.000875656 0.00089954 0.000875728 0.000875658 0.000875712 0.000875656 0.000875657 0.000875656 0.000875783 0.000875656 0.000890863 0.000875656 0.000875656 0.000875656 0.000875656 0.000875657 0.00087571 0.000875665 0.000875656 0.000876845 0.000910869 0.000875656 0.000875658 0.000875656 0.000875656 0.000875656 0.000875657 0.000875656 0.000895141 0.000875658 0.000875656 0.000875656 0.000875658 0.000875656 0.000875656 0.000875656 0.000875656 0.000876228 0.000875657 0.000875656 0.000875656 0.000875658 0.000875656 0.000923435 0.000875657 221.785 0.000875656 0.000875656 0.000875657 0.000875656 30.8287 0.000875657 0.000875656 0.000875658 0.000875656 0.000875656 0.000875656 0.000875657 0.000875658 0.00107082 0.000875656 0.000875657 0.000875658 0.000875656 0.000911196 0.000875656 0.000875656 0.000875657 0.000875657 0.000875954 0.000877532 0.000875952 0.000875656 0.000875658 0.000923753 0.000875656 0.000875657 0.000891553 0.000875656 0.000875656 0.000875658 0.000875656 0.000875656 0.000875656 0.000875656 0.000875656 0.000875658 0.000875657 0.000875656 0.000875657 0.000975125 0.000875656 0.000875656 0.000875657 0.000875656 0.000875656 0.000875657 0.000875656 0.000875656 0.000875656 0.000875656 0.000875657 0.000875656 0.000875656 0.000875657 0.000875656 0.000875657 0.000875657 0.000875657 0.000875657 0.000875657 0.000875656 0.000875656 0.000875656 0.000875656 0.000878443 0.000875873 0.000875656 0.000875656 0.000875656 0.000875657 0.000875656 0.000875658 0.000875659 0.000876358 0.000875656 0.00102003 0.000875656 0.000875656 0.000875656 0.000875656 0.000875656 0.000875656 0.000930264 0.00090333 0.000875656 0.000875656 0.000875658 0.000875656 0.000875656 0.000875849 0.000875656 0.000974711 0.000875656 0.000875657 0.000875657 0.000875657 0.000875657 0.00168922 33.919 0.000875656 0.000875656 0.000875657 0.000875656 0.000875656 0.000875656 0.00087597 0.000875658 0.000875656 0.000875656 0.000875656 0.000875658 0.000875656 0.000875656 0.000875656 0.000911206 0.000875656 0.000875656 0.000875656 0.000875658 0.000875658 0.000875657 0.000875657 0.000875656 0.000875658 0.000880257 0.000875656 0.000875657 0.000875656 0.000879974 0.000875656 0.000875656 0.000875658 0.000876122 0.000881608 0.000875656 0.000875657 0.0012833 0.000875658 0.000875657 0.00087571 0.000875656 0.000875658 0.000875658 0.000875656 0.00103812 0.000875656 0.000875656 0.000875658 0.000875659 0.000875656 0.000875656 0.000875656 0.000875656 0.000875656 0.000875658 0.000875708 0.000875656 0.000875657 0.000875657 0.000875656 0.000875917 0.000920665 0.000875657 0.000875656 0.000878552 0.000875658 0.00087566 0.000875656 0.000875656 0.000875657 0.000875656 0.000875657 0.000875656 0.000875656 0.000905713 0.000875656 0.000875656 0.000875656 0.000875657 0.000875656 0.000875658 0.000875657 0.000875656 0.000875657 0.000875656 0.000875656 0.000875656 0.000875656 0.000875656 0.000875659 0.000875656 0.00119051 0.000875656 0.000875656 0.000875722 0.000875657 0.0025161 0.000875656 0.000875656 0.000875656 0.000875656 0.000875656 0.000875656 0.000875656 0.000875656 0.000875656 0.000875656 0.000875656 0.000875656 0.000875658 0.000875656 0.000875656 0.000875656 0.000875656 0.000875656 0.000875657 0.000875657 0.000875656 0.000875656 0.000875656 0.000875656 0.000875656 0.000875656 0.000875656 0.000875656 0.000875656 0.000928918 0.000875666 0.000875676 0.000875656 0.000883142 0.000875656 0.000875656 0.000875656 0.00119991 0.000875656 0.000875656 0.000875656 0.000875657 0.000875656 0.000875656 0.000875739 0.000875656 0.000875657 0.000875656 0.000875656 0.00087566 0.000977539 0.000885902 0.000875656 0.000875657 0.00087576 0.00087566 0.000875657 0.000875658 0.000877891 0.000875657 0.000891742 0.000875658 0.000887572 0.000875659 76.9168 0.000875657 0.000875656 0.000875659 0.000875656 0.000875656 0.000881987 0.000875656 0.000875656 0.000875657 0.000875659 0.000877966 0.000875657 0.000875656 0.000875656 0.000875657 0.000875656 0.000875656 0.000875656 0.000875657 0.000875656 0.000875656 0.000875657 0.000875657 0.000875656 0.000875657 0.00144032 0.000875656 0.000875656 0.000875656 0.000915043 0.000875656 321.897 0.000875754 0.000875656 0.000875656 0.000875656 0.000875656 0.000875656 0.000875656 0.000875656 0.00087566 0.000875656 0.000875683 0.000875657 0.000875656 0.000875656 0.000875657 0.000875659 0.000875656 0.000875657 0.000875754 0.000875657 0.000875659 0.000875656 0.000875656 0.000875657 0.000879904 0.000875659 0.000875656 0.000875656 0.000875657 0.000875658 0.000885024 0.000875656 0.000875656 0.000875659 44.1532 0.000875656 0.000875656 0.000875656 0.000875661 0.000875656 0.000875656 0.000875657 0.000875656 0.000875658 0.000875656 0.000875657 0.000875656 0.000875662 0.000875657 0.000875657 0.000875656 0.000875656 0.000875657 0.000875657 0.000883279 0.00088938 0.000875659 0.000875656 0.000875656 0.000885508 0.00148102 0.000875656 0.000875656 0.000875656 0.000875656 0.000875656 0.00116398 0.000875656 0.000875656 0.000875658 0.00087592 0.000875656 0.000875656 0.000875656 0.000875656 0.000875656 0.000875657 0.000875656 0.000875657 0.000875656 0.000875657 0.000875656 0.000875658 0.000875656 0.000875657 0.000875657 0.000875656 0.000875665 0.000886251 0.000875656 0.000875657 0.000875656 0.000875656 0.00103059 0.000875657 0.000875912 0.000875658 0.000875656 0.000875656 0.00139307 0.000875656 0.000875657 0.000875656 0.000875656 0.000875656 0.000875656 0.000875656 0.000875656 0.000875656 0.000875659 0.000875656 0.000875691 0.000903208 0.000875658 0.000875656 0.000875656 0.000875657 0.000875657 0.000875657 0.000875656 22.7566 0.000875656 0.000875656 0.000880216 0.000875657 0.000888507 0.000875656 12.1215 0.000888492 0.000875656 0.000875657 0.000875657 0.000875656 0.000875656 0.000875656 0.000875822 0.000875656 0.000875656 0.000875657 0.000875656 0.000875656 20.2004 0.000875656 0.000875656 0.000875656 0.000875666 0.000875656 0.000875657 0.000875789 0.000875656 0.000875656 0.00087566 0.000875657 0.000875656 0.000875658 0.000875657 0.000875656 0.000875656 0.000875656 0.000875656 0.000875657 0.000875661 0.000875656 0.000875659 0.000875659 0.000875656 0.000875656 0.000875657 0.000875656 0.000875657 0.000875656 0.000875656 0.000875657 0.000875657 0.000875656 0.000875658 0.000875657 0.000875657 0.000875656 0.000875658 0.000902898 0.000875656 0.000875787 0.000875657 0.000876182 0.000875657 0.000875657 0.000875656 0.000875656 0.000875656 0.0154937 0.000906839 0.000875656 0.000875656 0.000875656 0.000922124 0.000875911 0.000875656 0.000875656 0.000875657 0.000875656 0.000875656 0.000983905 0.000875656 0.000875657 0.000875656 0.000875658 0.000875656 0.000875656 0.000875656 0.000875656 6.3656 0.000875656 0.000875657 0.000875656 0.000875656 0.000875658 15.1063 0.000875894 0.000875656 0.000875657 0.00089403 0.000875657 0.000875802 0.000875657 0.000875656 0.000875656 0.000875657 0.000875656 0.000875656 0.000875656 0.000875656 0.000875656 0.000875656 0.000875657 0.000875656 0.000875656 0.000876322 0.000875656 0.000875658 0.000879122 0.000875665 0.000875657 0.000875657 0.000875656 0.000875657 0.000875656 0.000875657 47.9822 0.000875657 0.000875657 0.000875657 0.000875656 0.00087566 0.000875656 0.000875657 0.000875657 0.000875657 0.000875656 0.000886618 0.00087566 0.000978393 0.000875656 0.000892199 0.000875656 0.000875656 0.000876104 0.000875656 0.000875656 0.000875656 0.000875657 0.000875656 0.00087573 0.00246592 0.000875656 0.000875656 0.000875656 0.000875656 0.000875656 0.00087566 0.000875656 0.000875656 0.000875657 0.000875656 0.000875657 0.000875656 0.000875658 0.000875657 0.000913157 0.000875656 0.000875657 0.000875658 0.000875657 0.000875656 0.000878626 0.000875657 0.000875656 0.00124666 0.000875656 0.000875658 0.000875656 0.000875656 0.000875656 0.000875656 0.000875656 0.000875656 0.000875656 0.00087566 0.000875658 0.000875697 0.000875656 0.000875659 0.000875656 0.000875656 0.000875668 0.000875656 0.000876404 0.000875656 0.000875656 0.000875657 0.000875656 0.000875657 0.000875656 0.000875665 0.00110004 0.000875657 0.000875656 0.000875656 0.000875698 0.000875656 0.000875656 0.000875658 0.000875657 0.000875658 0.000875656 0.000875656 0.000875656 0.000875656 0.000875657 0.000875657 0.000875657 0.000875656 0.000875656 0.000875658 0.000875656 0.000875659 0.000875671 0.000875656 0.00087582 34.0122 0.000875656 0.000875658 0.000875657 0.000875658 0.000875661 1.02309 0.000875656 0.000875657 0.000876005 0.000875656 0.000875657 0.000875656 0.000875656 0.000875657 0.000998336 0.000875658 0.000875656 0.000875659 0.000875657 0.000875659 0.000875657 0.000875656 0.000875656 0.000897907 0.000875656 0.00118056 0.000875657 0.000942063 0.000875656 0.00087566 0.000875656 0.000875656 0.000875656 0.000922618 0.000875657 0.00087573 0.000875657 0.000875656 0.000908901 0.0287229 0.000875657 0.000875659 0.000898828 0.000950773 0.000875735 0.000875656 0.000875657 0.000875658 0.000875656 0.000875657 0.000936935 0.000875656 0.000875656 0.000875656 0.000875659 0.000875658 0.000875656 0.000875656 0.000875656 0.000875657 0.000875656 0.000875656 0.000875656 0.000882379 0.00087566 0.000875656 0.000875656 0.000875656 0.000937621 0.000875656 0.000875656 6.60457 0.000875656 0.000875656 0.000875656 0.000875656 0.000875657 0.000875656 0.0008757 0.000875656 0.000875656 0.000875656 0.000875656 0.000875658 0.000875656 0.000875659 0.000875656 0.000875656 0.000875656 0.000875656 0.000875657 0.000875657 0.000875657 0.000875658 0.00087566 0.000875656 0.000875656 0.000875657 0.000875656 0.000875656 0.000876888 8.81699 0.000875656 0.000875657 0.000960471 130.187 0.000875656 0.000875661 0.000875656 0.000875656 0.000875658 0.000875657 0.0133924 0.000875656 0.000875656 0.000875658 0.000875656 0.000875656 0.000875657 0.000875754 0.000875656 0.000875657 0.000875656 0.000875657 0.000875656 0.000875656 0.000875656 0.000875656 0.000875656 0.000875656 0.000875656 0.000875656 0.000911255 0.000875656 0.000875656 0.000875657 0.00087566 0.000875657 0.00114002 0.000875657 0.000875659 0.000875657 0.000875656 0.000875656 0.000875656 0.000875698 0.000875656 0.000875657 0.000875656 0.000875657 0.000875657 0.000880547 0.000875726 0.000875656 0.000875656 0.000875656 0.000875656 0.000890211 0.000875658 0.000877544 0.000875657 0.000875656 0.000875656 0.000875657 0.000875658 0.000875656 0.000875656 0.000875656 0.000875656 0.00171752 0.000875658 0.000875659 0.00087568 25.066 0.000875656 0.000875656 0.000972198 0.000875656 0.00122578 0.000875656 0.000875656 0.000875656 0.000875658 0.000875656 0.000875656 0.000875656 0.000875656 0.000875656 0.000875658 0.000875656 0.000875656 0.000875656 0.000875656 0.000875658 0.000875658 0.000875656 0.000875656 0.000875656 0.000876159 0.000875656 0.000875658 0.000875658 0.000875656 0.000875657 0.000875662 0.000875656 0.000875657 0.000875658 0.000881624 0.000881585 0.000875656 0.000875656 0.000875656 0.000875656 0.000875657 0.000875656 0.000875657 0.000875656 0.000875656 0.000898289 0.000875657 0.000875656 0.000875656 0.000875656 0.000875657 0.000875754 85.4733 0.000875657 0.000875657 0.000875656 0.000875656 0.000875657 0.000875656 0.000875657 0.000875684 0.000875674 0.000875658 0.000875656 0.000875658 0.000875656 0.000875656 0.000899397 0.000875656 0.000875658 0.000875656 0.000884829 0.000875656 0.000875656 0.000875658 0.000875656 0.000875656 0.00089263 0.000875656 0.000875656 0.000875656 0.000875657 0.000875659 0.000875657 0.000875657 0.000875657 0.000875656 0.000875656 0.000883276 110.232 0.000875656 0.000875657 0.000875656 0.000875657 0.000875656 0.000875656 0.000875657 0.000875656 0.000875656 0.000875656 0.000875663 0.000881663 0.000875658 0.000875656 0.000916828 0.000875657 0.000875656 0.000875656 0.000875657 0.000875657 0.00105708 102.202 0.000875656 0.000875656 0.000879095 0.000875659 0.000875657 0.000875656 0.000875674 0.000888171 0.000875866 0.000875657 0.000875657 0.000875656 0.000875656 0.000875657 0.000875656 0.000875656 0.000875656 0.000875656 0.000875657 0.000875656 0.000898475 0.000875656 0.000883295 0.00160687 0.000875658 0.000875656 0.000875656 0.000875656 0.000875656 0.000875657 0.000875656 0.000875656 0.000875657 0.000875656 0.000875656 0.000875656 0.000875656 0.000875656 0.000875659 0.000940953 0.000875656 0.000875656 0.000908925 0.000875657 0.000875656 0.000875656 0.000875657 0.000875656 0.000875657 0.000875656 0.000875656 0.000875656 0.000875657 0.000875658 0.000875656 0.000875658 0.000875658 0.000875656 0.000875657 0.000875656 0.000875656 0.000875656 0.000875657 0.000893214 9.90598 0.000875656 0.000875656 0.000875656 0.000875657 0.000875656 0.000875657 0.000875656 0.000875656 0.000885108 0.000941347 0.000875656 0.000875658 0.000875656 0.00109169 0.000875656 0.000875656 0.000875656 0.00102103 0.000875658 0.000875657 0.000956057 0.000875656 0.000875656 0.000875659 0.000875656 0.000877534 0.000875656 0.000875656 0.000875656 44.9443 0.000875656 0.000875657 0.000875657 0.000897319 0.00088243 0.000875656 0.000875658 0.000875656 0.000875656 0.000875656 0.000933863 0.000887268 0.000875658 0.000900815 0.000879039 0.000875656 0.000875656 0.000875656 0.000875656 0.000875656 0.000876306 0.000875657 0.000875657 0.000875666 28.9666 0.000875659 0.000875656 0.000875656 0.000875656 0.000875657 0.000875656 0.000875656 0.000875656 0.000875656 0.000875656 0.000875657 0.000875656 0.000875656 0.000875656 0.000875656 0.000875657 0.000875656 0.000875656 0.000875657 0.000875656 0.000875656 0.000876308 0.000875656 0.000875656 0.000875657 0.000875656 0.000875657 0.000900001 24.7041 0.000875656 0.000875657 0.000875659 0.000875656 0.000875656 0.000875656 0.000875656 0.000875656 0.000875657 0.000875656 0.000875657 40.6193 0.000901234 0.000875657 0.000875656 0.000875657 9.62474 0.000875656 0.00089903 0.000875877 0.000875656 0.000881657 0.000875658 0.000875656 0.000875656 0.000876213 0.000875656 0.000875656 0.000875714 0.000875663 0.000875658 0.000875657 0.000875656 0.000875656 0.000875659 0.000875657 0.000974595 0.000875657 0.000875656 0.000875657 0.000875656 18.0847 0.000875657 0.000884994 0.000876286 0.000875657 0.000875656 0.000875657 0.000875686 0.00087568 0.000875657 0.000875657 0.000875656 0.000875656 0.000875658 0.000875656 0.000875657 0.000898068 0.000875672 0.000875656 0.000875656 0.000875656 0.000893923 0.000875678 0.000875657 0.000876106 0.000875659 0.000875656 0.000875656 0.000898295 0.000875657 0.000875656 0.000875778 0.000875761 0.000875656 0.000875656 0.000875658 0.000875656 0.000875657 0.000875656 0.000875656 0.000875657 0.000875656 0.000875659 0.000875657 0.000957872 0.000875952 0.000875656 0.000876891 0.000875656 0.000875656 0.000875656 0.000875656 0.000875656 0.000875656 0.000875659 0.000875932 0.000875659 0.000875658 0.000875657 0.000875658 0.000875657 0.000875656 0.000875656 38.2864 0.000875656 0.000875656 0.000875658 0.000875657 0.000875658 0.000875656 0.000875656 0.000875656 0.000875656 0.000875656 0.000875673 0.000875659 18.0129 0.000875656 0.000875656 0.000875656 56.143 0.000875656 0.000875657 0.000875656 0.000924706 0.000875656 0.000914688 0.000882818 0.000875656 0.000875656 27.9302 0.000875658 0.000875656 0.000875656 0.000875656 0.000875659 0.000875657 0.000875658 0.000875657 0.00087566 0.000875656 0.00087939 0.000875657 0.000875656 0.000875656 0.000875656 0.000875656 0.000878015 0.000875656 0.000875754 0.000875657 0.000875656 0.000875656 0.000875947 0.000875658 0.000876378 0.000875656 0.000875656 0.000875657 0.000875656 0.000875656 0.000929838 0.000875656 0.000875656 0.000875656 0.000875656 0.000875658 0.000875656 0.000875657 0.000875656 0.000875656 0.000875656 0.000875656 0.000875656 0.000875656 0.000875656 0.000875668 0.000875657 0.000875658 0.000875656 0.000875656 0.000934769 0.000875656 0.000875656 0.000875725 0.000875657 0.000875665 0.000875656 0.000875683 0.000875656 0.000875657 0.000875657 0.000875656 0.000875658 0.000994754 0.000875656 0.000875656 0.000875656 122.602 0.000875656 0.000875656 0.000875658 0.000875656 0.000875656 0.000875658 0.000875658 0.000875656 0.000875656 0.000875656 0.00088061 0.000929047 0.000875657 31.7796 0.000875656 0.000875656 0.00087574 0.000875656 0.000875657 0.000875657 0.000875656 0.000875657 0.000922329 0.000875656 0.000875657 0.000875656 0.000881271 0.000875656 0.000875657 0.000875657 0.000875656 0.000875656 0.000875658 0.000875656 0.000875656 0.000904435 0.000875746 0.000875657 0.000875656 0.000875658 0.000875657 0.000875656 0.000875656 0.000875656 0.00087574 0.000875656 0.000876096 0.000875657 0.000875656 0.000875656 0.000875656 0.000875658 0.000875656 0.000875656 0.000875657 0.000875656 0.000875656 0.000875656 0.000875656 0.000875656 0.00087575 0.000875656 0.00114749 0.000875657 0.000875658 0.000875659 0.000875656 0.000875658 0.000876825 0.000875659 0.00087566 0.000875656 0.000875659 0.000875658 0.000875658 0.000875657 0.000875656 0.000875656 0.000875657 0.000875658 0.000875656 0.000875656 0.000901902 0.000875656 0.000875656 0.000875656 0.000875657 0.000875779 0.000875658 0.0010352 0.000875656 0.000875656 0.000875656 0.000875658 0.000875658 0.000875657 0.000875656 0.000875657 0.000875656 0.000875659 0.000875657 0.000875656 0.000875656 0.000875658 0.00087725 0.000875659 0.000875768 0.000890039 0.000875656 0.000875656 0.000875657 0.000880611 0.000875657 0.000875656 0.000875656 0.000875656 0.000875656 0.000875656 0.000875658 0.000875657 0.00088448 0.00087578 0.000875656 0.000875656 0.000881557 0.000875656 0.000875754 0.000875759 0.000875656 0.000875656 0.000876847 0.000875656 0.000884459 0.000875656 0.000875656 0.000875657 0.000875656 0.000875658 0.000875656 0.000875657 0.000875656 0.000889673 0.000875656 0.000875656 0.000875656 0.000875656 0.000875656 0.000875658 0.000875738 0.000875656 0.000875656 0.000875656 0.000875656 0.000875656 0.000875656 0.000875657 0.000875656 0.000875657 0.000875657 0.000875656 0.000875656 0.000875658 0.000875656 88.5672 0.000875657 0.000875819 0.000875657 0.000875658 0.000875657 0.000875656 0.000875657 0.000875658 0.000875658 0.000875659 0.000895846 0.000875656 0.000875656 0.000875718 0.000875657 0.000875656 0.000875656 0.000881803 0.000875656 0.000875656 0.000875656 0.000875973 0.000875656 0.000875656 0.000875656 0.000875656 0.000875658 0.000875656 0.000875656 0.000875656 0.000875657 0.000875656 0.000875657 0.000875657 0.000875656 0.000875657 0.000875657 0.000875656 0.000875656 0.000903887 0.000875658 0.000885381 0.000875656 0.000875656 0.000875656 0.000886714 0.000875656 0.000875657 0.000875658 0.000875656 0.000875656 0.000875656 0.000875656 0.000875658 0.000875657 0.000875659 0.000875657 55.6103 0.000875656 0.000875656 0.000875657 0.000875658 0.000875658 0.000910777 0.000875656 0.000875657 0.000875656 0.000875658 0.000875656 0.000875758 0.000875656 0.000875659 41.0362 0.000875657 0.000875656 0.000875656 0.000875661 0.000875656 0.000875657 0.000875657 0.000881379 0.000875657 0.000875658 0.00135228 0.000875657 0.000875656 0.000875656 0.000875658 0.000875656 0.000875656 0.000875656 0.000953867 0.000875657 0.000875816 101.894 0.000875656 0.000875877 0.000875806 0.000875658 0.000875656 0.000875656 0.000875656 0.000875656 0.000875656 0.000875657 0.000875656 17.3234 0.000875657 0.000875656 0.000875656 0.000875657 0.000875659 0.000875656 0.000875656 0.000875656 0.000875656 0.000875656 0.000875656 0.000875658 0.000875656 0.000875657 0.000875658 0.000875656 0.000875656 0.000875656 0.000876585 0.000875657 0.000875656 0.000875656 0.000875657 0.000875658 0.00088095 0.000875663 0.000875656 0.000875656 0.000875656 0.000875656 0.000875657 0.000875657 0.000875656 0.000875657 0.000875656 0.000875656 0.000875661 0.000875656 0.00087566 0.00101863 0.000875656 0.000887723 0.000875657 0.000875656 0.000875658 0.000875659 0.000875656 0.000875656 0.000875656 0.000875657 0.000875656 0.000913847 0.000875685 0.000875656 0.000875656 0.000875656 0.000875656 0.000875656 0.000875656 0.000875656 0.000875656 0.000875656 0.000875658 0.000875656 0.000875694 0.000875757 0.000875656 0.000912679 0.000875656 0.00116237 0.000875656 0.000875656 0.000875657 0.000875658 0.00088197 0.000875656 0.000875656 0.000875658 0.000875656 0.000875658 0.000875656 0.000875657 0.000875656 0.00087566 0.00087689 0.000875657 0.000875658 0.000875659 0.000875656 0.000936774 0.000875671 0.000875656 0.000875656 0.000875657 0.000875656 0.000884086 0.000875658 0.000875656 0.000875659 0.000875656 0.000875656 0.000875656 0.000875657 0.000875656 0.000875656 0.000875656 51.5159 0.000875657 0.000875656 47.4109 0.000875656 0.000875658 0.000875656 0.000875657 0.000875656 0.000875656 0.000875656 0.000875715 0.00108705 0.000885441 0.000875704 0.000875656 0.000875794 0.000875657 0.000875656 0.000875656 0.000875656 0.000875656 0.000875656 0.000875656 0.000875656 0.000875656 0.000875656 0.000875657 28.9442 0.000875658 0.000875657 0.00087566 0.000875656 0.000875656 0.000898289 0.000875669 0.000875656 0.000897845 0.000886583 0.000875657 0.000996216 0.000875656 0.000875658 0.000875656 0.000879966 0.00088108 0.000875658 0.000875656 0.000875656 0.000875656 0.000875656 0.000875656 0.000875656 0.000875656 0.000917589 0.000875656 0.000875657 0.00087566 0.00106215 0.000885505 0.000875893 0.000879342 0.000875657 0.000875657 0.000875656 0.000875657 0.00829508 37.2532 0.000924583 0.000875656 0.000875656 0.000875657 0.000875656 0.000875656 0.000875657 0.000875657 0.000875656 0.000875656 0.000875656 0.000875656 0.000906032 0.000875656 0.000875656 0.000875656 0.000875658 0.000875656 0.000875656 0.000922148 0.000875656 0.000875656 0.000875657 0.000875657 11.8454 0.000875656 0.000876296 0.000876009 0.000934133 0.000875656 0.000875658 0.000875811 0.000875656 0.000875657 0.000875656 0.000875656 0.000875657 0.000921642 0.000875656 0.00102574 0.000875656 0.000875656 0.000879248 0.000875658 0.000875657 0.000875657 0.000875656 0.000875656 0.000875656 0.000875656 0.000875657 0.000875657 0.000875685 0.000950056 0.000875657 0.000875657 0.000875657 0.000875656 0.000875656 0.000875656 0.000875656 0.000875656 0.000875658 0.000875656 0.000875656 0.000875658 0.000875656 0.000875656 0.000875656 0.000875656 0.000875656 0.000875656 0.000875656 0.000875656 0.000875656 0.000875656 0.000875657 0.000902831 0.000875656 0.000875656 0.000875657 0.000875656 0.000875769 0.000875656 0.000875657 0.000875656 0.000875656 0.000875657 0.00226404 0.000875657 0.000875658 0.000875656 0.000875657 0.000875656 0.000875656 0.000875657 0.000875656 0.000875656 0.000875657 0.000875656 0.000875656 0.000875656 0.000875656 0.000875656 0.00115427 0.000875656 0.000875657 0.000875659 0.000890208 0.000875656 0.000881954 0.000875656 0.000875656 93.1012 0.000929239 0.000875656 0.000875656 0.000875656 0.000875656 0.000875656 0.000875657 0.000875656 0.000875656 0.000875657 0.000875656 0.000875656 0.000875656 0.000875656 0.000875656 0.000875656 0.000875656 30.1751 0.000875657 0.000875656 0.000875656 0.000875656 0.00123255 0.000875657 0.000875657 0.000875656 0.00087566 0.000875656 0.000875674 0.000875656 0.000875656 0.00120798 0.000875656 0.000875657 0.000875656 0.000875656 0.000875656 0.000875656 0.000875656 0.000875658 0.000875656 0.000875656 0.000875659 0.000875657 0.000875656 0.000875657 0.000875656 0.000875693 0.000875656 0.000875657 0.000875657 0.000875656 0.000875656 0.000875656 0.000875657 0.000875656 0.000875656 0.000875658 0.000875656 0.000875656 0.000875661 0.000875657 0.000875657 0.000875656 0.000875658 0.000875656 0.000875656 0.000875656 0.000875656 0.000875656 0.000875656 0.000875656 0.000875656 0.000875656 0.000876345 0.000875656 0.000875656 0.000875656 0.000875657 82.2544 0.00087566 0.000875658 0.000875656 0.000875656 0.000875662 0.000875656 0.000875657 0.000875656 0.000875656 0.000875656 0.000875656 0.000875656 0.000875658 0.000875656 0.000875656 0.000876673 0.000875658 0.000885159 0.000878824 0.000875657 0.000875656 0.000881703 0.000875656 0.000943547 0.000875656 0.000875657 0.000875658 0.000875656 0.000875656 0.000875656 0.000875656 0.000875656 0.000875656 0.00121183 1031.35 0.000875656 0.000882876 0.000875656 0.000875657 0.000875656 0.000875656 0.00087566 0.000875656 0.000875656 0.000875656 0.000875656 0.000878763 0.000875657 0.000875656 0.000875656 0.000875658 0.000875656 0.000876133 0.000875656 0.000875656 0.000875656 0.000875657 0.000875656 3.30449 0.000875656 0.000875656 0.000875657 0.000875656 0.000875656 0.000875656 0.000875656 0.000968147 0.000875656 0.000875657 0.000875656 0.000875657 26.4484 0.000875689 0.000875658 0.000875656 0.000875656 0.000892497 0.000875657 0.000875656 0.000875658 0.000875656 0.000925032 0.000937702 0.000875656 0.000875657 0.000875656 0.000876029 0.000875656 0.000875656 0.000875657 0.000875656 0.000875658 0.000896666 0.00087566 0.000875656 0.000878966 0.000875656 0.000875656 0.000875657 0.000875801 0.000887224 0.000875657 0.000875656 0.000875656 69.3563 0.000875657 0.000875675 0.000875658 0.000875657 0.000875656 0.000875657 0.000875659 0.000875657 0.000875656 0.00087576 0.000875656 0.000875656 0.000875656 0.000875826 0.000875656 0.000875657 0.00087575 0.000875656 0.000875656 0.000875656 0.000875657 0.000875659 0.000875658 0.000875658 0.000875656 0.000875658 0.000875657 31.281 0.000877181 0.000875657 0.0290263 0.000876253 0.00087566 0.000875656 0.000875656 0.000911219 0.000875656 0.000875656 0.000875658 0.000875825 0.000875656 0.000875657 0.000875658 0.00141039 0.000875656 0.000875656 0.000875656 0.000875656 0.000875659 0.00087566 0.000875658 0.000875656 0.000875656 0.000875656 0.000875657 0.000875656 0.00087828 0.000875656 0.000875658 0.000875656 0.00097379 0.000875656 0.000875656 21.7659 0.00199568 0.000875656 0.000875657 0.000875656 0.000875656 0.000875656 0.000875656 0.000876014 0.000875656 0.000875656 0.000875657 0.000875704 0.000884019 0.000875656 0.000876091 0.000875656 0.000875657 0.000875656 0.000876299 0.000875656 0.000875656 0.000875656 0.000875656 0.000875656 0.000875658 0.000875657 0.000875657 0.000875656 0.000875685 0.000875656 0.000875656 0.000875656 0.000875656 0.000875661 0.000875657 0.000875658 0.000875656 0.000875656 0.000875657 0.000875656 0.000875656 0.000875656 0.000885102 0.000875763 0.000875656 0.000875656 0.000911895 0.000875656 0.000875656 0.000875656 0.000875656 0.000880547 0.000875657 0.000889966 0.000875661 0.000875656 0.000875656 0.000875656 0.000875656 0.000875717 0.000875656 0.000875656 0.000875657 0.000875656 0.000875658 0.000875656 0.000875656 0.000875656 0.000875656 0.000875657 0.000875656 0.000875656 0.000875656 0.000875657 0.000875656 0.000875656 0.000875656 0.000885573 0.000875656 0.000875656 0.000875657 0.000888439 0.000877367 0.000875656 0.000875656 0.00345987 0.000887947 0.000875657 0.000875657 0.000875657 0.000875659 0.000875656 0.000875656 0.000897717 28.9665 0.000875656 0.000875659 0.000875922 0.000875658 0.000875656 0.000875656 0.000875657 0.000875656 0.000875656 0.000875658 0.000875656 0.000875656 0.000875656 0.000875657 0.000875656 0.000875657 0.000875657 0.000875656 0.000875656 0.000875656 0.000875656 0.000875656 0.000875656 0.00118318 0.000875656 0.000875657 0.000875656 0.00088239 0.000875659 0.000875656 0.000875656 0.000875657 0.000875656 0.000875656 0.000875656 0.000876351 667.383 0.000875656 0.000875656 0.000875656 0.000875656 0.000897193 0.00171311 0.000915326 0.000875657 0.000875658 0.000879213 0.000875656 0.000875733 0.000875657 0.000875658 0.000876679 0.000875656 0.000875656 0.000875657 0.000875656 0.000875656 0.000875656 0.000919148 0.000879867 0.000915767 0.000875656 0.000875656 0.000954403 0.000875656 0.000875656 0.000875656 0.000875659 0.000876885 0.000875681 0.000875656 0.00087575 0.000875656 0.000875657 0.000875656 0.000875657 0.00087573 0.000875656 0.000875656 0.000875656 0.000875657 0.000875656 0.000875656 0.000875658 0.0008765 0.000875656 0.000875658 0.000875656 0.000875656 0.000875656 0.000875656 0.000875656 0.000875656 0.000875656 0.000875657 0.000875656 0.000875656 0.000875656 0.000875657 0.000875656 0.000900247 0.000875657 0.000875656 31.9235 0.000875658 0.000875656 0.000875656 0.000886133 0.000875839 0.000875662 0.000903251 0.000875901 0.000875657 0.00105586 0.000875656 0.000875656 0.000875658 0.000875656 0.000875656 0.000875656 0.000875656 0.000879185 0.000875657 0.000930755 98.8515 0.000875657 0.000875657 0.000875657 0.000875657 0.00115296 0.000875656 0.000875656 0.000875656 0.000875656 0.000875665 0.000875657 0.000875658 0.000875657 0.000875656 0.000875656 0.000875657 0.000875656 0.000875656 0.000875766 0.000875656 0.000877865 0.000877504 0.000875656 0.000875659 0.000876115 0.000875656 0.000875656 0.000875657 0.000875658 0.000875657 0.000875656 0.000875656 0.000875658 0.000875656 0.000875657 0.000875656 0.000875656 0.000875656 0.000875658 0.000875658 0.000875656 0.000890612 0.00087566 0.000875656 0.000875658 0.00087566 0.000875656 0.000875656 0.000875657 0.000875658 0.000875657 0.000875656 0.000875656 0.000875656 0.000875656 0.000875656 0.000875656 0.000875705 0.000879691 0.000875668 0.000880594 0.000875656 0.000875656 0.000875872 0.000904528 0.000875656 0.000875656 0.000875656 0.000875656 0.000881026 0.000875657 0.000875656 0.000875656 0.000904732 0.000875656 0.000875656 0.000880555 0.000875657 0.000875656 0.000903407 0.000875658 0.000875656 0.000875656 0.000875657 0.000888687 0.000875658 0.000875656 0.000875656 0.000938609 0.000875656 0.000875656 0.000875656 0.000876338 0.000875657 0.000875656 0.000875656 0.000875656 0.000875656 0.00087566 0.000875657 0.000875656 0.000875656 0.000875656 0.000875656 0.000875657 0.000875822 0.000875656 0.000875658 0.000875656 0.000876093 0.000875656 0.000875656 0.000875656 0.000875656 0.000875657 0.000875658 0.000875656 0.000875656 0.00087566 0.000875656 0.000875661 0.000875656 0.000875656 0.000875657 0.000875657 0.000880595 0.000875657 0.000875658 0.000875657 0.00087566 0.000875656 0.000875656 0.000875656 0.000891746 0.000875657 0.000875656 0.000875656 0.000875656 0.000875656 0.00113019 0.000875656 0.000921067 0.000875656 0.000875658 0.0010133 0.000875658 0.000875657 0.000875656 0.00107428 0.000875659 0.000875657 0.000875656 0.000875656 0.000875658 0.000875656 0.000875656 0.00168717 0.000877331 0.000875658 0.000875658 0.000875656 0.000875656 0.000875656 0.000941838 0.000875656 0.000875657 0.000875656 0.000875656 0.000875656 0.000875656 0.000875657 0.000875656 0.000875656 0.000875656 0.000875656 0.000875656 0.000875656 0.000875656 0.000875656 0.000875656 0.000875658 0.000875656 0.000875656 0.000875658 0.000875657 0.000875656 0.000875658 0.000875658 0.000875656 0.000875658 0.000875656 0.000876629 0.000875658 0.000875656 0.000875656 0.000875659 0.000875656 0.000875657 0.000875656 0.000875656 0.000875657 0.000875656 0.000875656 0.000875656 0.000875658 0.000875657 0.000875656 0.000875656 0.000875656 175.058 0.00087566 0.000875656 0.000875798 0.000875656 0.000875657 0.000875656 0.000931311 0.000875656 0.000917892 0.000875656 0.000875657 0.000875656 0.000875656 0.000875658 0.000875656 0.000875656 0.000875657 0.000875656 0.000875656 0.000875656 0.000875656 0.000875656 0.000902658 0.000875658 483.244 0.000875659 0.000885052 0.000876231 0.000910096 0.000875657 0.000875868 0.000875656 0.000875656 0.000875657 0.000875657 0.000875656 0.000875658 0.000875658 0.000875656 0.000875657 0.000875656 0.000875657 0.000875659 0.000875659 0.000875657 0.000875656 0.000875656 0.000875658 0.000875657 0.000875657 0.000875891 0.000875658 0.000875656 0.000875656 0.000875656 0.000875656 0.000875656 0.000875657 0.000875656 0.000875656 36.1796 0.000877164 0.000875656 0.000875656 0.000875656 0.000894467 0.000875656 0.000875656 0.000885316 0.000875658 0.000875656 0.000875657 0.000875656 0.000906411 0.000875659 0.000875656 0.000884751 0.000875656 0.000875657 0.00118893 0.000875656 0.000875661 0.000875657 0.000875656 0.000875656 70.849 0.000875658 0.000875656 0.000875656 0.000875658 0.000875657 0.000875656 0.000875656 0.000875681 0.000875656 0.000875657 0.000875656 0.000875658 0.000884453 0.000958346 0.000875656 0.000875656 0.000875656 0.000889474 0.000875657 0.000875657 0.000875657 0.000875656 0.000875656 0.000875656 0.000875657 0.000875656 0.000875656 0.000875656 0.000875657 0.000875656 0.000875657 0.000875656 0.000901529 0.000875657 0.000875657 0.000875656 0.000875656 0.000875657 0.000875658 0.000875656 0.000875976 0.000875657 0.000875656 0.000875657 0.000875657 0.000875656 0.000875656 0.000875656 0.000876315 0.000875656 0.000875656 0.000875656 0.000875657 0.000875657 0.000876665 0.000875659 0.00165716 0.000875659 0.000875656 0.000875656 0.000875657 0.000875656 0.000875656 0.000875675 0.000875658 0.000875658 0.000875657 0.000875656 0.000875656 0.000875656 0.000876205 0.000875656 0.000875656 0.000875656 0.000875657 0.000875656 0.000875656 0.000875657 0.000875657 0.000875656 0.000875656 0.000875657 0.000875657 0.000875656 0.000875656 0.000875657 0.000875658 0.000875656 0.000875659 0.000875656 0.000875656 0.000875656 0.000875658 0.000875797 0.000875656 0.000875657 0.000909801 0.000875657 59.1162 0.000877624 0.000895098 0.000875656 0.000878606 0.000875656 0.000875656 0.000875691 0.000875657 0.000875656 0.00113938 0.000875657 0.000875657 0.000875656 0.000875703 0.000875656 0.000875659 0.000875659 0.000875656 0.000875656 0.000875656 0.000875657 0.000875656 0.000875656 0.000875656 0.000875656 0.000875656 0.000875682 0.000875659 0.000875656 0.000875656 0.000875658 0.000875656 0.000875656 0.000875656 0.000894462 0.000875656 0.000875656 0.000875656 0.00090407 0.000879593 0.000875656 0.000875656 0.000875656 0.000875657 0.000875874 0.000875656 0.000875656 0.000875658 0.0013305 0.000875658 0.00112369 0.000875657 0.000875657 0.000875656 0.000875656 0.000875656 0.000875656 0.000875656 0.000875657 0.000875657 0.000886551 0.000875657 0.00087608 0.000875658 0.000875657 0.000882072 0.000875656 0.000875657 0.000875656 0.000875657 0.000875656 0.000875656 0.000875657 0.000875656 0.000875658 0.000875657 0.000875657 0.000875656 0.000875659 0.000875656 0.000875657 0.000875705 0.000875656 0.000875656 0.000875656 0.000958057 0.000875656 0.000875656 0.000875656 0.000875656 78.8837 0.000875704 1.21047 0.000875656 0.000875656 0.000875657 0.000876041 0.000875659 0.000875672 0.000886774 0.000875656 0.000875658 49.1567 0.000875659 0.000875658 0.000875658 0.000875658 80.0804 0.000878208 0.00087566 0.000875665 0.000875657 0.000875656 0.000875656 0.000875656 34.9847 0.000875656 0.000875659 0.000902892 0.000875656 0.000876091 0.000875656 0.00087566 0.000875656 0.000980453 0.000875656 0.000875656 0.000875656 0.000875656 0.000875656 0.000875656 0.000875658 0.000875657 0.000875656 0.000876006 0.000875656 0.000875656 0.000875661 0.000875657 0.000875657 0.000875656 0.000875656 0.000875666 0.000875656 0.000875656 0.000875656 0.00087566 0.000875657 0.000875657 0.000875657 0.000875659 0.000875656 0.000875656 0.000875714 0.000875657 0.000875656 0.000876747 0.000875657 0.000875656 0.000876638 0.00141002 0.000875656 0.000875656 0.000875656 0.000883134 0.000875656 0.000875656 0.000875659 0.000875656 0.000880491 0.000875656 0.000875657 0.000875658 0.000875658 0.000875656 0.000875656 0.00121696 0.000910653 0.000875657 0.000875656 0.000875656 0.000875656 0.000875656 0.000875656 0.000875657 0.000875656 0.000875656 0.000891256 0.000875656 0.000875656 0.000875656 0.000876008 0.000946298 0.000875656 0.00087574 0.000875658 0.000875658 0.000875669 0.000875656 0.000875656 0.000875656 0.000875657 0.000875656 0.000875656 0.000875657 0.000875656 0.000875656 0.000877072 0.000875656 0.000875658 0.000875659 0.000875657 0.000875658 0.000875657 0.000875656 0.115597 0.000875656 0.000875659 0.000875657 0.000875657 0.000875656 38.0011 0.000875656 0.000875656 0.000875656 0.000875656 0.000875656 0.000875656 0.000875657 0.000875657 0.000875656 0.000875656 0.000875656 0.000875657 0.000875657 0.000875656 0.000876119 0.000875656 0.000875656 0.000905833 0.000875657 0.000875659 0.000875657 0.000876457 0.000875656 0.000875657 0.000875656 0.000875656 0.000875656 0.000875656 0.000875656 0.000875656 0.000875803 0.000875658 0.000875657 0.000875656 0.000875715 0.000875659 10.4365 0.000875656 0.000875656 0.000875656 0.000875657 0.000876319 0.000875658 0.000875657 0.000875672 0.000875656 0.000879534 0.000903048 0.000875656 0.000875657 0.000875656 0.000875656 0.00141795 0.000875841 0.000875657 0.000875657 0.000875657 0.000875656 0.000875657 0.000875657 0.000875656 0.000875656 0.000901326 0.000875656 0.000875657 0.000875656 0.000875656 0.000875656 0.000876533 0.000875656 0.000875659 0.000875656 0.000875656 9.62478 0.000875656 0.000875656 0.000875656 0.000875658 0.000875656 0.000875656 0.000875656 0.000875656 0.000875656 0.000875656 0.000875656 0.00087566 0.000875656 0.000875656 23.774 0.000875657 0.000875659 0.000875656 0.000875656 0.000875657 0.000875656 0.000875656 0.000875656 0.000875656 0.000875656 0.000875669 0.000875657 0.000875657 0.000882791 0.000875659 0.00133909 0.000875657 0.000875656 0.000875657 0.000875657 0.000875656 0.000875656 0.000875807 0.000875656 0.000875656 0.000875658 0.000875656 0.000875656 0.000875656 0.000875656 0.000875657 0.00125689 0.000875657 0.000875656 0.000876082 0.000875656 0.00106794 0.000875657 0.000875656 0.000875658 0.000875657 0.000875656 0.000875656 0.000875657 0.000908788 0.000875656 0.000875656 0.000875656 0.000875657 0.000875657 0.000883877 0.000875656 0.000875656 0.000875656 0.00087566 0.000875656 0.000875656 0.000897577 0.000875657 0.000875656 0.000875657 0.00100434 0.000875656 0.000875657 0.000875656 0.000875656 0.000875656 0.000875656 0.000875656 0.000875702 0.000875656 0.000875656 0.000875796 0.000875656 0.000875656 0.000875717 0.000875656 0.000875656 0.000875656 20.6191 0.000875656 0.0010363 0.000875656 26.2278 0.000876131 0.000875656 0.000875657 0.000875656 0.000875656 0.000875656 0.000875706 0.000875656 0.000875656 0.000875656 0.000875657 0.000940968 0.000875656 0.000875656 0.000898965 0.000876482 0.00087566 0.000875657 0.000930805 0.000875656 0.000875995 0.000875657 114.409 0.000875657 0.000875656 0.00167739 0.000875659 0.000875657 0.000875656 0.000875657 0.000875656 0.000875657 0.000875656 0.000875657 0.000875658 0.000904159 0.000875656 0.000876672 0.000875657 0.000875658 0.000875656 0.00102256 0.000886677 0.000875656 0.000875656 0.000875656 0.000875657 0.000875657 0.000875656 18.3947 0.000875657 0.000875656 0.000875656 0.000875657 0.000875656 0.000875656 0.000875656 0.000875656 0.000875656 0.000875657 0.000875657 0.000875656 0.000875657 0.00087566 0.000875657 0.000875657 0.000875661 0.000875658 0.000875756 0.000875762 0.000875656 0.000875657 0.00089988 0.000875656 0.000875903 0.000875656 0.000875656 0.000875656 0.000875659 41.2375 0.000875656 0.000875656 0.000875656 0.000875656 0.000875656 0.000875659 0.000875657 0.000875657 0.000875656 0.000875656 0.000875656 0.000875656 0.000875656 0.000875656 0.000875656 0.000875658 0.000875656 0.000875656 0.000875657 0.000875656 0.000875656 0.000875656 0.000875656 0.000875755 0.000875656 0.000875656 0.000875656 0.000875657 0.000881744 0.000875656 0.000875656 0.000875656 0.000875656 0.000875656 0.000875657 0.000875657 0.000875657 0.000875659 0.000875664 0.000875656 0.000875657 0.000875657 0.000875658 0.000875656 0.000875656 0.000875657 0.000875656 0.000875656 0.000875657 0.000875658 0.000875829 0.000875659 0.000875656 0.000875771 0.000875656 0.00161644 0.000875673 0.000875656 0.000989853 0.000875656 0.000875656 0.000875657 0.000896713 0.000875657 0.000875657 0.000875658 0.000875656 0.000875656 0.000875656 0.000875656 0.000875656 0.00100071 0.000875656 0.000875656 0.000875656 0.000918991 0.000875656 0.000875656 0.000875656 0.000875658 0.000875658 0.000931004 0.000875657 0.000875658 0.000875656 0.000875656 0.000875657 0.000877223 0.000875656 0.000875656 0.000875656 0.000875658 0.000875656 0.000875656 0.000875656 0.000875656 0.000875658 0.000907625 0.000875657 0.000875658 0.000875659 0.000875656 0.000875658 0.000875657 0.000875657 0.000875752 0.000875656 0.000875658 0.000875663 0.000875656 0.000875656 131.812 0.000875656 0.000880036 0.000875657 0.000875685 0.000875657 0.00140066 0.000875691 0.000877577 0.000875656 0.00328447 0.000875657 0.000875657 0.000875656 0.000875656 0.000875656 0.000875656 0.000875656 0.000875658 0.000875656 0.000899261 0.000875656 0.000875656 0.000875657 0.000875658 0.000875656 0.000875656 0.000875657 0.000875656 0.000875656 0.000875656 0.000875656 0.000875656 9.62477 0.000875656 10.878 0.000875656 0.000875657 0.000875904 0.000875657 0.000875657 0.000875656 0.000875659 0.000897664 0.000875726 0.000875659 0.000915015 0.000876257 0.000875656 0.000955033 0.000875656 0.000875657 0.000875657 0.000875657 0.000875663 0.000875657 0.000875656 0.000875656 0.00100266 0.000898435 0.000875657 0.000875656 0.000875656 0.000875656 0.000875658 0.000875656 0.000875656 0.000875657 0.000875658 0.000875657 0.000875656 0.000875657 0.000875656 0.000875656 0.000875656 0.000875659 0.000875658 0.000875656 0.000875657 0.000875656 0.000875656 0.000876177 0.000875656 0.000875656 0.000875657 0.000875656 0.000875657 0.000898184 0.000880984 0.00107534 0.000875656 0.000875656 0.000969767 0.000875656 0.000875656 0.000875656 0.000875656 0.00087569 0.000875656 0.000921125 0.000875656 0.000875656 0.000875657 0.000875657 0.000875659 0.00087566 0.000875656 0.000875656 0.000875657 0.000875656 0.000875656 0.000875656 0.00110988 0.000875657 0.000875656 0.000875656 0.000875656 0.000875656 0.000875656 0.000875659 0.000875656 0.000875656 0.000875656 0.000877749 0.000880927 0.000875656 0.000875656 0.000875656 0.000884834 0.000875657 0.000875656 0.000875656 0.000875658 0.000875656 0.000875656 0.000875656 0.00087616 0.0011002 0.000875659 0.000875658 0.000875656 0.000875656 0.000875656 0.000875658 0.000878885 0.000875657 0.0770379 0.000875657 0.000875657 0.000875656 0.000875657 0.000875656 0.000875657 0.000875656 0.000875657 0.000875657 0.000875656 0.000875656 0.000875656 0.000875656 0.000902874 0.000875656 0.000875656 0.000875656 0.000875657 0.000875656 0.000875656 0.000875749 0.000886071 0.000875656 0.000875656 0.000875657 0.000875661 0.000875657 0.000875658 0.000875656 0.000875656 0.000875661 0.000875656 0.000875656 0.00087567 0.000875656 0.000875656 0.000877154 0.000875656 0.000875656 0.000875658 0.000875656 0.000875658 0.000875657 0.000875656 0.000875657 0.000875656 0.00087659 0.00988475 0.000875656 0.000875656 0.00087568 0.000875656 0.000875739 0.000875656 0.000878435 0.000875656 0.000875656 0.000875659 0.000875656 0.000880034 0.000875656 0.000875692 0.000875657 0.000875657 0.000875657 0.000875656 0.000894265 0.000875656 0.000875657 0.000875658 0.000875659 0.000896024 0.000875657 0.000875656 0.000875656 0.000875656 0.000875656 0.000875656 0.000875656 0.000875658 0.000888054 0.000875658 0.000875656 0.000875659 0.000875657 0.000876419 0.000875659 0.000875656 0.00088499 0.000875658 0.000875657 0.000875657 0.000875658 0.000875657 0.000925559 0.000875656 0.000875658 0.000875656 0.000875656 0.000875658 0.000875656 0.000875657 0.000875656 0.000875657 0.000875656 0.000875656 0.000875859 0.000875656 0.000875656 0.000875659 0.000875657 0.000875657 0.000890821 0.000881283 0.000875656 0.000875656 0.000875657 0.000875656 0.000875657 0.000875656 0.000998188 39.4922 0.000875656 0.000875658 0.000875656 0.000875656 0.00127489 0.000889397 0.000875656 0.000875656 0.000875658 0.000875656 0.000875656 0.000875658 0.000898959 0.000875657 0.000996332 0.000875656 0.000875656 0.000875656 0.000875656 0.000905705 0.000875656 0.000875657 0.000875656 0.000875657 0.000875656 0.000875656 0.000875656 0.000931815 0.000885348 0.000890354 0.000876729 0.000875656 0.000875656 0.000875657 0.000875656 0.000875656 0.000875658 0.000875656 0.000875657 0.000883206 0.000875656 0.000875656 0.000875656 0.000875656 0.000875656 0.000875785 0.000875656 0.000875657 0.000875656 0.000875657 0.000877824 0.000875656 0.000875657 0.000875656 0.000875656 0.000875656 0.000875656 0.000875657 0.000875656 0.000875656 0.000875658 0.000875656 0.000875656 0.000882092 0.000875656 0.000875657 0.000875657 0.000875664 0.000875656 0.000875656 0.000875659 0.000875656 0.000875682 0.000875656 0.000875656 0.000875657 0.000875841 0.000875657 0.000875657 0.000875656 0.000875656 0.000875656 0.000875656 0.000875658 0.000875656 0.000875658 0.000875656 0.000875656 0.000875657 0.000875656 0.000875656 0.000875657 0.000875656 0.000875656 0.000875657 0.000875658 0.000875656 0.000875656 0.000875656 0.000875656 0.000875656 0.000875656 0.000875657 0.000875657 0.000875657 0.000875656 0.000875656 0.000875657 0.000889554 0.000875656 0.000875657 0.000875656 0.000875656 0.000876089 0.000875656 0.000887086 0.000875658 0.000875657 0.000875656 0.000875658 0.000875659 0.000875659 0.000970603 0.000875656 0.000881684 0.000925897 0.00112543 0.000875656 0.000934854 0.0019158 0.000875656 0.000895397 0.000875656 0.000875656 18.4643 0.00087566 0.000875656 0.000875656 0.000875656 0.000875657 0.000875656 0.000977784 0.000875657 0.000875657 0.000875656 0.000875656 0.000875656 0.115443 0.000876228 0.000875657 0.000875656 0.000875657 0.000875658 0.000875656 0.000876347 0.00106871 0.000875657 0.000875657 0.00087566 0.000875658 0.000875657 0.000875657 0.000875656 0.000875656 0.000875656 0.000875656 0.000875656 37.1625 0.000875656 0.000875656 0.000875656 0.000875656 0.000875656 0.000875659 0.000884615 0.000875656 0.000875656 0.000875657 0.000875656 0.000875656 0.000875656 0.000875656 0.000875657 0.000875656 0.000875657 0.000875687 0.000875657 0.000875656 5.33513 0.000875656 0.000875657 0.000875657 0.000875657 0.000875656 0.000875657 0.000875658 0.000875656 0.00107881 0.000879673 0.000875658 0.000875656 0.000875657 0.000875657 0.000875658 0.000875656 0.000875909 0.000875656 0.000875658 214.31 0.000875656 0.000875656 0.00087568 0.000889947 0.000875656 0.000917552 0.000875656 0.000893073 0.000875656 0.000875657 0.000875656 0.000875656 0.000875656 0.000875656 0.000875658 0.000875656 0.000907708 0.000875658 0.000875656 0.000875722 0.000875657 0.00087566 0.000875658 0.000875656 0.000875656 0.000875657 0.000875657 0.000875657 0.000875658 0.00088794 0.000875656 0.000875656 0.000875656 0.000875656 0.000875656 0.000875656 0.000875656 0.000875657 0.000878059 0.000875656 0.000875656 0.000875656 0.000875657 0.000875656 0.000875656 0.000875656 0.000875657 0.000973303 0.000875656 0.00171773 0.000875656 0.000875658 0.000875656 0.000875656 0.000885003 0.000885832 0.000875656 0.000875656 0.00088096 0.000875723 0.000875656 0.0017967 0.000878589 0.000875657 0.000875656 0.000875656 0.000875658 0.000875656 0.000875656 0.000875657 0.000875656 0.000875656 0.000875658 0.00087566 0.000875969 0.000875658 0.000876156 0.00101995 0.000875656 0.000875656 0.000875658 0.000875656 0.000875657 0.000992729 0.000875656 0.000875656 0.000875656 0.000875769 0.000879315 0.000875656 0.000875656 0.000875656 0.000875656 0.000875658 0.000875656 0.000875656 0.000875657 0.000875659 0.000880799 0.000875656 0.000875657 0.000875656 0.000875656 0.000875656 0.000875656 0.000875656 0.000875656 0.000875657 0.000875656 0.000875656 0.000875656 0.000875658 0.000875657 0.000875656 0.000875657 0.000875656 0.000875656 0.00087576 0.000875658 0.000875656 0.000875656 0.000875656 0.000875656 0.000875658 0.000875661 0.000875656 0.000875657 0.000882594 0.000875657 0.000875657 0.000875657 0.000875656 0.000875657 0.000875656 0.000875714 0.000875656 116.893 0.000875656 0.000875656 0.000875656 0.000875656 0.000875656 0.000918754 0.000875656 0.000876744 0.000875656 0.000875656 0.000875656 0.00087566 0.000875657 0.00087566 0.000875731 0.00087566 0.000875657 0.000875656 0.000875656 0.000875656 0.000875656 0.000875656 0.000875656 0.000875658 0.000875657 0.000875803 0.000875657 0.000875657 0.000875656 0.000875656 0.000875656 0.000875656 0.000875656 0.000875656 0.000875656 0.000875656 0.000875656 0.000875656 0.00109689 0.000875659 0.000875656 0.000875656 0.000875656 0.000875656 0.000875657 0.00087574 0.00207697 0.000875656 0.000875656 0.000875657 0.000875656 0.000875657 0.000875656 0.000875656 0.000875657 0.000875656 0.000900008 0.00095953 0.000875657 0.000875656 0.000875656 0.000875656 0.000875656 0.000875659 0.00088349 0.000875658 0.000875657 0.000875656 0.000875658 0.000875656 0.000875656 0.000875657 0.000880633 0.000875657 0.000875657 0.000875657 0.00087566 0.000875656 0.000883142 0.000875657 0.000875657 0.00100659 0.000877639 0.000901238 0.000875656 0.000875656 0.000875746 0.000875658 0.000899613 0.000875656 0.000878191 0.000914245 0.000875656 0.000875656 0.000875657 0.000875657 0.000875657 0.000875657 0.000875656 0.000875657 0.000875656 0.000875656 0.00103273 0.000875657 0.000875656 0.000875656 0.000875656 0.000875656 0.000875663 0.000876393 0.000939801 0.000875656 0.000875659 0.000875656 0.000875657 0.000875681 0.000875656 0.000875656 0.000875656 0.000875656 0.000875657 0.000875862 0.000875657 0.000875657 0.000875657 0.000875658 0.000875657 0.000875656 0.000875656 0.000875656 0.000875659 0.000875656 0.000875657 0.000897399 0.00256887 0.000875656 0.000875656 0.000875656 0.000875656 6.29084 0.000875656 0.000875656 0.000875656 0.000875656 0.000875657 0.000875657 0.000876508 0.000875656 0.000875656 0.000875656 0.000875656 0.000875656 0.000875657 0.000875656 0.00087566 0.000875656 0.000875803 0.000876101 0.0008757 0.000875656 0.000875657 0.000875657 0.000875656 0.000875657 0.000875656 0.000875656 0.000875656 0.000875656 0.000875656 0.000875656 0.000875657 0.00102755 0.000875657 0.000875657 0.00093565 0.000875656 0.000875658 0.000875656 0.000875657 0.000875656 0.000875656 0.000875656 0.000875656 0.000875656 0.000875765 0.000875656 0.000882793 0.000875656 0.000875656 0.000875657 0.000875657 0.000875656 0.000875656 0.000875657 0.000875656 0.000875657 0.000875656 0.000875659 0.000875657 0.000875658 0.000875687 0.000875656 0.000875658 0.000875667 0.000875656 0.000875656 0.000886562 0.000875656 0.000875656 0.000875656 0.000875658 0.000875656 0.000877796 0.000875656 0.000875658 0.000875656 0.000875657 0.000875656 0.00087566 0.000875656 0.000875657 0.000875656 0.000875656 0.000875657 0.000875657 0.000875656 0.000875656 0.000875657 0.000875657 0.000875658 0.000875656 0.000875658 0.000875657 0.000875656 0.000875656 0.00107095 0.000875657 0.000898133 0.000875656 0.000875656 0.000875656 0.000875656 0.000875656 0.000875656 0.000875656 0.000875656 0.000875657 0.000875657 0.000875656 0.000875656 0.000875719 0.000875656 0.000875656 0.000875657 0.000875657 0.000875656 0.000965212 0.000875656 0.00088757 0.000875656 0.000875657 0.000875657 0.00087566 0.000875659 0.000875656 0.000875657 0.000875658 0.000875656 0.00170056 0.000875656 0.000875657 0.000878201 0.000875657 0.000875656 0.000875656 0.000934958 0.000875661 0.000875656 0.000875656 0.000875669 0.000875656 532.355 0.000875657 0.000955938 0.000895784 0.000875656 0.000875657 0.000875656 36.0061 0.000875656 0.000875656 0.000875659 0.000875656 0.000875657 0.000875657 0.000875656 0.000875656 0.000875656 0.000875656 0.000875656 0.000875656 0.000875692 0.000875656 0.000875656 0.000879842 0.000876345 0.000875656 0.000875656 0.000875658 0.00087825 0.000875656 0.000875658 0.000875656 0.000875658 0.000876517 0.000880579 0.000876036 0.000875656 0.000875657 0.000897044 0.000875657 0.000883318 0.000875659 0.000875657 0.000875657 0.000875657 0.000888401 0.000875656 0.000875656 0.000875656 0.000875656 0.000875657 0.000875656 0.000875656 0.000875656 0.00113439 0.000875656 0.000875657 0.000875656 0.000875656 0.000875658 0.000875656 0.000911865 0.000875679 0.00088013 0.000875656 0.000875656 0.000875658 0.000878034 0.000875656 0.000875658 0.000875656 0.000875656 0.000875656 0.000875657 0.000875656 0.000875718 0.000875656 0.000875713 0.000875658 0.000902979 0.000875656 0.000875657 0.000875656 0.000875656 0.000875656 0.000875656 0.000875657 0.000875656 0.000876231 0.000875657 0.000875656 0.000875656 0.000948285 0.000875656 0.000875657 0.000875657 0.000875658 0.000875656 0.000875656 0.000875656 0.00089605 0.000875657 0.000875656 0.000875656 0.000875657 0.000875656 0.000875656 0.00087566 0.000875656 0.000875657 0.000875656 0.000875656 0.000881934 0.000875656 0.000875656 0.000875657 0.000875656 0.000875656 0.000885167 0.000875657 0.000875657 0.000875656 0.000875657 0.000880175 0.000875657 0.000875658 46.6195 0.000875663 0.000875656 0.000875656 0.000875657 0.000875656 0.000875657 0.000875656 0.000875656 0.000875657 0.000883795 0.000875658 0.000875656 0.000875656 0.000904106 0.000875657 0.000875656 0.000875657 0.000875656 0.000875656 0.0014744 0.000875656 0.00814226 0.000875656 0.000875656 0.000875656 0.000875657 0.000919557 91.8949 0.00106256 0.000875657 0.000875656 0.000875658 0.000875657 0.000875656 0.000875656 0.000875656 0.000875657 0.000875658 0.000875657 0.000875656 0.000875657 0.000875656 0.000875657 0.000875656 0.000875656 0.00087566 0.000875656 0.000875656 0.000875656 0.000875659 0.000875656 0.000875656 0.000875717 0.000875656 0.000875658 0.00087566 0.000875657 0.000903128 0.000875658 0.000875658 0.000875656 0.00087581 0.000875657 0.000877318 0.000875656 0.000875656 0.000875657 0.000875656 0.000875685 0.000875657 0.000875656 0.000875721 0.000875656 0.000928785 0.000875657 0.000876156 0.000875656 0.000875656 0.000875656 0.000875657 0.000875657 0.000875659 0.000875657 0.000875657 0.000875674 0.000875656 0.000875656 0.000875656 0.000875656 0.000875656 0.000875657 0.000875656 0.000875657 0.000875656 0.000875661 67.2264 0.000875657 0.000875656 0.000875656 0.000875657 0.000875658 0.000875657 0.000875656 0.000875657 0.0008865 0.000875657 0.000875656 0.000875657 0.000875658 0.000875656 0.000875659 0.000875657 0.000875656 0.000875657 0.000876423 0.000875657 0.000875656 0.000875657 0.000875657 0.000875656 0.000875756 0.000875656 0.000875657 0.000875658 0.00088281 0.000875659 0.000875656 0.000875657 29.7843 0.000875657 0.000875656 0.000875656 0.000875657 0.000875656 0.000875656 0.000875656 0.000875656 0.000877078 0.000875656 0.000875658 0.000875656 0.000875656 0.000875657 0.000875656 0.00087566 0.000875657 0.000875656 0.000875659 0.000875874 0.000875657 0.000875656 0.000875657 0.000875656 0.000875657 0.000876268 0.000875656 0.000875656 0.000875657 0.000875657 0.000875656 0.000875657 0.000885421 0.000875656 0.000875656 0.000875656 0.000875656 0.000875656 0.000875656 0.000876086 0.000946568 0.000903556 0.000875675 0.000875661 0.000875657 18.6087 0.000875657 0.000875656 0.000875656 0.000875658 0.000875656 0.000875659 0.000875656 0.000875656 0.000875656 0.000875656 0.000875657 0.000875656 0.000875656 0.000875657 0.000875658 0.000875656 0.000875656 0.000875656 0.000875656 0.000875658 0.000875657 0.000875657 0.000875658 0.000875656 0.000875656 0.000875656 0.000875657 0.000892052 0.000903907 0.000957464 0.000875656 0.00088545 0.000875656 0.000875658 0.000875657 0.000894423 0.000875658 0.000875657 0.000875657 0.000875656 0.000875728 0.000875658 0.000875657 0.000875657 0.000876028 0.000875656 0.000875656 0.000875656 0.000875657 0.000875656 0.000879407 0.000876014 0.000875656 0.000875656 0.000875656 0.000875656 0.000875659 0.000875656 0.000893249 0.000875657 0.000875656 0.000875656 0.000954918 0.000875656 0.000927864 0.000875659 0.000875658 0.000875959 0.000875659 0.000875657 0.000875656 0.000875656 0.00117574 0.000875657 0.000888451 0.000875656 0.000875656 0.000875656 0.000875656 0.000875657 0.000875658 0.000875658 0.000876565 0.000875696 0.000875656 0.000875656 0.000875657 0.00087566 0.000875657 0.000875657 0.000875656 0.000875659 0.000875656 0.000875657 0.000875656 0.000875656 0.00106368 0.000917751 0.000875657 0.000894997 0.000875656 0.00087568 0.00087566 0.000875657 0.000875656 0.000912494 0.000875657 0.000875656 0.000881317 0.000875656 0.000875656 0.000875658 0.000875656 0.000875657 0.000875658 0.000875658 0.000875658 0.000875656 0.000875656 0.000875656 0.000875656 0.000875658 0.000875656 0.000875656 0.000875656 0.000875656 0.000875658 0.000875658 0.000973239 0.000875656 0.000875656 0.000875656 0.000875656 0.000875656 0.000875656 0.000875656 0.000875656 0.000875658 0.000875656 0.000875656 0.000875656 0.000875658 0.000875673 0.000919202 0.000875657 0.000875656 0.000875656 0.000875657 0.000875656 0.000875656 0.000875656 0.000876409 0.00113285 0.000875656 0.000875656 0.000875656 0.000875656 0.000875682 0.000875656 0.000932088 0.000875656 0.000875657 0.000882793 0.000875656 0.000875658 0.000875657 0.000875761 0.000875656 0.000875656 0.000875656 0.000875656 0.000875656 0.000875659 0.000875656 0.00103135 0.000875656 0.000875657 0.000875656 0.000875731 0.000875658 0.000875657 0.00089997 0.000875656 0.000875656 0.000875656 0.000875657 0.000875656 0.000875656 0.000875656 0.000875955 0.000875661 0.000875658 0.000875656 0.000933851 0.000875656 0.000875656 0.000876986 0.000875656 0.000875656 0.000875656 0.000875657 0.00222926 0.000875657 0.000875656 0.000875662 0.000875656 0.000875656 0.000875656 0.000875656 0.000875656 0.000875657 0.000875656 0.00087566 0.000875656 0.000875656 0.000876681 0.000875657 0.000875656 0.000875657 0.000926375 0.000875657 0.000875657 0.000875656 0.000876311 0.000878813 0.000875656 0.00101883 0.000933979 0.000875656 0.000875658 0.00106369 0.000875656 0.000875656 0.000875659 0.000875656 0.000875657 0.000875656 0.000876418 0.000879362 0.000950315 0.000875656 0.000875656 0.000875656 0.000875656 0.000875656 0.000875656 0.000875656 0.000875656 0.000875724 0.000875656 0.000875658 0.000875656 0.000875656 0.000880586 0.000875657 0.000875658 0.000950325 0.000875658 0.000875657 0.000875657 0.00175538 0.000875656 0.000875656 0.000875656 0.000878342 0.000875656 0.000875656 0.000875656 13.2526 0.000875656 0.000888146 0.000875656 0.000875656 0.000875656 0.000875657 0.000875659 0.000875657 0.000875657 0.000875656 0.000878755 0.000875656 0.000875656 0.000875656 0.000875658 0.000875656 0.000875656 0.00132142 0.000875656 0.000875656 0.000875658 0.000875657 197.669 0.000875656 0.000875656 0.000875657 0.000875657 0.000875714 0.000875656 0.00090828 0.000875656 0.000875656 0.000875657 0.000875656 0.000875656 0.000875656 0.000875656 0.000875656 0.000875656 0.00103415 0.000875656 0.000877662 0.000878756 0.000875656 0.000875657 0.000875656 0.000875657 0.000875656 0.000875656 0.000875656 0.000875661 0.000875656 0.000875656 0.000875749 0.000875656 0.000875656 0.000875657 0.000930774 0.000875656 0.000875989 0.000875656 0.00087581 0.000876368 0.000875656 0.000875662 0.000875657 0.000875659 0.000875656 0.000875656 0.000875656 0.000875657 0.000875657 0.000875656 0.000875656 0.00093903 0.000875662 0.000875657 0.000875656 0.000875656 0.000875657 0.000875656 0.000875656 0.000875656 0.00087566 0.000875656 0.000875657 0.00168927 0.000875656 0.000875656 0.000875668 0.000875656 0.000875656 0.000875656 0.00087573 0.000875657 0.000875656 0.000875656 0.000875742 0.000875656 0.000875672 18.6516 30.3198 0.000875657 0.000875656 0.000875657 0.000875658 0.000875658 0.000875659 0.000875656 0.000875658 0.000875657 0.000875657 0.000875657 0.000875659 0.000882876 0.000875656 0.000875656 0.000875658 0.000875656 0.000875659 0.000875656 0.000875659 0.000875656 0.000875657 0.000875659 0.000875657 0.000876 0.000875656 0.000875656 0.000875656 0.000875656 0.000875656 0.000875656 0.000875657 0.000875657 0.000875656 0.00101975 0.000924374 0.000875656 123.746 0.000875656 0.000875656 0.000875659 0.000875656 0.000875656 0.000885996 0.000875683 0.000875656 0.000875656 0.000875658 0.000875656 0.000875656 0.000875656 0.000875656 0.000875656 0.000875657 0.000875656 0.000875656 0.000875656 0.000878699 0.000875656 0.000898074 0.000875656 0.000875656 0.000875656 0.000875657 0.000875656 0.000875656 0.000875656 0.000875656 0.000875656 0.000875656 0.000875656 0.000875656 0.000957392 0.000875662 0.000988678 0.000875667 0.000875658 0.000875656 0.000875656 0.000875656 0.000875658 0.000875656 0.000875657 0.000875659 0.000875656 0.000875662 0.000941378 0.000875658 0.000875656 0.000875657 0.000875656 0.000875656 0.000875656 0.000875656 0.000875658 0.000875656 0.000875656 0.000875656 0.000875656 0.000934857 0.000875656 0.000875657 0.000875656 0.000875656 0.000875658 0.000875659 0.000875657 0.000875666 0.000875658 0.000875656 0.000875656 0.000875656 0.000875656 0.000875657 0.000875656 0.000876444 0.000875657 53.3465 0.000875657 0.000875656 0.000875656 0.000875656 0.000875656 0.000883618 0.000875657 0.000875657 0.000875656 0.000875656 0.000875657 0.000875657 0.000875657 0.000875656 0.000875657 0.000875659 0.000875656 0.000875869 0.000875657 0.000875657 0.000875656 0.000875656 0.000875656 0.000875656 0.000875656 0.000875656 0.000875656 0.000875657 0.000875656 0.000875656 0.000875656 0.000875656 0.000875656 0.000875657 0.000875656 0.000875656 0.000875656 0.000875656 0.000875657 516.945 0.000875657 0.000875656 0.000875659 0.000875657 0.000875656 0.000875657 0.000875657 0.000875656 0.000875657 0.000875657 0.000875656 0.000880663 0.000875656 0.000875656 0.000875656 0.000875657 0.000875656 0.000875666 21.4472 0.000875657 0.000875656 0.000875657 0.000875657 0.000875656 0.000875656 0.000875656 0.000875656 0.000875656 0.000875656 0.000875656 0.000875656 0.000876083 0.000875657 2.41788 0.000875656 0.000875657 0.000875656 0.000875656 0.000875656 0.000875659 0.00100448 0.000875656 0.000875656 0.000875657 0.000875657 0.000875656 0.000875656 0.000875707 0.000875656 0.000875873 0.000875656 0.000875657 0.000875658 0.000875656 0.000875656 0.000875656 0.000875658 0.000875656 0.000875656 0.000875656 0.000903995 0.000875656 0.000875656 0.000875656 0.000875708 0.000875656 0.00087596 0.000875656 0.000875657 0.000875656 0.000875657 0.000875658 0.000931807 0.000875877 0.000875656 29.1406 24.4769 0.000875657 0.000875656 0.000875658 0.000875656 0.000875656 0.000875656 0.000875656 0.000875656 0.000875656 0.000875656 0.000875657 0.000875656 0.000875657 0.000875656 0.000875658 0.000875659 0.000883911 0.000938314 0.000875656 0.000875656 0.000876215 0.000875796 0.000875656 0.000875656 0.000875659 0.000875657 0.000875656 0.000875656 0.000920094 0.000875657 0.000875657 0.000875656 0.000875656 0.000891425 0.000875656 0.000875656 20.0957 0.000875664 0.000875656 13.7834 7.4999 0.000875656 0.00318654 0.000875656 0.000875656 0.000875656 0.00087566 0.000875656 0.000875656 0.000875657 0.000875656 0.000875656 0.000875656 0.000875687 0.000875658 0.000875657 0.000875656 0.000875656 0.000875656 0.000875657 0.000875656 0.000875656 0.000875656 0.000875657 0.000875656 0.000875658 0.000875656 0.000875658 0.000875657 0.000875656 0.000875658 0.00087723 0.000875656 0.000875656 0.000875656 0.000877169 0.000875657 0.000875656 0.000875659 0.000875656 0.000875658 0.000875656 0.000875657 0.000875656 170.613 0.000976481 0.000875657 29.5453 0.000875656 0.000875656 0.000875658 0.000875656 0.000875656 0.000875656 0.000875658 0.000875656 2.03028 0.000899405 0.000949781 0.000875656 0.000875656 0.000875657 0.000880753 0.000875656 0.000875656 0.000896771 0.000895902 0.000875658 0.000891078 0.000875656 0.000875656 0.000875656 0.000875658 0.000875659 0.000875657 0.000875658 0.000875656 0.000875656 0.000875658 0.000875656 0.00087566 0.000875656 0.000875658 0.000875657 0.00087575 0.0011329 0.000875658 0.000875656 0.000875656 0.000875656 0.000875657 0.000875656 0.000875656 0.000875656 0.000875656 0.000875656 0.000875656 0.000875657 0.000875659 0.000875656 0.000875656 0.000887688 0.000875659 0.000875657 0.000881857 0.000880012 0.000875656 0.000890074 0.000875838 0.000875657 0.000875656 0.000875656 0.000930611 0.000875656 0.000875656 0.000875656 0.00247845 0.000875656 0.000875657 677.202 9.62474 0.000876997 0.000875656 0.000875658 0.000875656 0.000875657 0.000875656 0.000875656 0.000875656 0.000875778 0.000875656 0.000875656 0.000875656 0.000876338 0.000875657 0.000875668 0.000875656 0.000875656 0.000882071 0.000875656 0.000875657 0.000875656 0.000875656 0.000875656 0.00132662 0.000875658 0.000875656 0.000875656 0.000875657 0.000875656 0.000875656 0.000875656 0.000875656 0.000875656 0.000875656 0.000875658 0.000875657 0.000875657 0.000875658 0.000875656 0.000875679 0.000875658 0.000875658 0.000875657 0.000875657 0.000875656 0.000875656 0.000875656 0.000875656 0.000875656 0.000875656 0.000895118 0.000875656 0.000875656 0.000884602 0.000875656 0.000875657 0.00111586 0.000875656 0.000875658 0.000875656 0.000875656 0.000875659 39.7899 0.000875656 0.00123213 0.000875657 0.000875656 0.000875659 0.000875656 0.000875657 0.000875656 0.000875656 0.000875656 0.000875658 0.00087567 0.000875656 0.000875656 0.000875656 0.000875656 0.000875659 0.000875657 0.00087657 0.000875657 0.000876228 0.000875659 0.000875656 0.000881743 0.000889743 0.000875656 0.000875656 0.000875656 0.000875816 0.000875656 0.000875656 0.000875656 0.000875656 0.000875658 0.000875656 0.000875656 0.000875656 0.000875656 0.000875656 0.000875656 0.000875724 0.000875656 0.000875656 0.000899714 0.000875657 0.000875657 0.000875656 0.000875657 0.000895057 0.000875656 0.000875656 0.000875656 0.000875656 0.000875658 0.000875656 0.000875656 0.000875656 0.000875657 0.000875656 0.000875656 0.000875656 0.000898056 0.000875657 0.000875662 0.000875656 0.000875664 0.000875656 0.000875686 0.000875657 0.000875656 0.000875656 0.000875656 0.00119827 0.000875656 0.000875657 0.000875658 0.000875656 0.000875656 0.000875657 0.000875658 0.000875656 0.000875656 0.000875658 0.000875656 0.000882016 0.000875659 0.000875656 0.000875656 0.000875656 0.000875658 0.000875743 0.000875656 0.000875657 0.000875657 0.000875657 0.00092518 0.000875657 0.000875657 0.000875657 0.000895597 0.000875657 0.000875656 0.000875657 0.000875658 0.000875656 0.000875657 0.000939638 0.000875656 0.000875656 0.000875659 0.000875656 0.000875656 0.000875656 0.000875656 0.000875657 64.1847 0.000875656 0.000875656 0.000875658 0.000875658 0.000875656 0.000875656 0.000875656 0.000875656 0.000875656 0.000875804 0.000875657 0.000875662 0.000875656 0.000875657 0.000875656 0.00087566 0.000875656 0.000875658 0.000875658 0.000875656 0.000875656 0.000875656 0.000875657 0.000875656 0.000875656 0.000875656 0.000875656 0.000875657 0.000876077 0.000875657 0.000875656 0.000875656 0.000875656 0.000875656 0.000875656 0.000875657 0.000875866 0.00118555 0.000875657 0.000875656 0.00087566 0.000875657 0.000875656 0.000875657 0.000875657 0.000875822 0.000875657 0.000875656 0.000875786 0.000875659 0.000875657 0.00087575 0.000875656 0.000875659 0.000875656 0.000875656 0.000875656 0.000875656 0.000875656 0.000875657 12.0164 0.000875656 0.000875656 0.000875656 0.000875656 0.000875656 0.298171 0.000875656 0.00171657 3.30449 0.000875656 0.000875674 0.000875657 0.000875656 0.000875657 0.000888715 0.000875802 0.000875656 0.000875656 0.000875658 0.000875656 0.000875656 0.000875656 0.000875656 0.000875656 0.000875656 0.000875656 0.000875656 0.000875656 0.000875656 0.000875657 0.000875656 0.000875656 0.000907022 0.000875656 14.7054 0.000875657 0.000875658 0.000875658 0.000875657 0.000875656 0.000875656 0.000875658 0.000875658 0.000875656 0.000875657 0.000875657 0.000875657 0.000875656 0.000875657 17.4247 0.000875656 0.000875656 0.000875656 0.000892855 0.000875802 0.000875656 0.000875656 0.000875656 0.000875656 0.000875656 0.000894717 0.00087566 117.118 0.000875658 0.000875656 0.000875656 30.8192 0.000876802 0.000875658 0.000875656 0.000875656 0.000875656 0.000875656 0.000875657 0.000875656 0.000875656 0.000876541 0.000877599 0.000875656 0.000875657 0.000875656 0.000875658 0.000875657 0.000875657 0.000875656 0.000875656 0.000875656 0.000936718 0.000875659 0.000875656 0.00148341 0.000875656 0.000876417 0.000875656 0.000899927 0.000875656 0.000875656 0.000875656 0.000875657 0.000875656 0.000875657 0.000875657 0.000875656 97.3155 0.000875657 0.000875656 0.000875657 0.000875656 0.000875657 0.000875656 0.000875656 0.000875656 0.000875659 0.000875656 0.000875658 0.000875666 0.000878762 0.000875656 0.000875658 0.000875656 0.000875657 0.000876776 0.000875658 0.000875662 0.000875659 0.000875656 0.000875659 0.000875656 0.000875656 0.000875658 0.000875876 0.000875656 0.000875657 0.000875656 0.000875658 0.000875656 0.000879625 0.000875721 0.000875659 0.000875656 0.000875657 0.000875657 0.000875657 0.000875788 26.5667 0.000875657 0.000875659 0.000875656 0.000875656 0.000875656 0.000875656 0.000875656 0.000875661 0.000929351 0.000875656 0.000875782 0.000875657 0.000875658 0.000875656 0.000875657 0.000875658 0.000877211 0.000875656 0.000875657 0.000875656 0.000875658 0.000875658 0.000875659 0.000880717 0.000876755 0.000875657 0.000875658 0.000875656 0.000875657 0.000875657 0.000875656 0.000875656 0.000875657 0.000875656 0.000875867 0.000875656 0.000901324 0.000875657 0.000875656 0.000875657 0.000898205 0.000875656 0.000875656 0.000875656 0.000875656 0.000875656 0.000875656 0.000875656 0.000875656 0.00087566 0.000924397 0.000901406 0.000875656 0.000875656 0.000875656 0.000875656 0.000875657 0.000882055 0.000875656 0.000885753 0.00168931 0.000875657 0.000875656 0.000891115 0.000875656 0.000875656 0.000875656 0.000875656 0.000875656 0.000875656 0.000875656 0.000875656 0.000875661 0.000875656 0.000879694 0.00301634 0.000875656 0.000875656 0.000875656 0.000875656 0.000875656 0.000875657 0.000875658 0.000875676 0.000875664 0.000875657 0.000886505 0.000875656 0.00089309 0.000875656 0.00105311 0.000875656 0.000875656 0.000875687 0.000875656 0.00087966 0.000875656 33.7518 0.000875656 0.000875656 0.000875656 0.000875657 0.000875657 0.000909593 0.000875661 0.000875656 0.000875658 0.000875656 0.000875657 0.000875657 0.000875656 0.00264681 0.000875658 0.000875656 0.000875657 0.000875656 0.000875656 0.000875656 0.000875657 0.000875656 0.000875659 0.000875656 0.000875656 0.000875656 0.000875656 0.000875656 0.000875656 0.000875656 0.000875656 0.000875656 31.3502 0.000875658 0.000875656 0.000875657 0.000875656 4.6746 0.000875656 0.000875657 0.000875656 0.000875719 0.000875658 0.000875656 0.000875656 0.000875657 0.000875656 0.0012034 0.000875656 0.000875656 0.000875658 0.000875656 0.000875657 321.382 0.000875656 0.000875656 0.000875668 0.000875656 0.000875657 0.000875656 0.000875656 0.000875656 0.000875656 0.000875657 0.000875656 0.000875658 0.000875656 0.000875656 0.000891975 0.000875656 18.0129 0.00137984 0.000875656 0.000875657 0.000875656 0.000875658 0.000875657 0.00171766 0.00308849 0.000920665 0.000875657 0.000875656 92.207 0.000875656 0.000875656 0.000875656 0.00107315 0.000875656 0.000881954 0.000875656 0.000875656 0.000875656 0.000875657 0.000875656 0.000875656 0.000875656 0.000875656 0.000875657 0.000875658 0.000875656 0.000875656 0.000885824 0.000875759 0.000875656 0.000875656 0.000875657 0.000875656 0.000875656 0.000875656 0.000987209 0.000875656 0.000875674 0.000875657 0.000899137 0.000875656 0.000875656 0.000875659 0.000875656 0.00087566 0.000875656 0.000875656 0.000875941 0.000875657 0.000875657 0.000965531 0.000875656 0.000875656 0.000875656 0.000875657 0.00087566 0.000875658 0.000875656 0.000887952 0.000875658 0.000875656 0.327474 0.000875657 0.000875658 0.000875656 0.000875656 0.000875656 0.000875656 0.000875656 0.000875656 0.000875656 0.000875657 0.000875657 0.000875656 0.00091857 0.000875656 0.000895678 0.000875656 0.000875657 0.000875656 0.000875656 0.000875657 0.000875656 0.000875656 0.000875659 0.000875766 0.000875656 0.000875656 0.000875656 0.000875656 0.000875657 0.000875658 0.000875656 0.000875657 0.000875656 0.000875658 0.000875656 0.000875656 0.000875656 0.000875656 0.000875656 0.000912682 0.000875656 0.000875656 0.000875657 0.000875658 0.000875656 0.000880577 0.000879585 0.000875657 3.09705 0.000875656 0.000875656 0.000876246 0.000875656 0.000875656 0.000875656 0.000875656 0.000875656 0.000875658 0.000973981 0.0010805 0.000875656 0.000875657 0.000875656 0.000884174 0.000875656 22.2753 0.000875657 0.000875656 0.000875656 0.000876214 0.000875656 0.000875659 0.000875657 0.000875656 0.000875656 0.000888387 0.000875656 0.000875656 0.000875656 0.000881827 0.000875657 0.000875756 0.000875658 0.000875656 0.000875658 0.000875657 0.000875658 0.000875656 0.000875732 0.000875657 0.000875657 0.000875661 0.000875658 0.000875657 0.000875656 0.000911662 0.000875656 0.000875656 0.000882922 0.000875656 0.000875656 0.000875657 0.000875656 0.000875656 0.000875656 0.000875656 0.000875656 0.000875656 0.000875657 0.000875658 0.000875656 0.000875657 0.000875656 0.000875657 0.000875657 0.000875656 0.000875657 0.000976966 0.000875656 0.000875657 0.000875656 0.000875668 0.000875656 0.000875657 0.000880542 0.000875656 0.000875656 0.000875656 0.000875659 0.000876726 0.000875656 0.000875656 0.000875657 0.000875656 0.000875658 0.00410449 0.000875656 0.000875656 0.000918302 0.000875751 0.000875656 0.000875656 0.000875659 0.000875657 0.000875657 36.7108 0.000885851 0.0008763 0.000875656 0.000974999 0.000875658 0.000875656 0.000875874 0.000875661 0.000875657 0.000875657 18.0137 0.000875656 0.000875656 0.000880723 0.000875657 0.000875656 0.000875658 0.000875749 0.000875658 0.000875656 0.000875656 0.000875657 0.000892633 0.000875657 0.000875656 0.000875656 0.000875656 0.000975692 0.000875656 0.000875657 0.000875657 0.000875658 0.000875656 0.000876248 0.000875656 0.000875656 0.000880906 0.000875657 0.000875656 0.000875656 0.000875656 0.000875657 0.000875656 0.00089268 0.000875656 0.000875656 0.00118436 0.000875656 0.000875656 0.000875656 0.000875656 0.000875656 0.000875656 0.000875657 0.000875656 0.000875656 0.000875656 0.000875656 0.000875656 0.000875656 0.000875657 0.000875657 0.000875668 0.000875658 0.000875656 0.000875656 0.000875656 0.000875656 0.000876238 0.000875656 0.000875657 0.000875657 0.000875656 0.000875656 0.000875656 0.000875658 0.000875657 0.000875658 0.000875658 0.000875656 0.000882722 0.000875656 0.000875656 0.000875667 0.000880663 0.000875656 0.000875656 0.000875656 3.52615 0.000875656 0.000875657 58.8759 0.000875656 0.000875658 0.000875656 0.000875656 0.000875754 0.000942773 0.000875659 0.000875656 0.000875656 0.000875657 0.000875656 0.000875656 0.000875656 0.000875658 0.000875657 0.000875657 0.000875656 0.000915774 0.000875656 0.000875656 0.000875657 0.000875656 0.00109519 0.00106788 0.000875656 0.000875656 0.000875657 0.000875756 0.000875656 0.000875656 0.000875658 0.000875657 0.000875656 0.000875656 0.000875777 0.000875657 0.000875657 0.000875657 0.000875656 0.000875656 18.4643 0.000875656 0.000875656 0.000875656 0.000875656 0.000949475 0.000875656 0.00087577 0.000875656 0.000875656 0.000875656 0.000875656 0.000875657 0.000875656 0.000875657 0.000875656 0.000875656 0.000875656 0.000875656 0.000875658 0.000875656 0.000875656 0.000875665 0.000876463 0.000875656 0.000875657 0.000875673 0.000875656 0.000875656 0.00087566 0.00087569 0.000875656 0.000875656 0.000875656 0.000875656 0.000875656 0.000875656 0.000890667 0.000875656 0.000875658 0.000875656 0.000875855 0.000875656 0.000875656 0.000875656 9.44707 0.000875656 0.000875656 0.00087581 0.000875659 0.0276258 0.000875657 0.000875656 0.000875659 0.000875656 0.000875659 0.000875656 0.000875656 0.000875656 0.000875656 0.000875656 0.000875657 0.00971885 0.000903828 0.000880608 0.000875657 0.000986129 0.000912181 0.000875657 0.000875657 0.000875657 0.000875657 0.000875656 0.000875656 0.000875656 0.000875656 0.000875658 0.000875656 4.3488 0.000875657 0.000875656 0.000875656 0.000875658 0.000875656 0.000888667 0.000875656 0.00114845 0.000875657 0.000875656 0.000875814 0.000875657 0.000875656 0.000875656 0.000875656 0.000875659 0.000875656 0.000875656 0.000875656 0.000927617 0.000875658 0.000875656 0.000875659 0.000875656 0.000875901 0.000875658 0.000875657 0.000875656 0.000875656 0.000875656 0.000875725 0.000875656 0.000875657 0.000880904 0.000875658 0.000875657 0.000875658 0.00088147 0.00128771 0.000875658 0.000875656 0.000875657 0.000875658 0.000875656 0.000875865 0.000875664 0.000875656 0.000875656 0.000875656 0.000875656 0.000875656 0.000875656 0.000875658 0.000875657 0.000875656 0.000875656 0.000875656 0.000875657 0.000875656 0.000875657 0.000906589 0.000875656 0.000875656 0.000875656 0.000875656 0.000875656 0.000875656 0.000875656 0.000875657 0.000875657 0.000875657 0.000875659 0.000875657 0.000875657 0.000875656 0.000875656 0.000875656 0.000875656 0.000875656 0.000875657 0.000875656 0.000876369 0.000875657 0.000875656 0.00245189 0.000875669 0.000875656 15.535 0.000875679 0.000875656 0.000875657 0.000875658 0.000875656 0.000875656 0.000875658 0.000875656 0.000875656 0.000875657 0.000875656 0.000875656 0.000875656 0.000875656 0.000875656 0.000875658 0.000875656 0.000875657 0.000875658 0.000875657 0.00087747 0.000875661 0.000875656 0.000977015 0.000875656 0.000875656 0.000875656 0.000875657 0.000879001 0.000875656 0.000875656 0.000875656 0.000875656 0.000875659 0.000875657 0.000875656 0.000875656 0.000889537 0.000875656 0.000875656 0.000875657 0.000875656 0.000875658 0.00087627 0.000875657 0.000875657 0.000876084 0.000875656 0.000875656 0.000875656 0.000875657 0.000875656 0.00089648 0.000875656 0.000875656 0.000875656 0.000875657 0.000875656 0.000875659 0.000875656 0.000877322 0.00087576 0.000875656 0.000875658 0.000875658 0.000875657 0.000875657 0.000875681 0.000875658 0.000875656 0.00087567 0.000875656 0.000886488 0.000875658 0.000875657 0.000875656 0.000875656 0.000875657 27.9584 0.000875656 0.000875657 0.000875657 0.000875656 0.000875656 0.000875656 94.5308 0.000875656 0.000875658 0.00087566 0.000875658 0.000875656 0.000875658 0.000875656 0.000875656 0.000875675 0.000875947 0.000875656 0.000879343 0.000875656 0.000875734 0.000875656 0.000875705 0.000875715 0.000919092 0.000875656 0.000875656 0.000875657 0.000875657 0.000875657 0.000875656 0.000875878 0.000875657 0.000875657 0.000875658 20.5816 0.000875656 0.00193393 0.000875658 0.000961799 0.000875656 0.000882222 0.000875656 0.000875656 0.000875656 0.000875656 0.000875657 0.000875656 0.00456693 0.000875657 0.000875657 0.000875656 0.000875656 0.00105092 0.00096404 0.000875656 0.000875656 0.000876995 0.000875656 0.00430689 0.000875656 0.000875656 0.000875658 0.000875656 0.000878123 0.000875656 0.00087584 0.000875656 0.000875656 0.000875656 0.000875657 0.000875656 0.00103893 0.00089553 0.000875656 0.000875656 0.000875657 0.000875656 0.000991219 0.000875657 0.000875657 0.000875658 0.000875656 0.000875658 0.000875657 0.000875657 0.000875656 0.000884402 0.000875656 0.000876508 0.000875656 0.000875656 0.000875656 0.00087566 0.000875656 0.00087569 0.000875656 0.000875659 0.000875656 0.000876115 0.000902857 0.000875658 0.000875656 0.000875656 0.000876037 0.000875657 0.0013431 0.000875932 0.000880108 0.000875656 0.000875656 0.000875656 0.000875657 0.000875658 0.000875656 0.000875657 0.000875656 0.000875656 0.000875657 0.000875716 0.000875656 0.000875656 0.000875657 0.000875656 0.000875656 0.000875657 0.000875656 0.000875656 0.000880234 0.000875656 0.000875656 0.000875656 0.000875656 0.000875657 0.000875656 0.000875656 0.000875656 0.000903365 0.000875656 0.000883779 0.000875665 0.000875657 0.000875657 0.000875657 0.000875656 0.000875656 0.000875659 0.000875656 0.00091025 0.000875656 0.000875729 0.000875657 0.000875657 0.000875687 0.000875656 0.000875656 0.000875656 0.000875656 0.000875656 0.000875656 0.000875656 0.000875657 0.000875658 0.000875656 0.000875657 0.000875656 0.000875656 0.000875657 0.000875656 0.000875656 0.000880594 0.000875659 0.000875656 0.000875656 0.000877073 0.000875657 0.000875656 0.000875656 0.000875656 0.000875658 0.000875656 6.61276 0.000875657 0.000875657 0.000875732 0.000875656 0.000875656 0.000875656 0.000875658 0.000875656 0.000875656 0.000875657 0.000875658 0.000875658 0.000875656 0.000875657 0.000875656 0.000875656 0.000875656 0.000875656 0.000875656 0.000875659 0.000875656 0.000875656 0.000875656 0.000875656 0.000879838 0.000875656 0.000888471 0.000875656 0.000875656 0.000875657 0.000875656 0.000875657 0.000876458 0.000875657 0.000875656 7.66859 0.000875657 0.000964895 0.000875663 32.0303 0.000875658 0.00092237 0.000875657 0.000875656 0.000938122 0.000875656 0.000875657 0.000875657 0.000875656 0.000878804 0.000875657 0.000875656 0.000875656 0.000875656 0.00088814 0.000875656 0.000912621 0.000875656 0.000875656 0.000875659 0.000875658 0.000875657 0.000875656 0.000875657 0.000875656 0.000925403 0.00088127 0.000875656 0.000877599 0.000875656 0.000875657 0.000875657 0.000935234 0.000875657 0.000875729 0.000875656 0.000875657 0.000875656 0.000875865 0.000875656 0.000875658 0.000875656 0.000881186 0.000875656 0.000875657 0.000876211 0.000908271 0.000875656 0.000875656 0.000875656 0.000875656 0.000875657 0.00109971 0.000876443 0.00087591 0.000875656 0.000875686 41.6322 0.000875656 0.000875656 0.000875657 0.00168438 0.000875658 0.000881199 0.000875656 0.000875656 0.000875656 0.000875656 0.000875657 0.000875659 0.000875656 0.000875656 0.000875656 0.000875656 0.000875656 28.4634 1545.79 0.000875656 0.000875656 0.000875658 0.000875656 0.00087579 0.000875656 0.000877497 0.000875656 0.000875656 0.0040685 36.1572 0.000875656 0.000875656 0.000875656 0.000875693 0.000875657 0.000875656 0.000875656 0.000875656 0.000875656 0.000875657 0.000875658 0.00087566 0.000875657 0.000875656 0.000875657 0.000875656 0.000875658 0.000875656 0.000875657 0.000875656 0.000875656 0.000875656 0.000875656 0.000875657 0.000875657 0.000875656 0.000875656 0.000875656 0.000875657 0.000875656 0.000875656 0.000875656 0.000875657 0.000875656 0.000875656 202.269 0.000875657 0.000875656 0.000875656 0.000887593 0.000875862 0.000923634 0.000875656 0.000875656 0.000875657 0.000875657 0.000875657 0.000875657 0.000875656 0.000875656 0.000875657 0.000875656 0.000875659 13.6277 0.000875657 0.000875657 0.000875657 0.000938955 0.000875656 0.000875931 0.000875656 0.000875656 0.000875658 0.000875656 0.000875656 0.000875657 0.000875657 0.000875656 0.000875656 0.000875657 0.000875656 0.000875656 0.000875657 0.000875656 0.000875661 0.000875656 0.000875656 0.000875656 0.000875657 0.000875656 0.000875657 0.000902937 0.000875656 0.000875656 0.000875656 0.000875658 13.2247 0.000875656 0.000875657 0.000875656 0.000875656 0.000875656 0.000875656 0.000881881 0.000875659 0.000875656 0.000875656 0.000875658 0.000921459 0.000875658 0.000875656 0.000875657 0.000875657 0.000877065 0.000875657 0.00087566 0.000875656 0.000875657 0.000875656 0.000875656 0.000875656 0.000875658 0.000875657 0.000875656 0.000875656 0.000875656 0.00087566 0.000875656 0.000875656 0.000892846 0.000926791 0.00087566 0.000958016 0.00096326 0.000875694 0.000875656 0.000875657 0.00087779 0.000875656 0.000875656 0.000875656 0.000875658 0.00089492 0.000875656 0.000875656 0.000877991 0.000875656 0.00087566 0.000875656 0.000875656 0.000875656 0.000875657 0.000875656 0.000890827 0.000875656 0.000875658 0.000875658 0.000875657 0.000877796 0.000875656 0.000875656 0.000875657 0.000875657 0.000875656 0.000875656 0.000875659 0.000875658 0.000875662 0.000875656 0.000875656 0.000875658 0.00088741 0.000875656 0.000875656 0.000882536 0.000875656 0.000876451 0.000876434 0.000875657 0.000875656 0.000875656 0.000875658 0.000875656 0.000875658 0.000875656 0.000875658 0.000875656 159.919 0.000875657 0.000875656 0.000875656 0.000875657 0.000875656 0.000875657 0.000931387 0.000878224 0.000875657 0.000875704 0.000875656 0.000875656 0.000875657 0.000875658 0.000875747 0.000875656 0.000875659 0.000875657 0.000875656 0.000886116 0.00102037 0.000875656 0.000875656 0.000875657 0.000875887 0.000875656 0.000875656 0.000875656 0.000875657 0.000875656 0.000875656 0.000883484 0.00087617 0.000875656 0.000875656 0.000875656 0.000875699 0.000875656 0.000875664 0.000875657 0.000875658 0.000875657 0.000875657 0.000875656 0.000875657 0.00087578 0.000875657 0.000875656 0.000875656 0.000875656 0.000877382 0.000875656 0.000875656 0.000875656 0.000875657 0.000875762 0.000916131 0.000875657 0.000875656 0.000899975 0.000875656 0.000875656 0.000940665 0.000875656 0.000875656 0.000875657 0.000875658 0.000875656 0.000930965 0.000875656 0.000878597 0.000875656 0.000875656 0.000875672 0.000875656 0.000875656 0.000875656 0.000875657 0.00133796 0.000875656 0.000875656 0.00088219 0.000875656 0.000875656 0.000875656 0.000878149 0.000875657 0.000875657 0.000875656 0.000875656 0.000875656 0.000875657 0.000875657 0.000893801 0.000875657 0.000877959 0.000881518 0.000875675 0.000875657 0.00098347 0.000875657 0.000875657 0.000875656 0.000875656 0.000875656 0.000875657 0.000880078 0.000875656 0.000875657 0.000875656 0.000875673 0.000875657 0.000875656 0.000875656 0.000875656 0.000875656 0.000875656 0.000875657 0.000881628 0.000875657 0.000875657 0.000875657 0.000875656 0.000875657 0.000875656 0.000875658 0.000875702 0.000881506 0.000875656 0.00108061 0.000894989 0.000875657 0.000875656 0.000875656 0.000875656 0.000875656 0.000875656 0.000875656 0.000875657 0.000875717 0.000875663 0.000875657 0.000875656 0.000875656 0.000875656 0.000875656 0.000875658 0.00087566 0.000875657 0.000878845 0.000875656 0.000886643 0.000875657 0.000875656 0.000919015 0.00093275 0.000878016 0.000875656 0.000875656 0.000875656 0.000875657 0.000875656 0.000876813 0.000875657 0.000875656 0.00126874 0.000875656 0.00088686 0.000875656 0.000875656 0.000875656 0.000875656 0.000875657 0.000875869 0.000875656 0.000875656 0.000886438 0.000908889 0.000875659 0.000875656 0.000930774 0.000875656 0.00314826 0.000875656 0.000875657 0.000875656 0.000875656 0.000875656 0.000875656 0.000875656 0.000875656 0.000875657 0.000875656 0.000875657 0.000875657 0.000875656 0.000875656 0.000875656 0.000875656 0.000875656 0.000875656 0.000885497 0.000875656 0.000875656 0.000909397 0.000875659 0.000875656 0.000877549 0.000875657 0.000875656 0.000875657 0.000875656 0.000875656 0.000875656 0.000875658 0.000875656 0.000875657 0.000899344 0.000875657 0.000875656 66.8716 0.000875657 0.000875656 0.000875656 0.000888108 0.000875659 0.000875657 0.000875656 0.000875661 0.000875656 0.000875656 0.000875656 0.000875657 0.000882043 0.000875657 0.000875657 0.000875656 0.000875656 0.000875656 0.000875656 0.000984832 0.00094456 0.000875656 0.000875657 0.000875656 0.000875656 0.000875656 0.000875656 0.000878881 0.000875656 0.000875657 0.000875656 0.000875656 0.000894352 0.000881068 0.000875656 0.000875656 0.000875656 0.000876297 0.000875656 0.000875656 0.000875657 0.000875656 0.000875656 0.000875656 0.000875671 0.000875656 0.000875656 0.000875656 0.000875656 0.000875656 0.000875656 0.00087611 0.000875656 0.000875657 0.000904377 52.6677 0.000875656 0.000875657 0.000875656 0.000875742 0.000875659 0.000875656 0.000875656 0.000875656 0.000875656 0.000875656 0.000875656 0.000875656 0.000875657 0.000875657 0.000893241 0.000875656 115.148 0.00104539 0.000875665 0.000875656 0.000875658 0.000905215 0.000875656 0.000875656 0.000875657 0.00087566 0.000875657 0.000875669 0.000875658 0.000875685 0.000875656 0.000875656 0.000875656 0.000875792 0.000881057 0.00104405 0.000875657 0.000875657 0.00087566 0.00111358 0.000875656 23.4155 0.000876004 0.000875658 0.000875656 0.000875656 0.000890658 0.000875656 0.000875657 0.000879049 0.000875658 0.000875656 0.000875657 0.000875656 0.000875658 0.000982857 0.000876426 0.000875657 0.000875656 0.000875673 0.000875658 0.000875673 0.000875656 0.000875656 0.000875657 0.000875656 0.000875656 0.000875657 0.000923314 0.000875656 0.000875659 0.000875671 0.000875656 0.000875658 0.000875658 0.000883532 0.000875656 0.000875657 0.000875656 0.000875656 0.000875658 0.000883641 0.000875656 0.000876204 0.000875656 0.000875656 0.000875656 0.00347238 0.000875943 0.000875656 0.000875656 0.000875656 0.000875657 0.000875656 0.000877013 0.000875658 0.000875657 0.000875658 0.000875657 0.000883853 0.000905844 0.000875656 0.000875656 0.000875656 0.000875656 0.000875659 0.000875656 0.000875656 0.000875657 0.000875659 0.000875656 0.000875656 0.000875656 0.000875656 0.000875656 0.000875657 0.000875657 0.000875656 0.000875657 0.000875656 0.000875659 0.000959544 0.000875656 0.000875656 0.000875657 0.000875656 0.000875657 0.000875658 0.000875658 0.000875656 0.00087566 0.000875656 0.000875657 0.000876315 0.000875658 0.000875656 0.000875656 0.000875657 0.000875673 0.000875658 0.000875656 0.000875656 0.000904655 0.000875656 0.000875695 0.000875658 0.000875659 0.000875656 0.000875656 0.000875706 0.000875658 0.000875656 0.000875657 0.00091651 0.000879924 0.000875656 0.000880875 0.000875656 0.000875664 0.000875656 0.000875657 0.000875657 0.000875658 0.000875656 0.000875656 0.000875656 0.00104539 0.000875657 0.000875657 0.000875656 0.000875657 0.000899622 0.000875657 0.000875656 0.000875658 0.000875656 0.000875656 0.000875656 0.000940969 0.000875657 0.000875657 17.7398 0.000875656 0.000875656 0.000875874 0.000875658 0.000875656 0.000875657 0.000875656 0.000875656 0.000875656 0.000875656 0.000875658 0.000875656 0.000875656 28.5774 0.000875657 0.000875656 0.000875865 0.000875657 0.000875656 0.000875657 0.000875656 0.000875657 0.00114733 0.000875656 0.000875656 0.00140405 0.000875657 0.000875657 0.000875657 0.000889534 0.000875679 0.000875657 0.000875656 0.000875656 0.000875657 0.000875656 0.00090102 0.00088133 0.000875656 0.000875657 0.00087567 0.000875656 0.000875656 0.000875794 0.000875656 0.000875657 0.000875656 0.000875765 0.000881172 0.000875656 0.000875656 0.000875656 0.000875656 0.000875657 0.000875656 0.000875657 0.000875656 0.000883013 0.000875656 0.000875658 0.000897131 0.000920662 0.000875657 0.000875657 0.000875656 0.000875656 0.000875658 0.000875656 0.000875656 0.000875886 0.000875656 0.000875656 0.000875656 0.000875657 0.000879942 0.000875656 0.000875656 0.000875657 0.000875656 0.000875656 0.000875656 0.000875657 0.000875656 0.000875656 0.000875656 0.000875658 0.000875658 0.000875656 0.000877659 0.000896088 0.000875658 0.000875656 0.000875658 0.000875656 0.000875658 0.000875656 0.000875656 0.000875656 0.000875656 0.000875656 2.42699 0.000875657 0.000875657 0.000875656 0.000875656 0.000875658 0.000875656 0.000875656 0.000875656 0.000875656 0.000875656 0.000875656 0.000875656 0.000875658 0.000877205 0.000875656 0.000875656 0.000877188 0.000912823 0.000875656 0.000875658 0.000875657 0.000875656 0.000875657 0.000875656 0.000875656 0.000875657 0.000875656 0.000875657 0.000875657 0.000875657 0.000875689 0.000875656 0.000875656 0.000875658 0.000882013 0.000875657 0.000875656 0.000875657 0.000875656 0.000875656 0.000875657 0.000875656 0.000881791 0.000875656 0.000875667 0.000875656 0.000875656 0.000875657 0.000875656 0.000875657 0.000875656 3.30449 0.000875657 0.000875656 0.00190698 0.000875656 0.000875656 0.000875656 0.00087708 0.000875656 0.000875656 0.000875657 0.000875658 0.000875658 0.000875657 0.000875656 0.000875657 0.000875656 0.000875656 0.000875705 0.000875657 0.000875656 0.000875667 0.000875658 0.000875658 0.000875659 0.000875656 0.000875656 0.000875659 0.000875657 0.000875656 0.000875657 0.000875718 0.000876224 0.00447115 0.000875657 0.000875658 0.000875656 0.000875656 0.000875656 0.000875661 0.000875656 0.000875656 0.000875657 0.000875656 0.000875657 0.000875656 0.000875656 0.000875659 0.000875656 0.000875656 0.000875666 0.000875836 0.000875656 0.000875656 0.000875657 64.4742 0.000875658 0.000875656 0.000904201 0.000875656 0.000875826 0.000875657 0.000875656 0.000910267 0.000875657 0.000899271 0.000876032 0.000875678 0.000875656 0.000875656 0.000875657 0.000875656 0.000875656 0.000875657 0.000875657 0.000875656 0.000875657 0.000875658 0.000875656 0.000875658 0.000875656 0.000955867 0.000875656 0.000875656 0.000875656 0.00087566 0.000875658 0.000875658 0.00108499 0.000875656 0.000875658 0.000875657 0.000875656 0.000875658 0.000923292 0.00140874 0.000875656 0.000875666 0.000875828 0.000875656 0.000875656 0.000876576 0.000875656 0.00087601 0.000875659 0.000875657 0.000875657 0.000875657 0.000875657 0.000875661 0.000875658 0.000875657 0.000877119 0.000875657 0.000875656 0.000875696 0.000875656 0.000959662 0.000875657 0.000875707 0.000875657 0.000875656 0.000882893 0.000875657 0.000875656 0.000875656 0.000875657 0.000875668 0.000875656 0.000875659 0.000888345 0.000875656 0.000875657 0.000875656 0.000875656 0.000875658 0.000875656 0.000875657 0.000875656 0.000875656 0.000875657 0.000875656 0.000875656 0.000875658 0.000875656 0.000875656 0.000875656 0.000875656 0.00091621 0.000875656 0.000875656 0.00094855 0.000875656 0.000875656 0.000875657 0.000875656 0.000875658 0.000875657 0.000875692 0.000875657 0.000875656 0.000875656 0.000875656 0.000875659 0.000875656 0.000875658 0.000875656 0.000875656 0.000875656 0.000875656 0.0010025 0.000875656 0.000875656 0.000875657 0.000875658 0.000875657 0.000875656 0.000875657 0.000875656 0.000875657 0.000875657 0.000875656 0.000875656 0.000875656 0.000875657 0.000877378 0.000875657 0.000875656 0.000875656 0.000875656 0.000875656 0.000875656 0.000875656 0.000875657 0.000875657 0.000876643 0.000875656 0.000875656 0.000875656 0.000875657 0.000875656 0.000875656 0.000875656 0.000895554 0.000875658 0.000876512 0.000875658 0.000875656 0.000875694 0.000875658 0.000875657 0.000875656 0.00087674 0.000875657 0.000875681 0.000875656 0.000875656 0.000875656 0.000875656 0.000875658 0.000875657 0.000875656 0.000875657 0.000875656 0.000875656 0.000875657 0.000875658 0.000875773 0.000875658 0.000875656 0.000875656 0.000875657 0.000875656 0.000875656 0.000875656 0.000875657 0.00087566 0.000875656 0.000875657 0.000875656 0.000875656 0.000875659 0.000875656 0.000875656 0.000875657 0.000875657 0.000875656 0.000876867 0.000923523 0.000875657 0.000875657 0.000875656 0.000875658 0.000875656 0.000875656 0.000875656 0.000875657 0.000875657 0.000875656 0.000875656 0.000875656 19.9206 0.000875656 0.000875659 0.000875684 0.000875656 0.000875656 0.000875656 0.000875657 0.000875656 0.000875656 0.000875657 0.000902294 0.000875656 0.000875656 0.000875656 0.000875656 0.000885899 0.000875657 0.000875659 0.000875657 0.000875656 0.000886036 0.000875656 0.000875658 0.000875656 0.000935746 0.000875656 0.000875656 0.000876478 0.000875657 0.00087566 0.000875657 0.000875657 0.000878427 0.000875658 0.000875657 0.000875657 0.00103252 0.000875656 0.000875656 0.000875656 0.00176892 0.000875656 0.000875656 0.00302106 0.000875656 0.000875699 0.000875658 0.000884257 0.000876555 0.000875656 0.00112901 0.000878963 0.000875656 0.000875656 36.0296 0.000875658 0.000875656 0.000875656 0.000875688 0.000875657 0.000875663 0.00087566 0.000875657 0.000875657 0.000875657 0.000925981 0.000875656 0.000884148 0.000875657 0.000875657 0.000875657 0.000875657 0.000875656 0.000875658 0.000876048 0.000875658 0.000875656 0.000875657 0.000875656 0.000875991 0.000875657 0.000875656 0.000876105 0.000875656 0.000875658 0.000875656 0.000875662 0.000875656 0.000875657 0.000875656 0.000875656 0.000875656 0.000888295 0.000875656 0.000875656 0.000875656 0.000875665 0.000875658 0.00087566 0.000875662 0.000875657 0.000875659 0.000875656 0.000875656 0.000875698 0.000875656 0.000875656 0.000875656 0.000875656 0.000875657 0.000875656 0.000875656 0.000875657 0.000875656 0.000875656 0.000875656 0.000875656 0.000875657 0.000875656 0.000875656 0.000879674 0.000875656 0.000875657 0.000875656 0.000875656 0.00087566 0.000875657 0.000875656 0.000875657 0.000875656 0.000875657 0.000875656 0.000875657 0.000875656 0.000875656 0.00087626 0.000875656 0.000875656 0.000875657 0.000875657 0.000875656 0.000875656 0.000875656 0.000875656 0.000875656 0.000875657 0.000880753 0.000875656 0.000917869 0.000875657 0.000875656 0.000875656 0.000875656 0.000875656 0.000875668 0.000875657 0.000875657 0.000875656 0.000875657 0.000875657 0.000875656 0.000875657 0.000875656 0.000875657 0.000875657 0.000897828 0.000875657 0.000875656 0.000875709 0.000875656 0.000875656 0.000875656 0.000876023 0.000875656 0.000875656 0.000875657 0.000875656 0.000875656 0.000877575 0.000875656 0.000875658 108.02 0.000875657 0.000875656 0.000875656 0.000875656 0.000875658 0.000875656 0.000875656 0.000875656 0.000875656 0.000875656 0.000875656 0.000875657 0.000875666 0.000875656 0.000875656 0.000875657 0.000875656 0.000887288 0.000875657 0.000875659 0.000875656 0.000875657 0.000875657 0.000875658 0.000875656 0.000875663 0.000875656 0.000875656 0.000875656 0.000875657 0.000876799 0.000875656 0.000875656 0.000904074 0.000875657 0.000875656 0.000875657 0.000875656 0.000875656 0.000875657 0.000875656 0.000875763 0.000875659 0.000875656 0.000875657 0.000875658 0.000875657 0.000875656 0.000875656 0.000875656 0.000875657 0.000877491 0.000875729 0.000875656 0.000875656 0.000875656 0.000875656 0.000875656 0.000875657 0.000875656 0.000875663 0.000875658 0.000875656 0.000875656 0.000875656 0.000875656 0.000875665 0.000875656 0.000875656 0.000875656 0.000875656 0.000875656 0.000875656 0.000875656 0.000876286 0.000875656 0.000875656 0.000875657 0.000875656 0.000875656 0.000876299 0.000875658 0.000875656 0.000875656 0.00087568 0.000875656 0.000875803 0.000875657 0.000875656 0.000875659 0.000875658 0.000875657 0.000875656 0.000875657 0.000903774 0.0008798 0.000875656 0.000875657 0.000890718 0.000875656 0.000875657 0.000875664 0.00087567 0.000875734 0.000875656 0.000875656 0.000875656 0.000916182 0.000875668 0.000875656 78.6233 0.00087566 0.000875657 0.000878831 0.000875656 0.000875658 0.00087566 0.000875656 0.000904697 0.000875656 0.000875657 0.000875656 0.000875657 0.000875656 0.000875658 0.000875656 0.000875656 0.000875656 0.000875656 0.000875656 0.000875656 0.000906716 0.000875656 0.000875656 0.000875658 0.000875656 0.000875656 0.000875656 0.000876574 0.000875665 0.000875656 0.000875656 19.9206 0.000875656 0.000875656 0.000875658 0.000875656 0.000875715 0.00087566 0.000894509 0.000877428 0.000875689 0.000875657 0.000875656 0.000875657 0.000875657 0.000875656 0.000875656 0.0009026 0.000875656 0.000875657 0.000875656 0.000875656 39.4326 0.000875656 0.000875659 0.000875656 0.000875656 0.000875656 0.000875656 0.000876478 0.00087584 0.000875656 0.000875656 0.000875659 0.000875657 0.00087659 0.000875657 0.000875657 0.000875656 0.000897012 0.000875656 49.6803 0.000875658 0.000885825 0.000954734 0.000875657 0.000875656 0.000875656 0.000876108 0.000875657 0.00088148 0.000875657 0.000875656 0.000875656 0.000883335 0.000875656 0.000875657 0.000884458 0.000875659 0.000875656 0.000875656 0.000875656 0.000875656 0.000875659 0.000875656 0.000875656 0.000875659 0.000875656 0.000875657 0.000875931 0.000875657 0.000875657 0.000875656 0.000985305 0.000875676 0.000875656 0.000875656 0.000875656 0.000876092 0.000875657 0.000875656 0.000875656 0.000875656 0.000875656 0.000881419 0.000875656 0.000875659 0.000875657 0.000875657 0.000875656 0.000875657 0.000875656 0.000875656 0.000875657 0.000875658 0.000875656 0.000875656 0.000875656 0.000875657 0.000875962 0.000875728 0.000875656 0.000878752 0.000875657 0.00116327 0.000875656 0.000875657 0.000875657 0.000875656 0.000875656 0.000875656 0.00088754 0.000875657 0.000875657 0.000875657 0.000875657 0.000875656 0.000875656 0.000875658 0.000875656 0.000875657 0.000875657 0.000875656 0.000875656 0.000875656 0.000875656 0.000875656 0.000875656 0.000878397 0.000875656 0.000875761 0.000876191 0.000875656 0.000875659 0.000875656 0.000883104 0.000875948 0.000876263 0.000875656 0.000875656 0.000875657 0.000875656 106.441 0.000875656 0.000910609 0.000875656 0.000875657 0.000875656 0.000875658 0.000875656 0.00107243 0.000875656 0.000875659 0.000875658 0.000875657 0.000876476 0.000875656 0.000875671 0.000875656 0.000875721 0.000913118 0.000875656 0.000875656 0.000875656 0.000875656 0.000875656 0.000875657 0.000875657 0.000875656 0.000875656 0.000875656 0.000875657 0.000875657 0.000875657 0.000875658 0.000875657 0.000875658 0.000875665 0.000875657 0.000875656 0.000875657 0.000875911 0.000875656 0.000875658 0.000875656 0.000875657 0.000875657 0.000875656 0.000875656 0.000875656 0.000875656 0.000875657 0.000875656 0.000875656 0.000875657 0.000875656 0.000875657 0.000875658 0.000877308 0.00087566 0.000875658 0.000875656 0.000875657 0.000876158 0.000875656 0.000875656 0.000875656 0.000875656 0.000876847 0.000875656 0.000875656 0.000875657 0.000875657 0.000875656 0.000876149 0.000875658 0.000875656 0.000875659 0.000875658 0.000912128 0.000875682 0.000875658 0.000875656 0.000875656 0.000875656 0.000875659 0.000879224 0.000875656 0.000875658 0.000888537 0.000950253 0.000875656 0.000876196 0.000875656 0.000875656 0.000875657 0.000875656 0.000875657 0.000875658 0.000875658 0.000875656 0.000875656 0.000875656 0.000875657 0.000875656 0.000875656 61.4124 0.000875656 0.000875656 0.000939212 0.000875656 0.000875656 0.000875656 0.000875656 0.000875656 0.000875657 0.000875656 0.000875656 0.000875657 0.000928622 0.000875658 0.000875656 0.000875656 0.000876182 0.000880511 0.000875657 0.000875658 0.000875656 0.000875656 0.000876157 0.000875656 0.000875656 0.000882761 0.000875656 0.000875656 0.000875657 0.000875657 0.000875656 0.000875839 0.000875658 0.000875656 0.000875656 0.000875791 21.1971 0.000875658 0.000875657 0.000875661 0.000875656 0.000875656 0.000875656 0.000875656 0.000875656 0.0008765 0.000875656 0.000875656 0.000875658 0.000875656 0.000875658 0.000875656 0.000875656 0.000875656 0.000875656 0.000875656 26.1761 0.000875657 0.000875656 0.000875656 0.000875657 0.000895284 0.000875656 0.000875657 0.000875656 0.000875657 0.000875656 147.566 0.000875656 0.000875656 0.000875659 0.000875656 0.000875769 0.000934904 0.000875656 0.000875656 0.000875656 0.000875657 0.000882047 0.000875657 0.000875656 0.000875657 0.000875657 31.2278 0.000875657 0.000875659 0.000875656 0.000875656 0.000875656 0.000875656 0.000875656 0.000875656 0.000875656 0.000875656 0.000875656 0.000875658 0.000875656 0.000875656 0.000875656 0.000875656 0.000875656 0.000875656 0.000875658 0.000875658 0.000875656 0.000875657 0.000875657 0.000875656 0.000875656 0.000875656 0.000875656 0.00089817 0.000875656 0.000875656 0.00106285 0.000875656 0.000875656 0.000875718 0.000875656 0.000884184 0.000875656 0.000875886 0.000875656 0.000875657 0.000875657 0.000875657 0.000875657 0.000875657 0.000875656 0.000875656 0.000875656 0.000875659 0.000875656 0.000875656 0.000875656 0.00087647 0.000875657 0.00110764 0.000875656 0.000922405 0.000875656 0.000875657 0.000875656 0.000875656 0.000875657 0.000875656 0.000875656 0.000875656 0.000875657 0.000875656 0.000875656 0.000875659 0.000875656 0.000875656 0.000875656 0.000875659 0.000875656 0.000875656 0.000875658 0.000875656 0.000876806 0.000875656 0.000875656 0.000875656 0.000875656 0.000875656 0.000875657 0.000875656 0.000875657 0.000875657 0.000875657 0.000875656 0.000875656 0.000875656 0.000875657 0.000875656 0.000875658 0.000875657 0.000875656 0.00091223 0.000875656 0.00133856 0.000875657 0.000875656 0.000875656 0.000875656 0.000875658 0.000875656 0.000875661 0.000875656 0.000875656 0.000875656 4.81908 0.000875657 0.000875656 0.000875656 0.000875656 0.000879167 0.000931906 0.000875656 0.000875658 0.000875656 0.000875656 0.000875656 0.000875761 0.000875657 0.000875658 0.000875664 0.000885565 0.000875656 0.000875657 0.000875658 0.000902894 0.000875656 0.000875657 0.000875656 0.000875657 0.000875656 0.000875656 0.000875656 0.000875657 0.000875656 0.000875659 0.000875658 0.000875656 0.000892216 0.00087566 0.000875656 0.000875657 0.000913196 0.000875656 0.000875657 59.607 0.000875656 0.000875656 2.40916 0.000875659 0.000877423 0.000875656 0.000892229 0.000875656 0.000875658 0.000875658 0.000875659 0.000875656 0.000875656 0.000883132 0.000875656 0.000875657 0.000875662 0.000875658 0.000897881 0.000875657 0.000875657 0.000875656 0.000875656 0.000875656 0.000875657 0.000875658 0.000875657 0.000875659 0.000977387 0.000875656 0.000875656 0.000875847 0.000875656 0.000875656 0.000875656 0.000875679 0.000875656 0.000875658 0.000875657 0.000875656 0.000875661 0.000875656 0.000875657 0.000875656 0.000875656 0.000875656 0.000875656 17.7582 0.000875658 0.000875657 0.000875656 63.9107 0.000879796 0.000875657 0.000875658 0.000875658 0.000875656 0.000875656 0.000875656 0.000875656 0.000875656 0.000875656 0.000875658 0.000882166 0.000875656 0.00109423 0.000875657 0.000875657 0.000875656 0.000877332 0.000875657 0.000875656 0.000875657 0.000875657 0.000875656 0.000875656 0.000875656 0.000875658 0.000875657 0.000875657 0.000875657 0.000875657 0.000875656 0.000875656 0.000875657 0.000886236 0.000875657 0.000875657 0.000875656 0.000875656 0.000875656 0.000882332 0.000945321 0.000875658 0.000875656 0.000876514 0.000875656 0.000875656 0.000875656 0.000875704 0.000875656 0.000875657 0.000876961 0.000875656 0.000875656 0.000875656 0.000875657 0.000875656 0.000875656 0.000875656 0.000875657 0.000875656 0.000875656 0.000875657 0.000889309 0.000875656 0.000875656 0.000875656 0.000875656 0.000884346 0.000875656 0.000875656 0.000875656 0.000875656 0.000936562 0.000875656 0.000875656 0.000875656 0.000875657 0.000875656 0.000875656 0.000875656 0.000875656 0.000875682 0.000875656 0.000875698 0.000875656 0.000880226 0.000875657 0.000875657 0.000875656 0.00111889 0.000875656 0.000875658 0.000875656 0.000875656 0.000875656 0.000885872 0.000875657 0.000875656 0.000875656 0.000875656 0.000888716 0.000875656 0.000875656 0.000875656 0.000875724 0.000875656 0.000875657 0.000875657 0.000875656 0.000875761 0.000875656 0.000875657 0.000875659 0.000875657 0.00087585 0.000875657 0.0392672 0.000880687 0.00087566 0.000875658 0.000875656 0.000875656 0.000875657 0.000875657 0.000875656 0.000875656 0.000875656 0.000875656 0.000875656 0.000876789 0.000875656 0.000875657 0.000875657 0.000875659 0.000875656 0.000907247 0.000875656 0.000875657 0.000875656 0.000875656 0.000875656 0.00087581 0.000875656 0.000875656 0.000875656 0.000875657 0.000875657 0.000875656 0.000875659 0.000875657 0.000875656 0.000875659 0.000875656 0.000875656 0.000875657 0.000875656 0.000875656 0.000875657 0.000875656 0.000875656 0.000875657 0.000878654 0.000875657 0.000875656 0.000878209 34.4806 0.000875656 0.000875657 0.000875656 0.000875657 0.000889898 0.000875656 0.000875657 0.000875656 0.00114826 0.000875656 0.000875656 0.00087572 0.000875656 0.000875656 0.000875656 0.000875656 0.000875656 0.000904506 0.000875658 0.000875656 0.000875656 0.000875659 0.000875656 0.000875657 0.000886896 0.000875656 0.000875656 0.000875658 0.000875657 0.000875656 0.000875656 0.000875659 0.000875656 0.000875657 0.000875658 0.000875735 0.000875665 0.000875656 0.000875656 0.000910946 0.000875657 0.000875657 0.000875656 0.000875656 0.000875656 0.000875658 0.000875687 0.000875656 0.000875656 0.000875656 0.000875656 0.000875656 0.000875656 0.000875656 0.000875656 0.000875657 0.000875657 0.000875656 0.000875656 0.000875656 0.000875656 0.000875658 0.000875657 0.000875657 0.00139592 0.000875656 0.000875656 0.000876134 0.000875657 0.000875656 0.000875656 0.000875656 0.000875656 0.000875656 0.000875656 0.000875656 0.000875656 0.000875659 0.000875656 0.000875656 0.000875658 0.000875656 0.000875656 0.000875656 0.000875656 0.000875656 0.000875657 19.3745 0.000875657 79.335 0.000875658 0.000875656 0.000875657 0.000875656 0.000876791 0.000875656 0.000875658 0.000875659 0.000875657 0.000875657 0.000904516 0.000875657 0.00087566 0.000875656 0.000875657 0.000877621 0.000875665 0.000875657 0.000875656 0.00150019 0.000875656 0.000875656 0.000875657 0.000875657 0.000875657 0.000875658 0.000875656 0.000875659 0.000875756 0.000875658 0.000875656 0.000887035 0.000875656 0.000875657 0.000875656 0.000875656 0.000875656 0.000875656 0.000875656 0.000875772 0.000897689 0.000875656 0.000875842 0.000876225 0.000875656 0.000875656 0.000875656 0.000875657 0.000875656 0.000875656 0.000875657 0.000875657 0.000875656 0.000875656 0.000875657 0.000875656 46.3592 0.000875657 0.000875656 0.000875656 0.000875656 0.000875658 0.000875656 0.000875656 0.000875658 0.000875656 0.000876018 0.000880843 0.000875656 0.000875656 0.000875656 0.000876029 0.000875656 0.000875657 0.000875657 0.000875656 0.000875657 0.000875656 18.1851 0.000875657 0.000875689 0.000891095 0.000875656 0.000875657 0.000885504 0.000875658 0.00087566 0.000875657 0.000875657 0.000875656 0.000875656 0.000875656 0.000875712 0.000875658 0.000875657 0.000875657 0.000875657 0.000875659 0.000875656 0.000875657 0.000875656 0.000875666 0.000875656 0.000875656 0.000875657 0.000875656 0.000875657 0.000875656 0.000875656 0.000875656 0.000875656 0.000888324 0.000875656 0.000875656 0.000875656 0.000906097 0.000875656 0.000875656 0.000875657 0.000875656 0.000923997 0.000875735 0.000875656 0.000875656 0.00101661 0.000875656 0.000875656 0.000875656 0.000875656 0.000875656 0.000875658 0.000877985 0.000875656 0.000875656 0.000881374 0.000875656 0.000877134 0.000875657 0.000875656 0.000915429 0.000879483 0.000875657 0.000875656 0.000875658 0.000875656 0.00106174 0.000875656 0.000875656 0.000875657 0.000876137 0.000875657 0.000875657 0.000875656 0.000875656 0.000875656 0.000875656 13.581 0.000875656 0.000875659 0.000875658 0.000875656 0.000875656 0.000875656 0.000875656 0.00087566 0.000875656 0.000877164 0.000875656 0.000875656 0.000875658 0.000875656 0.000875657 0.000885945 0.000875656 0.000875656 0.000875656 0.000875657 0.000875656 0.000875656 0.000875656 0.000875657 0.000875656 0.000875658 90.3198 0.000875656 0.000875657 0.000875656 0.000875656 0.000875656 0.000875656 0.000875656 0.000875659 0.000875656 0.000875656 0.000875656 0.000875657 0.000875656 0.000875657 0.000875656 0.000875656 0.000875656 0.000875658 0.000875687 0.000875656 0.000875656 0.000875656 0.000875656 0.000875656 0.000875656 0.000875657 0.000875657 0.000875656 0.000875659 0.000875657 0.000875656 0.000875656 0.000875658 0.000875672 0.000875656 0.000889157 0.000875657 0.000875656 0.000875656 0.000875656 0.000875656 0.000875656 0.000875656 0.000875657 0.000875656 0.000875656 0.000875656 0.000875656 0.000875657 0.000875656 0.000875656 0.000898826 0.000875656 0.000875657 0.000875656 0.000875656 0.000875656 0.000875657 0.000875671 0.000875656 0.000875817 0.000875682 0.000875658 0.000875657 0.000875656 0.000875656 0.000921618 0.00100655 0.000875656 0.000875656 0.000875656 0.000875656 0.000875656 0.000875656 0.000875659 0.000875656 0.00088146 0.000875656 0.000875656 0.000875656 18.5724 0.000875656 0.000876596 0.000875656 0.000891472 0.000875656 0.000875656 0.000875656 0.000875656 18.0129 0.000875656 0.00377876 0.000929938 0.000875656 0.000875656 0.000875656 0.000875658 0.000930826 0.000875656 0.000875656 0.000875657 0.000875658 0.0162543 0.000875657 0.000875723 0.000875656 7.2634 0.000875656 0.000875659 0.000875656 0.000875656 0.000875658 0.000886192 3.30449 0.000875657 0.000875656 0.000875656 0.000875656 0.000875657 0.000875656 0.000875656 0.000875657 0.000875656 0.000875726 0.000919824 0.000875656 0.000875656 0.000875656 0.000875658 0.000879677 0.000875656 0.000875656 0.000875656 0.00264198 0.000875657 0.000875656 0.000875656 0.000875656 0.000883336 0.000875656 0.000875926 0.000875656 0.000879486 0.000875656 0.000875656 0.00328823 0.000875656 0.000882213 0.000875656 0.00087566 0.000875656 0.000875656 0.000875657 0.000875657 0.000875662 0.000875656 0.000875656 0.000875656 0.000875659 0.000875657 0.000875656 0.00171757 0.000875657 0.000886274 0.000875658 0.000875656 0.000875656 0.000875657 0.000875656 0.000875657 0.00111981 0.000875656 0.00087566 0.000875657 0.000875677 0.00129937 0.000875656 0.000875656 0.000875656 0.000875656 0.000875656 0.000875657 0.000875657 0.000879132 0.000875658 0.000882974 0.000875657 0.000875656 0.000875656 0.000875657 0.000875656 0.000875656 0.000875656 0.000896921 0.000875656 0.000875656 0.000875656 0.000904607 0.000875657 0.000875656 0.000875657 0.000875656 0.000875658 0.000875656 0.000875656 0.000903845 0.000875656 0.000875656 0.000904898 0.000875656 0.000875658 0.000875656 0.000923327 0.000875656 0.000875656 0.00087566 0.000875656 0.000901008 0.000955081 0.000875656 0.000875656 0.000875656 0.000875656 0.000875662 0.000875656 0.000875656 0.000875656 0.000875656 0.000875656 0.000875656 0.000875656 0.000887957 0.000875656 0.000875657 0.000875656 5.15762 0.000875659 0.000875657 0.000875656 0.000875656 0.000875782 0.000875658 0.000875656 0.000875656 0.000945856 0.000875657 0.000875656 0.000875658 0.000875656 0.000875657 0.000875657 0.000875656 0.000875656 0.00149539 0.000875833 0.000875824 0.000875656 0.000875656 0.000875656 0.000875656 0.000875657 0.000875658 0.000875656 0.000875656 0.000875656 0.000875656 0.000875656 0.00087566 0.000875656 0.000875658 0.000875656 0.000897307 0.000964804 0.000875656 0.00318693 0.000894112 0.00087651 0.000875687 0.000875656 0.000952052 0.000875656 0.000875656 0.000875656 0.000878949 0.000875656 0.000875657 0.000875656 0.000875656 0.000875656 0.000875659 0.000875658 0.000875656 0.000875656 0.000875659 0.00094446 0.000875656 0.000875656 0.000875657 0.000875656 0.000875656 0.000876633 0.000892333 0.000875656 0.000875717 0.000883871 0.000875728 0.000875657 0.000875656 0.000875656 0.000875656 0.000875656 0.000875936 0.000875657 0.000875656 0.000876627 0.000875656 0.000875656 0.000875656 0.000875656 0.000875656 0.000875659 0.000875657 0.000875656 0.000876779 0.000875656 0.000875664 0.000875656 0.000875656 0.000875656 0.000875657 0.000875656 0.000875656 0.000875657 0.000875659 0.000875659 0.000875656 0.000875657 0.000875676 0.000875656 0.000875657 0.000875656 0.000875656 0.000875656 0.000875656 0.000875656 0.000875656 0.000875656 0.000875659 0.000875656 0.000875656 0.000875659 0.000999831 0.000875658 0.000875656 0.000875656 0.000875656 0.000875656 0.000875658 0.000875656 0.000875656 0.000875656 0.000875656 0.000875658 0.000875659 0.000875657 0.0011556 0.000875658 0.000875656 0.000892401 0.000875656 0.000875724 0.000875656 0.000875657 0.000875658 0.000875751 0.000875656 0.000875656 0.000875656 0.000875656 0.000876187 0.000875657 0.000875657 0.000875656 0.000875657 0.000875656 0.000875656 0.000875659 0.000875657 0.000875657 0.000875657 0.000875656 15.4168 0.000875656 0.000875656 0.000875661 0.000875656 0.000875656 0.000875659 0.000875657 0.000875656 0.000875656 0.000875656 0.000875658 0.000875656 0.000875656 0.000875656 0.000875656 0.000875657 0.000875656 0.000875656 0.000875688 0.000875657 0.000875656 0.000875657 0.000875656 0.000875656 0.000875656 0.00087962 0.000875656 0.00104163 0.000875657 0.000875657 0.000875656 0.000875658 0.000875656 0.000875656 0.000875657 0.000875657 46.5729 0.000875657 0.000875661 37.182 0.000875656 0.000875657 0.000875656 0.000875656 0.000875657 0.000875656 0.000875715 0.000875656 0.000875657 11.8663 0.000875656 0.000882997 0.000918085 0.000875658 0.000875656 0.00088637 0.000875656 0.000881866 0.000875656 0.000875657 0.000875656 0.00113501 0.000875657 22.4892 0.000875657 0.000875656 0.000875675 0.000875657 0.000875656 0.000875656 0.000875656 0.000875656 0.000875656 0.000875657 0.000875656 0.000875657 0.000875656 0.000875678 0.000875879 0.000875656 0.000875656 0.000875656 0.000889208 0.000875657 0.000875878 0.000875656 0.000875656 0.000875657 0.000875657 0.000875657 0.000886721 0.00133695 0.000875656 0.000875656 0.000948049 0.000875657 0.000875656 0.000875656 0.000875656 0.000875656 0.000875656 0.000875658 0.000875656 0.000875656 0.000875656 0.000875656 0.000875656 0.000875656 0.000875671 0.000875708 0.000875656 0.000875658 0.000875656 0.000875656 0.000875656 0.000875657 0.000875656 0.000875656 0.000875656 0.000875656 0.000875657 142.906 0.000875656 0.000875657 0.000875656 0.000877109 0.00088124 0.000875656 0.000875657 0.000875658 0.000875656 0.000875657 0.000875656 0.000875656 0.000875656 0.000875656 0.000875659 0.000875656 0.000875657 0.000882876 0.00087572 0.000875656 0.000875658 0.000875656 0.000877657 0.000875657 0.000875659 0.000875656 0.000875657 0.000875656 0.000875656 0.000875656 0.000875656 0.000875657 0.000875657 0.000875656 0.000875657 0.0009502 0.000875657 0.000875758 0.000875656 0.000875656 0.000875658 0.000875658 0.000875656 0.000886322 0.000875656 0.000875657 0.000875657 0.000875658 0.000875657 0.000875656 0.000875656 0.000895204 0.000875658 0.000875656 0.000875658 0.000875656 0.000875657 0.000875656 0.000895915 0.000875656 0.000875656 0.000875657 0.000875658 0.000875658 0.000875982 0.000875656 0.000875656 0.00250138 0.000875658 0.000875657 0.000875656 0.000875656 0.000875656 0.000875656 0.000875657 0.000875656 0.000875656 0.000886151 0.000875656 0.000875656 0.000875657 0.00097289 0.000875656 0.000875657 0.000875658 0.000875656 0.000875657 0.000875656 0.00087566 0.000875656 0.000875656 0.000875657 0.000876463 0.000875656 0.000875656 0.000875656 0.000875656 0.000875657 0.000875658 0.000875658 0.000881916 0.000875657 0.000875657 0.000875656 0.000875656 0.000921527 0.000875656 0.000875656 0.000875657 0.000875657 0.000875656 0.000875656 0.000875659 0.000875656 0.000875657 0.000875656 0.000875656 0.000875656 0.000875656 0.000875662 12.9441 0.000875657 0.000875656 0.0011721 0.000875657 0.000875658 0.000875656 0.000875656 0.000875656 0.000875658 0.000875656 0.000875658 0.000875656 0.00103785 0.000875658 0.000875656 0.000875657 0.000875657 0.000875657 0.000875657 0.000875656 0.000875657 0.000875656 0.000875656 0.000875657 0.000875742 0.00128763 0.000875656 0.000875657 0.000875657 0.00115066 0.000875656 0.000875657 0.000875656 0.000875663 0.000875656 0.000875656 0.000939055 0.000875657 0.000875657 0.000875656 0.000875656 0.000875656 0.000875656 0.000875656 0.000875656 0.000887524 0.000875752 0.000875656 0.000875657 0.000875658 0.000875657 0.000875755 0.000875656 0.000981996 0.000875656 0.000875656 0.000875657 0.000944916 13.4742 0.000875656 0.00087566 0.000875656 0.000875656 0.000875656 0.000875657 0.000875657 0.000875656 0.00087566 0.000875658 0.000875656 0.0150822 0.000875656 0.000875656 0.000875656 0.000875656 0.000875658 0.000875657 0.000875657 0.000875656 0.000909422 0.000875657 0.000875657 0.000875657 0.000875656 0.000875658 0.000875731 0.000875656 0.000875656 0.000875657 0.000875656 0.000875658 0.000875657 0.000899724 0.000875656 0.000875656 0.000875656 0.000923343 0.000875658 0.000875657 0.000875658 0.000875657 0.000875658 0.000875656 0.000875656 0.000875656 0.000875656 0.000875656 0.000875657 0.000875656 0.000877425 0.000875657 0.000875656 0.000888119 0.000875658 0.000875658 0.000875657 0.000875751 0.00087573 0.000875657 0.000875657 0.000875656 0.000875888 0.000875656 0.000875657 0.000875656 0.000875658 0.000875657 0.000875659 0.000875656 0.000875656 0.000875656 0.000875657 0.000875656 0.000879613 0.000875657 0.000875656 0.000875658 0.000875656 0.000875656 0.00103687 0.000875659 0.000875657 0.000875656 0.000875656 0.000875657 0.000951096 0.00087566 0.000875656 0.00087981 0.000875656 0.000875657 0.000875657 0.000877747 0.000875657 0.00087566 0.000875657 0.000875658 0.000875656 0.000875656 0.000875658 0.000875656 0.000878098 0.000875658 0.000875656 0.000875657 0.000875656 0.000875656 0.000875657 0.000883245 0.000875656 0.000875656 0.000875656 0.000875656 0.000875656 0.000875657 0.000875656 0.000875656 0.000875656 0.000875656 0.00087566 0.000875656 0.000875759 0.000875656 0.00112468 25.5189 0.000875656 0.000875656 0.000875656 0.000877925 0.000875656 0.000875656 0.000879408 0.000875656 0.000875657 0.000875656 0.000875658 0.000875656 0.000875656 0.000875656 0.000880412 0.000875657 0.000875658 0.000875656 0.000875656 0.000875656 0.000875656 0.000886664 0.000875656 0.000875656 0.000875656 0.000875755 0.000875656 0.000875657 0.000875658 0.000875658 0.000875656 0.000875658 0.000875658 0.000875657 0.000875656 0.000875656 0.000875659 0.000875656 0.000875656 0.000875656 0.000875967 0.000875657 0.000875656 0.000875656 0.000875657 0.000875656 0.000875657 0.000875657 0.000875659 0.000875656 0.000875656 0.000875658 0.000875656 0.000883141 0.000875656 18.8715 38.5933 0.000875656 0.000879288 0.000875656 0.000875656 0.000967089 0.000875658 0.000875657 0.000875656 0.000892183 0.000875656 0.000875658 0.000875656 0.000875656 0.000875658 0.000875657 0.000875656 0.000875657 0.000875656 0.000886598 0.000875683 10.467 0.000875656 0.000875656 0.000875656 0.000875657 0.000875657 0.000875656 0.000875656 0.000937996 0.000875656 0.000875656 0.000875656 0.000875656 0.000896292 0.000875656 0.000875656 0.000875656 0.000895244 0.000875656 0.000875906 0.000875657 0.000880233 0.000875656 0.000881132 0.000875656 0.000875656 0.000877419 0.000875657 0.000875656 0.000876809 0.000883574 0.000875656 0.000875656 0.000875656 0.000875755 0.000875656 66.057 0.000875911 0.000875656 0.000875657 0.000875656 0.000875656 0.000875656 0.000875656 0.000875656 0.00087627 0.000875656 0.000875656 0.000875659 0.000875656 0.000875756 0.000875656 0.000875656 36.809 0.000875657 0.000875656 0.000875656 0.000875656 0.000875656 0.000875656 0.000875657 0.000875656 44.9316 0.000875657 0.00136819 0.000875656 0.000875657 0.000875656 0.000875656 0.000912079 0.000875656 0.000886512 62.6654 0.000875679 0.000875657 0.000875656 0.000875656 0.000875656 0.000875657 0.000875656 0.000875659 0.000875656 0.000875656 0.000875658 0.000875656 0.000875656 0.000909644 0.000875657 0.000875658 0.000875656 0.000875656 0.000962314 0.000875656 0.000875656 0.000875656 0.000875657 0.000875656 0.000875656 0.000875656 0.000876048 0.000875708 0.000875656 0.000875656 0.019875 0.000875666 0.000875656 0.000875656 0.000875659 0.000875656 0.000875656 0.000875656 0.000875657 0.000875656 0.000875656 0.000875657 0.000875658 0.000875658 0.000875656 0.000875656 0.000875656 0.000875657 0.000875657 0.000875656 0.000878268 0.000875656 0.000890526 0.000875658 0.000875656 0.000875656 0.000875814 0.000875656 0.000875656 0.000875657 0.000875656 0.000875657 0.000875656 0.000875657 0.000875656 0.000875656 0.000875658 0.000875657 0.00088749 0.000875656 0.000876283 0.000875658 0.000875656 0.000875656 0.000875656 83.9577 0.000875657 0.000875656 0.000875658 0.000875656 0.000875656 0.000875656 0.000875656 0.000883469 0.000875656 0.000875656 0.000875657 0.000875687 0.000875657 0.000875657 0.000875657 0.000875691 0.000875656 0.000875658 0.000908593 0.000875658 0.000875656 0.000875656 0.000976368 0.000875656 0.000875657 0.000875657 0.000875656 0.000875656 0.000875656 0.000875656 0.000883941 0.000875656 0.000875656 0.00089139 0.000875658 0.000875656 0.00087566 0.000875657 0.000875656 0.000875656 0.000875656 0.000875657 0.000875656 0.000875657 0.000875659 0.000917501 0.00102273 0.000908211 0.000875656 0.000875668 0.000875656 0.000875661 0.000875656 0.000875681 0.000875656 0.000875657 0.000875658 0.000875658 0.000875656 0.000875657 0.000875656 0.000875656 0.000875656 0.000875656 0.000875656 0.000875656 0.000875656 0.000875659 0.000890092 0.000875657 0.000875656 0.000875656 0.000892812 0.000875656 0.000875657 0.000875656 0.000875656 0.000875657 0.000875709 0.000875656 0.000875656 0.00093403 0.000876697 0.000875656 0.000875656 0.000875656 0.000876286 0.000943078 0.000875656 0.000875657 0.000875657 0.000875656 0.000875662 0.00128771 0.000875657 0.000875656 0.000875656 0.000875656 0.000875658 0.000875658 0.000884534 0.000875656 0.000875738 0.000875656 0.000875656 0.000875656 0.000875656 0.000875656 0.000875656 0.000875656 0.000875656 0.000875656 0.000875656 0.000875656 0.000875658 0.000875658 0.000875657 0.000875656 0.000875656 0.000875658 0.000875657 0.000875818 0.000875656 0.000875656 0.000875656 0.000875657 78.5852 0.000877261 0.000875656 0.000875656 0.000875656 0.000882876 0.000875658 0.000875657 0.00171757 0.00127392 0.000875659 0.000875656 0.000875656 0.000875657 0.000875657 0.000875657 0.000875656 0.000921021 0.000875656 0.000875656 0.000876283 0.000875656 0.000875658 0.000875671 0.000875656 0.000875657 0.000875658 0.000875656 0.000875657 0.000875656 0.000875656 0.000875656 0.000928904 0.000876019 0.000875656 0.000875657 0.000875656 0.000875656 0.000999658 0.000875656 0.000875658 0.000875656 0.000875657 0.000875656 0.000875656 0.000875771 0.000875656 0.000956634 0.000875656 0.000875656 0.000875658 0.000875657 0.000875656 0.000875656 0.000875657 0.000885135 0.000875797 0.000875656 0.000875656 0.000875656 0.000875656 0.000875657 0.000875656 0.000880946 0.000875656 0.000875657 41.7366 1.45231 0.000878551 0.000875656 0.000875656 0.000875656 0.000875657 0.000875839 0.000875657 0.000875656 0.00102748 0.000875656 0.838971 0.000912847 0.000875657 0.000875658 0.000875656 0.000875656 0.000875656 0.000875656 0.000875656 0.000876075 0.000875665 0.000875657 0.000875656 0.000875656 0.000875656 0.000875656 0.000875656 0.000875657 0.000875658 0.00118662 0.000875658 0.000875657 0.00096837 0.000875656 0.000875658 0.000875656 0.000875941 0.000875656 0.000875656 0.000875658 0.000886781 0.000875657 0.000875656 0.000875656 0.000875656 0.000875656 0.000875659 0.000876314 0.000875657 0.000875657 0.000875755 0.000875656 0.000875656 0.000875658 0.000876724 0.000875656 0.000875656 0.000875656 0.000875656 0.000875656 0.000875656 0.000875656 0.000875657 0.000875656 0.000875693 0.000875656 0.000875656 0.000875659 0.000875656 0.000875656 0.000875656 0.000875656 0.000875657 0.00087566 0.000875722 6.61266 0.00106188 0.00149798 0.000875657 0.000875738 0.000875656 0.00087583 0.000875657 0.000875657 0.000875657 0.000875729 0.000875656 0.000876338 0.000875656 0.00087566 0.000875656 0.000875656 0.000875656 0.000875656 0.00087566 0.000875657 0.000875656 0.000875656 0.000875656 0.000875658 0.000875656 0.000875666 0.000875658 0.000875656 0.000875656 0.000875657 0.000875656 0.000875656 0.00116963 0.000875656 0.000875657 0.000875656 0.000875656 0.000912687 0.000875656 0.000875658 0.000875656 0.000875656 0.000875656 0.000875656 0.000875656 0.000875656 0.000875657 0.000875656 0.000875656 0.000875656 0.000875656 0.000918194 0.000875656 0.000875656 0.000875656 0.000875656 0.000875659 0.000875656 0.000875656 0.000875656 0.000875658 0.000875656 0.000875656 0.000896115 0.00087773 0.000876019 0.000882246 0.000875763 0.000875656 0.000875657 0.000875656 0.000875657 0.000876021 0.000875656 0.000875657 0.000875656 0.000875656 0.000875656 0.000875658 0.00101369 0.000875656 0.000875656 0.000887375 0.000875656 0.000875656 0.000875657 0.000875657 0.000875658 0.000875658 0.000875656 0.000875656 0.000875656 0.000876169 0.000875656 0.000875656 0.000875657 0.000875657 0.000875656 0.000876062 0.000875659 0.000965059 0.000875658 0.000875656 0.00388241 0.000875656 0.000875656 0.000875657 0.000875656 0.000875656 0.000875658 0.000875659 0.000875658 36.0239 0.000875656 0.000875656 0.000967989 0.000888096 0.000875656 0.000875656 0.000875656 0.000875657 0.000875656 41.916 0.000875657 0.0008858 0.00087566 0.000875657 0.000879261 0.000875657 0.000875657 0.000875656 0.000875657 0.000875656 0.000875656 0.000875657 0.000900936 0.000875657 0.000875657 0.000875657 0.000875667 0.000875656 0.000875656 0.000875658 0.000875656 31.9235 0.00286486 0.000875656 0.000900002 0.000880906 0.000875656 0.000921268 0.000875656 0.000875657 0.000875656 0.000875805 0.000875656 0.000875657 0.000875656 0.000875658 0.000875657 0.000875658 0.000875656 0.000875657 0.000875656 0.000915768 0.000875656 0.000875656 0.000875656 0.000875656 0.000885188 0.000875661 0.000900003 0.000875656 0.000875656 0.000875657 0.000875656 0.000875659 0.000875656 0.000875657 0.000875657 0.000880486 0.000875656 0.000875656 0.000875656 0.000875661 0.000875656 0.000875754 0.000875656 0.000875656 0.000875656 0.000875656 0.00088684 0.000875656 0.000875689 0.000875659 0.000875659 0.000875656 0.000875657 0.000875656 0.000875657 0.000875656 0.000875656 0.000875657 0.000875656 0.000875657 0.000875656 0.000875656 0.000875661 0.000875656 0.000875656 0.000875659 0.000875656 0.00197074 0.000875656 0.000875658 0.000875656 0.00223875 0.000875656 0.000875656 0.000875656 0.000875656 0.000875656 0.000875683 0.00101438 0.000875656 0.000875656 0.000904961 118.383 0.000875656 0.000875656 0.000875656 0.000875657 0.00171237 0.000876212 0.000875656 0.000875659 0.000875656 0.000875657 0.000875657 0.000875767 0.000875656 0.000875656 0.000932239 0.000875656 0.000875656 0.000875735 0.000875656 0.000875656 40.3552 0.000875657 0.000875656 0.000899566 0.00118496 0.000875656 0.000875656 0.000875656 0.000875656 0.000875656 0.000875656 0.000875656 0.000875656 0.000875657 0.000916228 0.000875658 0.000875656 0.000875656 0.000875657 0.000875656 0.000875657 0.000880852 0.000875656 0.00162859 0.000875656 0.00087566 0.000877594 0.000883448 0.000875657 0.000875656 0.000875664 0.000879339 0.000875657 0.00116087 0.000875656 0.000875657 0.000875656 0.000875656 0.000875657 0.000875656 0.000875657 0.000877083 0.000875656 0.000875669 0.000875656 0.000875657 0.00188708 0.000875656 0.000875656 0.000875656 0.000875656 0.000875658 0.000875656 0.000875656 0.000875656 0.000875656 0.000875657 0.000875657 0.000875657 0.000875656 0.000875656 0.000875656 0.000875657 0.000875656 0.000875945 0.000875657 0.000875656 0.000875656 0.000875656 0.000886228 0.000875656 0.000875686 0.00128765 0.000935081 0.000875656 0.000875656 0.000875795 0.000875656 0.000875656 0.000884292 0.000875659 0.000875658 0.000875656 0.000875656 0.000875656 0.000875657 0.000875657 0.000875657 0.000887274 0.000875656 0.000875656 0.000875656 0.000886415 0.000875656 0.000875656 0.000875656 0.000875656 0.000875658 0.00116575 0.000875657 0.000875656 0.000893209 0.000875657 0.000875656 0.000875659 0.000875657 0.000875656 0.000875656 0.000875656 0.000875672 0.000875656 0.00087566 0.000875656 0.000875661 0.000875656 0.00087566 0.000875657 0.000875656 0.000883825 0.000875658 0.000875656 0.000906538 0.000875656 0.000879633 0.000875656 0.000875659 0.00087566 0.000875656 0.000875656 0.000875657 0.000875788 0.000875658 0.000875657 0.000875656 0.000875656 0.000875657 0.000879122 0.000875714 0.000875656 0.000875657 0.000875656 0.000875657 0.000875656 0.0011556 0.000875657 0.000875656 0.000875656 0.000875658 0.000875656 0.000875664 0.000875924 0.000904045 0.00087566 0.000875657 0.000875656 0.000875656 18.6516 0.000875658 0.000875657 0.000936215 0.000875656 0.000875656 0.000876015 0.000875656 0.000875656 0.000875657 0.000875656 0.00087568 0.000875658 0.000875656 0.000875657 0.000875656 0.000875656 0.000875656 0.000875656 0.000875656 0.000875657 0.000875658 0.000875659 0.000875657 0.000875656 0.000875656 0.000875656 0.000875656 0.000875656 0.000875656 0.000875657 0.000875659 0.00087566 0.000875656 0.000875658 0.000875657 0.000962149 0.000875657 0.000875656 0.000882751 0.000875656 0.000875656 0.000875656 0.000875656 0.000971253 0.000875656 0.000875657 0.000875656 0.000875657 0.000875657 0.000875656 0.000875657 0.000875656 0.000875864 0.000875656 0.000947076 0.000875656 0.000875656 0.000875658 0.000879107 0.000875656 0.000875658 0.000875656 0.000875657 0.000875659 0.000875656 0.00087566 0.000882394 0.000875656 0.000875656 0.000875657 0.000875656 0.000884086 0.000875658 0.000880724 0.000875656 0.000875656 0.000902188 0.000898665 0.000875658 0.000875656 0.000880809 0.000875656 0.00087566 0.000875656 0.000875656 0.000876348 0.000875656 0.000875658 0.000875656 0.000875659 0.000875805 0.000875656 0.000875656 0.000875656 0.000875656 13.6824 0.000875658 0.000875656 0.000875658 0.000875656 0.000875659 0.000875656 0.000875703 0.000875757 0.00129284 0.000875656 0.000875656 0.000875657 0.000875656 0.000875657 0.000901202 0.000875657 0.000877035 0.000875656 0.000875656 0.000875656 0.000875657 0.000875657 0.000875656 0.000875656 0.000875657 0.000875657 0.000875657 36.9572 0.000875656 0.000875657 0.000875656 0.000915265 0.000875658 0.000875656 0.000875656 0.000875657 0.000875661 0.000875656 0.000875657 0.000875656 0.000875658 0.000875656 0.000875656 0.000875657 0.000914263 0.000875657 0.000875658 0.000875656 0.000875659 0.000904532 0.000875656 0.000875972 0.00117208 0.000875658 0.000875657 0.000875658 0.000875656 0.000875656 0.000875656 0.000895008 0.000875656 0.000875656 0.000875656 0.000993115 0.000894351 0.000875657 0.000875656 0.000875656 0.000875656 0.000875656 0.000875657 0.000875659 0.000875656 0.000875844 0.000875656 0.000875656 0.000875656 0.00087578 0.000875656 0.000875656 0.000876797 0.000875656 0.000875656 0.000875656 0.000875658 0.000875659 0.000875656 0.000906881 0.000875657 0.000875656 0.000882665 0.000875656 0.000875656 0.000875657 1.35521 0.000875658 0.000875656 0.000875656 0.000875656 0.000875658 0.000875658 0.000875656 0.000875656 0.000905883 0.000875698 0.000875656 0.000875656 0.000875685 0.000875658 0.000875656 0.000875656 0.000875656 0.000875658 0.000929384 0.000875656 0.000898785 0.000875656 0.000875656 0.000875656 0.000875657 0.000875657 0.000875656 0.000875656 2.64799 0.000875656 0.000875656 0.000875658 0.0298662 0.000876499 0.000875656 0.000875935 0.000887639 0.000875656 0.000884066 0.000875657 0.000875656 0.000875656 0.000875656 0.000875656 0.000875656 0.000875657 0.000880467 0.000875657 0.000875657 0.000875657 0.000875656 15.8919 0.000875656 0.000875657 0.000875656 0.000875656 0.000875656 0.000875658 0.000875658 0.000875656 0.000875657 0.000875656 0.000875659 0.000875656 0.000875656 0.000875656 0.000875658 0.000875656 0.000875656 0.000875656 0.000880612 0.000875656 0.000962633 0.000875658 0.000877237 0.000875656 0.000875657 0.000875658 0.000875656 0.000907246 0.000875656 0.000875656 0.000875656 0.00188355 0.000879013 0.00087566 0.000875656 0.000875657 0.000875656 0.000875657 0.000906414 0.000875657 229.701 0.000875656 0.000875656 0.000896511 0.000875658 0.000887243 0.000902267 0.000875656 0.000875656 0.000875656 0.000875656 0.000875656 0.000875656 0.000875878 0.000875656 0.000875656 0.000875662 0.00087566 0.000875656 0.000875656 0.000875656 0.00184383 0.000875656 0.000875656 0.000875657 0.000875656 0.000875656 0.000875657 0.000875657 0.000875657 166.422 0.000899427 0.000875657 0.00087567 0.000875657 0.000875661 27.459 0.000875656 0.000875656 0.000875658 0.000875657 0.000875657 0.000876051 0.000906509 0.000875657 0.000956417 0.000875656 0.000875656 0.000875658 0.000875657 0.000875656 0.000875656 0.000942811 0.000875656 0.000875656 0.000875657 0.000905345 0.000876793 0.000875657 0.000875658 0.000875656 0.000875656 0.000875656 0.000875657 0.000875656 0.00105858 0.000875657 0.000875657 0.000875656 0.000875656 0.000875656 0.000875656 0.000875656 0.000875657 0.000875657 0.000875656 0.000876745 0.000875657 0.000875661 0.000876136 0.000877693 0.000875657 0.000875658 0.000875657 0.00087592 0.000875656 0.000875656 0.000875657 0.000875656 0.000875657 0.000875656 0.000875657 0.000875656 0.000875656 0.000875656 0.000875656 0.000875787 0.000875657 0.000875656 0.000875657 0.000875656 0.000875656 0.000875656 0.000875913 0.000875656 0.000875657 0.000875656 0.000875659 0.000875656 0.000875656 0.000875658 0.000875656 0.000875838 0.000875656 0.000909863 0.000875659 0.000875656 0.000974645 0.000875656 0.000875656 0.000875656 0.000875658 0.000875656 0.000875656 0.000875657 0.000875657 0.000875657 0.000875656 0.000876367 0.000875657 0.000875657 0.000875656 0.000875657 0.000883252 0.000875656 0.000875657 0.000875656 0.000875656 0.000875656 0.000875657 0.000875658 0.000875656 0.000875656 1.08934 0.000915059 0.000882463 0.000875656 0.000954687 0.000875656 0.000875656 0.000875657 0.000875656 0.000875656 0.000875656 0.000875717 0.000875657 0.000875656 0.000875656 0.000875656 0.000875657 0.000875658 0.000875658 0.00088601 0.000879704 0.000875656 0.000875656 0.000875656 0.000875656 0.000943258 0.000875656 0.000875656 0.000885132 0.000875657 0.000875656 0.000876306 0.000875656 0.000875656 0.000875656 0.000875798 0.000875656 0.000875656 0.000875657 0.000934775 0.000875656 0.000875657 0.000875656 0.000886301 0.000875659 0.000875657 0.000875656 0.000875656 0.000901439 0.000875656 0.000875656 0.000875656 0.000875656 0.000875656 0.000875656 0.000888888 0.000875658 0.000875656 0.000875656 0.000876073 0.000878119 0.000875666 0.000876117 0.000875656 0.000896662 0.000928814 0.000875657 0.000895578 0.000904914 0.000875656 0.000875657 0.000875656 0.000875658 0.000875663 0.000875657 0.00164042 0.000875668 0.000875656 0.000875656 0.000875656 0.000875657 0.000879261 0.000878465 0.000875656 0.000875657 0.000919136 0.000875657 0.000875656 0.000875656 0.000875658 0.000875656 0.000875657 0.000875656 0.000875656 0.000875658 0.000875656 0.000875682 0.000901331 0.000875656 0.000875658 0.000875656 0.000875656 0.000875657 0.000875656 0.000875656 0.000875658 0.000875656 0.000875656 0.000875656 0.000925215 0.000875657 0.000875656 0.000875656 0.000875656 0.000875656 0.000875657 0.000875656 0.000875656 0.000875657 0.000875659 0.000875657 0.000875658 0.000875656 0.000875659 0.000875656 0.000875656 0.000875656 0.000875657 0.000875657 0.000880197 0.000875656 0.00092066 0.000875656 0.000875658 0.000875658 0.000881997 0.000875656 0.000875657 0.000875656 0.000875656 0.000875657 0.00087591 0.000875656 0.000875658 0.00087636 0.000875656 0.00095926 0.000875656 0.000875746 0.000875656 0.000875656 169.434 0.000875657 0.000879997 0.000875656 0.000875656 0.000875658 0.000875658 0.000875656 0.000875659 0.000875657 0.000925232 0.000875656 0.000875657 0.000875656 0.00177113 0.000875705 0.000878008 0.000875656 0.000875657 0.000875657 0.000883695 0.000875657 0.000875657 0.000875657 0.000875657 0.000875656 0.000884139 0.000875656 0.000875658 0.000875656 0.000875657 0.00087575 0.000875656 0.000875656 0.000875657 0.000875657 0.000875659 0.000875656 0.000875656 0.00087566 0.000875657 0.000875656 0.000875656 0.000875657 0.000875656 0.000875656 0.000875656 0.000875658 0.000896214 0.000900521 0.000880349 0.000875657 0.000875656 0.000875656 0.00087575 0.000875657 0.000875656 0.000875657 0.000875656 0.000875658 0.000875656 0.000875656 0.000875656 0.000900336 0.000875656 0.000875657 0.0009 0.000875656 0.000959229 0.000875656 0.000875656 3.30449 0.000875656 0.000875656 0.000875672 0.00128925 0.000875657 0.000875656 0.000875657 0.00087631 0.000875656 0.000875656 0.000875656 0.000875656 0.000875656 0.000875658 0.000875657 0.000909261 0.000996543 0.000875657 0.000875656 0.000875656 0.000875656 0.000875656 0.000875656 0.000875661 0.000875656 0.000875657 0.000875657 0.000875659 0.000875656 0.000875656 0.000875656 0.000875659 0.000875656 0.000875656 0.000880754 0.000875656 0.000875657 0.000883775 0.000875656 0.000875656 0.000875656 0.000875657 0.000875659 0.000875656 0.000875658 0.000875656 0.000875657 0.000875656 0.000880575 37.3416 0.000875657 0.000875656 0.000875656 0.000888781 0.000882178 0.000888411 0.000875656 0.000875656 0.000875656 20.5185 0.000875656 0.000875657 0.000875656 0.000875658 0.000875658 0.000875658 0.000875656 0.000875693 0.000875657 0.000875736 0.000875656 0.000875656 0.000875658 0.000875658 0.000875656 0.000875657 0.000875656 0.000881633 0.000875656 0.000911688 0.000875656 0.000875657 0.000875656 0.000875656 0.000875656 0.000875656 0.000875656 0.000875656 0.000875656 0.000875656 0.00106638 0.000875656 0.000875656 17.8153 0.000875656 0.000875656 0.000875657 0.000878582 0.000875658 0.000875656 0.000875659 0.000875658 0.000875657 0.000875656 0.000875656 0.000875656 0.000875656 0.000875656 0.000875657 0.000875657 0.000875669 0.000875656 0.000875656 0.000875657 0.000908086 0.00236947 0.000875657 0.000875656 0.000887724 0.000875657 0.000875657 0.000875656 0.000875657 0.000875657 0.0010125 0.000875656 0.000875661 0.000875657 0.000875656 0.000875656 0.000875656 0.000875656 0.000875658 0.000875658 0.000875656 0.000875656 0.000875665 0.000875657 0.000875656 0.000875658 0.000875657 0.00100243 0.000875656 0.000875656 0.000875659 0.000875656 0.000875656 0.000880356 0.000875699 0.000875656 0.000879827 0.000875656 0.000875656 0.000875656 0.000878436 0.000875658 0.000875656 0.000875656 0.000875656 2.08124 0.000875656 0.000875656 0.000894861 0.000875656 0.000879398 0.000875656 0.000875656 0.000875656 0.000875656 0.000875656 0.000875656 0.000875657 0.000875656 0.000875663 0.000875657 0.000948025 0.000875656 0.000875656 0.000875661 0.000875656 0.000875751 6.81367 0.000875656 0.000875658 0.000876301 0.000875656 0.000875657 0.000875659 0.000875656 0.000875656 0.000875656 0.000877442 0.000875656 0.000875657 0.000875659 0.00109644 0.000875656 0.000875656 0.000875656 0.000875657 0.000875656 0.000875656 0.000875656 0.000875656 0.000875658 0.000875656 0.000875658 0.000875657 0.0008757 0.000875659 0.000875656 0.000875656 0.000875656 0.000875657 0.000875658 0.000875656 0.000875657 0.000916025 0.000875656 0.000875657 0.000875666 0.000875656 0.000875656 0.000875657 0.000875656 0.000911762 0.000875656 0.000875656 0.000875656 0.000894391 0.000875656 0.000875657 0.000879223 0.000875656 0.000876346 0.000875656 0.000875657 0.000875657 0.000875656 0.000875656 0.000932054 0.000875656 0.000875656 0.000875657 0.000875658 0.000875656 0.000875656 0.0718654 0.000875656 0.000876884 0.000875656 0.000875656 0.000875657 0.000875656 0.000875657 0.000875657 0.000876069 0.000876688 0.000875656 0.000893108 0.000875658 0.000875656 0.000879395 0.000875656 0.000875657 0.000875656 0.000875657 0.000875657 0.000980114 0.000875658 0.000875656 0.000875658 0.0368978 0.000875656 0.000886686 0.000875657 0.000877678 2.94071 0.000875656 0.000875656 0.000876337 0.000875656 0.000875658 0.000875716 0.000875657 0.000875657 13.6832 0.000875656 0.000875656 0.000875656 0.000876029 0.000875656 0.00087566 0.000875657 0.000875656 0.000875657 0.000875656 0.000875669 0.000875656 0.000875656 0.000875656 0.000875657 0.000875657 0.000875658 0.000875859 0.000875656 0.000875656 0.000875656 0.000875656 0.000875819 0.000875656 0.000875658 0.000875656 0.000875658 0.000875656 0.000875656 0.000875656 0.000875656 0.000875657 0.000875656 0.000875656 0.000875656 0.000875657 0.000875658 0.000875657 0.000875656 0.000875656 0.000875657 0.000875656 0.00087747 0.000875659 0.000875657 0.000875656 0.000875656 0.000875658 0.000875657 0.000875657 0.000875657 0.000875656 0.000875656 0.000875656 0.000940971 0.000880141 0.000875657 0.000875661 0.000892508 0.000889965 0.000875657 0.000875656 0.000875656 0.000875656 0.000875656 0.000875656 0.000875657 0.000875656 992.409 0.000875656 0.000875656 0.000875657 0.000875656 0.000875656 0.000878584 0.000893262 0.000875658 0.000910479 0.000894763 0.000875656 0.000875656 0.000875656 0.000915602 0.000887543 0.000875657 0.000875657 0.000875656 0.000875657 0.000875657 0.000875656 0.000875656 0.000875656 0.000875657 0.000875826 0.000882444 0.000875656 0.000875656 0.000875657 0.000876319 0.000875656 0.000875656 0.000875658 0.000875656 0.000875659 0.000905037 0.000875656 0.000875692 0.000875656 0.000875656 0.000875656 0.000875659 0.000875657 0.000875657 0.000875656 0.000875688 0.000879235 0.000875656 0.000875656 0.000875659 0.000875656 0.000875657 0.000875656 0.000882633 0.000875658 0.000875657 0.000875656 0.000875656 0.000876537 0.000925517 0.000875656 0.000875657 0.000875656 0.000875658 0.000876296 0.000875656 0.000875656 0.000875656 0.000891071 0.000875656 0.000875656 0.000875656 0.000875656 0.000875656 0.000875656 0.000875656 0.000875656 0.000875656 0.000875657 0.000875657 0.000875657 0.000875656 0.000875659 0.000875656 0.000875656 0.000875658 0.000875656 0.000875656 0.000875658 0.000875656 0.000876984 0.000875657 0.000875658 0.000875658 0.000875656 0.000875657 0.000875656 0.000875656 0.000875657 0.000875656 0.000875656 0.000875656 14.5861 0.000875656 0.000875657 0.000875656 0.000875656 0.000875656 0.000875656 0.000875656 0.000875657 0.000875657 0.000875656 0.000970955 0.000875657 0.000899053 0.000875657 0.000875659 0.000875656 0.000875656 0.000875657 0.000875656 0.000875672 0.000875656 0.000904055 0.000875657 0.000875656 0.000875657 0.000875657 0.000875656 0.000875656 0.000875656 0.000875656 0.000875656 0.000875656 0.000875656 0.000875657 0.000875657 0.00094092 0.000875658 0.000875656 0.000875656 0.000875656 0.000875656 0.000875656 0.000875656 0.000875656 0.000973928 0.000875656 0.000954432 0.000875656 0.000875656 0.000875658 0.000875657 0.000875656 0.000875656 0.000875656 0.000878591 0.000875656 0.00115883 0.000882384 0.000875657 0.000875658 0.000876216 0.000875657 0.000875656 0.000875657 0.000875656 0.000875656 0.000875657 0.000921293 0.000875656 0.000875743 57.1902 0.000875656 0.000875656 0.000875656 0.000875656 0.000875656 0.000877245 0.000875657 0.000875657 0.000875656 0.000875656 0.000875656 0.000875656 0.000875656 0.000875656 0.000875656 0.000875656 0.000875657 0.000875657 0.000875656 0.00090568 0.000875995 0.00094673 0.000875656 0.000875656 0.000875656 0.000875657 0.000876001 0.00089715 0.000875656 0.000875656 0.000875657 0.000875656 0.00088258 0.000875658 0.000875656 0.000875657 0.000875656 0.000902559 0.000875656 0.000875657 0.000875656 0.000875656 0.000974877 0.000875656 0.000875656 0.000875656 0.000875656 0.000875656 0.000875659 0.000875656 0.461553 0.000875657 0.000875657 0.00107105 0.000875656 0.000875656 0.000875656 0.000875656 0.00107884 0.000903634 0.000876784 0.000875656 0.000875813 0.000875656 0.000875656 0.000875659 0.000875657 0.000875656 0.000931608 0.00087865 0.000875656 0.00591239 0.000875656 0.000875656 0.00087566 0.000875656 0.000875656 0.000875656 0.000875656 0.000875656 0.00118239 0.000875656 0.000890087 0.000875658 0.000875656 0.000875657 0.000875657 0.000875656 0.000875656 0.000876899 0.000875656 0.000875699 0.000875657 0.00087577 0.000875657 0.000875656 0.000875656 0.000875657 0.000875656 0.000875656 0.000875656 0.000875656 0.000875656 0.000875657 0.000875656 0.000875656 0.000875657 0.000875656 0.000875656 0.000875656 0.000875656 0.000875663 0.000875656 0.000897378 0.000882213 0.000875656 0.000875685 0.000875716 0.000875656 0.000875656 0.000875656 0.000875656 0.000875658 0.000875658 0.000875656 0.000875656 0.000875657 0.000875657 0.000875889 0.000875656 0.000875656 0.000875657 0.000875656 0.000875657 0.000875657 0.000875766 0.000875656 0.000875656 0.000875656 0.000889524 0.000875657 0.000875656 0.000875658 0.000875656 0.000875657 0.000875658 0.000875656 0.000875657 0.000875657 56.7951 0.000875703 0.000875657 0.00087581 0.000875657 0.000875664 0.000875656 0.000875656 0.000875656 0.00087566 0.00093032 0.000875657 0.000875657 0.000875656 0.000875659 0.000875656 0.000875656 0.000875656 0.000875656 0.00087566 0.000875661 0.000875656 0.000875657 0.000875656 0.000879057 0.000884789 0.000875656 0.000875659 0.000875658 0.000908488 0.000876806 0.000926514 0.000875657 0.000881705 0.000875656 0.000875656 0.000875708 0.000875658 0.000875657 0.000875656 0.000875656 0.000875658 0.000875659 0.000875656 0.000875657 0.000875657 0.000875656 0.000875657 0.000875656 0.000875658 0.000875656 0.000875656 0.000875656 0.000875658 0.000875662 0.000875657 0.000875658 0.000875769 0.000875656 0.000875656 0.000875656 0.000875656 0.000875659 0.000875656 0.000875657 0.000875656 0.000875656 0.000875656 0.000875656 87.0407 0.000875659 13.6833 0.000875656 0.000875656 0.000875656 0.000875657 0.000875656 0.000875656 0.000875656 0.000875656 0.000875657 0.000875658 0.000875658 0.000875658 0.00088795 0.000875656 0.000875657 0.000896929 0.000875656 0.000875707 0.000875658 0.000875657 0.000875657 0.000875656 15.5817 0.000875658 0.000875656 0.000875656 0.000875656 0.000875656 0.000875657 0.000875656 0.00104378 0.000875656 0.000875656 0.000875662 0.000875656 0.000917525 0.000875657 0.000875657 0.000875656 0.000875657 0.000875855 0.000875656 0.000877038 0.00087566 0.000875656 0.000875656 0.000875656 0.000875656 0.000875657 0.000875658 0.000875656 0.000875656 0.000903371 0.000875657 0.000875657 0.000902174 0.00087566 0.000875656 0.000875656 0.000875657 0.000875657 0.000875656 0.000875657 0.000875656 0.000875658 0.000875656 0.000875656 0.000875657 0.000875657 0.000875657 0.000875656 0.000875657 0.000875656 0.000875657 0.000875656 0.000875656 0.000891441 0.000875659 0.000881953 0.000875656 0.000875656 26.2261 0.000875662 0.000875656 0.000875656 0.000875657 0.000875656 0.000875658 0.000875657 0.000875656 0.000875656 0.000875656 0.000875656 0.000875657 0.000875656 0.000875942 0.000875658 0.000875657 0.000875656 0.000875657 0.000875658 0.000875656 0.000875656 0.000875656 0.000875656 0.000875657 0.000875656 0.000875657 0.000875657 0.000875656 0.000875657 0.000875657 0.000876054 0.000875656 0.000875656 0.000875661 0.000875656 0.000875656 0.000875656 0.000875656 0.000875657 0.000875657 0.000875739 0.000875656 0.000875656 0.000875656 0.000875657 0.000875656 0.00087566 0.000875656 0.000875656 0.000875656 0.000891956 0.000911523 0.000875658 0.000875657 0.000875658 0.000916407 0.000875659 0.000875656 0.000875656 0.000875656 0.000875656 0.000902161 23.3546 0.000875658 0.000897807 0.000875657 0.000875658 0.000875656 0.000875656 0.000875759 0.000875656 0.000875656 0.000875656 0.000875656 0.000879614 0.00087836 0.000875656 0.000875656 0.000875656 0.000875814 65.3156 0.000875656 0.000875656 0.000875656 0.000875656 0.000875656 0.000875656 0.000875657 0.000875656 0.000875659 0.000875656 0.000875659 0.000875656 0.000875656 0.000875656 0.000883877 0.000875657 0.000875657 0.000875657 0.000875656 0.000875656 0.0012375 0.000875866 0.000875657 0.000875656 0.000875657 0.000875656 0.000875657 0.000875656 0.000875656 0.000875656 0.00104045 0.000877261 0.000875656 0.000875656 0.000875656 0.000875656 0.000875656 0.000875658 0.000875656 0.000875656 0.000875656 0.000940655 0.000875656 0.000875656 0.000875656 0.000875657 0.000875656 0.000875657 0.000875657 0.000875657 0.000875656 0.000875656 0.000875656 0.00118227 0.000875656 0.000875656 0.000875656 0.000875656 0.00087971 0.000875656 0.000875657 0.000875656 0.000875656 0.000875656 0.000875656 0.000875658 0.000875656 0.000883364 0.000875656 0.000875656 0.000883351 0.000875658 0.000875656 0.000875656 0.000875658 0.000875656 0.000951004 0.000875657 0.000875659 0.000908509 0.000875656 0.000875657 0.000875657 0.000875658 0.000875656 0.000875656 0.000875657 0.000875656 0.000875656 0.000875657 0.000875656 0.000875657 0.000875657 0.000875656 0.000875657 0.000882395 0.000875658 0.000875656 0.000875658 0.000892619 0.000875656 0.000875656 0.000875657 0.000875656 19.9206 0.000875657 0.000875656 0.000875658 0.000875657 0.000875656 0.000875656 0.000875658 0.000875675 0.000875656 0.000875656 0.000875656 0.00102778 0.000928761 0.000875656 0.000875656 0.000875656 0.000875656 0.000886721 0.000875656 0.000883378 0.000876367 0.000875656 0.000875656 0.000875656 0.000875656 0.000875656 0.000875656 0.000940135 0.000875656 0.000875656 0.000875656 0.000875656 0.000949603 0.000875658 0.000875656 0.000875656 0.000875656 0.000875657 0.000875656 0.000875854 0.000875656 0.000875656 0.000875656 0.000875656 0.000875656 0.000875656 0.000875658 0.000875656 0.000875656 0.000957345 0.000875656 0.000875656 0.000875656 0.00087576 0.000875656 0.000875657 0.000875657 0.000875659 0.000875656 0.000875658 0.000875656 0.000875656 0.000875657 0.000875656 0.000875743 0.000875659 58.7908 3.30449 0.000875656 0.000875657 0.00087616 0.000875657 0.000875656 0.000875656 0.000875657 0.000875743 0.000903438 0.000875657 0.000875658 0.000875658 0.000875659 0.000875656 0.000875657 202.297 0.000875658 0.000876225 0.000875656 0.000875656 0.000875656 0.000875656 0.000875656 0.000875656 0.000875658 0.000875656 0.000875657 0.000933721 0.000875656 0.000875659 0.000875656 0.000875656 0.000875656 0.000875656 0.000875661 0.000875656 0.000892026 0.000875656 0.000875658 0.000875656 0.000875656 0.000875708 0.000875656 0.000875656 0.000875656 0.000875656 0.000875658 0.000875656 0.000875714 0.000875656 0.000875656 0.000875657 0.000875657 0.000875656 0.000875656 0.000875657 0.000875657 0.000878379 0.00087573 0.000875657 0.000875656 0.000875656 0.000888991 0.000875656 0.000875656 0.000875657 0.000875656 0.00087566 0.000875656 0.000875656 0.000875658 0.000875656 0.000875656 0.000875656 0.000875656 0.000875657 0.000875657 0.000875658 0.000875658 0.000875657 0.000875656 0.134155 0.000876187 0.000875656 0.000875656 0.000875657 0.000875656 0.000875657 0.000875677 0.000875657 0.000875656 0.000875692 0.000875658 0.000875656 0.000875656 0.000943993 0.000959269 0.000875658 0.000875656 0.000891739 0.000875656 0.000875657 0.000875656 0.000925183 0.000877951 0.000875656 0.000875688 51.6023 0.000875814 0.000875658 0.000875657 0.000875656 0.000875969 0.000875657 0.000875656 0.000875656 0.000875657 0.000875656 0.000892761 0.000875657 0.000875656 0.000875656 0.000875656 0.000875658 0.000875657 0.000875656 0.000875657 0.000875806 0.000875656 0.000875656 0.000875658 0.000875656 0.00087566 0.000920293 0.000875656 0.000875656 0.000880103 0.000875656 0.000875656 0.000875837 0.000875657 0.000875656 0.000875656 0.000875656 0.000875656 0.000875656 0.000875656 0.000875656 0.000875657 0.000875656 0.000875656 0.000875656 0.000875656 0.000875685 0.000875656 0.000875657 0.000892752 0.000875657 0.000875656 0.000875656 0.000875657 0.000875656 0.000875656 0.00091266 0.000875656 0.000879149 0.000875656 0.000875657 0.000876035 0.000875656 0.000875656 0.000875656 22.1759 0.00166315 0.000875656 0.000875657 0.000875656 0.000875657 0.000875656 0.000875656 0.000875656 0.000875656 0.000875656 0.000875791 0.000875656 0.000875656 0.000875656 0.000961547 0.000953064 0.000885967 0.000875656 0.000875656 0.000875657 0.000875657 0.000875657 0.000875657 0.000875656 0.000883535 0.000875656 0.000875657 0.000875657 0.000875658 0.000875658 0.000875656 0.000875656 0.000876059 0.00109116 0.000875656 0.000875656 0.000875656 0.000875656 0.000876491 0.000875658 0.000875656 0.000875656 0.000899312 0.000875656 0.000875656 0.000875657 0.000875657 0.000875656 0.000875657 0.000875657 0.000875657 0.000875658 0.000891987 0.000875657 0.000875657 0.000875657 0.00103102 0.000875657 0.000934819 0.000875657 0.000875657 0.000875657 0.000875656 0.000875656 0.000875656 0.000875656 0.000875656 0.000875657 0.000875656 0.000875658 0.000875662 0.000931789 26.5515 0.000875656 0.000875656 0.000875656 0.000875656 0.000875656 0.000875657 0.000875656 0.000875656 0.00126764 0.000875656 0.000875657 0.000875657 0.000875656 0.000875948 0.000892766 0.000875656 0.000875657 0.000875656 0.000875656 0.000875656 0.000876452 0.000875656 0.000875656 0.000875657 0.000875657 0.000875656 0.000875656 0.000875753 0.000875656 0.000875656 0.000875656 0.000875656 0.000875657 0.000875656 0.000875656 0.000875656 0.00087609 0.000875657 0.000875656 0.000875657 0.00087629 0.000875657 0.000875656 0.000875657 0.000875656 0.000875658 0.000877514 0.000875656 0.000875656 0.000875658 0.000875656 0.000880893 0.000875659 0.000875656 0.00729559 0.000875659 0.000875656 0.000875656 0.000875761 0.000875658 0.000875656 0.000875657 0.000875656 0.000875656 33.0927 0.000875657 0.000914511 0.000875656 0.000875656 0.000876763 0.000875656 0.000875656 0.000875695 0.000875656 0.000875657 0.000882593 0.00087646 0.000875658 0.000875656 0.000875656 0.000875656 0.000875656 0.000875656 0.000875656 0.000875656 0.00124531 0.000875656 0.000875656 0.000875656 0.000875656 0.000875656 0.000875658 0.000875656 0.000875658 0.000875657 0.000875656 0.000875656 0.000875656 0.000875656 0.000875658 159.254 0.000875669 0.000875656 0.00087575 0.000876781 0.000875656 0.000926411 0.000917961 0.000875657 0.000875656 0.000875657 0.000875656 0.000875659 0.000875656 0.000875656 0.000875656 0.000875656 0.000875657 0.000875656 0.000875656 0.000875658 0.000875658 0.000875658 0.000875656 0.000875875 0.000875751 0.000875656 0.000897003 0.000875657 0.000875656 0.000875688 0.000875656 0.000875656 0.000875656 0.000875656 0.000940968 0.000875658 0.000883538 0.000893176 0.000875657 0.000875656 0.000875657 0.000875656 0.000876573 0.000875704 0.000875656 0.000875683 0.000878419 0.000875659 0.000875659 0.000875656 0.000875662 0.000875658 0.000875657 0.000875656 0.000875656 0.000875656 0.000886715 0.000875657 0.000875656 0.000875657 0.000875656 0.000875657 0.000875708 0.000875658 0.000875656 0.000911629 0.000875656 0.000904481 0.000875656 0.000875658 0.000875711 0.000875659 0.000875658 0.000875657 0.000875657 0.000875656 0.000875657 0.000875656 0.000875656 0.000875657 0.000875656 0.000875656 0.000923224 0.000875657 0.000875656 0.000875656 0.000875658 0.000875656 0.000875656 0.000875656 0.00087566 0.000875656 0.000875657 0.000875657 0.00233071 0.000875656 0.000875656 0.000875656 0.000875656 0.00087566 0.000875656 0.000875656 0.000875656 0.000875656 0.000875656 0.000875656 0.000875656 0.000875656 0.000875685 0.000875657 0.000875656 0.000875656 0.000875657 0.000875656 13.4184 0.00121647 0.000887509 0.000875657 0.000876062 0.00087578 0.000879262 0.000875656 0.000875656 0.000875743 0.000875656 0.000875656 0.000875656 0.000875656 0.000875656 0.000875657 0.000875904 0.000875657 0.000875657 0.000875668 0.000875657 0.000875656 0.000876692 0.000913278 0.000875694 0.000875657 0.000875656 0.000876378 0.000875658 0.000880566 0.000875743 0.000875657 0.00087567 0.000875656 0.000875656 0.000875656 0.000875657 0.000875656 0.000875656 0.000875656 0.000875656 0.000891818 0.000875688 0.000898993 0.000875657 0.000875656 0.000892783 0.000875658 0.000875656 0.000875656 0.000884679 0.000875656 0.000875657 0.000875656 0.000875656 0.000875656 0.000875656 0.000875656 0.000875656 0.000875656 0.000875656 0.000875666 0.000875657 0.000875656 0.000875657 0.000876564 73.2914 0.000875658 0.000875656 0.000875656 0.000878848 0.000875657 0.000875657 0.000876097 0.000875656 0.000875658 0.000875656 0.000878788 0.000875656 0.000875659 0.000875656 0.00087566 0.000875656 0.000875656 0.000875656 0.000875826 0.00087669 0.000875656 0.000875656 0.000875656 0.000875656 0.000875657 0.000875656 0.000875656 0.000875656 0.000875656 0.000875657 0.000875656 0.000875656 0.000879082 0.000875656 0.000875656 0.000875656 0.000875666 0.000875677 0.000875656 0.000875656 0.000875657 0.000875657 0.000875657 0.000875658 0.00087844 0.000875658 0.000875656 0.000875656 0.000875656 0.000875656 0.000875656 0.000875893 0.000875656 0.000875656 0.000875656 0.000875965 0.000875657 0.000876775 0.000875656 0.000875658 0.000875656 0.000875656 0.000875657 0.000875656 0.000875658 0.000876702 0.000875658 0.000875656 0.000875656 0.000875657 0.000875656 0.000875657 0.000875658 0.000875656 0.00109928 0.000875656 0.000875658 0.000875656 0.000875656 0.000875656 0.000875656 0.000875657 0.000875656 0.000875657 0.000959446 0.000875658 0.000875656 0.000875656 0.000875656 0.000875657 0.000875658 0.000875656 0.000875656 0.000875656 0.000875656 0.000875656 0.000875656 0.000875658 0.000875656 0.000875656 0.000875658 0.000875656 0.000875656 0.000875656 0.000875658 0.000875656 0.000877008 0.00087587 0.000875656 0.000875658 0.000875657 0.000875656 0.000875657 0.000875657 0.000875657 0.000875657 0.000875656 0.000875656 0.000875656 0.000875658 0.000875656 0.000875656 0.000875656 0.0298662 0.00087591 0.0008757 0.000875658 0.000875656 0.000875656 0.000875656 127.018 0.000875656 0.000875656 0.000875656 0.000875658 0.000875656 0.000875657 0.000875656 0.00280759 0.000875698 0.000875657 0.000875657 0.000875656 0.000875656 0.000875658 0.000875656 0.000875656 0.000875656 0.000875656 0.000875819 0.000875657 0.000875657 0.000875658 0.000875656 0.000875657 0.000875656 0.000875707 0.000875656 0.000875659 0.000875656 0.000875659 0.000875661 0.000875656 0.000875656 0.000875656 0.000875656 0.000875656 0.000876115 0.000875656 0.000875656 0.000875658 0.000878829 0.000875656 0.000875657 0.000875659 0.000875656 0.000875656 0.000875656 0.000875656 0.000906761 0.000875656 0.000875656 0.000875656 0.000875656 0.000875656 0.000875656 0.000875657 0.000875656 0.000875656 0.000875658 0.000875657 0.000875656 0.000875659 0.000901936 0.000875658 0.000875656 0.000875656 0.000875659 0.000875657 0.000875658 0.00087585 0.000875656 0.0008757 0.000875656 0.000875657 0.000875656 0.000875656 0.000875657 0.00087566 0.000892822 0.000875658 0.000875657 0.000875656 0.000875656 0.000875656 0.000875656 0.000875656 0.000875656 0.000875657 0.000875656 0.000875657 0.000875658 13.6832 0.000875656 0.000875656 0.000875656 0.000875656 0.000875657 0.000875658 0.000875656 0.000898604 0.000875658 0.000875657 0.000875657 0.000876736 0.00087934 0.000879378 0.000875656 0.000875656 0.000875656 0.000875657 0.000875658 0.000875656 0.00087575 0.000875657 0.000875657 0.000875657 0.000891857 0.000875688 0.000875656 0.000875658 0.000886699 0.000875656 0.000981739 0.000875656 0.000920665 0.000875656 0.000875656 0.000875673 0.000875657 0.000875656 0.000875657 0.00087566 0.000875656 0.000875656 0.000875658 0.000875657 0.000875656 0.000875656 0.000875657 0.000946204 0.000875661 0.000875656 0.000875657 0.000875656 0.000875657 0.000875656 0.000875658 0.000875656 0.00137744 0.000875656 0.000875656 0.00100202 0.000875659 0.000875657 0.000875714 0.000885112 0.00104699 0.000875656 0.000875656 0.000875657 0.000875657 0.000875656 0.000875656 0.0147698 0.000944954 0.000875657 0.000882246 0.00113288 0.000875656 0.000875671 0.000875701 0.000875656 0.000875656 0.000875656 0.000875656 0.000875656 0.000875656 0.000883562 0.000875656 0.000889642 0.000875656 0.000875656 0.00087668 0.000875656 0.000875656 0.000875657 0.000875656 0.000875685 0.000875656 0.000875656 0.000875656 12.8919 0.000875656 0.000875657 0.000875656 0.000875656 0.000875657 0.000875656 0.000875816 0.000875656 0.000875656 0.00087566 1.74288 0.000875659 0.00102153 0.000875661 0.000875656 0.000875659 0.000875656 0.000875658 0.000875709 0.000875657 0.000875656 0.000875657 0.000875656 0.000875656 0.000875656 0.000875658 0.000875656 0.000876952 0.000875656 0.000875656 0.000875657 0.000875667 0.000875795 0.000875656 0.000875657 0.000890562 0.000882581 0.000875798 0.000875656 0.000875656 0.000875656 0.000876202 0.000875744 0.000875656 0.000887695 0.000886743 0.000875657 0.000875656 0.000875657 0.000875657 0.000875656 0.000875656 0.000875656 0.000875656 0.000875657 0.000875656 0.000875682 0.000875657 0.000901492 0.000875782 0.000875656 0.000894659 36.4234 0.000875656 0.000875658 0.000875657 0.000875656 0.000875658 0.000899901 0.00093833 0.000875657 0.000875656 0.000875657 0.00120752 240.388 0.000875657 0.000878213 0.0008783 0.000875656 0.000875657 0.000875657 0.000875657 0.000875659 0.000875656 0.000875656 0.000875656 0.000875656 0.00259646 0.000875657 0.000875657 0.00087566 0.000875656 0.000875658 0.000875657 0.000876028 0.000875659 0.000875656 0.000875656 0.000875656 0.000875657 0.000875659 0.000875671 0.000875656 0.000875657 0.000897389 0.000875656 0.000875972 0.000875664 0.000882497 0.000875656 0.000875657 0.000875659 0.000875656 0.000875656 0.000875656 0.000875658 0.000875656 0.000875661 0.000875657 0.000876456 0.000875656 0.000875965 0.000876314 31.1697 0.000875658 0.000875658 0.000875656 0.000875656 0.000875656 0.000875657 0.000893519 0.000875656 0.000875656 0.000875656 0.000875656 0.000875657 0.000875657 0.000875656 0.000875658 0.000875656 0.000895386 0.000875656 0.000875656 0.000875656 0.000875688 0.000875656 0.000875656 0.000875656 0.000875656 0.000875656 0.000875656 0.000875659 0.000875657 0.000875656 0.000875656 0.000875656 0.000875658 0.000875659 0.000875656 0.000875657 0.000875656 0.00119195 0.00087566 0.000875656 0.000875657 0.000875656 0.000875676 0.000875656 0.000875828 0.000875656 0.000875656 0.000875656 0.000875657 0.000875656 0.000875657 0.000875657 0.000875656 0.000875657 0.000875656 0.000875656 0.000875656 0.000875658 0.000875657 0.000875656 0.000894737 0.000875656 0.000939737 0.000875728 0.000875657 0.000875657 0.000875656 0.000875658 0.000875656 0.000876978 0.000875657 0.000875656 0.000875657 0.000875656 0.000875658 0.000875656 0.000875657 0.000889694 0.000875656 0.000875657 0.000875656 0.000875656 0.000875656 0.00087566 0.000875657 0.000875656 0.000875656 0.000875657 0.000875657 0.000875656 0.000875656 0.000875656 0.000875656 0.000875657 0.000875656 0.000875841 0.000875656 0.000875657 0.00111436 0.000875657 0.000875656 0.000875656 0.000875656 0.000875656 0.000875656 0.000875657 0.000875657 0.000875657 0.000875657 0.000875656 0.000875656 0.000875656 0.000875656 0.000875657 0.000875656 0.000875656 0.000875657 0.000875657 0.0009747 0.000875656 0.000875656 0.000889319 0.000875657 0.000875657 0.00088769 0.000964516 0.000875657 22.1787 0.000875656 0.000875656 0.000875656 0.000875657 0.000875656 0.000875657 0.000875657 0.000875656 0.000875656 0.000875656 0.000875657 0.000875687 0.000875656 0.000875656 0.000875656 0.000875656 0.000875656 0.000875658 0.000930137 0.000875656 0.000875657 0.000875656 0.000875657 0.000875657 0.000877715 0.000875656 0.000875657 0.000875657 0.000875657 0.000875656 0.000875656 0.000875657 0.000875657 0.000875656 0.000875657 0.000875656 0.92211 0.000875656 0.000875657 0.000875656 0.000875656 0.000875656 0.000875656 0.000875656 0.000875656 0.000875656 0.000876119 0.000875656 0.000875657 0.000875657 0.00088762 0.000875656 0.000875656 0.00108348 0.000875656 0.000875658 0.000875656 0.000875656 0.000875656 0.000875656 0.000875658 0.000875657 0.000875657 0.000875656 0.000875656 0.000875656 0.000875656 0.000875656 0.000875657 0.000875656 0.000875656 0.000875656 0.000875657 0.000875656 0.000883257 0.000875657 0.000875656 0.000875658 0.000875656 0.000921451 0.00087566 0.000875659 0.000875657 0.000989192 0.000888191 0.000875656 0.000875657 0.000875656 0.000875657 0.000875662 0.000875656 0.000875658 0.000875656 0.000875658 0.000875657 0.00088089 0.000875659 0.000875656 0.00087566 0.000875656 0.000875656 0.000875656 0.000875657 49.6669 0.000885452 0.000875658 0.000875657 0.000875656 0.00176353 0.000875788 0.000887148 0.000875657 0.000875656 88.2658 0.000875657 0.000875657 0.000882151 0.000898513 0.000875656 0.000875656 0.000875656 0.000875656 0.000875656 0.000875657 0.000875656 0.000875656 0.000875658 0.000875656 0.000875657 0.00087597 0.000881961 0.000875656 0.000875656 0.000875679 0.00087566 0.000875656 0.000875656 0.000875657 0.000875657 0.000875656 0.000915206 0.000876466 0.000875656 0.000875657 0.000920358 0.000875657 0.000875657 0.000875656 0.000875659 188.528 0.000875656 0.000875656 0.000875656 0.000875657 0.000875657 0.000875656 0.000875657 0.000918723 0.000875661 0.000875657 0.000875656 0.000875656 0.000875656 0.000875656 0.000875657 0.000875657 0.000875657 0.000875656 0.000875656 0.000875656 0.000875657 0.000875657 103.096 171.236 0.000875656 0.000875659 0.000875656 0.000875656 0.000925328 0.000875657 0.00088111 0.00087577 0.00398538 0.000875656 0.000875657 0.000882639 0.000875656 0.000875681 0.000875707 0.000875656 0.000875657 0.000877844 0.000893617 0.000875675 0.000875656 0.000875657 0.000916574 0.000875656 0.000875656 0.000875656 0.000875656 0.00087567 0.000875657 0.000875656 0.000941081 0.000926496 0.000875656 0.000875658 0.000875658 0.000955916 0.000875659 0.000875656 0.00087567 0.000875656 0.000875656 0.000875657 0.000875656 0.000875656 0.000875657 0.000875657 0.000875656 0.000968528 0.00087566 0.000875656 0.000875657 0.000875656 0.000875657 0.000875721 0.000875657 0.000875656 0.000875657 0.000875656 0.000875658 0.000875656 0.000875656 0.000875657 0.000875656 0.000875656 0.000875657 0.000875658 0.000875656 0.00087566 0.000875658 0.000875656 0.000875657 0.000875657 0.000875656 0.00090087 0.000875656 0.000875657 0.000875656 0.000875656 0.000883494 0.000875656 0.000875656 0.000875662 0.000875657 0.000879953 0.000894816 0.000881357 0.000875656 0.000875656 0.000875656 0.000875656 0.000884035 0.000880159 0.000875656 0.00087566 0.000875658 0.000875656 0.000875657 0.000883102 0.000875657 0.00169588 0.000875656 0.000875656 0.000875656 0.000875656 0.00087566 0.000875656 0.000875656 0.000875659 0.000875656 0.000875658 0.000875657 0.000875657 69.4223 0.000875656 61.4128 0.000876407 0.000875656 0.000969142 0.000878972 0.000875656 0.000875656 0.000875656 0.000875658 0.000875656 0.000875656 0.000901142 0.000875656 0.000875656 0.000875657 0.000875656 0.000875662 0.000875656 0.000875966 0.000875656 0.000875656 0.000875656 0.000875657 0.000920374 0.000875656 0.000875833 0.000875656 0.000876285 0.000875656 0.000875656 0.000875657 0.000875656 0.000875656 0.000875741 0.000875656 0.000875656 0.000875656 0.000875656 0.000875656 0.000875659 0.000875659 0.000875656 0.000903493 0.000875676 0.000877191 0.000917461 0.000875656 0.000875657 0.000875657 0.000907359 0.000875657 0.00087566 0.000875657 0.000875658 0.000875656 0.000878302 0.000875656 0.000875657 0.000875656 0.000875657 0.000875656 0.000875656 0.000875657 0.000875656 34.1896 0.000875656 0.000875656 0.000875656 0.000875656 0.000875659 0.000875656 0.000875656 0.000875657 0.000875656 0.000875656 0.000875657 0.000875657 0.000875656 0.000875657 0.000885459 0.000879363 0.000875656 0.000933083 0.000875656 0.000875656 0.000875656 0.000875657 0.000875656 0.000875657 0.000875657 0.000875656 0.000875656 0.00087566 0.000875657 0.000875656 0.000875656 0.000875656 0.000876083 0.000875657 0.000875656 0.000875656 0.000875656 0.000891863 0.000875656 0.000875657 0.00175192 0.000875657 0.000875656 0.000875658 0.000875656 0.000875656 0.000875656 0.000875659 0.000875656 0.000875656 0.000875657 0.000875656 0.000875657 0.000875658 0.000875658 0.000875656 0.000875657 0.000875658 0.000875656 0.000875656 0.000875658 0.000875656 0.000881176 0.000875656 0.000919541 0.000875657 0.00087566 0.000876839 0.000875656 0.000875658 0.000875656 0.000875657 0.000878811 0.000875657 0.000875656 0.000875656 0.000875656 0.000875656 0.000875656 0.000875656 0.000875656 0.000875658 0.000875656 0.000875656 0.00153469 0.000875657 0.000875656 0.000878116 0.000876277 0.000875656 0.000875656 0.000875657 0.000875656 0.000875657 0.000875658 0.000875656 0.000963034 0.000878392 0.000875656 0.000875656 0.000875656 0.000875656 0.00351398 0.000875656 0.000875657 0.000875657 0.000875659 0.000875728 0.000875656 0.000875656 0.000875656 0.00101687 0.000932419 0.000875657 0.00087566 0.000875657 0.000875656 0.000875656 0.000875656 0.000875657 0.000875656 0.000875656 0.000875656 0.000875657 0.000875656 0.000921756 0.000901248 0.000875656 0.000875657 0.0015794 0.000875656 0.000875656 0.000875656 0.000875656 13.074 0.000875657 0.000875657 0.000910592 0.000875658 0.000875656 0.000875657 0.000875657 0.000875662 0.000875656 0.000875656 0.000875656 0.000875657 0.000875656 0.000875656 0.000875672 0.000875656 0.000875657 0.000875657 0.000875657 0.000875656 0.000875656 0.000875657 0.000875656 0.000875656 0.000875656 0.000875656 0.000875657 0.000875658 0.000875657 0.000894244 0.000882549 0.000875656 0.000875657 0.000875656 0.000875656 0.000875656 0.000875656 0.000875657 0.000875847 0.00087566 0.000875657 0.000875656 0.000875656 0.000875657 0.000876355 0.000875656 0.000875656 0.000876154 0.000875656 0.000875656 0.000875657 0.000915966 0.000875658 0.000875656 0.000875657 0.000875656 0.000875664 0.000878674 0.000875661 0.000875656 0.000875656 0.000875656 0.000875656 0.000876262 0.000875656 0.000875657 0.000875656 0.000875769 0.000875656 0.000875657 0.000875656 0.000875656 0.000896144 0.000875657 0.000875754 0.000875657 0.000875656 0.000875656 0.000875656 0.00181732 0.000875657 0.000875656 577.458 0.000875656 0.000875656 0.000875656 0.000875657 0.000875656 0.000875657 0.000875656 0.000875658 0.000875656 0.00087566 0.000876084 0.000875656 0.000875656 0.000875658 0.000909398 0.000875658 0.000875656 0.000875656 0.000875656 0.000875656 0.000875656 0.000875656 0.000875656 0.000875656 0.000875656 0.000875658 0.000875656 0.000875659 0.000875656 0.000875656 0.000875663 0.000875659 0.000875656 0.00160876 0.000875656 0.000875656 0.000875656 0.000875657 0.000875656 0.000875658 0.000875657 16.0721 0.000875656 0.000875657 0.000875656 0.000875656 0.000875656 0.000875656 0.000875656 0.000875656 0.000902347 0.000886817 0.00087566 0.000879364 0.000875657 0.000875658 0.000875656 0.474761 0.000875656 0.000875656 0.000875656 0.000875657 0.000875658 0.248609 0.000875656 0.000875656 0.000875656 0.000875656 0.000875656 0.000879098 0.000875656 0.000875657 0.000875658 0.000883557 0.000876141 0.000875656 0.000875656 0.000875656 0.000875657 0.000875657 0.000875692 21.9649 0.000875657 0.000897061 0.000875657 0.000875656 0.000875656 0.000875658 0.000875656 0.000875657 0.000875657 0.000875656 0.000875746 0.000875656 0.000875656 0.000875656 0.000876174 0.00087878 0.000896019 0.000875656 0.000875658 0.000875656 3.27848 0.000875657 0.000875656 0.000875656 0.000875656 0.000875658 0.000875656 0.000875657 0.00088084 0.000875656 0.000875656 0.000875657 0.000875656 0.000875657 0.000875657 0.000875656 0.000875657 0.000875656 0.000875657 0.000875656 0.000875657 0.000875656 0.000875656 0.000875656 0.000875657 0.000875657 0.000875658 0.000875657 0.000875656 0.000875656 0.000875656 0.000879944 0.000875656 0.000885262 0.000876505 0.00278313 0.000875656 0.000875656 0.000875656 0.000875656 0.000875656 0.000875656 0.000875656 0.000875658 0.000875656 0.000875657 0.000875656 0.000875656 0.000875656 37.3023 0.000875657 0.000875659 0.000890232 0.000875656 0.000875656 0.000875657 0.000875656 0.000875656 0.000875656 0.000875656 0.000875656 0.000875656 0.000875658 0.000875658 0.000875656 0.000875656 0.000875656 0.000875656 0.000980393 0.000875656 0.000875656 0.000875656 0.000875657 0.000875656 0.000875656 0.000875656 0.00087566 0.000875658 0.000875657 0.000875658 0.0008805 0.000875657 0.000875656 0.000875657 0.000930996 0.000875656 0.000875658 0.000875656 0.000875657 0.000875656 0.000875657 0.000885216 0.000875656 0.000875657 0.000875656 0.000875656 0.000875656 0.000875657 0.000875656 0.000875656 0.000877999 0.000875656 0.000875656 0.000875656 0.000913947 0.000875657 0.000875656 0.000875656 0.000875656 0.000876734 0.000890916 0.000875656 0.000875659 0.000875656 0.758944 0.000875662 0.000875656 0.000875657 0.000875658 0.000875657 0.000875657 0.000875658 0.000875656 0.00089708 0.000875657 0.000875656 0.000875658 0.000875658 0.000875656 0.000875656 0.000875656 0.000875725 0.000875668 0.000875656 0.000875657 0.000875656 0.000875656 0.000875656 0.000877585 0.000875657 0.00087611 0.0536217 0.00092905 0.000875656 0.000875657 0.000875656 0.000875657 0.000875656 0.000950244 0.000888483 0.000875657 0.000875657 0.000875656 0.000875657 0.000875656 0.00087566 0.000875658 0.000875656 0.000875656 0.000875659 0.00195685 0.000875656 0.000960415 0.000875657 0.000877057 0.000875658 0.000875657 0.00535508 0.000875656 0.000875656 0.000875657 0.000875656 0.000875656 0.000875656 0.000875657 0.000875656 0.000875656 30.5101 0.000875656 0.000875656 0.000875667 0.000890559 0.000875657 0.000875656 0.000875657 0.000875656 0.000875657 0.000875656 0.000875656 0.000875656 0.000914972 0.000875658 0.000875677 0.000875656 0.000875688 0.000875656 0.000875656 0.000875656 0.000875657 0.000875699 0.000875657 0.000875656 0.000891792 0.000875656 0.000875657 0.000875659 0.000875657 0.000875658 0.000875656 0.000875803 0.000875656 0.000876963 0.000915267 0.000875656 0.000875657 0.000875656 0.000875657 0.000875683 0.000875657 0.000875656 0.00087568 0.000875656 0.000875656 0.000875656 0.000875656 0.000875656 0.000875656 0.000912797 0.000875656 8.48982 0.000875656 0.00087566 0.000875656 0.000920224 0.000875663 0.00181813 0.000875842 0.000875656 32.7866 0.00113433 0.000884092 0.000875657 0.000875656 0.000875656 0.000875656 0.000875771 0.000875656 0.000875656 0.000875656 0.0947353 0.000875656 0.000875657 0.000875657 0.000875656 0.000875656 0.000875656 0.000875656 0.000875656 0.000875656 0.000922309 0.000875658 0.000875656 0.00116117 0.000875657 0.000875656 0.000880654 0.000982218 0.000875656 0.000875657 0.000875656 0.000875659 0.000875657 0.000875657 0.000875658 0.000875656 0.000875657 0.000875656 0.000875657 0.000875657 0.000875657 0.000875656 0.000875658 0.000875656 0.000875656 0.000875793 0.000875656 0.000875656 0.00096972 0.000875656 0.000875657 92.8407 0.000875656 0.000875656 0.000875656 0.000886657 0.000876595 0.000875656 0.000875683 0.000875656 0.000875656 0.000875656 0.000875659 0.0478939 0.000875657 0.000882994 0.000875657 0.000875661 0.000876252 0.000875656 166.035 0.00090435 0.000875656 0.000875656 0.000875656 0.000875656 0.000875656 0.000875656 0.213679 0.000875656 0.000875656 0.000875656 0.000875656 0.000875656 0.000875656 0.000875656 0.000876422 0.000875656 0.000875656 0.000875656 0.000875656 0.000875656 63.4813 0.00138504 0.000875656 0.000875656 0.000875656 0.000875657 0.000875656 0.000875656 0.000875657 0.000875656 0.000875656 0.000904724 0.000875656 0.000875657 0.000905278 0.000875656 0.000875657 0.000875656 0.000875657 0.000875656 0.000875673 0.000875656 0.000875656 0.000875656 0.000875656 0.000875656 0.000875657 0.000875666 0.00088177 0.000875964 0.000875679 24.4847 0.000875656 0.000908758 0.000876407 0.000875656 0.000875656 0.000875767 0.000875657 0.000875656 0.000875788 0.000875656 0.000875658 0.000875656 0.000875657 0.000875658 0.000875657 18.9817 0.000875657 0.000875657 0.000875657 0.00087566 0.000875656 0.000875656 6.59512 0.000875656 0.000875656 0.000875656 0.000875656 0.000875656 0.000875656 0.000875657 0.000875658 0.000875656 0.000875657 0.000875656 0.000899438 0.000875656 0.000875729 0.000966016 0.000895311 0.000875656 0.000875657 0.000875659 0.000875657 0.000875656 0.000875656 0.000875659 0.000875657 0.000875657 0.000875656 0.000875656 0.000875656 0.000875838 0.000875657 0.000875658 0.00122126 0.000875656 0.000875657 0.000875656 0.000875657 0.000875656 0.000875656 0.000875656 0.000877445 0.000875754 0.000875656 0.000875656 0.000875656 0.00164333 0.000875657 0.000875656 0.000875658 0.000875657 0.000875657 0.000875656 0.000875683 0.000875658 0.000875657 0.000875656 0.000875656 0.000875656 0.000875657 0.000875656 0.000875656 0.000875659 0.000875656 0.000875656 0.000875657 0.000875656 0.000875656 0.000875656 0.000875656 0.000875657 0.000875656 0.000875656 0.000876178 0.000875656 0.000875656 0.000875656 0.000947512 0.000875656 0.000875656 0.000917343 0.000875657 0.000875657 0.000875659 0.000875656 0.000875656 0.000875656 0.000875656 0.000875656 0.000875656 0.000875656 0.000878135 0.000875657 0.000875656 0.000875656 0.000875656 0.000875661 0.000905832 0.000878236 0.000875656 0.000875656 0.000875656 0.000963976 0.000875656 0.000875656 0.00129756 0.000875656 0.000875657 0.000875657 0.000875656 0.000875656 0.000875656 0.000960923 0.000875656 0.000875656 0.000875658 0.000875657 0.000875657 0.000875656 0.000875657 0.000875684 0.000875656 0.000875656 0.000875656 0.000875656 0.000875656 0.000875657 0.000875658 0.000875658 0.000875656 0.000875658 0.000875656 0.000875656 0.000875658 0.000875656 0.000875656 0.000875656 0.00087566 0.000923134 0.000898655 0.000875747 0.000875657 0.000875656 0.000875656 0.000875656 0.000884115 0.00091973 0.000875656 0.000875656 0.000875657 0.000875659 0.000875657 0.000875657 0.000875656 0.000914039 0.000875657 0.000875656 0.000875656 0.000875656 0.000876065 28.9127 0.000875659 0.000875656 0.000875656 0.000875656 0.000875656 0.000875656 0.000875656 0.000875656 0.000875657 0.000875656 0.000875656 0.000875659 0.000875657 0.000875656 0.000875656 0.000875656 0.000875656 0.000875656 0.000875657 0.000875656 0.000875658 0.000875656 0.000875656 0.000875656 0.000875657 0.000875662 0.000875657 0.000875657 0.000875656 0.000875656 0.000875656 0.000875657 0.000875657 0.000875658 0.000875656 0.000875658 0.000875656 10.1225 0.000875656 0.000875657 0.000875657 0.000876129 0.000875656 0.000875656 0.000875658 0.000875658 0.000875656 0.000875656 0.000875656 0.000875657 0.000875657 0.000875657 0.000875656 0.000875656 0.000875656 0.000890175 0.000922438 0.000875714 0.000894042 0.000875657 0.000875659 0.000875658 0.000875656 0.000875657 0.000875659 0.000875657 0.000875657 35.1955 0.000875658 0.000875656 0.000879538 0.000875656 0.000875656 0.000875657 0.000875657 0.000875656 0.000875656 0.000875656 0.000875658 0.000875658 0.000886797 0.000875656 0.000875656 0.000875657 0.000875657 0.000875656 0.000875656 0.000875657 0.000875656 0.000875656 0.000875656 0.000875656 0.000875656 0.00299573 0.000875656 0.000875656 0.000875657 0.000875657 0.000875659 0.000875715 0.000875656 0.000875656 0.000875656 0.000875656 0.000875656 0.000875656 0.000875658 0.000875656 0.000875656 0.000875956 0.000875656 0.000875658 0.000875659 0.000875659 0.000875657 0.000876999 0.000875656 0.000875714 0.000875656 0.00087566 0.000875657 0.000875657 0.000875656 0.000875656 0.000875656 0.000875656 0.000875657 0.000875656 0.000875658 0.000875657 0.000875659 0.000875656 0.000875656 0.000875656 0.000875657 0.000875658 0.000875656 0.000925173 0.000875656 0.000884436 0.000875656 0.000875658 0.000875656 0.000875657 0.000875656 0.000893708 0.000875656 0.000875656 0.000875657 0.000875656 0.000875659 0.000875656 0.000875657 0.000875697 0.000875656 0.000875656 0.00134743 0.000875656 0.000875659 0.000875656 0.000875658 0.000875658 0.000879035 0.000875679 0.000875657 0.000875656 15.7386 0.000875656 0.000875664 0.000875657 0.000875658 0.000875656 0.000875656 0.000875656 0.000876393 0.00102228 0.000875656 0.000875656 0.000875656 0.000875656 0.000875656 0.000875656 0.000875658 0.000875656 0.000875656 0.000875659 0.000875657 0.000879362 0.000875656 0.000875657 0.000877877 0.000875657 0.000875658 0.000875656 0.000875656 0.000875656 0.000875656 0.000875656 0.000875657 0.000875658 0.000875657 0.000875656 0.00104463 0.000875657 0.000875657 0.000875656 0.000875656 0.000875657 2.46509 0.000875656 0.000875656 0.000875657 0.000875656 0.000921577 0.000875656 0.000877839 0.000875657 0.000875656 0.000875658 0.000875656 0.000875658 0.000876692 0.000875656 0.000875658 0.000875656 0.000875657 0.000875656 0.000875656 0.000875656 0.000875657 0.000875658 0.00087566 0.000876991 0.000875656 0.000882574 0.000875657 0.000875656 0.000878296 0.000875656 0.000875656 0.00111 0.000875656 0.000875656 0.000953866 0.000875656 0.000879433 0.000875656 0.000902226 0.000980122 0.000875657 0.000875658 0.000875656 0.000946963 0.00093413 0.000875955 0.000875657 0.000875657 0.000882423 0.000875657 0.000875656 0.000875657 0.000875656 0.000875656 0.000875656 0.00087587 0.000875656 0.000875656 0.000885555 0.000875656 0.000875656 0.000875656 0.000875658 0.000875656 0.000875656 0.000875656 0.000875657 0.000877732 0.000875657 0.000875657 0.000875656 0.000875657 0.000875656 0.000875678 0.000875763 0.000875656 0.000875657 0.000875656 0.000875658 0.000875657 0.000875656 0.000875666 0.000875659 50.7114 0.000875656 0.000875656 0.000875656 0.000875656 0.000875656 0.000875656 0.000875656 0.000891679 0.000931621 0.000875659 0.000875656 0.000875656 0.000875656 0.000875656 0.000924346 0.000875657 0.000875657 0.000875656 0.000875657 0.000875656 0.000875656 0.000875657 0.000875656 0.000875656 0.000898242 0.000882953 0.000875656 0.000875656 0.000875661 0.000875657 0.000875656 0.000887952 0.000875656 0.000875699 0.000875656 0.000875658 0.000875657 0.000875656 0.00087566 0.000875656 0.000875656 0.000875656 0.000875656 0.00578948 0.000875658 0.000875656 0.000875658 0.000875657 0.000875656 0.000875657 0.000875657 0.000875681 0.000875656 0.000875656 0.00102009 0.000875659 0.000875705 0.000875657 0.000875656 0.000875657 0.000892756 54.0885 0.000875713 0.000875656 0.000875659 0.000875656 0.000875656 0.000875656 0.000875657 0.000875657 0.000875656 0.000875658 0.000875656 0.000889609 0.000875656 0.000926587 0.000875656 0.000875656 0.000875659 0.000875658 0.000883549 0.000875656 0.00210354 0.000875989 0.000875658 0.000875657 0.000876831 0.000875657 0.000875656 0.000875657 0.000958174 0.000875656 0.000875658 0.000875657 0.000875656 0.000875656 0.000877428 0.000876872 0.000875657 0.000875656 0.000875656 0.000875656 0.000875656 0.000875656 0.000876016 0.000875656 0.000875656 0.000875657 0.000875717 0.000875656 0.000875656 0.000875803 0.000875656 0.000875657 0.000875683 0.000875657 0.000875656 0.000875656 0.000875658 0.00100665 0.000875657 0.000875656 0.000875657 0.000875656 0.000875656 0.000875656 0.000899546 0.000875656 0.000875657 0.000875656 0.000875988 0.000875656 0.000875656 0.000875656 0.00108259 0.000875656 0.000875656 0.000875656 0.000875656 0.000875657 0.000875658 0.000875657 0.000875656 0.000875656 0.00087566 0.00106814 88.3239 0.000876228 0.000875656 0.000875659 0.000875656 0.000875656 0.000875656 0.000875656 0.000875657 0.000875656 0.000875656 0.0008761 0.000875656 0.000875656 0.000883918 0.000875658 0.000875658 0.000875656 0.000875656 9.85325 0.000875656 0.000875656 0.000875656 0.000875657 0.000875656 0.000875663 0.000875657 0.000875656 0.000875658 0.000875656 0.000875657 0.000875656 39.8405 0.000875656 0.000875657 0.000875656 0.000875656 0.000875657 0.000875656 0.000875656 0.000875656 0.000875656 0.000875657 0.000875656 0.000897276 0.00087575 0.00100071 0.000875656 0.000875656 0.000875656 0.000875658 0.000875656 0.000875656 0.000875656 0.000875656 0.000882878 0.000875656 0.000875757 0.000875657 0.000875656 0.000875662 0.000875658 0.000875657 0.000875656 0.000875656 0.000875656 0.000875656 0.000875656 0.000875658 0.000875657 0.000875656 0.000875657 0.000875911 0.000875657 0.000875657 0.000875656 0.000876644 0.000875656 0.000875657 0.000896664 0.000875657 0.000875657 0.000875656 0.000875656 0.000875656 0.000875685 0.000879017 0.000875657 0.000875661 0.000878854 0.00103774 0.000875658 0.000875656 0.000875656 0.000875658 0.000875657 0.000875657 0.000875657 0.000875656 0.000875656 0.000875657 0.00092523 0.000875657 0.000875657 0.000875656 0.000875657 0.000875659 0.000875657 0.000875826 0.000875656 0.000875657 0.000875656 0.000875656 0.000875656 0.000875656 0.000879349 0.000875656 0.000875656 0.000875656 0.000945415 0.000875656 0.000875656 0.000875656 0.000875656 0.000875657 0.000875659 0.000875656 0.000875656 0.000875656 0.000875656 0.000875656 0.000875656 0.000875661 0.000875656 0.000875656 0.000875657 0.000875657 0.000875656 0.000875657 0.000875656 0.000875656 0.000875656 0.000875658 0.000875656 0.000875656 0.000875656 0.00087881 0.000875656 0.000877079 0.000875656 0.000875668 0.000878636 0.000904657 0.000875656 0.000876947 0.000875656 0.000875729 0.000875658 0.000875657 0.000875656 0.000875846 0.000898533 0.000875656 0.000875656 0.000875656 0.000875657 0.000875656 0.000875658 0.000875657 0.000875656 0.000875656 0.000875657 0.000875661 0.000875658 0.000875675 0.000875656 0.000875656 0.000875656 0.000875656 24.1391 0.000875657 0.00107969 0.000875656 0.000875657 0.000875657 0.000875656 0.0298661 0.000875656 0.000875656 0.000875657 0.000875656 0.000875656 0.000875657 0.000875657 0.000875658 0.000875656 0.000875658 0.000875656 0.000875656 0.000875656 0.000875656 0.000875656 0.000875656 0.000875656 22.2288 0.000875656 0.000876037 0.000875657 0.000875658 0.000875658 0.000875656 0.000875657 0.000875657 0.000875657 0.000875657 0.000875656 0.000875656 0.000875656 0.000875656 0.000875657 0.00087627 0.000875688 0.000875658 0.000875656 0.000876346 0.000875699 0.000886103 0.000875703 0.000875656 0.000875657 0.000875656 0.000875656 0.000875656 0.000875656 0.00087566 0.000878358 0.000875656 0.000875656 0.000875656 0.000875656 0.000875657 0.000875656 0.000875656 0.000875656 0.000875656 0.000875656 0.000875656 0.000875656 0.000875658 0.000875656 0.000875657 0.000875658 0.000875656 0.000875656 0.000875657 0.000875656 0.000875656 0.000875656 0.000875656 0.000875656 0.000876772 0.000875656 0.000875656 0.000875656 0.000875656 0.000875656 0.000875656 0.000875657 0.000875669 0.000875656 0.000875656 0.000875656 0.000875656 0.00105815 0.000875657 0.000875656 0.000875656 0.000875656 0.000950152 0.000875656 0.000875657 0.000875656 0.000876276 0.000875656 0.000875656 0.000875658 0.000875673 0.000875657 0.00104369 0.000875656 0.000875656 0.000875656 0.000875656 0.000875657 0.000875659 0.000875657 0.000875658 0.0014027 0.000875656 0.000875656 0.000882914 0.00089052 0.000875656 0.000875657 0.000875656 0.00103886 0.000875656 0.000875656 0.000875656 0.000875656 0.000875657 0.000875656 0.000875657 0.000875656 0.000875656 0.000875656 0.000875656 0.000875656 0.000875656 0.000875656 0.000875656 0.000875656 0.000875658 0.000875657 0.000875656 0.000875656 0.000876428 0.000875656 0.000875656 0.000875656 0.000875657 0.000875656 0.000875656 0.000875656 0.000875656 0.000875656 0.000875656 0.000875656 0.000972659 0.00112544 0.000936703 0.000875656 0.000875657 0.000875657 0.000875658 0.000875656 0.000875658 0.000875656 0.000875657 0.000875656 0.000887267 0.000875658 0.000875656 0.000875656 0.000875656 0.000875656 0.000875656 0.000875656 0.000875656 0.000875656 0.000875657 0.000875703 0.000875656 0.000875661 0.000875656 0.000908784 0.00170472 0.000875657 0.000875657 0.000879218 0.000905926 0.000875656 0.000875801 0.000875656 0.00094793 0.000875656 0.000875772 0.000875656 0.000875656 0.000875656 0.000875657 0.000875656 0.000875657 0.000875656 0.000875657 0.000875656 0.000875656 0.000875657 0.000875656 0.000875658 0.000875656 0.000875656 0.000875656 0.000875726 0.000875657 0.000875656 0.000877722 0.000875656 0.000875658 0.000875656 0.000875657 0.000875656 0.000878396 0.000875658 0.000875656 0.000876147 0.000875657 0.000875723 0.000875855 0.000875657 0.000875658 0.000875656 0.000875656 0.000875656 0.000875656 0.000875656 0.000875656 0.000875656 0.000875656 0.000876118 0.000875656 0.000875657 0.000875656 0.000875656 0.000875656 0.000875656 0.000875656 0.000875656 0.000882809 0.000875656 0.000875657 0.000875658 0.000876252 0.000875656 0.000875656 0.000875656 0.000875656 0.000875656 0.000875656 0.000875743 0.000875656 0.000875656 0.000875656 0.000875657 0.000875656 0.000875656 0.000909836 0.000875656 0.000875656 0.000875656 0.000875656 0.000875656 0.000875662 0.000875656 0.000875657 0.000875656 0.000875656 0.000875656 0.000919695 0.000875656 0.000875656 0.000875656 0.000875656 12.5008 0.000875657 0.000875657 0.000875657 0.000875657 0.000875656 0.000875755 0.000875656 0.000875656 0.000875658 0.000875656 0.000875657 0.000875657 0.000875656 0.000875656 0.000875657 0.000875656 0.000875656 0.000875656 0.000875657 0.000875656 0.000875657 0.000875656 0.000875656 0.000875656 0.000875656 0.000875657 0.000875658 0.000875657 0.000875656 0.000875659 0.000875656 0.000875656 0.000875656 0.000875656 0.000875657 0.000875657 0.000875658 0.000875656 0.000875657 0.000875656 0.000875657 0.000875657 0.000889256 0.000875656 0.000875657 0.000875656 0.000957365 0.000875656 0.000875656 0.000875656 0.000875656 0.000879397 0.000875656 0.000875656 0.000875656 0.000879793 0.000875656 0.000875656 0.000875656 0.000875656 0.000875657 0.00087569 0.000875656 0.000875656 0.000875656 0.000875656 0.000875656 0.000875658 0.000875657 0.000883493 0.000875657 0.000875658 0.000875657 0.000875656 0.000883668 0.000875656 0.000875657 0.000875658 0.000875657 0.000875656 0.000878901 0.000875656 0.000875656 0.000875656 0.000875656 0.000875656 0.000875657 0.00087566 0.000875656 0.000875656 0.000902296 0.000875656 0.000875656 0.000875656 0.000875656 0.000875656 0.000875658 0.000875656 0.000875656 0.000875658 0.000876245 0.000875834 0.000875656 0.000875656 0.000875658 33.7532 0.000875657 0.000875661 0.000875656 0.000888098 0.000875656 0.000875656 0.000875657 0.000875662 0.000875656 0.000980227 0.000875657 0.00087583 0.000875657 0.000875657 0.000875656 0.000881825 0.000875656 0.000964318 0.000876794 0.000875657 0.000875656 0.000875658 0.000875656 0.000875678 0.000875657 0.000875657 0.000875656 0.000875657 0.000875656 0.000875657 0.000875656 0.000875656 0.000875656 0.000875656 0.000875657 0.000875656 0.000877024 0.000875656 0.000875656 0.000882929 120.54 0.00087566 0.000875656 0.000875656 0.000875656 0.000875656 0.000875657 0.00087566 0.000875656 0.000875656 0.000875657 0.000875657 0.000875656 0.000875656 0.000875656 0.000875656 0.000875656 0.000875656 0.000953563 0.000883801 0.000875657 0.000875657 0.000885614 0.000875657 0.000925086 0.000875656 0.000875656 0.000875656 0.000875656 0.000875656 0.000875656 0.000875657 0.000875656 0.000875656 0.000875656 0.000875656 0.000875657 0.00107534 0.000878327 0.000875656 0.000875657 0.000875656 0.000875658 0.00315033 0.000875656 0.000875659 0.000875656 0.000925282 0.000875656 0.000875656 0.000875656 0.000875662 0.000881528 0.000875656 0.000875656 0.000876916 0.000875656 0.000875656 0.000875656 0.000875656 0.000875656 0.000875656 0.000875656 0.000875659 0.00087566 0.000875656 0.000875656 0.000905412 0.000875657 0.000876388 0.000875657 0.000875656 0.000875656 0.000875656 0.000888479 0.000875656 0.000875658 0.000875656 0.000875656 0.00087801 0.000875656 0.000875656 0.000875659 0.000875656 0.000906657 0.000875656 0.000875657 0.000875656 0.000875656 0.000875658 0.000875657 0.000909394 0.000887881 0.000875657 0.000875656 0.00100355 0.000875656 0.000875656 0.000875657 0.000875656 0.000875657 0.000875656 0.000876685 0.000875657 0.00087567 0.000875656 0.000875658 0.000875657 0.000875657 0.00087647 0.000875658 0.000875656 0.000875656 0.000875657 0.000875656 2.59022 0.000875656 0.000875656 0.000875656 0.000875656 0.000875656 0.000875656 0.000875657 0.000879338 0.00088119 0.000875656 0.000875656 0.000875656 0.00119795 0.000875657 0.000875657 0.000875658 0.000875656 0.000875656 0.000875886 0.000875656 0.000875656 0.000875657 0.000875656 0.000875656 0.000875658 0.000875768 0.000875656 0.000875656 0.000875656 0.000875656 0.000875658 0.000875656 0.000875658 0.000875656 0.000875656 0.000875657 0.000875656 0.00087566 0.000876119 0.000875656 0.000875656 0.000875656 0.000875762 0.000890615 0.000875656 0.000875657 0.000875657 0.000875656 0.000875656 0.000875656 0.000875656 0.000879004 0.000875656 0.00113281 0.000875656 0.000875656 0.000875656 0.000900492 0.000875657 0.000875656 0.000875656 0.000875657 0.000875656 0.00087566 0.000875656 0.000875656 0.000875656 0.000875656 0.000875657 0.000875695 0.000875656 0.000875657 0.000875658 0.000875656 0.000875657 0.000875656 0.000875658 0.000883323 0.000875657 0.000875657 0.000875656 0.000875656 0.000875722 0.000875661 0.000875656 0.000884896 0.000875656 0.000875656 0.000875656 0.000875658 0.000875657 0.000875656 0.000875656 0.000875656 0.000876688 0.000881325 0.000897045 0.000875656 0.000875656 0.00097127 0.0008758 0.000875656 0.000875677 0.000875656 0.000875656 107.989 0.000875656 0.000881507 0.000875656 0.000875657 0.000875656 0.000909535 0.000875658 0.000875658 0.000875656 0.000875659 0.000875656 0.000875656 0.000875656 0.000875658 0.000875656 0.000875656 0.000875656 0.000875657 0.000875656 0.000875656 0.000875656 0.000875656 0.000875656 0.000875656 0.000875657 0.000880988 0.000875656 0.000875656 0.000885131 0.000875656 0.000875656 0.000875659 0.000881224 0.000875657 0.000876454 0.000875656 0.000875656 0.000875656 0.000875657 0.000875659 0.000875656 0.000957357 0.000875656 0.000875658 0.000875659 0.000875656 0.00094732 0.000875656 0.000875658 0.000875656 0.000876068 0.000875656 0.000875656 0.000875656 0.000875657 0.000875659 0.000875657 0.000875656 0.000908287 0.000875657 0.000875656 0.000875657 0.000875657 0.00087566 0.000875657 0.000875657 0.000875656 0.000875657 0.000875656 0.000961886 0.000878118 0.000875657 0.000875656 0.000875656 0.000875658 0.000875662 0.000875657 0.000875657 0.000875656 0.000875656 0.000875657 0.000875657 0.000889774 0.000875659 0.000875656 0.000885547 0.000875656 0.000875657 0.000954111 0.000875656 0.000875676 0.000875658 0.000880946 0.000875656 0.000875656 0.000875656 0.000875687 0.000875657 0.000875657 0.000875656 0.000875663 0.000876562 0.000875683 0.000875656 0.000883766 0.000875656 0.000875657 0.000875656 0.000875656 0.000883621 0.000888232 0.000875657 91.1605 0.000875656 0.000875656 0.000875656 0.000875658 0.000875657 0.000875656 0.000875656 0.000875671 0.0194794 0.000875656 0.000876842 0.000875755 0.000879728 0.000875656 0.000875657 0.000875656 0.000875656 0.000875657 0.000875657 0.000875656 0.000875656 0.000875656 0.000875656 0.000875658 0.000875656 49.4389 0.000878633 0.000875656 0.00087566 0.000875658 0.000875656 0.000894562 0.000875656 0.000875656 0.000875657 0.000875657 0.000875658 0.000875658 0.000893341 80.1597 0.000875656 0.000890237 0.000877661 0.000875658 0.000875656 0.000875656 0.000875777 0.000875656 0.000875657 0.000875656 0.000875656 0.000875656 0.000875659 0.000875656 0.000875656 0.000875656 0.000875656 0.000875656 0.000875656 0.000875657 0.000875656 0.000875657 0.000875658 0.000875656 0.000875657 0.000875656 0.000875656 0.000875656 0.00087566 0.000875657 0.000875658 0.000875656 0.000876814 0.000875659 0.000875659 0.000875658 0.000875656 0.000875656 0.000875656 0.000962048 0.000875661 0.000875657 0.000877365 0.000875656 0.000875658 0.000878614 0.000876448 0.00089551 0.000875658 0.000875658 0.000875656 0.000875656 0.000875656 0.000875656 0.000875656 0.000875657 0.000876478 0.000875657 0.000875656 0.000875731 0.000875658 0.000875658 0.000875656 0.000875656 0.000875656 0.000875737 0.00087566 0.000875656 0.000875656 0.000875657 0.000875656 0.000875656 0.000875658 0.000875656 0.000875656 0.000875657 0.000885842 0.000875656 0.000993955 0.000875656 0.000875657 0.000897202 0.000875656 0.000875657 0.000875656 0.000875656 0.000894693 0.000875656 0.000928474 0.000875656 0.000875656 0.000875657 0.000875656 0.000875656 0.000875656 0.000875656 0.000875656 0.000875656 0.000875658 0.000875656 0.000875656 0.000875657 0.000875656 0.000875656 0.000875657 0.000875656 0.000933307 0.000875658 220.408 0.000875658 0.000875657 0.000875658 0.000875656 0.000875656 0.000884041 0.000907805 0.000875658 0.000875656 0.000875658 0.000875656 0.000875659 0.000875656 0.000875656 0.000875656 0.00088277 0.000875656 0.000875656 0.000875656 0.000875656 0.000875656 0.000875656 0.000875656 0.000875659 0.000875656 0.000875656 0.000875656 0.000878811 0.00102435 0.000875656 0.00126277 0.000875657 0.000876007 0.000875658 0.000875656 0.000875656 0.000875656 0.000923854 0.000879133 102.096 0.000875656 0.000875657 0.000875658 0.000883364 0.000875656 0.00106992 0.000875657 0.000875657 0.000875658 0.000912666 0.000875656 0.00122411 0.000882633 0.000875756 0.000875656 0.000875659 0.000875656 0.000875657 0.000875657 0.000875656 0.000875656 0.000875657 0.000912638 0.000875657 0.000875656 0.000892246 0.000878525 0.000875656 0.000875785 0.000875687 0.000969516 97.9358 0.000875659 0.000875656 0.000875656 0.000875656 0.000875661 0.000875656 0.000875657 0.000875657 0.00100919 0.000875656 0.000875656 0.000875656 0.000875656 0.000875656 0.000875656 0.000875656 0.000875658 0.000875656 0.000875656 0.000875657 0.000877476 0.000875656 0.000875691 0.000887969 0.000875657 0.000875656 0.000875657 0.000875656 0.000875656 13.272 0.00087566 0.000886431 0.000875657 0.000875656 0.000875656 0.000875743 30.4309 0.000875656 0.000875656 0.000875656 0.000878653 0.000890155 0.000875656 0.000875656 0.000875656 0.000875656 0.000875656 0.000875657 0.000875656 0.000875657 0.000875913 0.000875656 0.000875656 0.000875657 0.00132891 0.000875656 0.000875657 0.000875656 0.000875725 0.000875656 0.000875656 0.000875656 0.000875656 0.000875656 0.000875656 0.000875656 0.000875657 0.000882833 0.000875657 0.000875658 0.000875657 0.000875658 0.000875656 0.000875656 0.000875657 0.000875656 0.000875657 0.000875657 0.000875656 0.000875656 0.000875656 0.000875657 0.000875657 0.00106929 0.00087566 0.000936126 0.000875656 0.000875656 0.000881343 0.000875657 0.000875659 0.000875656 0.000875656 0.000875656 0.000875657 0.000875656 0.000876809 0.000875658 0.000875657 0.000875656 0.000875656 0.000875656 0.000875656 0.000875656 0.000875656 0.000875656 0.000875656 0.000875657 0.000875656 0.000875869 0.000879171 0.000875656 0.000875657 0.000875656 0.000875656 0.000875659 0.000875656 0.000875656 0.000917323 0.000875656 0.000894199 0.000875656 0.000875656 0.000875656 0.000875656 0.000875656 0.000875656 0.00116954 0.000875657 0.000875656 0.000875656 0.000875661 0.000879446 0.000875657 0.000875656 0.000875656 0.000875656 0.000875657 0.000875656 0.000875656 0.000875656 0.000876382 0.000875657 0.000875656 0.000875656 0.000875657 0.000875658 0.000875656 9.62473 0.000875657 0.000875656 0.000875656 0.000875657 0.000875656 0.000875656 0.000875656 0.000915497 0.000919272 0.000875685 0.000875658 0.000875656 0.000875657 0.000875656 0.000875656 0.000875657 0.00100137 0.000882723 0.000876236 0.000875657 0.000875656 0.000875657 0.000875656 0.000875656 0.000875664 0.000875656 0.000875656 0.000883985 0.000875726 0.000875659 0.000875656 0.000875656 0.000875656 0.00104538 0.000875659 0.000875656 0.000948811 0.00087566 0.000875656 0.000875657 0.000875656 0.000875656 0.000875656 0.000875657 0.000875656 0.000875656 0.000875656 0.000875656 0.000875657 0.000875657 0.000875656 0.000875657 0.000875657 0.000875656 0.000875658 0.000875657 0.000875656 0.000875656 0.000875657 0.000875657 0.000875656 0.000875657 0.000875657 0.000875656 0.000875681 0.000875657 0.000875661 0.000875658 0.000875657 0.000875656 0.000875656 0.000879056 0.000875657 0.00087862 0.000875657 0.000875656 0.000875656 0.000875657 21.3977 0.000875658 0.000875656 0.000875656 0.000878379 15.4527 0.000875657 0.000875656 0.000875658 0.000875656 0.000875656 0.000875656 0.000875665 0.000875656 0.000875658 0.000875656 0.000875656 0.000875657 0.000875656 0.000875915 0.000875656 22.7631 0.000875656 0.000875656 0.000875656 0.000875656 0.000875657 0.000875656 0.00087566 0.000890479 0.000875658 0.000875656 0.000875656 0.000875657 0.000875656 0.000925761 0.000875657 0.000875656 0.000875656 0.000875656 0.000875657 0.000875656 0.000875656 18.6516 0.000875747 0.000875656 0.000877096 0.000875656 0.000951072 0.000909201 0.000875657 449.812 0.000875656 0.000875656 0.000875656 0.000875657 0.000875656 0.000875674 0.000875656 0.000875656 0.000875658 0.000875656 13.6832 0.000875656 0.000875656 0.000875659 0.000875656 0.00087566 0.0010537 0.000875656 0.000875656 0.000875656 0.000875656 0.000880409 0.000875658 0.000875656 0.000882341 0.00104451 0.000875657 0.000875657 0.000914747 0.000888393 0.000875656 0.000875657 0.000875656 0.000875656 0.000875656 0.000886695 0.000875656 0.000875657 0.000952194 0.000875656 0.000875656 0.000875656 0.000875657 0.000875658 0.000875656 0.000875656 0.00134272 0.0014888 0.000875656 0.000875659 0.000875657 0.000875657 0.000875656 0.000875656 0.000875656 0.000875657 0.000875656 0.000875656 0.000875656 0.000930118 0.000875864 0.000875966 0.000875657 0.000875657 0.000875681 0.000875656 0.000875656 0.000875656 0.000875656 0.000875657 0.000875656 0.000875657 0.000875657 52.7227 0.000875657 0.000875659 0.000875658 0.000883759 0.000875656 0.000875656 76.4527 0.000875656 0.000877883 0.000875657 0.000875656 0.000875659 0.000875656 0.00087566 0.00088502 0.000875656 0.000875657 0.000875656 0.000875656 0.000875656 0.000875656 0.000902831 0.000875656 0.000875656 0.000875658 0.000875658 0.000875656 0.000875671 0.000875656 0.000875658 0.000875657 0.00087566 0.000875656 0.000875658 0.000875693 0.000877814 0.000875656 0.000875656 0.000875656 0.000875656 0.000875656 0.000875656 0.000875664 0.000875805 0.000875656 0.000875656 0.000875656 0.000875656 0.000875656 0.000875656 0.000875656 0.000875656 0.000875656 0.000875656 0.000904651 0.000875656 0.000875656 0.000875658 0.000875657 0.000875656 0.000875657 0.000875657 0.000875656 0.00168834 0.000875658 0.00106321 0.000875658 0.000875656 0.000875656 0.000875656 0.000875663 0.000875657 0.000875658 0.000875656 0.000875703 0.000875657 0.000875656 0.000875656 0.000875657 0.000875656 0.000875656 0.000875659 0.000875656 0.000875656 0.000875658 0.000875719 0.000875656 0.000875656 0.000875656 0.000875658 0.000875656 0.000905814 0.000875656 0.000875656 0.000875656 0.000875656 0.000875657 0.000875656 0.000875657 0.000879684 0.000875656 0.000880495 0.000875656 0.000875656 0.000875656 0.000875658 0.000875656 0.000875656 0.000875657 0.000875656 0.000875656 0.000875656 0.000875657 0.000875656 0.000875656 0.000926586 0.000877536 0.000875658 0.000875656 0.000876843 0.000903472 0.000875656 0.000875656 0.000913121 0.000875656 0.00087566 0.000875656 0.000875656 0.000875656 0.000875658 0.000875656 0.000875656 0.000875657 0.000875656 0.000875657 0.000875656 0.000875656 0.000875656 0.000875656 0.000875656 0.00087599 0.000875657 7.07904 0.00087583 0.00087566 0.000875657 7.45907 0.000875657 0.000875656 0.000875656 0.000875656 0.000875657 0.000875656 0.000875656 0.000875656 0.000875656 0.00087573 0.000875656 0.000875657 0.000875657 0.000875656 0.000875656 0.000875656 0.000875656 0.000875656 0.000875656 0.000875656 0.000875888 0.000899425 0.000879469 0.00087566 0.000875656 0.000875656 0.000875658 0.000875658 0.000875657 0.000875657 0.000875657 0.000875656 0.000875656 0.000875656 0.000875657 0.000875656 0.000875657 0.000875656 0.000875656 0.000875658 0.000875657 0.000875656 0.000875656 0.000875658 0.000875656 0.000875661 0.00087612 0.000875656 0.000875656 0.000875656 0.000875657 0.000879408 0.000875656 0.000875656 0.000875658 136.478 0.000875658 0.000875658 0.000875656 0.000875658 0.000875657 0.000875769 0.000875656 0.000875656 0.000875656 0.000875793 0.000875656 0.000875656 0.000875657 0.000875657 0.000875659 0.000875659 0.000875656 0.000875656 0.000875664 0.000875658 0.00088783 0.000875656 0.000875656 0.000875656 0.000875656 0.000875657 0.000875656 0.000875656 0.000875656 0.000875656 0.000875656 0.000883479 0.000875656 0.000875656 0.000875656 0.000875656 0.000875657 0.000875656 0.000875657 0.000875656 0.00088772 0.000875656 0.000875656 721.37 0.000957379 0.000875656 0.000875656 0.000875657 0.000875656 0.000875657 0.000875656 0.000875657 0.000875656 0.000875656 0.00350331 0.000875656 0.000875657 0.000875656 0.000875657 0.000875656 0.000875656 0.000875656 0.000875656 0.000875657 0.000895351 0.000875657 0.000875656 0.000976341 0.000875656 0.000875658 0.000875656 0.000875657 0.000875656 0.000875658 0.000875658 0.000905265 0.000875657 0.000875656 0.000875657 0.000875656 0.000875656 0.000875656 0.000875657 0.000875664 0.000875656 0.000994176 0.000875658 0.000875656 0.000875656 0.000875656 0.000876769 0.000875656 0.000875656 0.000875656 0.000875656 0.000875656 0.000875656 0.000875656 0.000875657 0.000875656 0.000916131 0.000875659 0.000875766 0.000875657 0.000875658 0.000875656 0.000875656 0.000875656 0.000875656 53.6182 0.000875656 0.000875656 1.54501 0.000875658 0.000875656 0.000885837 0.000875656 0.000875659 0.000875656 0.000875656 0.000875659 0.000875866 0.000875656 0.000875656 0.000875656 0.000875658 0.000875674 0.000875656 0.000875657 0.000875656 0.000875656 0.000875656 0.000875656 0.000875656 0.000875656 0.000875656 0.000875656 0.000914133 0.00103606 0.000875656 0.000875656 0.000875656 0.000875656 0.000875656 0.000875656 0.000875658 0.000875656 0.000875656 0.000875656 0.000883278 0.000875656 0.000875664 0.000875656 0.000875657 0.000875656 0.000875656 0.000875656 0.000875658 0.000881151 0.000875658 0.000875656 0.000875657 0.000875657 0.000875659 0.000875656 0.000875656 0.000875662 0.000875656 0.000875658 0.000875656 0.000876176 0.000875656 0.00087566 0.000875657 0.000875656 0.000875656 0.000875657 0.000875656 0.000875656 0.000875708 0.000875656 0.000875657 0.000907019 0.000875656 0.000875656 0.000875656 0.000875659 0.000877548 0.000875658 0.000917648 0.000875657 0.000875659 0.000904609 0.000875656 0.000875656 0.000875656 0.000875657 0.000875656 0.000875657 0.000875659 0.000875658 0.000875656 0.000875657 0.000875656 0.000889274 0.000875656 0.000875664 0.000875657 0.000875657 0.000875656 0.000875656 0.000875658 0.000875656 0.000875656 0.000875656 56.5407 0.000915864 0.000875656 0.000875925 0.000875656 0.000875792 0.000875656 0.000875656 0.000875656 0.00100235 0.000875656 0.000875656 0.000875656 0.000875656 0.000875656 0.000875656 0.000875656 0.000875656 0.000875656 0.000875657 0.000875656 0.000875656 0.0010324 0.000876696 0.000875657 0.000875656 0.000875656 0.000875659 0.000887178 0.000875656 0.000875656 0.000875658 0.000880369 0.00087568 0.000875656 0.000875656 0.00087576 59.3914 0.000875656 0.000875658 0.000875656 0.000875656 0.000875656 0.000875656 0.000875656 0.000875657 0.000875656 0.000877071 0.000875657 0.000875656 0.000875656 0.000892798 0.000875656 0.000875657 0.000875656 0.000875656 0.000875656 0.000875658 0.000875658 0.00337845 0.000875658 0.00104784 0.000875841 0.000875658 0.000876889 0.000875657 0.000875658 0.000875656 0.000875656 0.000875656 0.000875657 0.000875656 0.000875707 0.000875656 0.000875658 0.000875656 0.00087666 0.000875656 0.000875668 0.000899554 0.000875656 0.000909124 0.000875656 0.000875656 0.000875658 6.61276 0.000875656 0.000875656 0.000895521 0.000875656 0.000875656 0.000875656 0.000882876 0.000875657 0.000875657 0.000875657 0.000875656 0.000932609 0.000875658 0.000875657 0.000875656 0.000875658 0.000875658 0.000875656 0.000875724 0.000875659 0.000875656 0.000875656 0.000875657 0.000875657 0.000875657 0.000875659 0.000875656 0.000875659 0.000875656 0.000875656 0.000876456 0.000875657 0.000875657 0.000875656 0.000875656 0.000875657 0.000875656 0.000875656 0.000953129 0.000879765 0.000875656 0.000875656 0.000875657 0.000875659 0.000875656 0.000876384 0.00102599 0.000875656 0.000875656 0.00088943 0.000875657 0.000875657 0.000875656 0.000875656 0.000875656 0.000875657 0.000875657 0.000898561 0.000875656 0.000875657 0.000875656 0.000875656 0.00087566 0.000875656 0.000875657 0.000875656 0.000877187 0.000875657 0.000875656 0.000875656 0.000875656 0.000875656 0.000875656 0.000875656 0.000924594 0.000875657 0.000875656 0.000875656 0.000875656 0.000875657 0.000875659 0.00087566 0.000875867 0.000875658 0.000875656 0.000875657 0.000875656 0.000879637 0.00087888 0.000875656 0.000875656 0.000875657 0.000875656 0.000875656 0.000875656 0.000878598 0.000875657 0.000875656 0.000875657 0.000875656 0.000875656 0.000875656 0.000875656 0.000875658 0.00545601 0.000875656 0.000875657 0.000875657 0.000875671 0.000875656 25.0034 0.000875656 0.000875657 0.000875658 0.000923135 0.000877437 0.000875656 0.000875656 0.000875656 0.000897343 0.000875823 0.000875657 0.000875906 0.000875656 0.000875656 0.000875656 0.000875657 0.000875656 0.000875656 0.000875661 0.000875656 0.000875656 0.000875658 0.000875658 0.000875737 0.000875656 0.000875656 0.000875657 0.000892753 0.000875656 0.000875656 0.000875656 0.000876799 0.000875656 0.000875656 0.000878018 0.000875658 0.000875656 0.00089937 0.000875656 0.000875656 0.000875656 0.000875656 0.000875656 0.000875657 0.000903227 0.000875656 0.000875656 0.000875701 0.000876369 0.000875658 0.000882914 0.000875656 0.000875656 0.000875656 0.000875656 0.000875656 0.000875656 0.000888174 0.000875656 0.000875656 0.000875656 0.000875662 0.000875659 0.000875795 0.000875656 0.000904306 0.000875657 0.000875657 0.000875656 0.000875658 0.000875658 0.000875656 0.000875659 0.000875656 0.000875656 0.000875657 0.000875703 0.000875657 0.000875656 0.000875656 0.000875656 0.000875658 0.000875656 0.000930064 0.000875657 0.000875657 0.000875656 0.000875656 0.000914424 0.000875657 0.000875657 0.000875656 0.000890709 0.000875658 0.000875656 0.000877367 0.000879342 0.000875656 0.000875656 0.000875657 0.000875656 0.000876951 0.000875656 0.000875656 0.000875656 0.000875656 0.000875656 0.000875658 0.000875656 0.000875659 0.000875656 0.000875656 0.000875658 0.000904657 376.965 0.000875656 0.000875658 0.000875656 0.000875656 0.000875657 0.000875657 0.000875694 0.000875656 0.000891771 0.000875656 0.000875661 0.000875656 0.000875656 0.000875656 0.000875656 0.000875656 0.000875656 0.000875656 0.000875656 0.000875656 0.000875658 0.000875657 0.000875656 0.000875657 0.000875656 0.00087687 0.000875657 0.000875656 0.000989294 0.000875683 0.000875657 0.000875656 0.000875656 0.000875657 0.000880596 0.000875657 0.000875656 0.000875657 0.000875659 0.000875657 0.000876125 0.000882096 0.000875656 0.000876941 0.000875656 0.000875656 0.000875657 0.000875656 0.000875656 0.000875657 0.000875656 0.000934779 0.000875657 0.000875659 0.000875656 0.000875656 0.000875657 0.000875685 0.000875656 0.000875658 0.000876287 0.000875659 0.000906476 0.000875657 0.000875656 0.000875656 0.000875656 0.000883873 0.000875658 0.000875681 0.000875656 0.000875658 0.000875656 0.000875657 0.000875658 0.000876568 0.000875657 0.000875656 0.000875658 0.000875659 0.000875656 0.00087774 0.000875656 0.000875656 0.000875656 0.000875656 0.000875656 0.000875656 0.000875657 0.000875657 25.5078 0.000875656 0.000875656 0.000875657 0.000875657 0.000875657 0.000878755 0.000875657 0.000875656 0.000875656 0.000875656 0.000875656 0.000875656 0.000875656 0.000875702 0.000875656 0.000875656 0.000875657 0.000875656 18.2944 0.000875658 0.00201111 0.000875657 0.000875657 0.000875656 0.000875656 0.000875657 0.000875656 0.000875657 13.7063 0.000875656 0.000875656 0.000875657 0.000875658 0.000875656 131.812 0.000875656 0.000875657 0.000875656 0.000875656 0.00157327 0.000875656 0.000875657 0.000875656 0.000875656 0.000875656 0.000875656 63.8748 0.000875657 0.00087566 0.000875656 0.000875656 0.000875659 0.000875656 0.000875656 0.000875658 0.000875656 0.000875656 0.000875656 0.000875656 0.000875656 0.000875658 0.000875656 0.000934544 0.000875656 0.000875656 0.00100851 0.000875656 0.000875656 0.000875704 0.000875656 0.000875656 0.000893938 0.000875656 0.000875657 0.000875656 0.00088812 0.000875656 0.000875657 0.000875657 0.000875656 0.000875656 0.00094064 0.000875656 0.000875659 0.000875656 0.000875656 0.000875657 0.000875657 0.000875657 0.000876871 0.000875656 0.00087566 0.000875769 0.000875656 0.000875657 0.000875657 0.000875657 0.000875657 0.000875656 0.000875656 0.000875658 0.000875657 0.000875657 0.000875657 0.000875656 0.000875656 0.000875788 0.000875699 0.000875656 0.0012902 0.000876132 0.000875657 0.000875657 0.000875656 0.000883612 0.000875657 0.000875657 0.000875657 0.000876501 0.000875657 0.000875658 0.000875656 0.00087574 0.000875656 0.000875657 0.000875657 0.000875656 0.000875656 0.000875656 0.000875656 0.000875656 0.000875656 0.000875656 0.000875656 0.000875656 0.000875656 0.000875656 0.000875656 0.000875657 0.000875656 0.00088301 0.000875701 0.000875658 0.000875656 0.000875657 0.000875657 0.000875656 0.000875657 0.000875656 0.000875656 0.00087566 0.000875656 0.000875658 0.000875656 0.000875659 0.000878388 0.000875657 0.000875656 0.000875656 0.000875656 0.000875656 0.000875656 0.000875656 0.000875656 0.000875656 0.000875656 0.000875658 0.000875657 0.000875656 0.000875656 0.00087584 0.000875657 0.000875656 0.000875656 0.000875656 0.000876059 0.000875657 0.000875656 0.000875657 0.000875656 0.000875656 0.000875659 0.000875657 0.000875656 0.000875656 0.000875656 0.000875656 0.000875656 0.000875656 0.000875656 0.000875657 0.000875754 0.0008892 0.000875656 0.000875656 0.000875983 0.000875658 0.000875657 0.000875757 0.000875656 0.000875656 0.000875685 0.000875657 0.000875657 0.000875656 0.000875657 0.000875657 0.000875656 0.000875657 0.000875656 0.000875656 0.000875656 0.000878661 0.000875656 0.000878999 0.000875658 0.000875656 0.000875659 0.000875656 0.000875657 0.000875656 0.000891222 0.000879286 0.000875658 0.000875656 0.000875656 0.000875656 0.000899445 0.000875694 0.000875656 0.000875657 0.000885309 0.000875656 0.000881965 0.000875656 0.000875659 0.000875656 0.000875657 0.000875656 0.000875658 0.000875656 0.000875656 100.162 0.000875656 0.000875656 0.00087566 0.000875656 0.000875657 0.000875656 0.000875657 0.000875658 0.000875656 0.000875657 0.000875657 0.000875657 0.000875935 0.000875658 0.000875731 0.000875657 0.000875657 0.000875661 0.000878046 0.000875658 0.000875657 0.000875656 0.000880127 0.000875656 0.000875656 0.000875656 0.000875657 0.000875656 0.000875659 0.000875656 0.00087566 0.000875657 0.000875657 0.000875656 60.7793 0.000875656 0.000875656 0.000875657 0.000875656 0.000875656 0.000875656 0.000875656 25.5451 0.000875657 0.000875659 0.000875657 0.000875656 0.000875657 0.000875656 0.000875656 0.000875659 0.000875656 0.0009252 0.000875754 0.000875656 0.000875656 0.000875658 0.00087567 0.000875656 0.000875656 0.000875657 0.000875657 87.0144 0.000875657 0.000875656 0.000875657 0.000875657 0.000875656 0.000875657 0.000875656 0.000875656 0.000875657 0.000875656 0.000875656 0.000875658 0.000875656 0.00090864 0.000875656 0.000875656 0.000875656 0.000875656 0.000880209 0.000875656 0.000875656 0.000875656 0.000875656 0.000875657 0.000886508 0.000875656 0.000875656 0.000875682 0.000938461 0.000875657 0.000875656 0.000875742 0.000875656 0.000875656 0.000875656 0.000875656 0.000875656 0.000875656 0.000875656 0.000875656 0.000875656 0.000875656 0.000875657 0.000875658 0.000875657 0.000875659 0.000875656 0.000875852 0.000875656 0.000875656 0.000875656 0.000875657 0.000875656 0.000875658 0.000875657 0.000875656 0.000875656 0.000875656 0.000875656 0.000875656 0.000875656 0.000879166 0.000875656 0.000875656 0.000875656 0.000875656 0.000875656 0.000888651 0.000875656 0.000875656 0.000875656 0.000875656 0.000884027 0.000880043 0.000875656 0.000875656 0.000875656 526.437 0.000875658 0.000875657 0.000875657 33.3208 0.000875656 0.000875656 0.000875656 0.000875658 0.000875656 0.000875656 0.000875657 0.000875656 0.000875657 0.000875656 0.000875657 0.000875657 0.000875656 0.000875656 0.000875656 0.000875659 0.00087595 0.000875658 0.000875656 0.000875656 0.000875657 0.000875656 0.000875656 0.000875656 0.000875656 0.000875656 0.000876661 0.000875656 0.000875656 0.000875656 0.000875689 0.000875656 0.000875656 0.000875658 0.00103716 0.000875657 0.000875657 0.000875657 0.000875656 0.000875656 0.000875658 0.000875656 0.000875656 0.00087566 0.000875656 0.000875659 0.000882039 0.000875657 0.000875657 0.000875656 0.000875656 0.000875656 0.000875656 0.000875657 0.000875656 0.000875658 0.000875656 0.00087566 0.000875661 31.0928 0.000875658 0.000877347 0.000875656 0.000875656 0.000875656 0.000875656 0.000875729 0.000875657 0.000875656 0.000875656 0.000875656 0.000875656 0.000875656 0.000875656 0.000966309 0.000875657 0.000875656 0.000875656 0.000875657 0.000875657 0.000875656 0.000875656 0.000875656 0.000875656 0.000875656 0.000875656 0.000875656 0.000875656 0.000875657 0.000875656 0.000875656 0.000875656 0.000875656 0.000875656 0.000875656 0.000875657 0.000875656 0.000875658 0.000896947 0.000875657 0.000875656 0.00087611 0.000875656 0.000875657 0.000875656 0.000875656 0.000875656 0.00087573 0.000875657 0.000875656 0.000875657 0.000875656 0.000875656 0.000875656 0.000875656 0.000876586 0.000875656 0.000875656 0.000875656 0.000875656 0.000875656 0.000875656 0.000875656 0.000875657 0.000875656 0.000875656 0.000875657 0.000875656 0.000875656 0.000875656 0.0039713 0.000875656 0.000875676 0.000875656 0.000875656 0.000875656 0.000875659 0.000900482 0.000891463 0.000875657 0.000875656 0.000886284 0.000875656 0.000875656 0.000875656 0.000875763 0.000899013 0.000875656 0.000875657 0.000875917 0.000885944 0.000880705 0.000875658 0.000875656 0.000878687 0.000875656 0.000875717 0.000875656 0.000875656 0.000875657 6.75232 0.000875658 0.000875656 0.000875656 0.000875656 0.000875657 0.000875656 0.000876047 0.000875657 0.000875656 0.000875656 0.000875657 0.000875678 0.000907516 0.000875657 0.000875656 0.000878263 0.000875656 0.000875658
1 1,1,93108.5,0.0836272 0.14121 0.464415 85.1454 10.6694 0.0768696 5.95835 470.641 0.070257 187.328 157.631 0.0709975 352.25 26.3255 0.305137 58.5006 0.0793279 0.0745791 0.898554 19.0314 596.332 44.28 0.0701727 105.893 79.0282 12.2216 867.483 101.914 58.3217 0.0853736 0.0768678 0.268811 16.4376 0.0700745 0.0698768 8.12776 0.0698178 44.9432 0.0759622 37.0675 0.0721836 75.2606 0.0741627 0.0695941 6.21791 151.55 405.405 24.021 28.0153 0.0696575 0.0708724 0.0943176 6.44857 0.0695965 76.0669 40.6206 0.0720531 0.0720335 0.260212 56.6493 223.461 0.133468 9.00234 22.9993 8.87509 0.848622 0.11713 0.111589 0.0696797 0.0707534 72.7576 507.523 442.122 665.033 76.6 0.0746907 15.9354 0.070847 19.7866 0.0697423 11.1253 0.0698103 19.7438 0.0702796 122.096 2.97707 0.0706243 9.03408 0.0730679 3.04687 0.0702147 0.154358 0.0695931 2.97216 0.0720126 0.0751306 20.6269 0.0710469 39.3284 7.25401 160.946 72.1786 332.399 0.0699938 0.0695956 75.2818 0.0698939 8.79747 35.6738 76.9456 26.8018 0.0727778 0.069593 156.754 0.157769 0.06981 0.128656 29.1137 0.094954 15.5058 10.0775 0.069696 4.95686 0.818062 0.0702317 17.8252 0.0717056 0.069747 0.0763134 0.0697385 105.853 53.4739 0.0697101 0.0696398 88.9344 0.0731183 0.421944 353.695 22.6048 47.1976 0.0708118 110.059 0.0722103 177.568 24.5543 0.08626 0.0716011 0.0697308 246.18 15.6251 0.0739225 23.0171 0.0696519 341.508 0.0695999 0.0874976 139.545 15.7339 0.0700466 0.0891227 316.39 0.136379 69.6736 117.782 46.5955 0.656187 4.87164 0.0763931 20.1554 0.0696184 0.070929 40.6007 173.652 12.6193 6.20574 0.074464 13.8105 0.0696799 144.697 39.771 0.0698942 174.256 0.0730202 0.0701806 0.0713021 357.456 0.0744327 428.368 70.3638 21.6086 185.638 11.6056 0.0695934 61.4332 10.5651 488.526 22.7385 49.5778 0.413756 0.0700666 0.0720127 0.0695993 124.679 25.2168 0.0695965 2.12172 162.221 13.0307 23.3152 0.0704859 0.154346 21.1128 111.631 734.774 0.0699936 0.069593 0.069733 426.408 0.0833691 0.179135 0.0695957 555.738 0.142122 0.0842645 0.221265 0.0700057 31.3873 0.0698195 0.0718232 14.7562 18.8808 0.330176 17.471 0.981211 0.243904 0.0696751 0.216723 0.0733994 55.7797 0.0739329 0.080571 0.144712 29.2629 0.0710049 0.0695945 0.0934675 0.0697517 0.070726 0.0697495 0.197278 0.0695956 0.16053 90.4365 73.6002 0.0927969 42.5355 0.0716506 0.146879 21.9703 0.816393 1786.6 0.0752803 19.1145 0.0696507 0.164519 109.81 80.1761 18.5271 0.0703095 0.06962 0.0697055 0.0695938 0.587303 10.3288 0.0723082 32.9995 0.0696149 0.0706148 0.0730928 18.1844 18.728 43.8227 23.9347 0.0782473 101.252 0.0770186 0.164458 0.0699937 8.15152 55.7435 101.289 271.537 0.0782987 80.5257 0.0696339 0.0766065 50.3201 200.847 75.2968 0.10837 247.665 0.0730811 20.382 0.117278 0.0695965 23.8483 0.0703063 0.0699669 16.8956 57.9777 58.205 6.12459 0.0815633 96.7322 23.3179 681.428 0.0695929 0.0832971 0.132966 0.0696734 0.183726 18.0365 0.0700476 2.84549 0.0750721 105.173 95.7598 5.18977 0.680239 0.0698649 7.98577 0.0696287 11.6552 489.814 0.0696209 0.0697581 777.398 0.0765701 0.0696518 12.2987 247.84 0.34406 8.32288 25.2744 3.25546 5.57374 71.1239 0.06967 6.96249 27.2615 0.079811 16.6777 11.65 15.7174 0.0734854 0.0840777 10.5439 0.0696128 0.0699334 21.1373 2754.17 0.069602 594.598 13.811 0.069953 42.2474 133.367 20.18 10.5796 0.0695957 0.0702681 0.130582 328.26 0.0710101 824.949 0.0698346 0.334629 7.01059 0.0695938 0.0695933 0.0699143 0.0800718 0.0695966 0.385525 0.118094 3.00142 1784.07 0.0754878 114.073 0.289127 29.7939 0.0697787 218.417 164.863 0.138621 10.8444 67.5223 0.0708197 0.0711408 3.02275 0.0745709 0.165484 71.3178 0.167012 0.0714849 19.8525 0.207283 0.0710882 16.8928 6.03999 30.8398 0.0846771 0.0726147 0.0706323 0.0695946 16.3734 0.0858673 0.0852067 52.6312 9.24313 71.2425 0.0721539 0.18248 87.867 1343.46 0.069747 0.118412 0.0707883 0.0819687 0.0726494 0.0705322 0.0721886 16.0595 0.0696138 16.6165 0.0697243 0.103575 0.0701326 11.3176 21.0778 45.3286 0.0696715 1.50117 0.0697019 0.0696068 0.172644 79.8725 47.455 0.0721346 0.165481 22.8569 150.693 39.2104 40.5851 0.0695934 149.794 0.0714794 0.0723634 26.7881 0.0695993 421.57 0.06981 0.0754508 0.0701952 0.0697584 182.08 0.0696997 0.445512 200.151 14.3925 45.4102 40.9 22.6577 0.134753 0.122208 1.55474 0.0697449 64.842 0.0738159 31.1839 33.9542 0.102859 0.0699775 0.0762149 56.6004 0.0711007 0.0696137 7.52303 0.0957494 0.679562 0.069884 0.0714692 0.243491 0.0696513 17.4658 0.0696395 44.7953 32.6747 0.199535 0.0746423 380.183 0.27015 0.0744839 0.069722 811.757 122.673 28.0388 0.0699873 0.230107 11.9705 4.55984 0.0701537 0.0697238 0.134786 0.069861 0.0790949 113.247 46.0188 176.884 0.0699564 17.9793 0.317871 0.0735125 0.0696045 0.0712032 0.084616 19.3015 0.0697095 44.7122 103.946 746.629 0.0698463 23.2896 12.7505 93.6869 75.5991 0.0697594 22.138 50.0811 20.3512 0.0695965 0.0699445 59.8513 0.0701001 0.14469 24.356 0.0698366 0.0732547 0.0695994 0.069595 0.0736164 19.4567 31.5007 0.069774 0.0696453 146.762 4.65903 0.0697322 1589.69 6.17854 0.0752402 0.424826 0.069593 0.0703605 14.3895 26.7642 42.1573 19.139 17.7337 0.0786321 10.248 18.3308 0.0730936 1.1145 0.487866 17.6913 55.2902 0.0732443 0.104022 84.5819 57.1393 22.1189 0.071223 4.07224 17.4302 17.1484 157.831 0.296377 194.187 26.7179 0.109634 0.0761784 0.0777103 2143.06 629.349 1.36608 0.0749609 385.757 0.506118 18.656 0.0786219 565.035 59.0213 11.0461 0.0695939 10.5651 43.7843 0.0695933 0.069593 0.069841 0.0696117 0.0797155 0.069605 0.117373 0.0698808 0.0708568 19.7147 25.3614 65.5302 0.0730729 22.9188 0.0715416 5.2913 16.921 22.0555 0.205123 0.0709326 20.1597 0.0699901 0.0745094 0.171829 0.0796634 0.0700089 250.21 0.0728683 64.4132 10.0775 23.8489 61.3265 0.0698201 30.6922 103.894 0.0724233 20.4418 0.0771916 0.0736261 23.9619 0.0703759 0.0806042 86.061 0.0711218 128.46 19.1935 0.0709702 0.0798606 1.34081 0.0715668 465.501 0.0695998 0.0695934 26.4184 59.5271 0.0714862 0.100885 0.0779064 0.0698819 213.082 31.53 12.7943 0.0696198 19.0278 0.126106 388.967 1392.04 0.0696002 73.1127 0.0696606 0.0696953 120.997 0.069609 11.4664 35.2564 7.25317 141.027 0.0721303 0.069596 0.130888 0.103799 14.8453 498.921 176.517 1.94756 0.692393 0.0700917 0.633662 16.3294 0.0707793 42.2702 14.9507 0.0762459 0.516896 24.9407 175.277 70.6116 267.45 0.081576 259.903 30.8222 0.125144 46.2345 218.598 0.0699054 31.4489 24.3298 0.0741803 69.4723 1058.39 0.0696286 0.0738134 0.0707258 0.0760041 192.259 35.2135 0.0825498 176.431 0.150242 0.136314 21.8022 0.0696057 0.0706665 47.7716 0.0953067 0.0862945 0.069683 11.9337 48.3316 0.0702659 2.00477 0.121273 1.52884 0.0698447 551.809 0.0696321 21.5541 0.246319 452.894 29.5651 0.138074 19.7118 0.0696947 253.828 1.93019 0.0708799 0.0702225 0.1896 0.0828817 23.2439 0.0696249 41.2101 13.3382 926.571 33.7414 0.0740509 18.8871 14.0089 11.4547 161.874 1396.11 30.2477 0.0703213 18.6359 0.0789633 0.251209 0.0757604 2.22346 0.0791022 0.0697745 15.8983 0.0697812 0.107116 5.6677 0.0855623 24.7379 0.0893392 0.070122 0.0720561 0.080553 93.8429 0.0761573 0.0697368 0.0777112 12.1648 0.084196 0.070092 12.1128 0.0697367 0.0898344 26.4935 0.069593 0.0846923 90.4594 848.975 22.8087 0.0697458 59.0676 0.0701581 0.0704251 13.2564 74.9312 0.0699606 19.0478 0.0698307 0.150894 0.0695944 8.59583 35.1912 0.299593 0.0701109 1.25017 0.0767035 0.216274 0.0700608 0.12874 0.434932 0.07155 0.0699247 0.0697461 0.0697433 0.244888 22.2148 2.48706 0.0781597 0.0723917 2.55472 0.0695958 22.9791 0.0706609 60.0429 12.9832 1454.63 19.5726 480.296 0.069593 154.383 22.7948 405.486 11.4547 0.0773634 0.073261 28.9883 0.0695934 0.0707754 15.8416 0.0704445 0.0717836 0.0696492 15.6849 1267.49 0.0697632 13.7685 0.256015 0.0720704 14.7991 0.0696481 0.0695934 65.1797 0.0841661 7.61628 0.120692 0.07023 0.0695972 0.0696355 7.3092 0.069593 19.262 571.932 0.0698315 146.378 20.1604 0.150468 0.0708377 0.0699056 0.0695935 0.08887 0.0701561 6639.71 13.2965 0.0914654 81.0893 42.7458 8.67803 255.557 19.1145 0.070073 14.3024 402.068 246.182 0.0703609 0.0696054 0.0705053 0.0716743 3.6417 0.384297 23.8537 0.770512 8.32273 460.821 1.32643 0.0699183 0.0720135 192.676 0.0698221 2882.55 0.141845 0.0697667 28.1895 17.2576 2854.82 0.0698804 48.2869 315.61 0.0695961 0.191455 26.6976 1.96423 0.0695959 845.34 0.0721385 40.0661 176.691 0.0718468 10.0267 0.0697182 0.0723227 76.1835 1303.88 0.0696043 57.4402 187.01 0.0696278 2063.05 0.0704816 36.1053 0.0707722 98.8346 0.0705465 0.0702494 32.1715 9.03003 0.677446 17.0028 0.0707731 19.8686 0.0707431 8.96822 0.0696567 0.0698794 18.9114 175.96 0.0841659 17.857 719.154 189.599 0.069593 577.824 16.603 531.415 35.7993 0.249492 0.0699707 34.1618 0.069935 0.0695932 0.0746342 0.0696213 91.9122 307.505 0.0723082 57.3228 408.76 8154.82 28.0886 0.0957923 28.5703 23.3152 0.080964 0.0724306 210.302 99.3696 102.728 203.195 106.935 0.0735795 723.141 0.0717084 0.0712601 1.68626 19.0478 0.0700475 0.0700765 0.117141 0.0696053 2183.39 0.0696726 0.0701907 17.5855 165.662 0.0696935 0.0697305 24.411 20.1347 44.4777 0.0700636 0.105561 26.9711 0.105516 10.3825 0.0698641 158.139 0.0730748 46.8911 0.0704947 3.07279 0.0698291 0.0740401 0.953415 0.0750172 13.7108 31.6375 11.6662 116.32 32.0014 0.0695936 163.728 0.0700959 0.0698128 0.696535 45.1258 10.2689 0.0695992 2.60627 0.0702801 514.3 81.1981 0.0697812 21.7835 1.54518 0.0696269 59.8951 0.0696004 0.154396 0.0933048 17.7193 469.169 0.0864834 7.90467 0.0696276 45.108 0.0722083 21.9703 0.0744049 18.3411 0.0818737 0.118623 0.0717453 0.107205 25.5128 0.521124 0.703523 103.858 15.2476 0.0702386 244.708 10.8397 0.0695947 205.94 67.8426 0.0696081 43.4003 32.6747 0.0702355 17.9252 32.9487 5.05289 97.9494 83.7818 9.25994 0.0858381 0.0701504 21.8813 0.10621 0.0705289 88.1011 0.0707132 0.078265 1029.69 0.0696191 0.0695932 0.0695932 0.06988 0.0699949 0.069715 8.37523 6.82189 127.944 0.0697205 37.8212 730.34 1425.54 343.765 0.0701036 406.953 0.0979901 0.0696021 0.0749565 27.2707 400.425 0.0697186 14.857 0.0715004 0.261996 0.0888235 0.499706 36.1322 795.564 172.352 0.111708 0.0695943 0.0695956 16.7427 0.0715664 0.0697736 0.0775314 0.0734865 137.623 38.2942 0.0715306 11.9337 4871.84 18.6473 0.815332 0.0768944 21.7035 29.4787 0.0749101 0.0699582 0.0707365 0.0696237 19.5195 17.4704 0.742888 1170.93 0.0708454 17.8716 0.0696544 0.0710246 0.0742422 1070.87 0.0695931 37.1959 0.0699593 0.0749416 0.0700148 0.0732556 22.0409 0.0696368 36.7236 0.0708444 38.8985 55.9542 0.0701917 0.222344 0.0734493 0.0740468 0.546316 15.2998 16.4738 0.671441 0.0700224 79.1679 0.078188 0.0697019 421.773 70.9572 0.094298 0.0706675 0.0707158 0.0700761 0.0698261 4.13104 10.3649 769.756 0.111567 36.1996 7.7318 0.0711429 73.7909 0.0698262 0.0696003 0.367818 42.012 0.0699319 0.0710862 22.1325 11.1097 91.4798 0.0702228 77.3632 0.338201 1.31057 27.8838 549.171 23.9391 28.725 0.0701849 0.0700356 44.0351 16.7533 6.79695 0.071264 0.0699579 556.401 27.8408 143.783 0.192328 0.519144 1.60446 0.177511 0.0718294 53.692 0.155242 388.582 0.080568 1345.18 0.0702758 8.26408 2.98743 68.4245 15.259 0.0700207 23.2998 0.0758669 0.0695929 28.1782 15.1078 78.0537 70.0376 22.1431 223.857 0.0696068 37.7121 0.230606 23.0656 0.115712 149.543 0.240084 0.100369 17.86 17.3312 0.092149 84.1666 0.0705292 0.0943951 0.0831797 0.0703214 1630.42 0.0710843 2.53673 0.0699319 23.026 32.6747 1123.6 0.0762043 0.071178 4939.57 339.748 62.5045 36.342 165.54 0.0696693 145.781 21.6086 0.0774673 40.2339 0.0696966 0.069812 42.4117 34.3196 0.174012 0.069881 9.59625 247.198 0.784582 0.0698384 3172.24 49.9177 0.213088 42.0735 1.71404 0.0712065 0.0710491 45.1839 15.8533 7.66836 0.0712727 30.8389 0.0698113 0.071348 64.1117 21.7035 0.109226 108.293 46.7975 326.942 27.0923 0.0697066 714.51 0.0696606 17.5076 0.0699496 336.876 6.79695 0.0799712 0.0697259 18.3453 0.0749868 0.0695956 0.161253 15.2108 0.102958 65.4532 89.2534 6.93018 144.156 0.259345 0.0722369 1561.97 1503.78 294.995 16.901 27.0474 0.0729989 0.0695979 0.0695929 0.0715106 47.4847 0.0695932 21.6972 43.6355 16.5684 59.4098 0.0738408 0.0749567 641.142 0.207879 0.149428 42.3919 0.0696659 0.0841607 0.0703236 0.0728445 0.069593 29.6216 87.5546 36.6086 69.9333 12.1686 16.8789 1690.25 0.0702077 0.0703421 0.0699795 0.0944121 820.98 22.1859 293.43 0.148626 3078.83 0.291616 26.8444 0.0713928 0.106721 0.0718361 0.070047 0.069711 0.0709103 19.4738 73.0396 74.8744 33.3486 0.069748 129.282 686.199 49.5214 34.9154 0.0762519 5.17048 0.0701912 89.8525 0.0752159 64.4964 0.0710952 0.073543 0.0698298 0.0695939 0.0697173 15.7772 416.937 32.2674 0.0698729 0.0696691 48.6525 2637.58 14.4635 89.3019 0.0697268 0.069701 1.52884 0.0697932 35.2661 0.0697007 13.3758 14.1751 0.0696991 0.0711577 0.0736279 32.5805 34.0999 0.0700765 39.6353 524.236 19.757 0.748432 0.0704718 0.0697042 0.0818728 58.1917 0.125693 135.632 0.0695975 5.16007 0.0705929 27.8408 453.514 498.621 29.4772 0.0696944 12.2785 0.0990231 0.0696002 0.0700999 7.912 170.998 18.7618 39.3751 229.711 0.657899 22.2558 26.9158 35.4739 0.0763058 83.1484 714.341 868.279 0.0697874 0.114722 176.597 0.0696032 0.069595 60.14 0.0720032 0.209215 0.244882 140.003 0.11033 0.0703851 0.0697742 0.0704875 0.132746 0.069842 0.0706562 0.0701508 2.28171 32.495 36.4019 22.8437 0.0719822 0.0700746 0.069619 0.0695954 0.0695974 0.936037 35.5593 16.8012 0.0697658 0.682771 0.0962905 0.0719949 0.0716947 136.568 710.308 0.086705 0.0696935 48.0581 66.807 0.0725202 0.0709547 0.0696174 19.3732 0.117043 0.069843 0.0696567 0.349113 0.069623 0.0722845 153.623 0.153677 198.296 54.8876 0.069879 0.0712978 0.0699586 0.0962563 63.8399 0.846907 25.2459 313.315 181.619 0.078296 0.0729735 0.0696567 0.0722129 0.193902 59.4045 203.097 0.0697302 35.2295 0.122193 0.0748438 0.0888333 0.0786723 14.1382 0.191265 0.0880237 0.0696169 36.9725 0.0700177 0.0696596 0.0744922 0.0697103 0.0707927 0.0698967 47.005 0.0743064 75.2248 161.805 0.0696666 0.0696208 0.0807561 32.062 16.3294 0.117657 16.9582 1111.8 6.17051 0.0793437 22.8085 32.0168 69.0754 22.3044 0.0711649 0.0700465 498.083 37.5276 5.12586 24.7061 0.0702129 12.4731 0.0696881 0.0699577 36.5531 11.8397 0.0730108 58.7727 0.0700835 0.0722363 26.1627 0.301219 0.070251 11.5429 0.0701807 0.0720899 0.525768 0.0696452 43.4169 0.274616 0.0740771 51.1062 20.4807 0.0748906 0.182488 42.3467 0.222399 16.9055 338.853 467.077 0.0697852 0.0701731 0.0837962 0.0696025 0.075618 0.115438 96.6332 26.7139 0.0703763 0.0700189 0.0737489 0.072326 0.0727499 63.4774 5.4267 0.0700976 21.0924 0.0695938 90.6438 0.0879682 0.0748675 0.0697263 0.299419 0.0699314 0.0697511 0.0705231 0.0695929 7.74683 14.0961 0.0751613 114.475 18.0174 30.839 0.076107 0.110327 27.8338 23.2166 23.9802 1.18918 47.6346 48.696 49.112 0.0710048 29.8496 580.918 6.10569 374.608 36.2368 1.50228 0.0802335 0.0711737 0.0863722 40.3547 0.871578 0.104746 0.0697364 0.150273 163.165 4.25505 0.0787564 102.01 0.0719097 10.2346 0.0938093 0.0703263 0.0712845 0.0696048 0.0769978 0.0754434 22.9993 70.0837 0.0695929 0.0703923 0.0734655 16.4631 40.4475 5433.32 47.1371 23.4202 64.8333 1165.42 0.0724656 63.6716 0.0695929 55.9645 12.378 0.0699997 0.0697466 377.758 0.0714517 120.573 46.2338 0.076423 48.3506 23.8425 675.532 0.0706707 0.0859069 58.452 27.8338 0.0699022 0.0951894 0.0768795 71.1017 0.0701673 7.36941 8.15386 38.0283 36.3689 0.0695931 29.1195 15.8533 0.446097 0.0697288 0.123029 18.41 0.333809 320.992 36.5865 16.2413 0.12113 32.0667 109.839 0.072478 47.9908 212.533 30.9362 42.0167 0.0743421 0.0721163 0.0710797 42.9567 1.54699 0.0697737 0.247261 15.903 938.367 0.0981903 0.0701923 0.072308 133.191 0.0724663 0.0697623 0.0710385 0.287314 0.0706628 0.0889076 0.0696014 0.0696436 0.543471 0.0698166 17.1496 8.32304 0.0733896 307.621 0.0799069 57.2805 0.0731708 0.0702609 22.8191 0.0696091 0.0695971 11.2782 26.0207 9.35554 0.0706367 89.1981 1151.36 18.6467 279.209 61.0038 0.131508 23.3295 22.5339 9.72928 0.860138 46.4394 0.794603 42.4914 0.0890807 24.5149 1568.26 0.0813868 2668.75 244.372 0.0701587 0.0775297 0.0703932 0.0695979 0.0717676 0.0695963 106.059 48.4859 0.0706935 181.023 0.0915068 951.046 258.194 19.8525 0.0809076 694.743 0.0697746 0.069602 32.3129 5.58345 3.7111 77.2693 0.0703738 26.0954 0.069712 0.0695931 186.659 100.163 0.0703101 0.0899247 0.0724626 0.366542 252.202 27.8427 0.0699595 61.1186 0.0776412 19.5062 4940.55 9.45277 22.1859 0.0695935 29.6961 322.237 0.0700252 30.8396 0.0762777 15.8842 6.93018 0.0700381 0.0697133 174.609 50.4529 0.0927971 0.72029 15.0927 22.6894 0.0696545 20.3512 0.0701347 0.0702434 0.111244 21.1 9.70176 0.0860727 21.7288 23.1674 34.3354 16.5079 79.8709 18.1036 0.0707041 0.0697467 18.5923 24.1663 221.848 71.3003 13.084 2.71518 370.135 1.3876 0.0762079 0.0695932 6.47334 0.0696105 309.484 30.2715 4.35247 0.0727885 0.0704991 0.0868915 0.152819 4.70512 0.0700148 25.6986 0.0699197 0.0706942 0.10886 0.0700277 23.64 34.7694 12.9447 0.0707491 13738.5 5.00422 0.0755581 23.7207 13.2337 159.157 0.0699287 38.34 0.0695929 7.01242 50.6203 0.0695929 10.9275 0.069593 41.3465 76.047 0.069629 1076.75 0.0711815 0.0696945 47.5601 16.0959 0.587663 18.8808 11.1356 0.0701923 98.6674 30.3554 0.0720186 0.0701434 103.595 26.5292 0.0696621 27.651 312.883 0.0695931 51.7435 36.1855 22.2874 0.0728736 25.8108 0.0745824 0.222733 0.0840534 0.070428 0.0695951 18.2968 9.20244 166.174 152.846 31.3624 0.0719264 18.0559 337.283 0.0696034 114.868 227.352 40.3191 0.0786045 20.6269 0.0723089 77.0219 226.674 0.0697373 0.0700518 154.795 48.3156 0.0797635 26.5077 36.6582 20.7844 0.0698627 25.5298 36.7701 31.432 9.04638 7.05885 0.0697387 0.0699942 0.0750981 0.0708776 12.7566 72.1685 0.16277 23.5003 0.0709589 903.994 0.0774109 76.338 0.0695951 122.597 0.0696663 0.069605 41.6515 38.8172 3.4793 0.223692 0.0701932 0.0709229 511.251 30.2715 0.0717864 0.0696195 0.0718724 0.27533 0.0723709 0.240259 142.085 158.765 0.0701452 0.0696076 36.1872 302.827 0.0771422 1263.34 0.0984639 0.0695929 420.157 0.0866663 22.5028 9.20564 0.0717523 0.0742117 0.185381 435.429 194.212 207.664 12.0027 0.0695931 0.0772664 14.68 6.87448 4.02101 0.0699726 0.0696441 0.0744457 0.0705145 19.6817 0.0714957 0.0700456 48.7184 0.262429 18.6389 0.0816128 24.1304 62.6488 14.9329 0.0755816 180.776 0.069593 0.0703988 24.7561 0.576847 1.11353 8.47183 0.070886 0.169874 0.0786056 29.0121 14.0441 0.0724787 45.6894 0.0696209 25.8151 0.0698313 40.9714 0.069593 0.0732732 17.7552 246.547 556.531 188.77 0.0696067 0.0713495 740.996 0.637293 387.836 0.268636 0.0696776 0.0705023 141.056 0.0695951 388.124 2641.47 0.0702031 6.84207 0.0763526 17.5803 0.0696881 377.159 108.86 28.2202 0.0944173 0.0850474 0.107043 0.0696156 0.0739153 0.0740459 0.818175 0.30985 0.420618 0.0699255 0.0700522 1.8194 0.0719712 557.435 90.8616 0.0729354 745.296 18.2298 0.0705542 0.419254 493.038 0.0700162 0.108247 0.244633 35.5401 37.6371 48.5788 0.0751653 77.2173 351.001 3.94648 32.3154 13.2826 304.12 0.0745112 0.0697595 80.1739 0.0697239 0.260168 1.06438 963.757 63.8178 14.857 39.8149 824.542 0.436546 183.672 0.348611 0.0949696 0.0829702 0.0701931 12.56 0.0697447 8.94431 40.233 52.3799 0.0732664 0.0697349 36.5761 78.2029 157.528 0.0787584 131.684 0.0755811 7.86817 0.0946816 6.05265 0.0858017 0.0695932 18.8656 0.0753191 0.909899 0.0706189 0.0695963 30.0946 0.0699453 161.953 0.0696647 785.139 0.0715379 0.069768 20.1202 16.4941 32.1123 13.0307 0.0695945 0.0719319 209.745 0.0734624 108.468 36.9069 0.0696838 312.091 34.8404 388.594 0.0695963 21.9421 1.21895 120.18 17.86 54.0609 0.13391 33.8884 0.488162 26.9003 0.0716828 0.24683 0.0698236 0.0709898 53.9267 22.6007 0.0697834 0.121122 24.0683 90.7021 0.254932 0.0747148 27.376 5.5025 23.2999 12.2216 0.0696774 0.0710799 306.834 1.62866 0.0697322 0.069685 0.069872 2707.89 0.0698254 0.0695935 23.5603 7.89445 101.782 0.137953 0.0980563 13.6792 60.9714 128.379 20.6664 143.598 0.069733 92.4432 0.0695968 24.4074 119.75 0.268718 6.29609 0.0698076 23.4675 0.0704175 38.9074 0.240023 0.0722332 0.0696372 0.071061 0.145704 0.0717451 0.0714406 23.5555 0.0737387 0.0713288 17.4723 0.0702264 0.360298 30.7618 0.0696281 0.0697114 0.140282 19.5662 0.0714712 0.767598 0.0699355 4.89596 0.0698412 24.0247 0.0696128 13.1832 24.3298 0.0697974 84.5997 18.3584 0.0699841 0.0699927 0.0695929 10.7993 0.0696757 0.070583 0.247932 0.0722998 27.5111 14.3024 11.0843 0.0884015 0.0705677 133.404 5.2685 10.5389 15.8416 0.0695969 0.069593 57.1452 0.069959 0.13909 0.0705897 27.6583 0.0699757 0.0697604 2.42303 104.966 125.655 19.9983 0.0706295 296.593 0.0740164 25.124 633.1 0.0698288 48.0048 0.0714947 0.116845 0.0696257 7.78791 9.3328 16.0991 7244.69 10.2839 139.807 0.0699857 42.2498 0.0695951 0.0807971 126.838 29.4618 0.0716773 233.483 0.0700716 352.039 0.2474 0.069601 0.0709617 0.0984238 13.9852 0.0710953 119.29 0.0888273 0.0701332 15.9528 62.3066 0.0768711 0.0696962 0.0840469 0.0695958 236.487 96.4043 12.4944 0.120765 0.0779078 20.438 0.189214 1.32343 73.4011 57.0401 0.0721186 16.8181 33.0844 0.0698508 10.5984 19.8551 0.264749 0.087289 0.76876 367.346 35.6738 0.0747421 0.0696904 94.9587 17.9633 0.0886219 545.455 0.0745734 0.0697693 23.3679 0.0708054 0.0706079 0.0988223 35.7949 50.1557 0.0698439 82.6736 0.0717523 69.0022 69.6151 203.524 1505.97 133.105 24.7677 767.44 17.2418 572.068 193.787 0.0695935 0.0696036 0.0841445 72.4868 0.0720154 0.0701503 0.069664 37.8173 0.0727904 0.0712357 17.6936 0.0758669 65.1952 0.0776526 0.0738962 0.0724176 0.0699781 0.391963 630.779 187.255 0.0721391 39.4831 1.52745 317 0.0695977 29.9779 11.4664 0.108969 14.1901 43.4353 0.393415 0.0700852 292.069 0.0697094 28.471 35.7862 0.0706628 0.0824226 0.069593 21.3074 6.54994 0.0699018 20.1202 0.0732592 14.2962 0.0753264 0.0780984 28.18 0.0828822 0.0695961 0.0703471 15.3159 57.6732 22.751 0.0696174 0.0723886 144.431 0.0728603 0.0707863 8.44068 0.0702424 0.0742501 0.0696179 0.069593 0.0706604 10.3615 0.117078 0.0728386 0.0708184 37.7928 27.651 7.89445 0.070017 0.071466 550.194 612.273 46.2318 9.04638 24.2685 0.0696094 2.60129 0.0891609 32.0143 0.0695933 0.0695972 31.1839 0.0708139 0.0712959 0.0719121 0.0697711 0.0695929 23.0491 0.0785746 0.227609 32.1549 0.0705692 55.152 0.0711821 0.46186 0.0695932 0.0696014 0.0696366 13.0032 1145.58 38.6156 0.0717928 0.095741 665.085 0.145846 0.184114 0.0710118 17.901 75.8298 4.78209 17.4976 275.316 0.202633 0.0843886 0.0702116 1.20137 52.4627 12.2189 0.077182 127.542 0.0818386 540.687 0.104805 0.446224 0.0711781 67.1645 0.381147 0.094776 21.8105 193.514 0.907301 0.0695987 0.0731165 0.0696482 0.0704583 1070.44 41.1566 14.6028 307.901 0.0724885 39.2333 24.0644 186.374 0.0752479 0.0701139 0.0781523 0.0754787 0.0700025 0.117147 0.0721895 0.0734113 50.0393 9.84609 0.0702222 0.0696816 100.335 0.474597 25.5482 0.117866 0.0780002 0.0696062 25.0604 0.079701 24.8272 3.7613 0.0718717 0.0696983 0.0800712 17.1607 0.0742367 227.093 0.071538 0.069702 17.6289 0.076732 0.0698627 77.4603 37.3892 0.0751635 0.0696731 96.086 11.307 42.7507 0.0699574 35.0146 0.0705265 0.251389 134.448 0.144019 0.0954611 191.054 0.0899518 0.0695933 0.0699019 0.0707582 0.0696038 0.0721379 0.07024 0.0699999 13.6543 21.1128 0.216451 0.0722766 24.7222 0.0731433 0.069794 0.0705783 375.87 0.0697431 18.2233 50.7631 18.7618 38.498 0.0744522 0.0705417 1966.56 298.542 605.463 12.5297 87.897 35.5965 0.0758441 17.8528 0.0701814 0.0713654 413.016 16.9978 16.006 0.0921294 0.0725921 0.0696055 0.0713149 174.509 0.0742628 34.2471 0.0899438 0.223662 37.3194 0.0696547 19.9494 0.0696371 16.8225 0.0699373 0.0700004 34.7695 64.5921 0.0703573 1.61973 0.381689 0.356858 0.0696411 0.075028 56.2922 0.0696067 15.2545 66.1808 356.53 0.0752059 66.8812 32.6963 19.0145 33.5158 0.140655 0.0696302 30.2671 62.8641 0.0745301 27.651 68.5648 0.069661 82.0608 0.070168 23.5179 27.0254 0.0701903 0.069701 0.77754 10.8764 0.0700597 21.8655 0.105086 39.694 2.29536 0.0734826 1721.77 0.069804 0.0719179 12.3439 41.0763 9.68265 0.0695938 417.891 23.5885 54.6503 184.318 533.694 0.0696273 0.0773971 0.0699442 61.2768 14.4834 20.726 0.0826834 0.161114 0.330578 0.0696056 0.0698227 57.5676 0.0718846 0.103499 0.0889448 0.0849531 61.0507 0.0696674 0.0696037 1081.3 0.0742668 0.069593 28.3055 263.274 17.8252 0.0698052 0.0891502 8.90088 0.0736352 0.0855782 0.0698579 0.232958 20.4518 23.6861 0.0737088 20.6269 0.0921512 701.041 0.0696527 0.0987681 0.0696151 0.144583 0.0695971 128.61 0.0954403 0.0745911 0.43243 14.1473 0.0709874 28.7306 11.7258 0.171222 0.0802118 196.283 0.0699863 0.0960049 0.0790444 0.0710228 0.0695961 20.6035 0.069593 27.2853 0.0696752 95.1363 172.092 22.5429 0.0701141 81.3413 0.0889193 32.7424 0.0700042 0.0871807 0.0695982 43.0718 114.644 0.0696348 0.069869 0.0702038 111.377 0.0996968 8.67803 0.165369 0.0696078 30.3078 0.069593 0.0696704 112.101 27.9888 0.0696091 0.0855639 1638.29 0.0695938 0.0697559 65.1808 144.592 0.0762523 13.3392 0.0703029 0.380194 81.3441 20.3216 62.5413 14.5662 71.975 0.0717984 0.0696335 21.7527 0.0728412 0.0695931 279.075 0.0721178 1601.93 1.68598 3.3082 0.866935 0.0721938 6.08924 0.0700585 0.0699674 0.0846525 0.0713646 10.0149 0.0706659 0.0712791 0.0696426 135.497 12.7618 21.4721 58.9448 0.317523 0.0980101 4.31486 90.925 0.0704155 6491.62 0.0739813 0.0736509 0.0697281 0.0696116 17.6839 0.0698405 0.0725049 0.0696779 0.0713655 0.0697523 10.5651 986.954 53.6803 51.4437 0.161243 16.0305 0.0912056 23.8007 4.7694 0.813687 0.0707519 0.0853124 0.0786148 53.4057 0.0703923 0.252521 0.0699823 36.5449 25.8523 0.0696022 0.0927805 0.0696319 0.0696767 0.069837 29.8538 0.0702046 0.0696021 8.12776 174.733 0.0705697 0.0696067 556.857 0.0723921 0.0695936 0.0726743 0.0696672 0.069594 0.0978242 17.8528 151.51 0.0746499 85.5059 6.90316 15.2108 662.327 0.0711087 0.0742191 27.4827 11.4279 0.0697313 0.0722999 0.0700235 40.34 533.994 0.486189 0.0696324 0.168137 0.0718215 0.0703671 11.2285 0.0696005 0.431447 0.0707685 0.0701074 0.105876 0.0708623 0.0699744 8.01052 22.079 0.0697469 0.0697909 0.0720455 107.766 0.0696336 0.0696006 0.0700461 0.0705097 0.0700852 1590.23 13.811 2100.44 0.0695945 0.0697452 917.828 0.0735253 0.0698181 28.725 0.0714504 23.3588 137.034 38.6835 0.0695975 62.8416 10.8444 20.3021 0.0696005 0.0704015 23.4137 88.7133 8.44068 0.164434 0.0695931 0.0896098 0.0706443 10.3371 117.956 34.6449 0.0709274 0.0730216 0.155243 308.987 73.4055 0.0697568 0.0697435 11.436 59.8678 107.134 13.3771 0.0701196 0.134732 3.09193 0.0700931 36.7261 0.141014 109.517 0.069593 13.0883 0.0696437 0.0696087 0.0726972 0.0697368 0.0774023 0.069756 0.0710989 116.761 91.0498 24.0584 1011.13 19.3407 0.126688 1267.13 0.310041 0.0698806 0.0696602 149.811 0.069593 0.835227 0.0698258 33.0828 0.0699404 0.112265 0.0996947 11.1173 0.151396 24.1351 0.0697163 111.237 0.120049 49.0662 0.0700486 9.04638 0.141219 0.147563 0.0700588 0.100024 0.0714729 52.6643 0.103886 0.0777349 0.401995 0.0853078 20.4049 105.437 0.0738466 0.0698 0.0813232 0.0696751 11.4743 0.355754 0.0701481 372.747 0.0718821 49.3754 0.842184 76.6209 0.069594 0.110681 250.766 77.9646 31.4265 20.3783 0.069686 0.0697894 0.0763645 66.9336 0.0768408 0.0729396 171.434 18.9304 0.0702254 199.037 0.0696756 58.0225 0.084254 183.837 0.0696672 89.2837 0.0797942 25.5612 0.0713194 30.6195 106.54 0.0810665 0.0695933 873.347 21.499 46.0344 60.2435 0.0700927 0.0699928 0.0713747 0.0714689 3049.18 11.5429 20.7556 88.0415 0.0973985 0.0695949 99.7717 0.0824952 0.109577 40.0323 20.1499 0.0731093 21.7035 0.7239 12.8885 257.231 0.0696771 0.0726403 152.405 11.5746 0.0698755 6.93018 0.0730684 0.0728144 106.994 0.0710262 110.417 0.124161 64.2137 0.0700164 0.0700223 0.103823 0.0712457 0.896635 170.225 0.0704812 0.0696886 14.2226 0.0697386 0.0699766 0.0700127 88.9822 0.446227 0.0707824 22.8479 0.0704673 0.140631 215.242 704.127 0.270121 58.8494 48.5422 0.0696059 0.0711913 698.887 0.0696108 141.284 24.1395 0.0703994 67.4357 0.112661 17.471 0.101837 340.962 191.407 0.069668 68.4898 14.555 0.0709324 56.8982 0.0749731 0.14177 0.0696213 0.0696373 13.5381 0.0699327 13.4755 17.4796 0.0697352 0.0718103 56.7481 0.283799 0.0695941 1854.04 0.0695949 0.0748185 47.6026 0.0710437 0.0695946 487.13 0.0782618 33.7667 40.8184 0.0703728 0.479369 0.069914 0.0700101 0.0696008 0.132681 25.6542 0.0696069 10.4365 0.84601 9.98771 0.0790928 0.0765088 42.7656 3.8973 0.101891 47.0875 33.617 0.0700765 0.0864784 7.66048 37.074 45.6921 93.0922 0.0702014 0.32708 0.0696056 0.380028 0.069595 60.9099 0.0735956 0.0731105 88.3985 0.0695958 16.5866 0.0696933 13.4764 75.7291 16.0662 306.532 0.0696548 9.71576 326.268 36.7644 710.686 0.0704606 39.0393 0.082297 0.133651 0.0761315 2.27935 23.5111 0.0813219 11.0318 0.0695945 0.0717981 0.0717677 0.0695937 199.882 0.0697884 0.07498 0.0705512 0.0697148 0.0741738 0.070713 0.0695992 0.0695935 181.281 108.121 37.8717 0.0723783 11.6024 0.0750277 0.5518 0.0711173 0.070695 16.692 137.738 0.0839057 11.65 768.696 0.0743407 3.35576 0.0695932 287.409 0.473847 50.1656 0.0718142 0.480444 0.069593 0.0696056 143.69 0.0784014 145.108 1052.43 0.095744 0.0695938 0.0702666 150.153 0.0710987 0.0789175 0.0696009 0.0698609 0.0702869 0.0696042 0.0700754 0.0696944 743.517 0.0839561 0.0737756 83.0256 19.0301 0.0696734 0.0721068 64.4676 5.95377 200.346 60.7341 0.0917976 231.745 29.9648 0.0697388 0.0716046 0.069661 0.0873232 84.6662 0.069593 3.55706 15.0009 67.7819 552.127 0.0898509 303.232 0.07229 6.45877 0.223596 0.0704999 0.0701337 25.6475 14.6297 518.064 0.0697902 0.0957669 92.2927 31.8294 57.4362 345.67 2.1778 4.32549 0.658122 0.0700029 21.5166 0.238811 13.7287 0.0787466 18.6219 109.814 16.6053 0.0695931 0.0750303 0.0806885 50.3827 140.81 19.757 34.546 35.7731 55.6702 0.0696004 69.0614 261.153 0.0696562 0.0737084 0.0844118 0.0707878 0.0698712 0.108866 0.273918 0.0697659 0.0708025 31.4717 0.0696479 0.0709931 0.0759242 66.401 18.3477 0.0697958 13.2564 0.0695938 16.7419 17.3893 0.0701444 2.46715 0.0695936 0.0696881 13.3758 5.57448 92.4621 29.4926 0.173434 0.0702124 22.1778 38.5831 0.0697751 0.0699477 20.6424 56.2832 0.0702758 0.128917 0.0695988 540.529 131.046 45.884 5.95885 0.0696289 0.0775304 67.13 0.0810752 0.0716198 103.906 0.137031 7.98499 0.0710905 0.554052 0.0863723 836.041 0.0697323 0.0697335 0.0696322 2.79836 0.0856338 84.1871 0.141994 12.2955 0.0696508 17.8716 52.4962 0.103382 112.506 86.4002 35.726 68.0604 0.0697475 0.0959443 0.0712394 46.7419 0.0701444 0.0696067 0.188727 0.0696114 0.0701358 0.0695987 0.0701428 20.3216 0.0872364 14.4319 22.6671 0.840581 0.156222 4.55109 29.8306 0.0697797 0.0696537 54.4316 85.3328 72.6506 0.0700551 26.6594 0.0729047 15.1437 94.9039 0.0695973 0.0810307 0.0696117 753.343 22.9993 0.0739931 22.9879 0.0695929 1.17246 0.0696071 0.113487 0.0763894 34.4806 19.5272 0.0697773 351.61 0.0695965 55.8885 0.0697762 28.1514 0.0696893 0.185779 0.0832786 0.0905834 0.0716742 2.96429 165.217 18.8073 5822.28 0.0696219 167.242 0.215308 403.782 0.0698941 0.202291 0.0702317 0.0841841 11.9005 46.2474 0.374087 18.5583 0.070191 0.0695944 17.4302 0.341539 10.5088 0.0711262 1.09133 55.7727 0.0698574 0.0698185 19.1145 65.1298 36.2146 0.151678 42.051 0.0833693 0.0696476 0.0700437 0.0706577 0.0724845 0.0725098 27.6637 0.44225 0.1697 0.069593 0.0698061 0.0696133 37.6953 0.069593 0.468962 626.071 319.044 28.4066 32.2537 0.0925866 0.0701086 0.0700494 56.2116 4.4887 21.3268 55.9307 16.5825 23.5371 0.0731097 0.0794194 0.0752341 59.3883 190.604 0.100316 181.936 0.0697276 0.100104 0.0872247 254.45 0.0736933 14.2226 0.100818 0.0757568 0.0696141 0.0918171 0.122403 0.0696166 0.510157 64.348 2159.54 676.271 27.7387 20.0606 0.0713616 14.4834 365.939 0.355368 0.0710365 30.6226 0.0733351 0.070201 0.0696041 173.888 0.161316 0.0697138 0.0772381 0.0697472 0.680292 0.0695956 0.160089 312.783 0.0711715 0.157178 0.0858066 0.0696806 0.0728914 1062.5 16.9978 0.0695994 52.1106 0.0696595 0.194251 0.0699777 0.0700298 33.0462 0.069629 0.0723976 0.0698258 0.0700003 0.0695938 0.0709425 0.0711262 0.0700099 14.0375 0.0696894 0.17942 264.033 0.0717728 0.0701358 464.414 0.069593 0.0700264 0.182389 29.0121 19.1262 0.0721304 75.2401 0.0953127 0.0728076 0.0695975 21.6996 0.0707364 362.724 91.6661 0.069593 0.0695945 37.4212 0.0737427 155.232 0.0695982 0.0700636 0.0696254 0.800787 0.0697317 0.0695957 0.0847841 13.1534 474.594 34.9154 1.02448 0.0699948 717.32 1.3472 370.814 0.186872 7.41769 48.5475 0.0774346 15.3764 0.0696529 0.0724387 0.0695972 27.0714 0.182353 0.0838781 117.868 7.17634 0.149938 0.0696307 0.0708907 0.0696073 0.197068 18.0018 244.812 143.354 13.9971 0.0729493 0.07236 79.5748 0.0697732 0.0770338 0.069594 10.3649 0.0695951 88.8334 425.65 0.0744098 7.11595 1062.96 15.4818 60.4641 0.0696743 0.0739851 7.92986 16.1246 6.20968 98.3325 0.06968 0.0700436 69.6803 0.0721167 47.9389 0.0695932 0.0704995 22.5963 0.0965574 0.0701293 0.0696338 198.254 0.0699584 85.2967 0.0714763 0.0708178 0.11572 14.2146 0.0738939 0.0705427 0.0707529 0.0702927 0.0706804 0.0698555 0.0817792 0.069607 16.9582 0.532257 145.333 28.0235 0.118819 61.2667 7.54607 31.1301 0.0696856 889.422 61.2566 0.069593 0.107229 0.10542 0.110557 0.0705908 9.36058 0.165369 0.069678 0.257268 0.470163 0.0695959 17.8357 58.7992 0.147565 18.7618 0.0699819 0.478143 0.0794434 21.499 0.129578 16.692 22.8403 22.3069 7.0535 0.0716052 4.39889 22.3675 0.0697813 193.331 0.37927 50.8847 75.0907 0.0874787 0.0696527 2.42888 61.142 0.0698815 0.0712773 130.216 0.0739729 126.983 6.82587 300.605 0.0702564 46.8114 0.0699862 0.0998292 0.071076 20.2708 48.9517 0.24083 43.586 953.502 146.528 41.561 0.0725521 0.069877 0.102873 10.9568 0.0696103 0.0696377 0.0696112 36.7099 0.0696347 0.0702046 71.583 679.44 0.0699984 1038.99 19.9396 1.18669 77.1295 0.0696267 1.52391 0.073667 0.094771 0.453462 16.9164 45.4517 0.0971674 21.3984 0.0762151 0.330661 50.357 0.0709698 35.4298 0.0699848 0.0695972 101.913 72.9603 0.0763108 210.233 900.335 14.1004 32.2268 0.0713026 0.0698812 0.0977756 92.5654 2023.24 0.0773519 0.120726 16.9691 0.0894727 0.17985 314.133 0.0695978 0.44606 0.0718089 154.628 0.0775838 5459.88 0.0696241 0.556185 0.0695941 7.94213 472.339 0.0734328 185.114 0.07113 67.7436 104.097 0.0752203 32.8016 0.111474 16.9582 1311.99 202.958 0.0734356 1749.39 0.15369 39.7452 0.0704631 0.069593 0.0700648 148.625 0.211937 279.093 33.8814 27.5971 73.2215 0.0786395 0.0733592 0.069593 5.29291 0.0758004 4.6089 11.3093 15.1437 2472.33 43.6721 1035.82 0.115831 0.0699675 18.5684 0.069593 15.2476 0.0696137 0.08311 0.167706 125.836 0.0777834 0.105771 0.0733469 22.7719 0.0711282 0.0706929 0.071784 0.0699584 105.167 20.9095 0.0731491 0.0696731 0.0696091 0.0695985 126.018 13.5556 24.261 0.364632 10.2538 0.070309 181.388 6.77131 0.0755249 0.0830749 0.0695935 152.202 44.4896 23.9569 0.0695935 0.113624 0.0697456 391.51 24.261 28.5263 13.0696 2.26665 0.0716764 0.0702932 64.8403 311.807 0.0720418 0.0700533 0.0702876 0.120802 224.895 85.682 0.0695929 0.0767824 33.617 17.1247 14.0719 421.318 0.0697941 0.0770159 0.0707041 28.2749 486.521 0.0708193 14.6624 15.2877 0.660889 0.0720075 18.6223 0.0695931 0.0701924 0.0730657 0.0700982 335.716 0.0800844 0.0695934 0.0696628 0.0824662 17.7172 0.0695962 110.425 15.259 0.070164 0.0717203 0.980372 0.13437 52.4055 12.1651 0.0700712 0.0767356 244.021 0.0889463 19.0478 0.0730399 31.3521 0.0718929 3530.6 71.0444 17.2785 104.773 0.0731256 1.16123 0.0745166 32.8791 0.0811002 0.069705 0.0701165 0.0702273 0.343402 0.0817874 0.0696045 179.037 24.9763 0.0839458 0.0698915 0.069593 0.294482 0.124976 65.9 11.4498 138.956 0.069619 0.0708106 11.2301 263.971 0.140209 57.3733 0.124027 11.4664 53.9937 53.165 0.0839465 27.9246 0.0696353 17.7382 24.984 100.696 43.68 506.118 0.0695979 7.0535 110.725 0.069593 92.5388 53.4507 0.0706334 32.2269 0.0957977 0.0700377 301.914 95.261 0.0778615 2.42498 0.0695933 0.0695938 0.0700642 0.0696504 307.473 0.0704294 16.9798 0.0710809 0.0753904 153.24 48.3059 0.0696015 2.91342 0.0695984 102.073 0.0709042 0.0696339 0.069593 176.915 26.4508 0.0767035 0.0770433 0.0696068 0.106296 17.8252 0.0886964 485.055 546.651 54.7515 36.8284 0.0718829 42.0067 104.853 58.1447 19.5662 67.5228 16.7208 0.0701453 257.533 0.0697634 0.283286 107.418 0.0703644 0.0703388 72.6589 4.6611 0.0736168 43.1493 0.748395 23.423 34.1387 8.92463 0.0696599 216.126 0.0703033 150.252 105.083 0.0740492 410.201 0.0697585 3.27382 323.605 16.3153 13.5456 463.253 0.0712781 0.0723096 129.838 1101.39 22.6671 76.7081 54.104 0.072605 0.119093 68.0301 0.071676 207.102 0.073923 0.0705715 27.6481 0.069593 248.916 0.0696423 587.37 0.305137 0.0700034 21.9 1909.25 0.071794 20.1202 199.913 15.0056 0.0696307 0.0695932 0.0752315 0.0708887 7.73645 137.8 18.9626 514.991 139.321 0.0765367 63.4036 5.0055 0.0700349 3.96653 66.0746 23.9605 0.0696006 0.104169 130.315 0.0732399 21.0172 0.658254 20.7887 513.924 1406.03 0.0696657 0.0701754 43.5577 0.128802 0.0741674 0.0704834 63.3849 0.296059 0.20362 0.0698343 0.151743 0.0774135 1.18287 0.0726182 0.0889762 0.0892019 33.5332 0.0702824 10.9199 0.207205 67.9862 0.0725457 0.0813068 0.0695971 0.0926906 0.0695945 71.8192 533.707 0.0701047 0.205932 22.9188 0.148016 209.803 0.0696591 2.274 139.553 0.0695955 0.0780878 85.8768 0.0897988 0.101206 0.0711131 0.0738982 193.484 14.7266 34.7485 46.3505 40.3871 117.093 0.735404 0.0761063 47.2009 15.7772 3.70563 113.87 32.3305 4.92733 0.106887 0.0697609 0.0761467 0.121144 17.86 0.0718462 385.844 46.5863 113.561 188.738 95.0321 229.672 1.7986 0.0707758 0.0755473 0.0784556 0.0712866 0.0697696 32.9364 0.0699508 109.161 2780.94 77.9218 9.6678 132.99 3.51533 32.6747 25.035 126.482 0.12099 75.6953 59.7863 0.0696252 2.34222 82.9408 633.772 0.070858 473.288 15.9492 0.0701494 0.128072 0.0697042 0.203355 0.187479 79.1686 0.069845 63.6459 0.070142 0.0730525 66.8611 0.0696411 15.2303 61.8719 0.143836 20.2016 338.349 0.123641 0.522835 11.7175 0.0703659 8.78996 140.148 10.2839 0.657407 20.886 0.069593 0.0695945 0.488055 20.4418 322.095 30.6748 0.0698821 31.9331 19.2725 0.0695998 46.76 0.0754081 55.5077 0.219894 185.379 65.1398 14.7967 0.0697336 80.4554 32.8076 5.75903 0.0702308 0.0699084 0.128176 0.0783731 162.663 0.186841 1.44572 1442.02 0.0704326 0.0789954 47.8503 47.8427 0.0806863 1.08029 0.0718088 0.0723008 0.0695929 364.411 0.0699395 1810.24 0.0947885 0.0696015 0.0696087 0.0695958 0.0695956 0.0705519 37.4742 37.6797 34.8625 0.069593 20.9076 28.3914 0.0696104 0.0696225 0.0699524 38.815 8.15152 10.6717 0.0696054 90.5216 16.8261 0.0885339 0.0729534 3.99621 2.18426 2.41875 0.0695938 18.0021 0.361932 531.208 12.5333 189.323 0.0756235 0.101324 0.086613 0.0704683 2370.35 0.0714837 52.8642 0.0708086 0.070382 0.0702471 0.0696201 0.0695941 0.0975044 20.8382 48.9025 0.301738 0.071499 0.0700653 0.0697611 0.0706432 0.0698157 0.0717855 10.1136 0.0695932 0.149923 498.071 16.3844 85.1845 0.0697022 0.069593 19.4006 0.0859299 21.5301 0.109655 0.0707887 0.0841475 0.994338 0.0801993 0.0710171 0.0817562 0.0695936 0.0701093 6.96618 0.0696583 9.58473 0.114255 122.084 41.1182 13.3275 1.27694 51.8861 12.7719 0.0732725 669.536 428.543 17.984 0.069633 0.0814726 146.735 13.9949 16.3297 0.0709605 0.0695934 0.0718901 0.0969965 0.156958 14.3925 21.7782 0.070912 0.0703612 0.0695943 0.0804223 0.0697583 34.8156 0.104382 82.6303 0.126156 17.381 0.460906 66.235 30.2537 0.0703484 45.6471 331.653 0.0944861 0.0697519 451.551 0.0729094 0.069619 0.0724406 0.232689 19.4006 0.118502 13.3506 0.0706692 12.2868 238.825 18.1358 242.652 57.145 234.115 0.153727 0.070325 88.6117 576.507 0.0759271 198.616 0.0696248 0.187671 0.0699728 0.445758 0.0696184 0.069593 16.5303 2027.7 0.0752513 94.3507 124.719 8.49686 0.0700536 255.168 0.234595 0.146231 26.1932 0.139078 0.0738386 0.069698 105.224 100.451 0.117119 0.349704 3.3082 303.009 0.198242 29.7973 19.6971 0.0695956 14.6718 35.3527 0.0705559 0.0695929 7307.59 6.45055 0.0968099 0.0769103 14.5603 16.6229 41.3842 17.9929 215.758 189.707 34.1499 48.861 340.92 0.0697259 128.567 0.0900264 13.1724 0.0706439 20.7317 0.0706838 0.0798537 11.6892 0.0703255 0.0736993 0.0699425 29.1946 14.6185 0.069601 0.0695929 31.1899 25.6611 0.0725333 0.0696496 0.103747 5.6336 0.0696541 0.0707505 0.0723304 0.0696185 29.8496 0.0699781 0.0699035 0.0698725 0.0727501 0.0701648 16.4285 16.0199 0.071093 129.312 0.0700031 486.43 453.301 0.318038 20.6269 297.725 0.0766397 55.7931 0.0783095 18.2616 0.069628 54.4357 6532.89 0.102747 0.0705266 95.2963 0.0717394 114.736 0.0696389 0.0704283 0.0720331 0.0698122 0.0722946 0.0729792 0.152341 0.0799238 0.0759729 19.8525 0.0696013 0.0727688 0.0696168 0.0698617 0.302233 0.0760144 0.0754923 3.26794 0.142004 0.0718593 241.527 0.0697796 138.012 0.0696195 0.0781174 0.0695936 0.0755995 22.1189 16.9919 0.070728 0.077925 40.6076 0.0734656 16.2891 0.392878 0.0695931 0.069593 0.289289 29.6014 0.240278 0.0704628 66.1176 0.069698 17.4132 0.069593 32.6 0.118858 217.983 15.0309 0.0813236 0.0801461 0.0756077 1.67166 0.0696143 0.0706683 0.074257 45.4086 11.8723 0.206824 0.0697123 202.266 19.4702 0.0889391 0.0697925 119.258 10.8444 170.149 15.2303 65.2577 0.0759994 843.321 0.0707079 48.5382 211.454 1465.6 0.0717179 118.369 15.0641 0.208155 0.0736514 0.360969 0.0696868 0.0699138 11.8704 0.071173 13.1032 13.1046 8165.79 0.0835948 1135.81 0.0698354 384.709 12.8 58.4919 0.0696085 0.0701634 0.0696894 9.40159 1433.94 19.1935 18.6916 0.0727346 379.996 0.071957 33.1667 0.0703408 1.85774 0.0701186 0.0726386 12.3592 248.978 22.3703 2958.91 0.0803032 0.119287 0.0695943 1.28531 16.7427 0.0817497 0.0699033 268.651 7.63175 8.17815 0.135363 0.0695971 0.0695947 0.0696373 27.0714 229.714 0.0769718 44.7825 147.413 17.7394 0.0695945 45.2208 0.0699542 32.5616 13.0883 29679.9 0.085532 0.0695993 18.5996 2.99155 87.7774 318.83 16.7427 0.0696077 0.109054 0.0706497 19.983 0.329336 6.54686 0.0699058 23.2896 0.0731933 0.0695994 67.7576 1163.98 0.566104 21.9139 17.4232 0.0706021 0.0698613 16.8743 40.6271 25.905 0.486521 1.02795 74.8095 70.5804 100.926 0.0961067 0.0698401 0.0994418 0.0767428 127.403 0.0695953 0.198321 17.1594 0.0696205 0.638713 0.0737109 0.077903 123.048 0.0707356 37.7184 0.076942 0.0845944 10.7089 0.507929 119.836 0.0710677 816.02 0.0710544 0.0696426 0.0733138 0.0749563 0.0698167 20.4807 13.4764 0.108427 0.0696059 121.446 4.2009 430.101 0.0785729 48.3505 0.0713814 0.0706994 0.0703199 205.05 0.0708799 8.93207 0.071142 24.1326 917.403 0.0711502 234.32 55.7293 0.0696288 48.5946 1843.02 0.0803034 0.0780512 0.438134 0.0704928 278.402 2.23113 0.0700843 0.0787729 0.0700138 297.949 17.7394 15.259 9.0543 0.0711984 0.0696865 24.135 19.7287 33.1847 0.0706132 0.0809352 3.10028 0.0698478 0.0718845 0.0718345 0.0730181 76.7049 6.79695 10.2314 0.0699675 0.810644 0.0730736 64.6605 22.5703 298.818 0.069731 0.074081 0.0696416 0.0696124 0.0699892 0.0696473 0.0841915 608.84 63.8099 0.0698588 7.01059 0.183538 0.0708186 45.6898 1.10352 14.4431 0.0789569 7.12067 21.1906 0.0707742 81.7036 526.002 261.325 2.43551 0.0759861 2.9402 0.0701642 0.069593 13.5978 0.243875 58.6137 0.069593 0.107111 11.7191 26.681 36.9362 317.044 38.9604 0.0696045 0.0767307 0.0773979 26.9579 0.0707476 15.8133 120.181 1013.5 1.36283 0.303657 448.667 0.0744956 102.108 12.7566 1.34249 528.685 16.3302 0.0700427 69.3386 14.9941 0.158247 62.4477 0.0798884 0.0959531 0.0713014 0.293135 0.0697283 0.0696723 0.270396 3.30442 0.0774419 0.0718071 75.7727 0.0696168 0.291788 20.7887 0.0842444 0.0748362 0.0706151 0.069992 0.0839142 69.5765 0.0723881 13.218 0.0700814 0.0697015 0.069733 0.0698682 0.069593 16.2402 0.0975376 0.0787591 0.0785068 0.0696914 0.0696175 0.0715464 0.0835056 4.66112 0.0702476 0.073442 0.0696118 0.0706597 1.22284 17.8186 0.657496 29.4621 0.070223 639.32 29.1315 0.0696912 0.069609 10.1919 0.0702348 134.3 28.0153 0.132585 0.070061 0.0704215 31.2335 73.2961 321.132 0.0872829 109.181 16.1287 0.103805 175.933 101.991 23.548 1309.04 0.0695929 0.118491 36.6563 0.0698129 21.3074 17.0367 0.069594 148.5 0.0696976 156.359 95.5182 48.8005 28.8149 0.0696058 0.0720733 0.0696159 0.0695948 14.857 43.6646 0.0695965 0.0993833 0.0702393 0.0695934 0.0696031 0.069971 0.0695952 5.57448 0.0710647 0.0767585 55.6085 0.069593 0.112451 0.0782178 0.103256 0.0721104 0.0695929 1282.29 36.8289 0.0950247 31.1839 0.069621 0.0695936 0.0789551 0.0809358 31.4296 545.612 25.5331 0.0970905 20.2896 0.0695944 105.721 0.0697424 0.0697198 29.9936 607.872 220.309 0.135585 0.0775189 0.310401 16.4376 0.0796353 593.042 0.069593 112.585 11.9805 0.0695932 0.0708064 92.3348 19.1935 0.0697974 0.0696502 33.3872 16.8748 0.070883 0.0825796 15.5919 0.0712995 205.391 0.0735083 0.0698129 0.0778902 0.0791768 0.0698362 104.366 52.5599 465.347 26.4017 36.0034 0.0695953 0.0719264 62.9032 0.752893 0.0696279 0.0696781 33.533 189.829 14.0953 0.0696714 5.78172 0.0696882 0.0915455 416.627 0.0902892 20.6548 0.0697535 0.074286 0.369042 38.3291 0.181113 3.75502 0.0715167 0.0706074 0.0695963 0.618307 0.0735451 22.2666 0.0721404 0.0810966 0.0718882 0.0700537 0.0705152 0.0882504 88.6017 34.2859 97.4056 19.9855 0.0734524 31.2351 0.0869299 0.183236 0.0701014 66.5392 37.0005 0.0695962 24.7383 15.3207 220.015 0.0727968 0.0707434 97.0418 121.516 0.069593 94.4095 21.9421 0.0872494 0.0711681 0.0713631 21.9421 0.287242 219.137 0.0726461 0.0698544 0.0695944 0.0702578 0.0758697 61.8077 0.0886234 17.7544 21.1385 0.0724107 0.228252 617.195 13.1724 39.3223 0.0700413 0.0701132 0.0800709 0.0809645 0.0698519 21.2775 0.0960224 23.636 0.0695931 0.350433 0.177995 0.0802509 24.0247 11.7557 0.0705 0.178136 0.129467 0.0810621 984.316 0.0695934 15.8416 11.1097 31.6893 0.071235 4.58472 0.0699767 22.6336 0.170998 0.0714668 1014.78 0.0700838 0.0782157 27.1434 0.0696999 0.0794166 47.9112 0.11797 0.0699523 712.694 0.070898 11.0797 0.0702695 0.0695947 28.6865 109.66 4.73357 141.987 0.070217 5.16007 30.3869 0.990887 90.7472 58.3738 0.0697957 0.747332 0.0697283 3.94832 14.3073 0.0695931 0.0831094 0.667223 0.0703803 670.13 11.7191 0.0702346 0.0699589 24.8882 0.069771 210.428 5.82338 739.548 648.98 0.0695961 14.3662 12.3404 0.0785121 0.210229 11.9337 0.0703382 0.0706237 0.321911 0.0698491 0.0697588 4176.54 0.0695931 0.0784415 241.516 626.182 0.269667 6.87448 0.123623 0.143472 12.4229 0.0696307 0.0697941 0.157047 0.268912 0.0696798 57.1202 0.0856448 0.0698057 0.084756 0.0699838 0.0713935 0.0712379 0.0695938 134.375 8.40556 0.0705818 67.1262 20.8402 0.0769101 312.598 0.0696575 0.117143 24.7121 25.5482 0.0696103 0.0704113 0.0696183 1217.73 167.974 0.195621 24.901 0.0712566 0.234811 0.0696119 175.622 0.0888055 0.0697279 417.28 0.0931893 0.0706591 29.7032 6.22289 1.04487 150.617 6.05265 16.1531 0.864529 46.4706 31.695 85.2111 16.9788 16.2347 13.3771 0.0725306 28.6535 1.64111 0.182603 16.0959 0.0705371 0.657813 43.6282 0.0695931 0.0696915 218.997 0.0711164 26.9711 122.466 0.0940329 0.0696131 0.0696301 0.122188 0.070108 0.161889 0.122593 0.0695936 0.0703599 11.4547 0.132747 777.265 0.0695997 12.9198 891.291 382.005 0.555219 24.5149 1455.04 0.0696451 9.98039 13.163 0.0735283 33.7827 1.24063 67.2516 0.0696125 16.1854 103.109 16.8589 14.4111 0.0728974 0.0697422 14.583 17.0579 0.0698687 0.071812 0.0711163 0.0862205 18.8808 14.3522 0.0695971 1182.63 29.542 0.0713156 0.123039 449.18 0.0699071 0.084862 0.0712469 269.505 193.959 14.3964 0.0695936 186.589 5.16007 3.26304 147.631 86.0152 26.6349 6.14875 0.0725472 0.0867196 36.2893 457.735 0.0698133 980.152 0.0704307 0.128749 0.0778617 0.0700416 19.8525 0.0696958 53.2492 0.0698663 0.0702661 0.256413 26.0472 353.54 0.0754927 7.81549 0.0980467 66.8545 0.0704764 11.1964 235.914 0.0699485 0.0742607 18.307 18.7494 0.0735399 234.269 45.3168 316.323 9.99132 0.126241 32.2185 22868 6.87448 4.19691 0.0701187 0.566273 718.059 0.0701512 0.0699484 0.0765947 0.0923487 0.0695937 0.0704331 0.0697045 37.9479 3.3328 61.857 4125.4 0.0708443 31.4489 20.6269 30.0485 27.2974 0.187961 44.6491 15.7772 6.25688 120.925 0.0697137 25.8108 0.0698804 0.0700024 1805.32 0.0778986 648.876 0.0713081 40.5599 52.3944 27.4085 971.904 0.0964738 19.611 0.533801 0.0727517 0.0928883 0.0696541 0.158077 1.389 0.243817 14.4834 3705 0.0695947 0.0708263 0.0723495 0.199001 118.276 3.91237 17.0205 190.893 29.6132 0.0696271 0.0755672 0.0772535 15.9029 0.0702547 43.549 0.0702013 216.697 47.1872 13.4219 0.436584 4191.97 0.125318 0.0948696 11.6668 83.3979 0.0696278 14.3236 0.0709115 0.127526 13.0127 0.069963 0.0696707 0.0695931 0.0707193 12.7315 13.5521 366.18 0.0695946 4.35247 0.0695969 0.109247 0.0738469 40.7619 0.0695986 0.0759439 16.5045 15.1724 0.0708251 0.0713006 0.0699141 214.944 0.0696111 0.408419 28.9667 23.7123 962.364 316.076 0.0869281 0.0697778 0.0695957 0.0696246 55.9866 0.0696252 1776.25 0.0757208 0.0695931 0.0754925 20.9493 0.0695936 12.1506 17.4488 0.0842486 28.1782 48.5453 0.0696004 0.0699948 0.0697421 0.0696297 27.526 1175.38 0.0705036 70.0305 99.8481 321.833 0.119623 60.1187 18.4253 39.621 0.0808977 200.861 0.0697417 16.1393 1.15598 7.01539 205.589 17.1146 0.0698837 0.132587 93.1832 59.2211 51.9786 0.119722 0.0706295 262.995 0.0697582 8.87522 0.0695929 0.415376 26.4098 0.0708567 0.434397 0.073395 13.0696 5.16007 46.1107 74.7986 338.313 55.8197 49.1109 45.5268 0.0695985 0.109257 0.0730297 10.0775 27.6267 0.147561 0.0731347 0.0696067 410.231 0.0696746 0.0706221 0.070079 55.5664 16.5775 268.611 0.0696301 0.0736163 0.0697029 982.4 12.4336 0.0695929 0.0894225 0.0698251 0.0858576 1111.17 52.0754 0.0695965 0.465526 0.0695929 0.0993838 0.293724 21.4191 252.701 214.631 135.403 0.069593 0.10605 0.0695944 40.0743 30.839 0.0699563 906 0.0721461 2.12359 0.0699432 5.04217 0.0700946 35.0385 6.86903 10.4689 11.6361 0.0698221 0.220339 218.375 0.0886242 50.0463 0.136513 10.3649 12.7411 0.069594 43.7275 16.0057 0.0713957 0.069593 0.0716839 271.331 0.0711256 0.166404 0.0785156 0.0709498 51.5693 16.6342 0.0695994 675.754 664.503 0.0696012 0.0700926 0.0698321 0.078987 0.0695932 49.0265 43.804 581.743 4.92166 0.105883 0.069595 0.0696241 38.2937 20.0259 42.4106 0.0713309 28.4121 0.0699858 11.6252 217.025 3.1575 0.0698408 0.0705818 13.6096 506.256 652.991 14.857 0.0699141 0.0707855 0.0697151 503.021 0.143665 0.0744516 232.329 11.9005 23.4857 3520.94 17.5673 0.0779051 0.077653 0.0703695 0.0858466 0.0698437 72.1226 1793.34 42.6118 0.0724037 15.7396 0.378012 37.9162 7.22995 28.2462 28.1782 0.0696744 50.1263 0.0790177 0.0697138 0.0772404 0.0698078 123.721 0.069593 0.0695941 0.0698617 0.0721709 1927.36 0.069593 1.17084 2.26801 25.8019 0.200187 0.0696074 0.0701046 34.6972 46.4026 0.0700445 0.0737387 0.139638 493.624 23.6353 0.0728803 43.7286 0.114512 121.956 172.448 0.0703724 0.0699865 0.0695991 15.4166 11.7603 0.108381 11.5989 95.8845 0.0704715 22.9981 0.0735041 28.5871 136.537 0.0851214 469.623 0.0696033 0.0697238 0.108391 0.0701738 0.0717485 0.0699748 112.937 0.0706598 53.4604 0.0877628 0.204169 123.412 0.069593 111.195 0.0696224 14.1848 0.274447 0.223654 148.469 0.0696206 213.615 0.0695953 14.7559 0.0697415 0.0918726 0.0697433 0.0802325 0.0720605 22.9933 123.454 271.048 144.575 0.434138 0.171674 0.0695962 0.0703389 0.0706701 0.0705575 9.49767 0.0778204 0.0718315 0.0697623 11.3772 0.0825452 0.0749568 0.0698185 0.0719424 5909.82 20.7887 0.145037 3.00437 996.542 0.0696357 39.6009 0.0718467 505.707 54.5261 0.0701276 0.0695988 275.872 0.0696339 15046.6 162.253 35.4817 73.8496 0.0696052 0.0754106 0.0967957 10.5796 10.9103 0.218537 11.7552 0.111096 0.0700014 104.23 200.577 0.322194 651.937 0.0745841 0.069593 0.0696367 0.0815694 238.256 0.0837563 0.0770429 0.0794108 0.0762198 0.0696284 0.069702 6.8829 0.0738915 0.0699301 4.30342 0.0696945 0.0695958 16.4411 325.333 0.0711294 0.0695997 0.0699677 0.0699266 40.3174 6.7534 0.0698118 785.071 0.0700741 0.0717955 16.944 16.4713 77.0456 0.0708563 0.0698614 0.070061 0.0700537 5.40572 0.538669 0.180804 0.131342 0.0697743 4.93376 0.0704972 0.570422 307.029 15.0388 29.3799 185.81 109.288 343.051 0.069593 0.122183 0.0696934 0.0722983 232.138 21.3145 10.73 31.2579 0.0737107 21.4555 0.0697539 0.0706792 1.43893 0.0704994 0.0696747 0.0804119 0.0700943 0.0942291 18.0811 0.111301 26.9055 0.071376 0.0696273 62.3961 0.0708876 0.0697522 0.0696658 0.738763 0.142286 0.40755 664.814 29.0121 0.076456 0.0698113 31.5197 78.8015 33.6008 61.1414 0.206365 0.0698359 1004.38 0.0712022 42.2534 693.042 0.0695981 1394.24 0.0739145 105.035 111.148 0.268646 0.0696051 0.106515 252.417 0.441897 10.4689 0.07914 0.350661 0.111167 0.069696 858.651 0.0728275 20.5493 41.7025 18.1844 0.069593 23.9622 0.176552 0.0706044 0.0701525 10.6524 0.0714868 17.0138 0.069593 0.0702198 17.8236 127.484 15.7025 11.8273 36.1131 102.153 0.0713537 69.8986 0.0710875 0.0968111 14.0375 0.0698852 11.2301 0.18112 0.0698008 1.76647 0.0696562 21.461 0.0696856 177.736 0.0696524 0.069668 14.5221 328.926 0.070463 42.8326 1.39021 22.1325 2.75232 381.24 0.587954 12.7943 42.7422 0.0697208 11.1238 209.212 0.0697216 0.0941022 0.0871607 0.100534 11.8043 4.64866 0.695011 59.8665 0.0696636 0.069779 0.0697297 99.0581 15.3046 0.0696703 0.0765988 14.4326 72.9075 22.5429 0.129643 0.0795742 0.0701506 3046.05 0.0700663 0.0756655 174.545 0.164465 0.138084 0.0698763 140.462 0.0698334 18.1844 32.8791 0.0699666 0.691081 0.0699912 0.069593 79.7913 203.462 67.7094 0.0698956 0.0704273 0.0698449 448.625 0.107167 20.6269 11.3093 1.62174 0.0697036 0.074219 502.749 17.4661 0.0880917 89.9551 0.070496 0.0702562 1.25729 99.0311 0.0771855 1335.04 0.0696394 3.33331 14.9507 0.0704776 16.9582 15.6295 25.0499 0.069593 198.367 0.0696031 20.7887 159.607 0.912877 79.5241 0.0696103 0.0716574 0.0754541 67.2546 58.4548 31.1553 11.1746 5.47949 0.0726917 35.4417 0.0764405 2.00528 31.8739 851.002 0.070671 8.16272 86.3527 47.5934 0.0695956 0.0715551 0.0820945 0.0707436 426.683 0.0697533 142.565 0.0697723 71.5234 0.0916343 14.1003 26.6989 0.0695938 0.0703042 0.0710481 213.698 0.0711707 1953.51 51.7444 20.0694 0.0705844 1313.7 0.070172 4.26423 0.0696957 0.0828018 0.0699979 0.080432 0.0703656 689.454 60.7723 27.9344 48.5328 5.95885 4761.88 12.7501 0.0695975 200.493 0.069666 0.0695942 377.681 0.07022 28.1782 0.069593 247.813 207.148 0.08287 6.12455 61.0832 0.0696885 2.85977 0.0961559 14.5523 7.89445 0.103272 27.6804 0.0703014 14.7181 0.069593 35.6102 172.536 0.070871 20.0882 36.4326 0.0865891 0.0695936 97.003 0.0759318 2.30045 11.4279 27.0295 220.225 0.0695991 0.0699273 0.0779089 0.0700766 35.1912 25.5877 19.2248 1008.55 0.0711662 56.4461 0.071081 0.0696993 0.183523 7.41656 0.0722688 41.895 0.196492 0.0695976 0.0704334 3.72016 15.9635 2.81967 97.5917 0.0697403 90.1342 106.907 0.0699811 0.0743847 0.069593 0.415913 0.069788 0.0697653 0.0758325 15.4764 15.528 13.5184 0.0696558 0.0696115 13.8715 0.0762018 0.0696157 167.658 0.0701456 0.138279 13.9958 0.163744 0.0695935 122.164 47.232 1185.94 0.0698214 12.9722 40.8361 0.0847046 0.0696782 634.904 50.6262 18.8611 0.0706518 443.145 220.497 0.0695947 0.0726856 0.0696966 0.070277 0.0719712 0.0830997 196.054 198.735 54.906 14.0021 10.8567 311.465 22.1859 11.4743 79.5765 0.115019 0.172839 135.147 0.0737393 17.7037 0.0781618 0.0700222 0.0795257 0.0796489 0.0701703 39.946 0.101336 14.2456 155.244 0.0706293 0.0706504 236.526 0.0709292 0.0697497 1045.26 85.8261 1.4522 0.070049 101.186 0.0698154 0.0699047 0.0717045 318.395 0.0711095 120.425 3.51967 0.0695944 0.0961494 0.0765528 1.14215 101.563 200.103 0.069922 1.88094 0.347198 41.7206 0.0696625 11.515 0.206267 237.806 15.4607 0.069593 330.248 0.0711956 56.0991 0.0702992 0.0706844 26.0918 0.0702214 0.0940191 63.5797 0.0807435 9.56048 26.6113 19.1019 19.3407 62.1345 0.0704633 0.0697749 113.894 0.0826294 8.62583 1.94838 0.0696183 0.0697031 0.0711516 0.0695951 0.0710152 0.512415 0.0978303 0.0695938 0.0714305 72.462 0.508898 39.8743 0.354015 497.648 0.070989 0.0711992 0.0708452 21.3388 21.5291 0.0712591 98.8281 0.069742 20.4438 20.1393 24.0081 796.026 4.89596 1.26197 0.0699689 13.2826 0.0714496 0.275701 14.857 37.208 129.038 308.669 20.1878 5.04217 0.556092 0.0705694 55.8243 0.125031 18.5933 0.0706865 19.3534 0.0697975 0.079839 0.0757693 0.0705055 0.0698146 0.0698436 19.8686 40.3125 0.121154 27.4362 43.3831 66.9893 1055.47 93.3701 9.08412 46.6848 0.0698053 399.235 28.5442 0.0712977 30.647 32.1938 30.6061 13.1724 96.2448 50.1014 0.0696186 0.0696837 0.0886536 45.5595 0.0695959 15.259 28.1782 0.0706848 0.0791158 0.069632 0.071013 230.627 22.0483 0.0696042 0.0700368 0.0695981 0.0697155 24.9326 0.070156 0.0695929 0.0861665 53.1911 0.0720878 5.79933 0.0696994 4.71243 0.0700292 104.277 0.0739237 0.0704014 9.04638 0.0695997 0.0698783 191.645 0.0698008 11.8397 0.081993 0.772585 2.10122 22.6654 22.0509 25.5128 22.8499 0.0697934 31.6162 20.7317 0.0695965 202.811 26.1627 42.5722 0.0697176 0.0695965 0.0713873 0.0696515 0.117808 256.151 37.2207 0.0700452 0.0820981 12.8789 0.0700475 26.9386 1445.79 26.9309 73.8153 0.0956223 0.101356 0.0697108 36.4444 0.0695942 0.0702331 0.0696365 20.6424 0.107559 0.0696051 0.07166 0.0696055 57.9772 0.0883589 20.152 19.8686 7.17631 0.0762243 0.0696008 27.7843 2.49489 0.070149 0.0695997 0.06988 39.1248 0.0700559 0.0727898 0.162167 0.0698235 0.0710438 0.0699514 0.397389 97.1916 0.0709994 2.19918 0.0717768 5.84997 46.7269 0.806272 74.0601 393.818 66.4529 0.0706632 0.0697001 24.356 10.2689 0.0742473 29.9956 0.120661 0.0704209 26.5571 34.3303 0.0788094 47.3873 0.159771 39.6676 0.125842 0.0697251 0.070256 0.0737 0.0726008 0.0884482 0.0700483 0.0777685 0.0756522 77.5937 0.0704845 1372.24 0.177402 34.546 323.322 0.0715798 16.2228 1434.62 23.776 0.0696248 18.5016 0.0701097 0.0714081 0.0706767 33.9418 0.955598 111.487 14.3685 134.624 8.45447 0.0696095 0.0699557 4163.75 0.11541 0.0934207 0.0696881 275.147 0.0697594 0.313413 251.417 0.0696429 0.119528 0.0707461 1.84543 0.151743 139.36 0.0938408 102.202 0.119405 469.367 0.0739472 3.85595 1.60214 22.0591 11.2301 11.3042 14.9994 3.94654 192.019 0.0696117 0.0708368 14.7878 94.2994 78.7956 0.0737705 53.0477 0.0754532 69.5856 0.0706797 24.2707 0.0736929 42.8396 0.0706932 0.0703628 97.9995 20.152 0.0710715 22.663 0.0696228 8.00052 640.879 0.0707595 0.0696107 0.372518 106.715 0.122857 0.069625 21.3211 0.18136 0.0702972 0.0701899 1231.72 963.035 0.0788119 0.167103 13.9734 0.0767358 473.259 0.0696807 0.0703472 46.5931 26.3837 40.8146 303.571 0.075702 0.0696745 0.0920059 0.0696525 34.546 32.9426 14.7967 0.119761 0.658301 852.762 27.2277 0.069735 0.0703543 61.7125 131.404 556.958 0.0696386 25.3816 786.535 0.0695942 77.6317 0.164299 0.0697769 33.1375 0.0702264 0.0696782 0.98488 524.032 0.0838985 0.0696004 0.0702432 1143.59 0.0786032 0.0695935 0.0715191 42.6356 923.561 261.493 46.2418 11.8553 6.86901 40.7035 0.0788093 0.0697786 32.8016 16.6495 11.5429 44.7377 43.3789 0.0702097 0.0708333 0.693586 529.92 76.4069 0.0715273 86.9691 0.0739939 0.0720676 0.0695962 0.0782093 31.74 14.7182 0.0702568 19.4006 320.724 1.43939 34.8302 0.0712985 0.103373 0.127048 266.007 6.3502 0.0753231 50.7562 4.35247 0.0697272 0.0695985 0.0698497 0.0696547 1024.4 39.6413 10.6663 25.9037 0.0698396 0.0695929 32.0136 20.3322 0.0698497 267.493 105.143 0.071021 11.8704 0.0925948 0.0696702 0.0933798 0.0746447 59.2626 16.7535 10.6717 0.120645 23.3679 21.3145 0.0696074 0.0754929 0.0695994 11.65 0.069593 1.62398 301.44 0.0695931 1054.21 33.9624 15.1738 0.0776497 50.5581 42.7282 39.0141 0.0695986 0.0696407 52.6317 29.5228 0.186872 0.0702781 0.0704573 94.7055 41.3778 300.996 120.977 0.0697424 0.0697136 0.0783047 0.0766415 160.235 31.1753 1534.91 0.0697725 0.102048 0.266503 0.241988 0.0707503 90.0287 0.069642 66.0815 16.603 0.231757 0.0700619 0.0696928 350.859 0.084166 23.9435 0.0728891 1761.05 0.162769 0.0798434 0.0710058 0.0696092 0.298642 0.0701328 0.0699396 0.0695956 0.0696213 83.5634 29.8067 0.0733946 31.1145 2.22351 73.1095 23.2166 4.11353 11.4279 0.0699368 54.4581 28.6479 0.0695956 1511.55 60.1834 47.8131 0.145578 231.585 0.0787683 7.25576 0.0724029 0.0822141 0.384838 0.0722163 285.221 0.0706464 685.633 0.0768253 68.2188 1.03233 413.6 0.143174 0.168522 15.7095 101.839 21.8985 19.9855 0.222231 0.0920322 11.1964 0.0726692 0.0703688 22.9188 376.958 0.0737429 0.0706188 91.5356 0.142349 0.10136 18.1844 0.0701704 175.914 58.194 5.00128 0.115294 7.0535 163.721 274.412 0.0696422 79.196 88.1152 175.801 89.7528 0.0702404 0.303249 36.0669 0.0869284 0.0697919 0.0760573 10.8444 301.866 35.3531 0.0697153 0.0697973 68.9217 0.0782677 0.0928719 0.0701439 704.858 0.0722164 1.06543 22.2272 0.0696384 7.94943 0.0704167 0.0696136 0.0954173 13.6663 0.0697932 193.151 18.38 0.0700174 0.0956294 4.21572 0.0697238 185.47 650.408 96.3936 9.06945 0.0699393 0.0698257 6.10661 23.7294 8372.8 0.0706999 0.0696609 0.164558 8.27036 30.772 0.0701683 0.0696896 0.0703797 86.7788 0.0696004 5.89501 18.2927 56.7148 0.0745332 75.9911 0.0696938 4.06668 286.825 2.30168 101.16 13.7925 0.0713888 0.0748966 284.472 0.0700397 5.6336 0.140693 0.0702292 457.17 581.308 21.1485 24.7827 0.0782588 0.0794664 0.069738 30.2271 50.3978 100.492 508.053 181.214 0.0827638 55.0165 0.0719228 22.9188 0.0728602 0.0726541 104.418 0.0707838 15.214 0.0735246 262.941 13.4755 92.4029 0.0919112 0.0697133 16.4712 51.3281 0.083898 0.336462 0.0975894 0.0709799 0.0740494 36.1553 884.179 0.385519 552.107 73.4055 0.0717616 5.33574 240.346 23.2604 0.269316 0.0751928 0.0698795 0.0696106 0.06966 82.8965 0.0979069 394.434 0.0709525 104.519 53.6681 0.0698115 0.0696856 0.0710704 0.0706382 0.141828 0.0695984 11.7552 0.0701503 24.5178 60.8999 0.0709441 28.6511 0.0698215 0.0701139 15.5058 0.0715621 39.5044 0.0696134 314.239 68.0531 0.071345 104.347 0.0698284 0.0696782 0.0698349 12.7537 0.0695995 0.0771356 0.0695939 16.7535 0.0696081 0.177522 1.22209 279.16 0.1412 10.2268 0.0699363 37.0237 10.6819 0.0720009 38.363 0.0956076 0.0699316 7.75479 9.38664 0.296769 32.4829 0.0696406 11139.3 0.0696426 201.513 29.7056 11.9264 1.9044 60.8491 10.6014 0.0741877 29.1856 1359 0.0977984 18.2233 84.1791 87.6237 131.36 420.361 32.0384 69.1829 0.480333 27.3975 0.0706742 69.4918 0.0696001 0.617562 0.0718507 0.0696111 16.5525 0.0726417 0.0706273 0.0804843 0.143306 31.6681 107.594 5.35296 0.120872 164.395 21.3984 0.0696881 538.733 0.0742522 0.0695938 0.147487 0.0977973 221.894 29.6337 21.8251 0.0768943 0.174563 7.8848 0.0695932 11.9005 0.0696055 2042.57 1.97853 0.0695981 296.212 0.0722689 49.3821 17.03 2.74968 0.0699199 0.0698619 0.0696452 0.0697617 0.0696254 0.0696478 29.4772 0.0698909 0.0696052 0.0696701 0.0696635 0.12605 0.0737096 0.0696898 0.141913 23.9904 12.2605 0.0695938 2.03468 18.6565 21.2943 0.110181 0.0696079 0.0721576 0.0700322 0.120611 569.926 2.68848 0.0698492 28.8476 41.5768 24.1364 3.72016 338.26 0.301908 0.0784048 0.0700477 0.0754844 0.286235 0.103214 47.8112 0.455568 0.0696307 28.2815 7.01059 0.069593 82.4749 47.9753 0.0708781 0.0696087 3.18794 0.0699816 0.0725567 0.132749 0.0708232 0.0706001 66.0025 0.0853439 0.0695973 0.908493 291.208 0.128881 0.0705012 0.108572 0.0714796 21.8392 10.6564 0.069593 15.2853 19.7666 0.0715326 21.1385 0.0855057 0.0703472 137.35 458.045 25.0258 115.422 0.0705201 0.069593 0.0703031 11.65 39.3809 0.0756773 0.0695933 0.0709689 45.8928 0.070291 0.069684 17.8045 0.0696379 0.0697813 0.0702178 0.755777 15.0388 0.179709 0.0832065 0.0696959 3557.97 103.808 66.4428 0.0696353 0.0701498 16.944 0.0696317 0.175702 0.0696733 4.11694 26.4182 0.0701428 0.0695929 0.0704634 120.145 0.100745 0.0695937 41.2448 22.1189 0.117213 0.292379 10.4632 0.0712467 22.3069 5969.18 0.0703206 0.0724796 45.2317 9.25878 0.0771115 0.283615 1.27568 0.117984 0.0700318 0.0696716 10.6684 25.4544 0.0726351 277.693 0.0698627 0.0723874 0.0748756 209.682 0.0697794 0.148624 25.0929 0.069593 0.0698427 0.070832 21.8022 32.7885 26.1627 25.523 0.0730193 0.069877 4488.37 0.134412 0.07036 48.7778 0.0908843 0.0706254 445.303 10.0108 0.0697308 57.6892 126.594 0.0931108 0.456734 63.2055 3158.25 24.4183 0.0697107 0.446214 0.121264 0.165957 475.712 24.3846 16.1531 0.0695988 0.0696809 908.315 36.6563 0.0706804 0.0722882 0.158414 0.069713 5.00422 49.124 258.777 0.072393 0.0699891 140.944 0.0712028 0.072725 0.0696327 119.014 81.7837 423.782 20.4869 10.9983 0.0769236 0.283754 15.0009 0.0696471 11.0051 0.077668 24.115 0.0700604 0.0716564 4.32279 165.154 39.6182 108.108 22.3626 21.5807 120.725 12.0611 8.63744 119.309 15.4387 14.173 0.0732836 2.04028 16.901 16.9291 205.924 137.584 35.9588 0.0701422 0.0696187 0.171825 0.0729601 0.0763616 0.0706969 0.0751681 0.0697273 32.9436 0.0901406 5.65382 232.009 9.72766 0.0697359 7.52303 198.086 0.0827171 43.3051 195.577 14.2822 0.069593 19.3421 0.0698258 66.9438 112.16 0.0730813 0.0695979 0.0698392 0.141994 0.977955 0.0696015 2544.39 19.9667 0.0794289 37.1436 10.5377 9.38429 0.0703835 0.0711756 1448.47 586.073 0.0714058 36.5998 31.7376 42.546 0.0695972 0.241971 119.269 0.0698831 0.0766453 0.069914 0.0914165 8.58598 0.145311 13.0066 150.92 0.085728 0.069593 17.5092 0.0702298 124.878 0.513813 0.234505 0.54795 0.0742475 62.0602 0.0695977 128.56 280.05 68.0603 0.0740164 0.0702138 0.0697901 0.0726721 2066.57 21.5166 0.146845 104.683 1483.65 24.6578 394.041 0.0929105 0.114667 1.56612 0.0697914 0.078869 10.248 457.311 0.0717496 18.0087 0.0710205 0.260357 0.0695978 0.0762589 5.77206 0.0707854 30.2415 0.0975296 0.0805025 4.5634 0.0695952 0.0853024 0.68266 2.27409 0.638049 69.1547 0.12488 1.72358 302.203 1097.02 0.0721632 412.286 0.133909 0.0752803 7.20115 156.607 2977.31 0.142932 0.0695934 6.41309 0.100699 0.0730691 0.071892 30.2758 0.0728915 28.1143 11.4279 203.583 129.439 0.069925 42.198 74.0594 0.0695931 0.0707541 426.519 18.6422 0.0752427 0.0773252 2664.82 0.0696059 0.069646 0.268611 79.7136 1172.51 0.0695947 0.116948 125.098 0.0696703 2592.84 0.0698425 0.0695929 16.692 0.0696612 44.04 8.03448 0.0695929 9.64602 0.0782366 20.1202 0.069609 27.3676 31.7846 0.0704068 0.0715117 0.0698387 0.0756132 0.0905127 1774.19 47.3353 57.0924 404.434 174.793 17.8528 49.6043 21.1344 20.48 50.1292 0.0720052 0.132587 14.5777 0.070444 0.0697116 0.553564 70.248 0.0709304 0.069593 0.0695931 66.166 14.9597 0.0696103 28.599 0.0700188 348.526 0.0695938 5.38637 30.8141 0.0696007 5.81964 0.0702147 0.0710525 102.565 0.069593 2330.21 0.0709314 0.0696008 0.0746238 0.0696745 0.0704136 0.254877 1045.91 0.071116 13.5029 0.0703008 240.035 168.24 0.0697232 0.241763 31.1217 0.0702321 12.4497 47.5591 0.0975279 0.0700569 10.7921 43.5587 791.43 0.0696183 74.112 0.0696403 0.0719247 0.0750453 0.148151 2.58159 30.0381 19.6006 0.141551 19.7315 775.266 23.3729 62.5846 17.649 4.46312 35.2001 0.29145 23.2055 66.3697 0.0701308 68.4849 20.0622 232.231 206.965 22.3982 0.0938258 0.0699969 0.0696307 0.0696851 0.0698158 422.728 0.0701093 10.7352 79.3676 213.497 0.069689 0.0700528 0.102045 0.297739 0.0701995 20.3216 12.6648 118.701 232.737 0.0702633 0.170274 43.5472 0.0696013 0.0700516 0.0697081 0.0712553 23.3152 0.0866282 0.0695931 90.103 0.0756255 73.6796 746.245 0.0712319 480.757 0.0717283 23.9347 0.0785958 22.995 0.0696118 0.0808771 0.417659 21.7167 0.0695964 7.3491 0.15775 0.0695967 0.073116 0.340245 0.0699452 127.53 0.0706159 9.86633 0.0731287 0.250858 0.202863 8.51188 49.8665 0.0697222 0.0704225 0.138171 0.0696066 20.3216 0.0708173 0.0696887 0.0699499 0.0708375 0.399495 0.21433 0.321049 0.0695997 0.0720558 18.392 156.909 28.2107 109.657 39.6182 13.6161 35.6029 49.1034 12.8 0.196432 0.0719663 0.162506 40.9947 42.0465 0.072123 0.0716113 0.0709104 0.0698586 28.9814 38.5297 69.5413 17.5148 0.0712284 0.0699809 49.2848 0.125793 15.9024 0.104038 0.0695967 4.45475 16.4711 0.823852 0.0701221 40.1165 12.5078 2.32003 0.0708735 836.95 0.0807277 0.103413 390.546 55.6457 92.3067 0.0695975 1760.09 0.0715902 0.0700508 0.0713771 0.438314 89.8741 56.5343 0.0707861 28.514 0.23495 0.069593 129.999 365.044 54.6673 0.0697746 0.0713321 0.0729076 38.6463 20.9839 216.917 0.07011 0.0700283 19.0234 10.9152 0.0724505 0.0702751 0.069593 0.0696013 0.0703215 0.0696071 0.0827155 54.9892 0.0702425 1448.23 0.0695952 0.0707811 192.255 0.0695929 0.0926131 130.682 0.0695982 56.1579 0.0726507 24.0711 0.0696169 171.772 0.0696277 11.6186 0.0716068 0.0697631 0.564346 0.0713769 0.069593 0.0702215 0.069593 884.594 39.7393 0.069856 79.2105 0.0747496 21.1385 0.0814545 0.0739241 0.0977607 3.80794 18.4783 12.1447 20.7765 40.6889 0.671526 0.0698212 253.757 16.5605 0.069658 23.2055 47.5984 159.636 0.243846 0.0696727 0.0701909 75.4662 0.455465 4528.51 0.0929586 24.1119 0.0699696 0.0774416 0.443658 22.2558 0.145105 0.0697965 124.907 27.526 0.0758142 0.308754 0.071188 0.0703471 85.6948 0.206199 238.975 300.801 0.0740323 0.0702372 0.0696148 0.0696052 0.0708067 24.5149 120.069 27.1623 0.105062 31.9017 0.0763944 0.187422 0.0740553 0.0719424 0.0766909 0.193603 20.6057 0.0697813 64.9993 26.1541 0.0864562 8.59594 0.0709132 668.88 0.0732221 0.0723992 0.069594 0.556934 0.257561 0.0698559 351.554 1937.44 0.0695936 0.0696423 0.0784559 0.182708 0.0721392 0.0958191 16.6157 0.072826 0.0720739 59.8604 21.824 0.0696041 0.0695939 0.069593 0.0696306 22.9993 0.0733672 133.997 0.069844 0.0857401 0.0695929 0.0697606 0.0714721 0.0717734 2816.38 147.736 0.0841435 0.0762179 20.1202 157.655 67.2715 73.9362 0.115404 0.0778325 12.7929 0.207263 0.0723541 0.070442 227.528 0.071339 44.6743 0.069595 0.0950336 0.0696076 25.9428 0.0697411 0.0712424 0.251364 12.4931 10.2689 396.767 0.069759 62.0653 0.0705262 25.1337 90.5971 0.06961 0.167055 0.843079 47.0932 991.787 22.3703 0.0696358 0.320779 0.0698385 402.003 235.517 18.0013 0.0704724 0.069695 0.0876671 30.6096 33.3344 0.0850561 1052.82 0.0695967 57.1808 226.798 274.803 18.0878 0.069755 74.0922 0.119628 0.0697547 1977.67 49.9384 2.22203 0.0696954 0.0712224 0.069905 3.00512 0.0725981 23.5762 69.974 116.612 422.687 0.0717834 62.129 0.29457 0.0730546 70.063 0.0738066 0.0696561 488.025 0.0697095 0.0698003 0.0935085 56.4111 0.144197 2.7441 24.6423 11.2301 0.0862241 0.0712946 20.3798 0.140635 11.046 2.43381 0.0759023 0.0696365 0.193299 0.0699529 0.0732233 0.0828634 0.0701905 0.234326 0.0701402 7.05626 0.0701629 0.0717095 0.069593 0.070092 0.0695932 0.0745271 16.692 16.2821 0.0700162 0.0702303 0.0698905 0.0785694 47.528 31.8333 60.4193 11.7817 12.7566 20.0915 7.68636 18.6327 57.5727 25.7886 0.0723919 72.2262 0.0697194 0.0715569 0.2049 76.487 0.262643 60.1615 0.0774142 22.7385 12.1821 30.4315 0.0702872 54.9703 0.0836619 20.7317 59.2611 31.7846 0.0700472 0.0695929 0.212101 10.4933 0.0827019 11.0426 12.7618 20.6368 0.0714031 0.891244 0.0698459 0.0696013 3.72352 0.0700322 0.0698299 0.0699324 0.0696323 71.9786 217.664 0.072139 5.46184 13.5028 0.0696764 31.0006 155.329 0.0781923 15.7392 0.0866973 1.55025 65.9941 0.070564 0.0698713 14.0692 8.47615 10.0775 186.887 0.436318 0.0730998 28.8532 4.45935 0.0724732 132.81 9.65071 59.6851 0.0701592 0.0700475 1570.19 140.484 0.0700758 0.086635 61.5164 7.89445 0.0697112 0.721141 49.7065 0.085294 102.407 131.503 408.587 0.157122 0.0695952 0.0811839 0.069618 55.5696 0.0714265 0.0696011 0.0695932 0.0751551 18.6219 14006.8 0.304026 1.69915 0.0695968 21.0498 15.6829 1.23508 80.7794 0.08758 0.45439 0.0741662 579.322 0.0743349 0.0909447 0.0695955 12.7943 124.635 0.0736741 0.0699215 0.11084 47.1619 14.6872 0.0701007 16.6053 0.0795873 0.0697293 0.0695965 37.7304 0.0701056 0.0742252 0.0702254 0.0696452 19.3668 25.7988 0.0707921 0.0704417 0.0747238 22.9993 19.3261 0.0712886 134.777 0.0746456 39.3388 0.0708701 0.0695934 276.574 1531.31 12.6507 40.4995 0.0703278 0.0703295 0.242048 80.705 49.2644 159.553 20.0915 43.5175 11.0881 19.1935 0.110994 8.12183 0.0817414 7.37083 0.0695997 29.3015 74.0615 0.0985416 0.14485 160.502 106.822 146.216 0.679922 4.96209 23.0598 15.0363 35.5007 14.7181 1.3286 94.5347 0.140405 274.915 0.069745 0.0703501 0.0994534 301.994 0.303716 0.0835575 0.116254 0.0710198 0.0696254 66.4125 0.0934146 0.0760211 431.126 7.52302 12.1651 16.753 0.129095 110.699 1.14806 50.5381 0.0706412 0.0744821 0.731776 71.7848 0.0715223 26.6403 149.773 76.4303 0.587594 35.3102 333.147 0.16554 0.0725511 225.027 0.077817 16.67 33.0878 23.7938 0.0697763 0.0699889 12.7618 7.79295 189.514 62.9302 22.8193 6.78467 0.0696051 23.9434 184.738 0.0695931 0.172213 0.0755638 11.6966 440.662 0.0697346 91.7867 0.116258 0.069594 0.0699136 0.0696697 211.19 0.673617 2397.34 0.0914999 16.8789 0.0788551 17.1146 4.5362 0.0696336 0.083388 0.405813 0.456717 142.991 0.113759 0.0696021 8.31998 0.104857 0.0988957 0.0698638 1766.07 25.4815 11347.7 62.4348 110.85 0.0703762 0.0696154 1.63357 202.065 0.0697416 38.0334 188.647 0.445918 22.5078 0.071397 0.070375 0.069593 0.0695931 61.5879 0.0695942 0.0733798 0.0709834 0.0695935 0.0697147 181.447 0.0696196 1571.9 136.501 37.1291 0.337021 25.0509 0.422058 0.0746853 1.36624 21.1661 1036.86 0.070565 0.0696212 0.0698609 0.0696067 24.7335 480.093 0.0696002 1.85518 59.0776 20.4876 0.470126 1176.98 0.0730222 0.071222 83.8462 2043.34 15.5737 661.126 105.088 114.699 519.778 0.0696988 6.95644 0.0702642 70.1634 18.0811 798.854 0.268668 28.1343 536.14 0.125704 0.069624 0.0696116 0.074368 0.0815613 398.375 234.647 0.853181 1710.92 0.069593 0.0699256 7988.31 20.4876 20.152 10.5632 0.0717377 0.0776149 15.9492 0.0737495 0.124552 774.395 0.149625 0.0744034 0.0697069 0.069593 11.3027 285.463 71.0926 2644.5 0.0696746 169.539 3.28368 0.0695978 34.532 32.9968 10.5705 0.0697499 91.4314 123.869 0.0698459 0.069593 0.0707298 168.237 29.2348 0.0695985 190.086 0.0756721 7.3863 126.409 14.4933 0.0702458 0.0722493 12.0747 0.0825594 226.914 0.0695929 0.0772085 1134.08 0.0697442 770.531 0.0698285 0.0807928 1118.68 0.0790542 38.2012 0.0695938 0.0696732 0.255001 0.0698616 0.0696369 0.247005 0.0701772 0.0705621 39.1583 4.03677 0.0695956 0.0695944 0.0706545 13.3275 9.47195 0.0696553 2.39593 0.0696262 253.863 183.489 0.0723695 116.194 21.0924 0.0736231 0.416834 0.256326 0.0997018 0.0696008 21.1125 13.4764 0.0776548 259.741 1.30406 0.0697044 8.43618 0.092536 0.0707932 49.4863 63.0724 0.0769036 0.0745288 0.0929204 0.0706765 21.0924 114.403 0.0723921 0.0705436 742.478 0.088263 11.3093 0.0705008 192.01 0.0695961 11.4856 2.70843 10.0775 41.6016 0.0698336 0.0711534 1380.76 35.1497 0.0703205 16.6809 0.0828877 22.9933 0.0718629 1.94606 53.6238 0.0782241 1918.6 0.249013 31.7684 0.0711029 0.228663 0.46546 255.957 0.108572 0.519289 10.5479 31.2765 25.2667 42.4413 9.0694 24.7966 0.0800708 0.0696444 20.2423 0.156083 0.070326 5.30505 0.069593 0.104134 150.557 537.29 0.0708081 0.0737397 0.0696611 10.2656 0.0696102 14.6185 0.0779078 53.5462 0.463935 36.0671 0.0695937 19.8525 15.6426 119.674 114.501 0.0732694 0.0728526 167.636 17.0028 27.8408 0.0695955 0.383399 0.476451 0.0697468 0.0696054 52.9692 0.31579 112.082 0.0696657 13.0031 215.989 0.0698191 0.0698689 0.349399 0.0764839 0.0739443 0.0696715 7.25443 0.069949 0.0707703 12.9832 0.0697586 0.0753991 0.0760034 0.0936879 0.0701174 0.0731211 680.259 0.070853 0.0696073 120.503 22.1936 238.513 99.1468 15.7044 43.7169 0.141989 0.0698445 11.855 0.0712997 0.089326 0.0702156 0.0702303 0.069804 0.132153 0.0697239 496.209 0.0720171 9.07149 0.069676 4.06283 0.0807285 0.0695935 6271.3 0.385085 17.6502 161.495 0.077505 0.0696272 0.0703743 1.4456 0.0894676 0.169092 134.594 35.5352 15.2124 722.63 39.5197 0.0722542 61.8938 18.6219 161.777 0.0695945 451.378 147.876 0.0696441 0.0696039 16.1412 18.6242 0.0698463 0.345573 0.0696082 176.502 25.1321 216.634 92.4928 0.233326 486.431 131.982 55.6318 0.0759916 18.6178 0.0705962 20.6424 101.86 0.0695961 88.4964 0.0710008 118.043 102.899 0.0700305 0.225041 0.0774496 36.1157 0.0701222 29.1731 36.773 0.0744252 274.526 19.4877 12.1054 194.42 0.0698069 22.9993 0.0708246 0.132056 206.279 11.6662 4.88441 0.449883 0.0696957 0.0696326 0.109064 0.0715412 0.0709187 54.8435 110.16 76.958 25.9368 33.996 0.120401 0.0782212 0.069593 0.0696242 0.220545 0.165369 3203.14 305.61 1.24591 16.0662 39.9104 142.323 15.2108 0.0776518 52.0245 2850.56 0.0956014 0.0699907 4.35247 142.3 41.2008 35.5103 0.0704922 10.3941 0.087325 0.06967 0.0895168 28.8555 0.0889094 3149.08 299.309 23.6353 530.571 66.9872 41.484 25.5612 0.0862578 0.069639 0.0700147 32.6434 0.0696007 19.1961 1519.31 14.5726 0.186894 55.4822 0.241048 440.517 1.88486 276.037 1.07795 0.0705262 0.0698715 0.070453 0.0714553 28.1782 0.301138 499.839 0.0720264 0.0769856 0.0695998 0.0705892 0.0819851 27.2689 0.165505 0.0744282 0.072697 0.141622 0.0697178 28.4873 49.1406 13.6575 217.07 372.057 0.0697933 0.0697729 0.0696505 50.4593 22.2759 54.2567 0.445354 0.0696518 0.112921 0.0781608 8.67546 0.401227 0.0695934 7.22995 23.3279 0.153701 0.0696349 16.7427 0.0699891 195.121 0.0717801 89.9605 34.9714 232.31 1089.93 0.0709099 50.7139 31.4577 0.0726006 70.3237 0.070003 0.069649 0.109546 2346.53 0.160186 0.0957486 0.0698311 943.824 30.4015 0.0817418 7.30951 29.2657 0.0702242 0.515764 0.0702002 0.43603 262.166 13.5184 60.5242 100.693 0.0923526 24.5149 0.0713246 20.9667 0.0712661 0.104773 0.0696082 0.0698915 0.0701532 88.1534 0.0696703 0.0711167 121.124 0.0697544 0.0696376 84.1574 0.578485 33.7316 22.1189 0.167523 0.0703789 0.0696609 0.0697941 0.0698855 0.0700018 0.146029 0.708339 79.917 0.0722604 0.0696077 190.688 14.014 1329.87 747.009 0.0712683 106.181 19.941 2070.08 0.0819756 0.0697658 0.070842 85.7113 0.0905915 0.0728003 2.99809 0.0695973 0.0707978 0.0713274 0.0699523 14.346 0.0923765 33.9838 0.0826584 160.844 20.2375 0.0698628 13.3758 0.0920074 0.0721492 0.0945646 0.0696175 45.5379 0.0831896 0.0701091 27.5973 20.093 0.0713831 0.0726707 280.037 49.813 0.0887544 34.0937 0.069593 0.100299 4.57037 0.0731257 10.5137 23.3679 361.737 972.449 0.0708836 0.0771115 15.259 21.4679 0.0806987 7.01059 0.0695956 476.692 0.0940236 0.0695934 21.3984 27.6796 0.070211 0.0695947 0.0696462 276.336 0.0695968 0.122187 0.0701981 0.0735366 9.99002 0.0707186 0.0794443 0.0696135 0.0704697 0.669793 40.6839 0.194631 28.6678 103.867 0.231774 0.069877 328.565 31.4462 0.0746683 0.0696392 0.0696246 0.0703357 0.0950937 51.4846 0.442358 0.0712885 11.3781 56.5481 0.0711541 1083.38 0.445132 2.43928 0.069593 0.0819293 46.1967 0.090576 0.0697478 0.0701311 78.0873 0.0708869 0.0696714 2930.91 21.9943 40.2047 887.454 1087.69 32.4457 0.254712 30.5951 33.8568 36.5396 0.0700841 13.0248 0.0697173 78.3624 87.9834 0.0696085 0.115996 1.35917 0.0717835 17.7037 0.0698279 3.94675 0.069593 0.187492 23.7343 13.6106 4304.11 0.069621 11.7393 0.243461 34.347 0.0701564 0.128204 0.0708608 0.0747107 91.0726 1.00379 0.0732283 30.3347 164.018 0.0916525 0.0700486 0.0707872 0.44636 0.0799765 30.0795 0.0709573 0.192074 11.5989 1418.54 263.271 15.259 0.0700862 0.808584 103.382 9.23781 56.537 0.0702519 216.529 0.713482 0.0733438 17.2505 0.069593 18.6216 0.0711975 25.6431 12.2606 9.70176 0.0698215 0.0796971 80.7355 0.107463 0.070749 302.884 101.083 3.00457 0.41364 181.024 0.0823854 88.6462 1.23025 0.0696544 0.0698304 14.3291 0.0695956 41.3857 12.264 0.734081 0.0766385 0.0710108 3.42488 0.0696727 0.0757311 0.0700038 181.48 0.0696013 0.0695971 0.0746071 0.076828 0.0698137 122.505 28.6534 129.423 25.9231 0.0809279 246.163 0.0696392 0.0697027 13.2362 80.9293 0.0695985 197.223 0.0695972 0.292373 0.0768661 0.175503 160.084 205.353 0.0716936 0.0715326 37.8026 1.08826 268.046 44.0148 17.5167 56.8736 159.287 49.3164 0.0696938 10.9654 0.0700548 16.9788 0.075844 31.1839 0.069593 2.93044 28.4873 67.0713 0.0699148 23.332 1.44448 0.0702435 0.0852177 0.0701528 0.081769 0.0703687 0.1099 19.3677 88.4168 72.5666 82.6005 0.0711335 0.0701937 0.0701024 135.791 47.5657 0.0701041 0.0700382 105.942 7.28214 322.388 0.0696858 0.0695935 17.1041 9.71238 0.0696482 1829.34 209.869 64.2479 2.71547 0.0716716 7.30972 52.4309 0.072582 84.782 52.8416 598.581 0.0710506 6.71098 15.879 0.0696807 70.3935 0.108435 0.0746249 83.4811 0.0700715 0.070037 0.0756334 87.7366 19.5062 12.2216 112.194 0.0700235 17.471 348.241 0.846921 0.0697651 27.1324 0.154382 0.0884409 0.069948 0.0839987 104.382 458.523 0.0696056 0.282326 18.1473 120.444 15.879 807.679 0.069593 0.368573 69.9649 207.075 0.0703716 25.0974 0.0849816 21.7128 0.07158 0.0695982 0.0751338 13.2835 0.0703172 0.215354 0.0743675 39.7365 7.66048 97.1887 0.075633 6.54994 34.4714 274.196 0.0735969 0.0730689 0.0776845 0.0696801 0.104723 18.1096 199.487 0.0695964 0.0698156 0.0699334 0.166497 0.0696939 12.1651 0.0717271 0.0713129 6.82586 0.070222 29.7953 2.12166 0.0696005 0.0705114 0.0736938 16.1016 23.8715 17.9382 34.6186 0.0696215 0.0702275 0.0781489 37.3958 35.0386 38.5874 0.0695932 0.260291 0.0706129 0.0712432 22.8479 40.617 386.862 0.0698031 0.144975 24.3941 0.0696191 0.0733775 0.0708629 46.3401 0.0700837 0.0695977 0.0699139 16.901 64.4747 0.500629 0.0698669 0.0745497 19.8525 0.0696168 0.0705929 0.231477 0.105111 17.2613 0.090204 0.0697451 23.7889 0.145785 0.0696652 15.259 25.523 0.500181 0.0698068 0.0710402 19.4633 0.237224 8.16272 0.0837689 1553.81 42.6075 0.0700172 0.0697821 400.171 0.364065 0.0722294 15.2091 0.467472 0.0698538 160.801 242.724 0.0712823 71.2775 331.276 13.4511 0.0699666 0.0738591 0.0751719 34.7065 64.7509 49.8831 1.22474 0.0700205 0.0897769 0.0695968 24.112 221.589 0.06964 0.396063 16.376 0.0698005 0.0701729 21.0954 0.0903364 0.07202 54.393 47.2616 0.0704797 0.0711049 267.619 0.0695941 121.738 0.190015 116.523 91.7573 160.447 48.6164 63.7431 11.8397 0.0697263 0.32393 6.14856 22.3069 0.0697813 0.706367 196.914 1.96674 431.288 0.070334 0.0747733 37.7762 14.9776 165.011 0.0782684 22.8893 14.8067 68.9541 0.0698929 0.0856412 27.0299 158.903 2.45317 67.1282 8.17816 0.204078 0.0705187 131.717 0.0696734 1.08923 0.0696291 87.6205 319.066 0.0704363 0.0725913 0.0806927 0.0697735 296.701 0.0801608 0.0696619 0.0698395 21.7527 27.3484 0.104741 0.0787867 0.0698963 713.525 47.5042 0.0776075 0.0696986 0.0738988 0.981893 0.0768444 0.0702086 0.071306 46.8998 0.0797147 1.65682 0.0715206 0.0723002 40.6175 85.4322 6.82587 843.832 15.1437 0.0696758 797.149 1.33716 50.0387 0.128578 13.337 13.9734 0.0965655 0.156357 0.0717495 25.8412 0.171794 78.0767 21.2879 58.6596 0.0709995 0.069662 0.0695941 22.1189 0.0873268 0.0695932 0.0697782 0.0699425 56.1937 80.9081 223.204 56.7315 3.6701 0.0971531 0.074395 0.0700987 0.173706 35.0133 16.1116 0.0718171 1379.95 22.5429 0.0696307 0.35419 56.7066 59.4417 215.487 30.4499 429.236 86.1833 0.0695932 0.112276 15.0794 10.7507 12.7754 0.0699973 12.8219 269.084 51.2223 71.1695 343.345 0.0695986 12.7618 54.0915 371.585 76.4188 19.2331 223.831 0.083414 0.0707371 7.37596 60.7224 0.0705428 0.0709079 0.0696055 15.6829 103.224 1437.75 0.0695945 10.5852 17.4302 167.109 30.3737 794.556 0.0745664 852.326 0.1178 352.691 0.0707099 0.212648 25.2618 14.7487 0.0707498 0.0695931 0.0720495 62.7354 118.436 13.9914 677.235 0.163054 87.8002 45.5534 0.0719098 288.69 4.57007 13.9971 157.395 0.0719977 0.875517 0.0712564 16.3844 0.0706634 18.7701 14.1382 30.7702 24.0247 64.393 0.0695938 29.0143 1.28832 0.186222 85.7517 31.3213 9.59625 0.0696911 0.0742954 0.0696578 74.5626 0.206994 134.502 1.52502 24.0683 108.316 18.656 16.2287 0.0711337 0.072384 1853.72 0.0719762 378.286 671.035 46.1763 17.9382 0.0697935 0.07971 0.0700988 44.1877 33.499 20.18 0.0698833 242.78 63.419 0.0696077 43.634 21.6256 0.0696758 0.0696636 38.7846 1.19585 0.147556 0.0696298 50.3768 0.0733965 0.0718582 0.0776609 2401.7 20.0152 0.0703813 29.2719 0.072061 233.532 36.3014 0.188141 33.9721 0.0794371 0.299389 1129.5 230.154 0.0724008 0.0723547 14.9052 0.594673 1240.66 1.12054 0.0739909 5.91036 187.043 84.5617 22.3069 13.0127 0.069937 0.250329 35.2536 246.945 9.99132 13.5809 18.7688 777.173 12.4731 0.0720477 0.070671 0.0695935 262.846 0.0765024 6.79361 357.983 0.158907 18.8144 22.7858 0.06975 52.3032 0.944183 0.0696081 0.0787029 3619.57 0.0946797 138.907 16.5684 22.7907 0.0702083 0.0768944 0.0742343 71.2971 28.9571 0.070791 44.7844 8.40556 0.0828224 1263.63 0.472644 20.4819 97.2893 0.069807 21.7343 0.0708628 0.0701955 0.0735515 0.0700611 8.33717 0.0698306 177.87 0.409943 0.0696156 850.608 0.0696193 83.3103 16.5355 1040.62 56.4766 2.75872 0.124603 0.0695929 5.60722 0.0706941 6.32811 528.377 80.7382 22.5741 0.273123 0.0718216 14.5035 14.9275 0.144983 0.0696098 465.988 0.0698677 0.0793146 14.1753 2.06345 0.0695953 517.555 0.0696688 262.398 157.765 0.0700459 9.20568 6.96584 160.208 52.4454 1.97723 0.0711088 649.812 1.3745 0.0698952 61.5546 0.692507 0.0716856 0.0957351 0.181272 0.0806673 20.2371 31.5612 43.71 50.2217 0.0996905 0.131318 0.0698455 181.871 17.2598 0.0710911 0.0906137 464.874 0.0723867 0.0806141 1304.39 0.0695977 0.107652 0.0786211 0.0709556 53.2995 0.0721938 0.071194 0.0701123 0.0696037 0.0696075 0.370165 1.55946 61.1463 10.0691 0.13944 0.072239 0.28739 0.242763 17.4157 0.0897975 0.0698754 23.9619 14.1751 0.186593 0.0696345 0.0696734 0.0710231 12.4693 0.0696138 0.0775066 0.0857072 0.0723922 0.069593 0.075769 5.20934 2.63166 0.234461 310.338 0.0722969 0.0695936 0.0696552 29.3015 0.0701584 0.0695978 391.16 0.0696117 233.382 0.0696014 352.775 0.0705263 64.7084 0.591341 23.5026 9.47195 0.071075 0.0786726 75.7879 53.1001 0.101577 0.0699742 0.0780986 11.0051 0.0704245 0.0699487 0.369631 27.8139 4.2432 0.0697934 0.0702775 0.069656 18.7237 21.4816 0.181183 0.0697968 0.069786 0.0926485 26.8617 0.153712 528.483 0.0698159 0.816527 0.1867 0.0697923 2.42336 0.0695967 0.0698714 0.0727248 243.329 0.0750247 36.6793 24.0521 10.3476 26.1077 0.0717536 77.9295 0.0695937 20.8833 878.984 0.0872098 0.0740406 6.54994 96.6296 0.0722244 30.6977 0.0759335 112.058 241.537 25.1848 3.18895 40.6498 0.0696728 0.0706778 164.805 0.0696095 98.5241 1.39594 224.816 66.618 113.692 94.8444 0.0700481 23.2359 0.0724952 0.0737403 42.7539 0.0695933 364.721 29.4738 0.0698754 77.9683 27.8948 0.0704075 0.0714733 55.5692 22.7818 34.1267 10.4933 237.581 0.0698091 0.0888538 37.6101 56.7673 35.8006 53.8754 0.0697199 0.082152 0.0716207 301.988 600.004 0.0701674 0.146133 32.5558 0.0700009 161.219 24.5748 0.222233 14.5603 30.5976 0.0713905 0.0697476 0.0699696 0.0711521 180.624 0.0709542 68.149 0.142739 30.6055 402.621 0.22367 114.778 0.0696403 83.513 0.0715126 0.0739548 6.02602 0.0696034 0.291414 0.104039 0.0701302 0.0929692 0.0696249 33.4158 0.471121 0.0769295 0.156198 81.669 12.4931 0.0704856 9.99132 60.5771 0.0695933 153.04 0.073368 38.9844 100.146 0.080569 47.4468 0.0777972 27.539 423.492 84.124 0.0695929 39.7962 0.148625 0.26062 0.0716987 0.0752436 34.7043 15.1849 21.8022 1.20581 3.68099 12.0904 0.0696201 390.263 0.0696246 0.0705086 29.3684 0.213768 41.1844 357.889 0.0735589 0.0770339 20.8975 285.48 10.854 20.9885 338.789 0.0696991 82.2533 20.044 20.0606 0.0701107 0.0695983 0.0699042 19.8525 13.9734 0.0764358 14.1004 0.0703831 41.6979 0.0697281 113.388 0.069593 25.2737 2196.51 0.0702458 0.0705483 0.0697839 0.0758507 695.17 0.0831517 32.7885 0.0736733 33.8604 9.84149 0.069593 0.0751959 0.0701396 52.1474 0.0697041 0.071722 652.113 0.0725487 765.231 0.0709456 0.0696269 0.0767339 45.7999 0.0704673 0.0710923 4.53263 0.0700085 0.141331 0.0770054 0.0695978 0.0892112 65.957 0.073263 0.10235 80.8973 0.0695931 0.069607 113.763 0.142494 0.0700603 0.0710364 19.8448 85.105 23.6427 0.0742284 186.824 39.6577 13.069 0.0889642 0.0701902 21.7128 200.568 19.7315 40.4306 33.5158 19.329 0.12895 0.0734699 0.0710132 0.0696146 45.7692 0.0697551 0.0703211 0.0964983 18.0096 5.39117 0.071203 0.766713 3.3082 16.7848 924.301 0.0696183 0.0851212 14.6872 0.0711696 70.0417 225.589 0.0696607 0.137689 0.0696499 552.805 162.437 0.111356 10.4689 0.0701955 0.0695978 0.111625 133.155 93.1465 12.8392 23.9605 26.9059 17.0367 0.0697273 220.972 0.070125 16.0382 10.4933 120.988 15.4711 0.082028 107.511 7.30803 0.069613 803.43 174.909 2.77773 0.0696928 0.0697523 191.523 0.104954 0.0767845 0.069631 0.0758672 787.669 0.0725156 205.851 14.0033 6.86904 45.22 0.069627 0.0720244 36.022 0.0759252 53.3693 12.7224 0.0697486 0.0894028 11.4664 0.0696321 0.399487 0.0695956 0.0751702 242.885 0.069655 13.3754 0.0698068 0.205867 0.0712031 17.7037 0.13042 9.73782 1.60415 36.268 663.571 54.7886 0.0745908 7.25434 0.0712617 8813.63 0.183148 38.1903 0.0881231 0.0701997 0.0809976 59.7027 0.078161 0.107984 0.0701681 0.0706444 0.070565 0.069658 567.438 10.9 130.992 248.132 473.587 40.7372 0.119334 94.9167 550.629 0.0707854 92.7484 0.128545 7.8679 279.668 0.0733777 0.069752 39.3023 7.55345 12.8233 0.0720751 0.0695938 0.0696674 25.9695 0.204887 0.0699224 22.452 55.6259 1.74749 16.4856 0.0709562 80.8839 0.0699257 0.102741 0.0702687 0.0795082 4.40159 0.0722369 0.0746535 12.6892 435.116 41.4819 322.399 0.070034 98.4798 0.658369 0.0780394 0.074087 0.0717514 6.69734 808.851 46.4741 0.25621 56.9761 162.985 230.878 37.0777 0.0696354 44.1015 0.0696016 0.0699427 0.0764861 0.06987 0.0852541 0.0699302 0.0715396 0.0698427 0.0745228 0.0742342 10.5166 0.0696363 0.069958 0.0783049 0.0706879 37.0666 9.14593 0.12195 0.0697177 0.069595 0.25593 0.309514 0.130795 0.0764226 11.1097 0.069593 0.308687 0.0866755 13.8583 0.0727186 2.62113 13.0098 0.0736082 0.0759455 0.0696416 43.0987 0.0708325 0.521066 0.0809279 57.4108 0.0709592 77.3014 59.8392 0.0799031 33.7472 0.0709824 4.54272 110.545 11.782 605.758 0.0699089 0.0715587 28.1322 0.0798026 0.0696102 14.7961 25.9368 0.0728707 45.9183 0.0817277 304.58 34.287 650.552 0.0695945 464.813 0.071622 5.16007 15.2877 0.069593 0.0700842 0.0869285 29.4726 0.966774 0.0695943 0.0696892 0.0735749 0.731001 0.0696066 0.0737975 0.0705531 10.9654 0.070376 0.462219 16.0991 8.97566 0.0698597 3.00053 0.0696212 0.552478 1937.21 0.0718157 32.461 0.0736354 0.125046 0.0715514 164.457 0.0695936 0.283409 612.598 0.0700862 0.100669 0.0719856 0.0696429 0.0715587 0.0710937 112.449 225.866 0.0719973 70.8147 57.1374 0.232398 18.6327 15.1079 0.291699 0.0703898 0.069593 0.0782216 0.0715917 0.0919736 3.3517 10.4012 0.0695932 1.55494 0.0697007 0.0746194 594.615 2.41875 8.97566 1.3422 0.0696491 0.069648 0.0695935 14.959 73.7214 0.0837694 0.0695936 0.0862217 20.6269 0.0754649 12.7069 0.0696086 0.665134 127.428 0.0852076 0.0813236 0.71651 0.0696404 1.35932 0.0711686 0.0701379 0.0699849 35.2198 0.0695943 0.0886106 53.088 0.0696944 1232.22 15.1437 0.0697001 0.0805922 136.665 31.6187 74.8836 0.447874 2.12114 0.0702348 0.0700553 13.1724 0.0702171 0.0696446 0.0696582 2.0317 0.0727845 18.5203 487.846 16.5685 0.0702296 28.5714 0.0696981 0.260433 13.8005 0.0703842 0.0792727 0.0920909 3615.73 21.6629 0.360178 0.0746483 0.0696014 617.473 0.415736 86.7459 0.0717593 0.166744 3359.63 0.205427 0.0696939 0.0712859 0.283639 0.0699578 72.4747 1133.6 54.2095 43.0137 33.2962 0.0695936 0.0695929 50.5027 0.175609 31.2332 4.95888 65.9251 24.2857 44.6709 36.6118 0.0697609 19.5062 27.4417 0.0720236 4610.62 21.6086 40.083 4.71599 8.83142 0.0709168 32.7738 280.359 112.931 140.509 0.071447 0.0796721 0.0702209 24.2601 70.1914 0.0724075 0.069593 0.317791 37.0745 3.35572 14.0692 90.9391 0.069897 1.27694 67.4154 56.4308 18.2298 0.0729352 42.9895 26.9669 0.0830049 86.6622 193.158 2728.02 0.0715091 0.0721786 895.041 17.464 0.101404 0.0702117 8.31999 0.0700857 0.0695965 23.3279 33.5176 225.5 20.6269 10.3829 0.338423 15.2476 0.0709223 102.449 0.116384 0.0698462 474.308 0.0828251 0.0738116 309.373 0.0702547 0.0707864 71.4352 0.0697388 13.8685 0.0696483 1019.83 0.069599 38.3412 68.516 0.069637 0.0710008 0.0721097 0.0696579 0.0700377 0.069633 148.606 0.0700604 54.1138 0.0700218 0.0697266 48.9602 52.0414 0.0706003 25.9503 57.6727 0.0736388 101.762 0.122297 0.0708948 0.069602 64.3905 0.0698257 0.0729844 0.0778425 0.069651 27.2615 0.0695941 15.2554 22.1189 0.424815 14.7961 0.175249 9.82124 0.0817341 0.669821 0.167895 3177.79 0.0697121 0.0787517 570.399 0.0695995 0.0696203 36.2993 14.278 0.0700935 0.0784014 0.0700146 0.733262 51.4252 0.0699767 19.7315 0.0737432 0.0705629 0.0792569 0.0735507 0.0696861 25.6341 0.482007 1.03448 0.203173 0.0708546 270.778 5.26981 0.101675 0.0695937 0.069602 131.508 0.0696016 33.0854 0.12565 53.6231 632.74 127.926 0.0699963 0.075192 0.0696146 0.0704244 70.1515 0.0704331 197.569 4.35247 0.0698688 1720.46 0.0707561 23.263 20.2586 0.0708033 0.0722779 39.9209 8844.09 0.071303 1.65433 0.0889757 0.0697536 0.0706944 94.2086 0.0723173 0.069735 862.403 57.1146 2.54441 0.0710705 71.97 31.0121 0.0702267 0.111705 12.2611 16.3297 60.0639 0.0698181 0.0705881 18.5068 0.0695936 0.0986323 0.0698709 0.0701855 0.0696103 13.728 0.0708745 0.0928633 64.7426 0.0698134 0.0721004 0.0695931 0.156129 327.114 594.546 0.146583 14.9329 0.0698523 0.0695946 30.8411 13.0307 0.0695932 0.0695938 3.01681 0.0696795 44.4302 236.982 0.0695931 0.0697181 19.572 417.555 0.0704245 0.0940373 21.4252 0.0696044 106.674 24.8895 23.0308 150.155 0.0697555 16.8516 0.0709288 65.73 152.767 71.803 298.208 2.18534 45.1012 0.0711387 292.164 0.132448 10.2839 0.183513 40.011 20.2046 0.0911323 144.08 6.23302 0.380029 823.287 0.086421 9.71238 0.0772657 114.708 14.9507 0.0750284 0.072531 0.0798531 0.0712163 0.0695973 42.4699 0.0776502 0.0711984 18.7553 0.0711239 0.105227 1075.45 0.0696081 0.0702905 0.0699894 29.3011 0.0696829 0.0695931 0.0731181 0.0770376 0.0786211 39.4589 0.0758684 213.484 0.0759353 1.13991 9.59625 0.0705989 205.984 0.0704106 347.227 0.517489 0.0697762 0.0695933 17.9384 2833.31 149.823 12.7498 1.10152 113.402 0.123069 6.64188 1.02207 407.202 0.0695984 811.251 624.851 0.0818384 281.531 0.0708312 0.0726398 0.0696645 0.0696233 12.1094 52.5452 0.0695931 8.62583 1088.49 0.166981 52.6199 909.839 0.0695963 261.456 32.6747 0.0703559 0.070792 0.0697444 59.1724 0.0853569 0.0760078 270.614 0.0700189 15.6323 20.3512 10.4485 251.453 222.2 54.1161 775.283 10.8985 112.125 127.372 90.5266 0.0710793 0.0695936 11.3943 7.19514 167.66 197.105 23.7294 20.3375 0.0720038 0.0695929 0.0713442 0.0699548 16.9055 0.0739488 0.0698965 0.0703791 0.0696971 37.7438 273.825 0.0699057 0.0697365 0.751512 73.1186 0.111559 0.0707728 0.072676 0.0696077 0.47299 100.242 27.3562 0.0696912 0.0794427 29.6663 0.07962 127.274 1.65608 0.113976 2266.22 64.9382 398.379 50.9832 0.711185 21.0659 0.0695934 0.0717589 0.0697507 15.6829 15.6881 41.3126 1424.65 2513.61 0.0754314 38.6738 208.251 0.0698039 11.4389 1261.85 49.3422 0.0700009 0.0697416 0.0696609 28.1421 0.0701093 0.0698805 28.8981 0.0697968 0.0820436 0.0740706 0.0696319 2.2741 0.0695992 18.5463 628.913 432.565 247.476 0.0697064 0.06999 0.0697081 0.0833996 2095.53 21.1455 0.0695933 0.070594 0.162785 0.0695931 0.295197 60.4093 0.0717693 107.718 17.7602 5.76948 0.0696296 0.0700437 47.2276 0.0696386 10.01 0.0696321 1.52378 0.0696572 0.120648 0.0699213 0.0696406 14.5603 2226.3 12.3218 13.6387 0.0695932 215.331 0.0696583 1.77647 28.5558 60.8726 16.5297 0.221677 19.7537 0.0711899 0.71305 28.0693 0.297318 12.4312 58.2163 0.0704311 0.110931 31.1227 2794.07 91.7692 2346.5 0.0696476 0.0696115 0.0877973 1.75309 0.0697194 0.0740984 0.0704615 127.335 44.7136 0.0695972 21.7128 0.0697591 0.0814048 0.92575 0.069661 0.0699184 0.0699672 29.1401 0.0696241 0.210191 0.0705656 34.2102 0.0708062 9.03342 11.6564 54.6355 37.9671 25.788 0.0696039 0.069979 113.865 0.0832151 27.1221 0.0952494 930.291 0.0695939 460.038 146.204 1264.77 551.457 0.0718195 36.8922 1187.3 27.1371 0.0695929 222.875 0.0715458 0.350523 0.11143 0.0695938 0.0756055 0.0702365 11.2803 0.070362 0.0698794 16.6053 189.128 355.673 0.0714878 0.069599 5.96452 36.9202 0.0696095 66.8928 0.0770122 0.0711097 41.6091 0.0836096 0.0895468 1227.94 0.118646 0.0979172 30.647 0.06973 0.070009 0.0703882 178.885 39.3119 0.153716 0.767621 13.9762 0.0786048 0.0703068 0.132298 1.66165 0.0703065 0.0916664 0.205671 0.069615 0.0852507 0.0700598 0.210284 42.1958 0.0700405 0.0723752 34.5614 0.0698083 0.0726595 18.0962 0.0695929 284.832 21.5248 90.3642 30.4655 0.0716355 0.0699132 724.869 215.708 0.0695933 0.0696531 137.813 0.0696365 0.0705068 118.094 0.11712 0.0696034 0.0699581 0.0905219 0.0723789 0.070828 22.5078 230.858 71.4122 0.0698738 64.7693 17.4723 0.303603 0.0697315 0.0978267 0.0829893 27.3682 0.0696103 15.3046 7.96351 117.529 0.0696078 0.0790333 0.318544 54.0734 110.362 0.0695948 162.277 0.0749013 0.071808 3.09951 521.276 213.803 10.818 116.647 0.0695934 0.0701339 0.0703872 0.0704861 0.0699175 20.1517 0.0699137 0.48698 0.0698619 22.2494 118.811 0.0696769 0.0710388 0.240602 22.36 18.6242 0.0706565 0.069593 321.42 0.0827301 0.0698686 0.0698164 0.0698186 33.0987 0.0818594 0.0704719 87.174 0.0699526 9.71988 0.0700883 2.22919 0.0698793 9.89854 19.9989 0.258256 0.10143 223.067 12.7618 3.46828 0.0696223 23.1354 20.7934 0.0724887 0.0695942 6.15675 0.0696016 24.6529 0.0697959 0.0890679 924.293 14.5036 0.0972646 2.44918 0.0768509 0.0707019 33.9432 206.284 69.1138 0.0696621 0.0744099 11.3772 0.415151 0.101344 0.0702225 32.2408 0.149833 53.6368 66.5073 0.0704545 0.0698707 7.64623 51.6522 0.0704149 347.724 0.177696 0.0699128 0.0703993 65.1952 11.2301 2.24864 0.0928429 8.40556 368.909 0.0710013 0.310422 0.069593 106.823 0.352838 0.0767358 459.752 19.8018 0.069728 92.4704 0.0749342 4.28087 0.0843005 0.0696673 32.5468 18.1891 14.4834 0.0721062 0.0710001 81.7812 263.416 31.1147 0.0713611 0.519028 0.0711256 27.0613 0.186913 114.221 0.0697049 0.0807339 0.0702113 0.0697034 34.2767 0.0791833 18.2813 23.2166 13.3758 0.0695933 0.0697723 136.25 0.0864692 40.2339 164.626 0.069771 0.0696514 1.79953 0.070386 0.12476 0.069593 0.0699899 0.0696317 0.0890051 0.0706954 474.055 0.0703654 0.0699901 375.442 0.0786072 0.0704809 16.9582 961.716 54.44 0.069593 22.1642 9.30544 59.9676 0.0696963 0.0970891 0.0707361 0.152456 0.0729534 0.0697516 0.0999937 0.523365 0.0704116 0.0902037 0.0695989 0.0948813 0.0714963 40.3352 190.959 21.4371 278.009 10.4794 154.043 30.1556 0.0807651 38.2454 0.0846254 0.0708994 0.116196 81.0696 0.0699675 0.0715313 15.7772 104.268 18.4727 16.6251 0.0700458 755.343 62.3901 30.1987 72.0235 40.5601 0.364748 0.201999 0.111111 0.0701562 67.3404 0.0701392 42.7691 65.73 1600.19 0.0716454 0.186182 153.531 0.0702842 13.4618 0.0750698 0.101253 0.0811027 0.209729 0.0699864 1153.66 0.0709311 137.533 0.0878856 0.0709201 0.070653 1.38916 30.8537 0.0696182 0.0802343 0.0695958 13.5496 0.0725998 0.0697274 147.918 21.7636 0.0743369 0.103116 159.459 0.072878 10.9002 23.4753 0.0695938 44.7131 0.0695988 252.866 391.526 0.390534 0.120509 29.4304 0.0704904 62.2933 3.36911 0.0696015 32.6447 0.0702695 11.1791 0.0756239 9.22797 0.0695978 0.069593 82.7934 0.184298 0.0697075 0.0698003 870.664 0.112741 0.124162 112.914 14.4685 0.0696041 0.0724657 130.663 1.11846 11.974 62.9097 41.1122 44.9584 36.342 0.0863639 0.0716357 0.277332 15.0009 0.0703262 8.44068 0.297707 866.994 20.726 1122.63 66.8693 0.0703605 86.8612 0.369912 14.1751 0.0728985 0.0708065 0.268605 44.7097 3834.02 0.0695935 35.6738 30.8941 34.6993 0.0740533 78.8246 66.4053 17.5793 0.0696135 21.5665 283.1 0.0705924 532.376 1.09362 0.0699099 0.0704362 0.069603 61.5653 4.7707 0.069593 37.9451 13.7251 19.8689 13.0779 19.443 67.367 0.78687 0.0708361 0.0699054 5.82338 0.0747747 21.4574 490.08 0.0711576 0.0887766 157.022 0.0705771 323.338 0.747616 0.113107 0.0696318 0.0699038 1.00657 0.0697794 0.0704694 0.110097 493.163 0.0696111 12.0429 0.0978145 22.2002 6.93018 0.0809578 49.055 0.0710696 0.0702193 32.1876 5826.5 0.0702817 0.0947515 0.0751228 0.069674 9.25994 72.7401 73.9694 212.984 108.215 0.0749883 110.05 0.0699781 267.698 0.0697483 0.0734737 80.7696 0.0695942 0.0928626 0.0701542 0.134778 0.0695936 0.0695992 30.9559 534.52 9.59626 29.8354 0.0698728 28.8373 0.0696379 0.0773901 82.4832 535.003 1.05156 1.82829 13.8738 0.0722121 606.845 0.0719943 0.159393 0.12896 22.6303 95.8625 0.393391 0.0699372 104.532 0.0705358 25.2206 0.0700961 0.128856 59.2435 296.079 0.0956717 0.069621 17.4132 10.4368 1942.77 0.0701272 478.743 0.157943 0.069642 0.0699222 6.09457 0.0749056 19.8734 0.179782 9.29437 0.0709592 0.0741715 1218.07 0.0696924 0.0718376 0.0697308 41.4269 15.879 68.1684 0.0842539 0.069697 335.524 66.915 282.177 0.0701638 42.5632 0.0695948 759.486 0.0871132 0.0697441 24.5155 272.317 0.0703487 54.4611 0.0839855 0.069655 3920.75 38.2813 0.0707438 81.7535 60.9858 30.9247 0.070651 0.0958501 40.2718 912.775 73.1793 52.4998 0.0700693 0.0700143 0.146067 139.365 19.6827 0.147818 0.0736719 0.114075 0.0701165 0.0696572 28.2077 34.5037 44.8204 0.0702183 0.0696149 481.733 48.9602 18.0018 0.0696547 9.37906 0.069871 0.0730041 4.16066 0.758315 0.433922 0.0701655 4.96271 0.0733588 0.151665 0.0695953 4.33145 32.6808 16.3302 0.0723688 0.0720698 49.9285 0.0695944 3754.84 0.0880343 34.9145 17.0367 0.069594 0.0759787 13.302 0.10184 0.0696034 0.0776179 21.6884 6876.34 0.0696179 12.3252 21.0659 0.217583 0.0698858 0.070398 0.0695936 15.4585 0.0799792 85.1544 0.110583 0.0703435 20.7317 0.077209 0.128734 0.070879 0.0711701 0.152616 2.62774 345.819 2.31135 0.119639 73.6331 0.0729115 0.102646 126.979 0.06972 0.0696029 39.88 18.5147 91.0871 0.0698757 0.0700768 101.908 175.067 0.0727249 17.86 1.83329 0.186368 0.0717504 1.45403 0.0749174 0.0695963 0.11451 40.4137 0.268644 16.0382 110.697 0.169967 0.0702423 0.0715026 1666.72 0.0729692 664.796 32.1558 77.7777 25.8328 0.0720227 0.0757827 0.090097 10.4365 1.54822 0.0975258 37.9305 34.5005 0.0852014 0.0697424 0.0976081 0.0696536 14.9494 39.5015 0.0729822 0.0698308 34.104 6.21173 40.3816 11.7999 0.0751181 34.286 14.8746 0.0762753 0.0859581 0.117197 0.0747587 0.0866363 1888.05 0.0698555 0.0696077 0.0696957 0.0701037 0.0723318 0.069594 0.0695974 16.9788 0.069713 0.0742564 114.658 32.4041 6.33638 1010.29 52.5266 0.0696735 0.0746954 0.0695929 285.146 139.239 25.8976 0.070115 0.0770464 80.5436 58.6692 0.0854146 79.5041 0.0695933 177.75 0.0700698 148.98 0.0695974 588.039 38.0024 54.5429 20.1908 157.821 0.0697405 0.069773 0.0883037 691.297 21.7526 0.137682 0.0695937 0.0697728 0.0727201 0.0948071 0.0701709 0.076989 0.0697005 36.1912 0.106657 1119.65 0.0756707 0.0742572 4.94952 11.1964 0.069593 22.8479 0.0720344 0.117871 13.5521 0.140651 0.070192 0.0717722 0.0697639 0.0696238 0.0704354 25.9231 14.7961 0.0695938 0.0886377 107.564 72.4249 0.0695929 0.0695955 1.67594 0.0695937 0.069593 0.0696822 0.130582 13.7549 0.0722056 0.076332 0.0700249 1887.82 61.6084 0.0713495 0.0696649 0.0707627 0.069594 0.0857016 0.072379 0.0696049 151.572 451.581 0.0699563 0.0698973 40.3489 356.512 13.8272 82.6192 0.0696088 0.0713015 145.094 32.5489 0.0697755 0.0752538 0.0695984 0.420438 6.84207 228.002 48.3211 20.7887 1272.31 260.778 0.0890676 2.16712 0.0702144 324.78 0.0780786 0.070877 23.8618 2402.14 0.0696318 0.0708888 67.11 0.0703606 0.11295 49.7672 0.0709051 0.0738339 0.296976 223.139 67.4398 4.61137 0.0697392 0.0731296 0.069593 29.289 0.0698328 18.1888 0.070241 0.0696045 0.0695937 0.0893906 0.07231 0.0704501 0.0702335 0.0872124 67.501 0.0700106 359.676 0.0697584 138.808 388.024 0.0938387 28.4874 23.7218 629.159 0.0701026 0.165369 0.072838 3029.1 14.5457 0.0715703 156.128 508.379 0.0695935 19.3534 83.4533 2.90989 0.223627 0.0696166 0.0766069 0.0710184 99.9753 31.8095 2.97718 0.0720891 121.152 0.63002 87.8665 0.0715206 55.7188 25.1622 0.0701226 222.532 295.921 0.0697055 0.0695951 0.0695981 0.0980439 0.0712145 0.0849985 699.872 33.2963 0.0699869 0.0744754 0.0695934 2986.67 0.0696754 94.0083 22.7469 0.0697311 0.0710806 562.124 0.06981 0.0705878 0.070957 0.0777663 0.112996 157.087 0.0696137 0.291635 0.254824 0.0697425 0.0698135 0.0710504 0.0701178 0.0753581 17.1607 186.588 0.0935543 0.069702 0.0696867 0.0696877 0.0730725 0.0755171 9.7949 85.5321 0.0700916 33.4293 0.12204 43.2789 20.9474 24.1193 263.603 0.123626 68.462 0.0696111 0.070407 11.4196 0.594688 48.1199 0.0734897 0.0741762 932.308 0.146189 0.0704005 11.8397 27.4194 0.155615 0.0696199 40.1714 0.0713201 0.198872 0.0781001 0.0696209 0.0771084 0.0698226 33.32 0.199691 0.0695935 0.0759472 1088.41 81.9683 0.0696658 0.0718862 7.30133 0.0695934 0.0788771 13.3758 142.571 24.0185 0.0723354 0.0708571 0.06974 0.0701159 0.070001 0.0695956 0.799737 0.0720115 18.4482 0.0737504 0.0697782 42.1313 110.074 38.1305 0.0705333 5.39117 0.0915569 248.702 0.177995 0.265209 0.182574 29.3019 0.144183 0.078204 37.2086 0.85485 57.0565 0.0695977 0.0696356 28.1421 0.116092 39.2302 16.6441 0.0706931 0.0772583 1309.17 0.0695974 0.20951 47.528 0.14264 0.0707574 31.1839 14.3622 0.0696078 0.0734609 0.413837 32.4349 10.6527 54.7183 0.070274 21.0615 0.0755713 0.070012 53.255 0.070115 0.0697768 72.9101 36.4783 294.431 0.0717343 0.0696002 1.37568 0.0696171 15.3086 0.141503 16.1287 0.0703335 67.4353 0.0755993 0.0760259 16.6173 95.404 72.1686 26.4214 10.8985 0.238795 155.294 227.739 31.6102 0.0755588 92.8094 0.0696227 8.44428 34.7652 0.101345 0.0729543 0.0701629 0.0738849 0.0716947 0.0696647 0.0975197 21.1128 0.0715797 0.0696151 0.0696323 0.0698877 0.116954 0.0696033 0.0701677 11.3786 2.25007 18.6448 10.248 0.0703993 43.0644 0.0721361 0.0723617 381.209 0.0883143 15.9228 0.0704721 0.0695947 0.0729545 0.084713 0.0875812 0.606653 0.0701496 10.1448 406.161 216.102 0.270629 172.614 10.3271 55.3824 14.4933 1.54929 0.220916 0.069668 94.7632 68.6538 0.0722409 742.199 2168.4 0.0707536 16.5775 0.0707924 0.097464 74.9099 0.0890672 132.632 0.0710998 0.0697235 21.6769 102.491 0.0696709 82.3446 0.0713598 23.287 2.90784 0.070498 21.5515 741.589 0.0764501 30.9066 36.2773 0.0696793 22.8479 0.0787463 0.574185 31.8548 0.341737 0.594721 0.069593 0.0695932 21.6086 0.0699385 19.941 0.0695931 0.103084 0.069791 0.0859623 0.0697757 15.9626 42.6964 282.341 0.069678 0.0803751 131.046 0.0792042 0.0695933 35.2302 0.710688 66.8146 0.0709104 134.596 0.0706838 139.875 0.0696147 0.069593 0.165369 0.0739414 492.76 842.177 0.07214 14.2181 0.0715868 99.0154 0.075412 0.0697061 0.191523 16.2522 0.0701702 0.0706808 0.0710375 0.0843919 9.72008 135.063 0.0696237 7.61655 0.0724022 0.0742569 124.081 0.0747004 0.0697072 0.111908 178.253 0.0695931 0.132613 0.0695935 0.0700877 0.126055 24.6123 0.113306 0.0698769 4.93308 47.022 0.0697305 0.148175 64.5677 0.172258 0.0717314 0.0696653 0.0811054 0.0979182 99.7362 7.81518 17.9906 23.3923 82.9362 11.6662 0.0862282 17.7649 104.106 45.7692 7.47143 7.6567 11.2803 0.275836 0.0714367 0.069613 0.0800993 2.1996 123.766 1355.33 0.111933 0.0899909 0.06988 0.0700846 0.0721395 0.069844 0.0802602 0.0696107 0.0695964 133.573 57.6982 0.0697268 0.0707693 0.131573 0.0699307 22.5731 0.106019 0.0696581 0.0707477 0.0696681 154.339 0.0698194 81.7907 0.0710119 0.0702084 0.0793142 0.0720227 1084.29 11.344 0.0732515 0.0695987 9.20015 0.15777 7.39647 20.4521 52.2041 2016.8 0.118784 0.730694 0.0699394 226.971 0.0768011 378.105 54.6192 0.0697091 0.0992342 0.0716562 21.7035 0.070105 86.5056 0.243911 81.3196 0.0696133 0.0753472 0.0946782 14.2822 0.101229 0.282945 12.4242 0.806761 0.0703604 0.0698324 48.1753 50.572 57.9764 0.069989 0.0696444 29.7634 55.9736 18.5025 0.0710416 0.0852394 9.51571 0.0702928 114.565 0.069593 51.3373 0.305125 102.774 0.0751021 0.264848 0.0809544 14.5213 11.6526 0.127361 60.7738 0.0696089 0.0696251 63.5355 0.0702195 0.0699808 0.0700715 0.6049 20.4563 0.0696601 4205 0.0781438 518.847 0.137912 0.0744054 20.726 0.0695994 451.869 19.0824 0.0719543 18.6595 0.15339 29.4889 0.39898 5.06537 19.2837 70.7102 3.63759 0.0705935 36.8594 2417.68 0.285118 631.355 1.20954 10.9622 11.1556 30.825 0.121273 0.386559 0.070137 95.3647 92.7357 0.157509 0.0774596 0.185674 10.634 0.0822882 2.26927 0.0696701 0.0697155 0.0760914 0.155844 0.988822 209.192 0.0788679 52.3534 4.37424 0.0700399 0.0695932 920.266 0.0754511 0.166354 42.3602 0.0695986 2359.82 53.3762 0.0695988 0.082871 0.0706048 252.388 16.8664 14.9426 0.0697613 0.0842642 0.0699818 0.0696603 0.0699926 0.0745099 0.117814 0.0721066 0.069645 0.2256 19.0742 419.408 0.0866577 0.0838354 34.0664 0.0701067 0.0736788 0.0696999 21.057 69.6607 98.6105 1413.06 0.0697705 0.0698129 0.0696349 325.346 0.0789021 58.3243 3.65631 12.7558 0.0700021 58.2553 32.1678 6.85397 0.0696049 44.881 154.59 18.057 64.4114 0.0698133 0.150386 0.246356 189.137 27.526 0.253167 21.6099 0.457275 0.069869 0.260335 0.1475 151.748 0.0695934 0.0703014 0.0703976 28.725 60.9996 0.0697243 0.0723104 414.159 18.4447 0.0697678 0.0704409 58.2369 0.0956999 0.0696962 0.191481 0.0802156 0.596467 14.2554 46.3228 0.0697931 0.0699522 901.012 11.9557 95.3665 122.226 79.3757 0.0700258 43.6727 0.0709107 56.694 0.0696323 118.926 0.0704673 0.0957909 0.0709342 0.0732224 39.6241 257.238 36.1081 0.430181 0.069593 0.803944 19.3534 19.9157 0.075017 21.5249 50.7009 0.0696278 0.0696303 1.72636 52.1017 0.0710046 0.095346 0.069593 0.2109 0.0717427 0.0703196 0.0720131 5.04898 0.0697545 706.884 0.148561 28.652 0.127978 19.025 1260.33 120.2 22.1082 0.0710001 48.0494 55.9308 0.0703666 0.0855471 2.8275 53.1575 0.0855966 0.0699861 0.076363 11.4508 28.1585 21.5185 0.0695973 0.0699591 46.6112 0.0704815 21.2017 2.93831 16.4713 0.0696009 10.7665 0.0759308 0.0799852 0.0696195 31.4445 0.0696106 18.5867 0.0699041 1.27204 0.0695929 65.1317 116.837 14.5777 25.523 28.7318 0.0739215 18.9024 0.073466 2.62663 4.55852 0.0697782 1272.17 0.0695932 27.946 0.0698982 131.438 0.0733706 134.362 0.102577 0.070654 0.0711718 21.7128 0.200478 13.1724 17.8357 19.4653 0.071235 194.043 0.0700316 106.379 279.759 0.075233 0.093344 0.0696001 53.5644 78.1438 0.0699265 23.4522 22.3703 55.1494 656.259 86.7942 88.6727 16.6274 68.5315 2.51183 0.0706848 25.5414 0.0743032 0.0718168 35.0386 130.655 1371.05 29.5543 0.0878412 0.0728534 0.248131 196.471 0.0695934 36.8184 19.3973 5.35945 245.197 0.0721365 116.634 0.0710479 439.97 0.069664 0.133527 44.7292 105.414 72.5233 115.796 0.0695948 0.181814 12.2785 0.069593 233.608 10.7089 0.0780645 0.0900723 0.0727986 1.36389 0.0696018 40.7773 0.0723231 0.0695936 128.818 26.8471 13.0127 0.497227 0.330662 0.0806171 114.194 0.0696643 13.7281 0.0724406 19.9763 0.071422 0.134754 0.0708639 90.5592 0.0852266 0.321325 1214.65 17.2599 0.0696055 0.0781967 22.0396 10.9944 0.0754925 36.8305 0.112429 0.0747412 0.243892 0.070824 0.153328 89.9594 129.137 0.0696806 0.0702893 0.0745104 21.7567 0.0704908 8.96822 0.285914 8.00364 0.0697258 0.0696056 0.0721872 0.0706586 0.0734994 0.0787872 0.201456 0.0699451 191.08 217.434 0.0699527 0.07662 0.102158 0.0697882 0.110927 80.6673 1037.81 0.0697694 55.6997 22.0445 29.1315 0.0725237 23.8509 0.0695953 0.768918 21.6722 0.0695933 14.7016 0.0697175 138.576 65.2783 0.0901969 0.430416 0.069627 9.23796 0.519747 0.069593 0.0717573 0.0957707 0.0805715 310.538 0.0706727 0.0695932 0.410257 0.0696422 249.253 0.0701518 199.049 19.8686 0.124797 0.106207 0.131831 0.0782203 0.0803739 0.069836 0.0698688 0.0739805 5.79189 32.8564 30.0248 0.0732158 2405.62 473.654 0.12242 14.959 0.0696783 85.8006 0.0740381 224.463 161.38 43.9516 0.378211 16.0978 0.0696524 0.0698355 0.339436 0.324059 0.0896822 153.025 857.31 0.0721644 27.2141 68.253 37.9623 28.725 56.8495 0.0716594 1.0679 0.070758 0.069595 0.400297 17.7649 0.0706789 24.9378 0.345419 664.752 0.0698265 0.0695951 0.115087 5.35055 0.0701671 10.5852 0.0696191 21.6901 74.981 0.0994735 0.0699149 20.3696 414.112 0.0731289 408.617 0.106112 36.5284 20.4481 8834.75 367.855 0.0798705 0.31394 0.0696351 0.0695934 0.0699052 0.0721093 203.325 173.042 56.1135 20.7324 0.070193 0.54571 0.0697029 0.0713742 4.14801 0.182714 64.1739 0.0705171 21.1485 0.0697962 0.0695972 0.0695931 6.17475 0.0699141 0.0697944 0.0710512 0.0829351 0.12725 0.0704493 0.224105 0.0750228 0.0711994 52.839 17.0138 20.0298 0.588052 0.0863595 85.8752 82.78 0.0696149 0.0756218 0.0702876 1.55497 0.0722547 0.0701675 1690.8 7.98499 0.389545 1.19345 26.5406 235.643 30.9247 0.075197 43.5832 0.0768519 32.8133 1.43534 0.10104 31.2857 25.4315 0.0706177 35.1323 60.5048 0.0700995 27.007 0.0695931 5.67218 37.1052 53.2384 239.045 9.0693 445.336 33.8439 74.1323 0.0696268 10.187 0.0773644 0.0704087 0.0703201 1024.44 0.382283 0.0908857 108.894 0.0695959 16.1016 170.892 0.0834814 217.863 32.9476 0.144984 6.9866 84.4056 26.8193 0.958917 0.0850142 28.4557 311.563 0.0739876 94.3508 28.2418 0.748655 0.0696637 0.0718074 46.5863 270.98 0.0852727 58.7306 0.0695959 0.0697307 0.157879 0.0717383 0.0791615 0.0715109 19.5203 0.0695933 20.9918 99.8963 0.566797 1794.76 106.583 294.597 0.100283 123.749 0.0710006 0.072531 0.0695934 73.4235 0.0697619 0.130421 0.075017 19.3407 0.0718216 27.677 619.895 110.273 88.0987 0.0695932 198.264 2.73612 39.7957 15.9021 0.0695985 0.0696598 0.0731336 25.8121 0.0697132 0.119418 25.4999 0.0709369 0.0742224 7.01059 0.0703011 0.0695935 219.978 0.0696573 8.9984 150.498 0.18945 0.0996808 17.5969 526.852 0.070003 65.4753 96.5753 560.087 119.675 25.9375 6.82001 0.0707598 0.0695997 13.3758 12.7754 37.3411 0.0703673 11.6662 222.113 0.0709249 0.0698834 54.7759 0.0696731 0.101572 0.0790344 18.5025 0.0698231 35.1912 0.0807102 32.5644 616.522 1299.48 28.9373 0.0766156 0.0747037 43.6838 680.931 0.0696255 13.9958 0.0702758 0.073018 0.0695933 0.0783371 31.8451 0.0719395 0.43188 29.4726 0.069712 0.0700575 0.0710901 0.197089 0.071016 0.0701539 6.5062 0.0706848 10.9983 13.432 117.049 82.1968 8.94042 0.0705146 598.171 97.207 0.0697014 1224.58 95.1745 11.312 73.009 12.8233 26.3745 0.0731926 0.0738168 110.559 22.9993 0.220918 16.1287 0.0696132 0.0731396 0.849119 0.128463 0.0696457 0.0695994 0.129045 103.867 0.111623 233.806 0.0713404 6.87448 41.0071 0.0696233 0.0697137 19.5258 40.9698 0.069629 0.0703192 0.0704546 25.5128 0.0886405 0.0697636 0.314753 1119.52 0.0695962 0.0836939 0.197279 0.0701974 0.124447 0.070227 0.098856 167.606 0.0934616 0.0709117 0.185295 14.857 0.0753922 0.144709 0.193229 0.0697906 33.4178 5.02686 20.3107 26.7945 62.8473 0.0695931 0.0708009 18.1777 0.0698536 1.52793 27.6661 1507.18 0.0762527 9.07404 0.117339 0.126147 0.0788511 0.0696051 0.0747417 46.4768 13.3758 0.0695942 211.459 0.11351 0.0712037 0.0696428 0.0727172 287.227 0.304041 0.0699309 98.5053 47.328 16.5684 24.3179 72.4199 0.0698427 0.070957 0.0720122 28.6542 0.0736276 292.602 0.0848979 0.0723978 64.7662 15.1188 0.0764195 305.628 0.0702951 0.0760462 0.098276 140.954 0.0786638 58.2377 0.0812029 0.0710797 0.0695932 0.0697157 0.0872214 0.069593 1308.39 20.2281 0.0696759 0.0712942 0.334871 0.0752411 25.65 48.1161 0.0705355 2.1454 0.0697989 0.069593 127.441 0.0786008 281.488 155.867 0.127511 0.0725367 0.0707507 0.0724821 572.564 0.076355 566.072 0.0707451 0.0696222 0.0735681 0.069801 10.388 0.0695953 0.0740875 0.12318 67.3574 10.6717 125.87 0.069593 0.0722841 0.073796 226.757 0.069593 13.8985 0.110962 47.5552 0.0710019 39.4721 0.0710168 0.0876811 37.2246 27.9132 0.409048 0.0704632 26.6832 0.0702745 0.0698735 0.0701924 12.5292 0.0700398 21.3074 48.0319 0.0697502 0.0736789 12.9855 15.259 117.543 210.884 7.68488 754.515 0.15321 23.1299 0.0855797 0.241549 0.0702024 0.0695933 0.100536 9.99132 84.9831 46.4748 1606.98 10.5321 4.70512 0.0696895 0.069593 0.0706582 0.070811 170.142 17.4341 0.0696957 0.0715828 0.0695929 0.0695953 4.94272 0.0817293 97.633 59.2211 197.335 0.0962427 1554.05 0.0984158 0.0700125 0.0846941 0.0828329 290.618 23.7098 0.24083 0.0695929 64.5865 26.9088 16.9582 0.0697279 7.07393 0.0707523 163.325 0.0714988 0.0698102 1984.29 0.070264 0.0706613 0.0825454 0.0809279 0.0695957 0.0701672 0.069661 0.0696034 0.070006 23.9436 0.069716 28.412 13.7287 0.0725077 0.0704196 69.3365 61.0417 11.8043 27.2277 14.4834 0.0803019 52.7295 9.1294 2433.63 25.9198 23.2166 0.0696658 0.0708104 0.0695937 0.071877 0.0696722 0.0765994 13.4797 0.0735858 31.8771 0.0696216 0.0703448 0.0840116 0.0695988 0.0713646 22.8691 0.0695992 3.21422 17.9627 5.26636 0.0766961 292.897 0.0698815 0.069593 0.0736798 0.294265 0.0695929 25.4275 0.504013 10.8397 0.0695936 0.0726964 33.1671 3.77439 0.077653 51.1965 16.3542 0.0728156 10.5416 0.0846055 123.575 27.5805 0.0708149 0.0698126 112.23 0.622278 0.0697631 0.0696102 13.3156 0.0706537 0.0713655 0.0786171 0.148612 1.46428 15.5221 0.0697741 1211.61 0.0695931 0.0701682 83.3922 17.0028 0.0902744 0.167027 0.138673 0.0865158 114.102 805.02 0.0702363 18.988 0.926212 0.594594 26.1221 23.026 0.0695933 10.1338 32.2209 0.0700169 1090.07 0.0695962 2645.17 0.0696871 45.0501 47.2686 0.0707352 8.44555 0.0822532 250.357 1.11927 0.0746555 5.2066 17.89 214.874 0.0696838 26.5671 2.47205 0.0841844 54.0734 0.0696123 497.541 0.0696064 0.0702841 0.0701404 0.0698038 151.306 0.0711822 402.23 0.0699356 22.7907 46.6022 34.7754 163.345 190.318 550.454 0.0947559 11.636 0.0696062 10.854 0.0820882 0.100437 0.444683 0.0695947 321.832 63.2171 17.4661 0.0697377 4.01416 1536.41 0.0728982 0.0695966 0.104136 0.0696226 0.0837714 0.0701882 18.0106 0.0704696 363.206 0.0696657 0.0712881 64.3411 0.070095 195.29 0.0710882 27.0086 0.069769 22.1189 18.2167 0.0723873 0.070747 0.069629 15.6602 0.0698114 0.0696297 101.887 7.30691 52.8474 0.069777 0.07001 7.91554 0.0741739 598.964 0.0697645 0.0696051 6.3951 0.677644 25.5128 24.9589 17.4157 0.0699819 0.0701373 0.0744435 1189.01 0.0701525 0.0702344 0.0717289 84.7857 0.299435 55.0891 0.0695935 556.071 356.136 0.248951 0.0727976 0.0696351 0.0702353 0.0696328 663.119 0.139865 0.0721767 34.2336 12.7345 0.0864132 18.3079 0.11009 0.0832696 0.0696732 17.8716 0.0701756 66.014 0.0701349 12.3636 0.0695936 16.0297 90.3944 87.2439 2.27333 0.0696168 0.0772225 0.0843456 20.093 19.8888 18.003 0.107077 0.0696818 12.6464 0.0697072 582.352 0.0695932 0.0718464 0.881754 16.944 95.0927 210.051 724.272 37.7292 0.587613 167.846 0.111189 0.0699387 0.0696504 442.187 0.167002 0.133557 887.229 8730.59 0.0751492 306.086 174.55 41.7437 188.984 0.070621 0.0695968 0.0710999 0.0723242 17.4157 344.827 20.093 0.0710796 0.0695963 0.0748359 0.071752 44.7714 12.8219 0.31621 84.7767 0.0698686 0.0706155 13.6065 13.9971 0.0696667 7.01059 0.787219 78.7512 0.141279 0.0708596 308.154 0.0697911 31.9438 34.4214 0.0702063 2.0682 11.6662 0.0903945 21.8798 255.614 118.075 6.86903 0.0700113 11.8907 0.0714148 10.1121 0.0696103 0.0702115 0.0848861 0.211119 12.2669 74.5062 0.134738 0.0699333 0.0705603 43.424 52.5298 62.1521 0.0696962 13.6663 3.52208 409.324 0.0707164 0.0696303 0.0725139 0.0843889 4.40468 35.2691 0.0695931 22.9993 1136.39 58.5032 59.1326 0.0724979 0.0705032 0.070037 0.0707089 0.462789 373.686 0.0711598 0.069743 2002.13 0.314956 10.5649 331.705 256.762 6.22834 7.05384 35.3158 431.374 0.0707804 0.0708041 18.1891 0.0739449 0.0698415 33.2815 0.0695949 146.735 388.495 131.157 0.0725052 155.223 50.6624 0.0695963 0.17164 36.2316 0.153645 0.0695935 52.254 0.0707947 0.0699033 0.0696975 139.161 422.577 13.4281 89.3049 20.0915 0.139075 0.0770505 119.972 280.545 0.0695944 0.0697518 0.0933244 0.0696503 4.78762 0.0704721 177.042 36.9362 50.6241 0.0705379 142.343 3.4571 0.0696074 14.0712 0.0704983 180.643 0.0722333 12.2171 14.4613 86.6446 94.871 0.0708159 11.9459 8.18666 27.3799 0.587627 0.624636 0.0708428 292.123 0.0860784 0.0708106 27.9892 0.186222 0.0704612 146.092 53.7675 12.7618 0.0696393 0.0713453 0.0695931 0.108804 0.0762207 1.96571 0.0695978 0.559406 25.6889 0.0695957 0.0712988 0.0697558 87.9059 31.195 0.161781 0.069593 0.0701168 57.1085 14.6028 10.8118 32.7025 10.7708 11.1987 0.65749 3.12527 22.1189 0.204732 15.3842 43.0839 0.0892171 3.73276 100.388 62.0809 0.0696802 59.63 0.694422 65.4801 1.19917 2.7857 0.0696098 93.3864 136.44 17.8357 0.0696065 34.3987 0.100483 0.0699365 270.545 0.076694 0.0701476 14.7181 0.069689 0.0945999 0.08477 49.3091 80.5159 0.0704196 24.603 37.1197 0.0695941 76.4039 109.853 33.0854 0.0697324 0.0696171 0.0695937 40.2685 0.0701457 384.932 0.0716123 43.7178 12.7224 0.120269 62.5664 278.332 193.061 14.857 139.579 0.0696033 54.8384 0.380028 0.0850671 345.2 18.5707 0.0759578 0.0697175 0.0706778 1.88177 34.1338 0.0994854 10.2689 24.6765 0.0697282 0.0700304 132.556 12.3405 85.9362 17.471 11.2925 116.311 0.0696287 12.7754 21.0897 115.833 0.0696045 0.0813115 125.959 0.0701807 5.10967 5.21831 41.39 0.0911008 0.0845002 0.069593 214.843 0.91241 0.0696297 0.113978 0.0697616 0.0697479 0.0943109 132.23 0.0873501 0.0696235 77.5011 48.7338 0.0875623 14.7991 0.0701772 0.0753952 145.363 0.0775667 0.082475 59.8943 0.0695929 0.165528 15.6829 97.2344 17.72 0.148626 10.3832 0.0705639 47.5278 2515.46 414.107 8.15152 229.803 0.0702491 448.495 198.658 0.0716464 54.7918 555.777 0.0725497 249.976 0.12795 0.0695962 27.4731 15.4774 0.0699298 0.150804 0.0723399 0.0696087 0.0698263 0.0695937 1.93277 7.4003 18.1844 0.70418 0.0696442 7.22538 95.1474 0.0750292 0.0697867 252.901 344.177 3.37047 11.6894 55.088 1.4515 87.5349 0.0697215 22.6818 0.0751745 22.2197 0.0697539 0.0696363 9.6028 15.6323 12.3959 0.0701002 10.5166 0.0699301 0.0732321 415.648 1326.58 198.745 0.0698084 0.069593 21.1853 0.512177 0.0742385 4.3779 35.6204 197.17 0.0696487 15.4818 1541.13 0.0707078 0.0754518 0.0696161 0.0696558 0.0696424 28.1782 7.10388 0.070116 119.483 85.8915 0.119609 0.0718365 0.0696601 13.1933 19.695 5.29435 0.605795 25.5493 0.0695929 0.373329 11.5213 0.101678 30.839 11.602 0.0982044 0.0734393 0.0766387 2642.11 0.0698499 0.445367 11.635 20.2046 11.5429 185.912 1529.49 0.0697514 0.211288 0.0706046 0.0733265 0.230599 18.4538 0.0714219 0.0697093 0.113694 0.336053 0.069593 11.437 58.6286 0.0713498 163.211 0.161917 0.0709151 0.0698657 0.0699813 18.8698 353.218 0.0732372 0.194603 0.0697904 154.431 8.39857 0.07124 0.314513 0.0697493 0.069593 47.4398 27.7589 0.0709857 49.318 11.3093 0.0704028 9.89607 0.0695933 0.0700001 0.070269 0.0864535 0.070051 34.276 56.0418 15.0363 153.516 3.19866 0.0695944 0.0743568 0.0695958 3.10026 0.0696102 110.695 307.955 17.2783 0.788472 0.0738986 17.7933 961.686 16.0959 0.159095 0.0701098 45.793 56.1381 111.164 10.187 0.0709141 64.0072 505.754 23.6054 0.0698538 6.93017 0.0739858 0.0783319 10.2142 0.0696683 602.544 158.702 0.0699166 0.0698486 42.9017 0.0720225 195.772 0.078894 48.3968 0.0711237 19.5747 13.0779 0.0870149 348.233 0.0699336 0.0709012 13.5381 1448.42 0.0745102 0.0740266 0.0699644 0.069593 0.996306 0.0867925 0.0767814 983.215 0.0701154 0.073884 0.073601 0.103246 476.875 24.2081 0.0705282 0.069595 0.069593 219.78 16.7427 7.98577 5.81966 141.596 0.0822679 0.0696016 88.5991 0.0712785 0.117101 13.5456 1831.26 0.161187 43.5582 3.60297 0.0705218 112.056 59.2405 0.0700724 0.0924183 0.124437 1237.8 80.3657 342.329 0.0711722 0.0699159 0.0701532 0.07156 562.387 0.0705882 0.323002 0.23884 0.0727367 0.0697252 12.7496 16.1531 148.879 22.8085 0.260289 0.0722034 21.627 17.8528 319.93 25.5128 30.5396 0.0697932 0.436564 248.509 0.0709001 129.048 147.975 0.0696026 0.0700764 26.8621 0.117004 55.317 26.3545 52.9719 0.114677 0.0943116 0.071869 0.0729364 9.34662 228.127 16.3712 0.0712278 3.56487 102.496 0.0812146 0.0696806 9.19718 0.0696744 0.0701423 36.1463 6.21048 12.2089 0.285266 0.0732128 13.6389 209.762 5573.78 8.69892 5.57448 0.162771 0.0697022 0.0695944 0.0696174 0.0721576 1673.25 15.0009 0.0698049 0.0697143 24.901 0.0709256 11.6197 0.0698953 0.0707855 16.9241 0.0696241 0.0700866 538.108 24.8013 0.0711015 0.0707833 109.621 35.9197 0.074307 32.1142 11.9557 5.89428 0.0696977 243.977 60.5711 0.0698673 901.737 160.461 0.0697737 0.0698111 0.0696209 19.3261 11.3523 8.95933 7.09754 0.0696118 182.261 78.4698 0.14017 18.2616 0.0729579 64.7634 0.0696345 0.0699892 0.121885 0.0780408 252.67 0.446171 110.175 0.145219 0.0705562 0.0736933 0.0730717 751.653 17.7858 0.0699714 38.8115 18.1844 21.1449 0.0711255 73.6391 0.223655 0.41414 0.129997 0.20568 0.0698476 20.4688 26.5199 69.1827 0.191529 0.0697074 25.2332 25.5147 0.0735799 0.0721359 21.3074 19.4877 49.1214 0.0700861 9.71517 0.0703203 4.79667 0.142488 90.0661 130.319 27.4329 39.7819 0.162479 0.0791609 5.35296 0.0712763 0.0702578 0.0727548 11.5684 0.0696816 20.7372 0.0703136 40.5791 0.559555 40.7531 267.35 0.0705789 84.165 0.133414 0.0695973 0.0722243 0.0723964 0.0699666 0.0698969 0.0697513 37.3353 50.771 0.0708822 0.0699019 3.18834 104.615 0.0701412 45.8473 0.149908 1.53808 18.1101 15.259 0.0795183 0.0754929 0.0696286 0.517086 0.0785148 58.0341 0.0696103 0.0757613 0.0696772 0.0718432 20.4418 625.422 0.0697217 0.0738978 62.825 0.0735518 0.0696773 1.54688 0.0703232 0.331495 0.171232 0.0740231 119.455 132.541 1.81194 295.097 0.0791945 0.17134 0.0703062 386.419 83.2598 58.0454 0.220237 9838.65 0.0774539 20.0004 18.1891 0.0740996 79.184 18.1844 0.0735331 73.5025 2389.38 0.0805203 6.78054 0.529875 51.7146 0.0767035 123.288 0.0695971 27.651 18.5006 57.3412 0.141993 0.100321 0.0697272 10.854 12.6007 0.0696059 1771.62 0.0711191 48.2438 217.77 22.6671 73.5601 0.0698113 135.013 0.0948654 0.0966273 0.071051 0.263191 65.4084 0.393331 0.0702471 666.808 1549.3 0.0806195 462.587 0.0712676 0.0696353 0.0696248 45.8851 11.6662 0.164297 0.385581 0.0697231 0.477708 0.0700881 0.0701889 0.103805 10.9366 0.0704694 0.0867214 26.636 0.0703621 0.0757032 0.0701677 0.0696744 59.8133 12.8839 19.9855 0.0696249 0.0697324 0.0700172 15.4065 0.305132 13.5499 622.926 29.5962 619.326 0.0709853 206.896 0.072093 23.9434 0.0879221 241.644 0.223678 11.8913 0.0695939 3.9988 0.069898 0.0696389 74.2787 24.2232 0.6237 24.8952 0.0701024 45.5134 15.259 0.069614 0.0699537 0.0696185 0.0795034 0.0695967 14.4933 16.0991 56.0593 0.0720587 847.499 8.62583 422.764 0.82946 0.0700166 0.0699123 107.758 53.7865 30.3703 434.68 0.0822534 0.0779542 37.8843 0.0725224 399.506 35.2063 669.397 0.069635 16.3925 0.678799 0.0720112 44.8799 0.0750789 0.0695933 2.47551 0.072858 0.098822 0.0706676 73.1357 66.097 35.4553 0.0712298 0.0702571 0.0733819 29.0947 0.434094 0.199419 0.0697813 126.616 187.469 9.04638 159.075 0.0699141 0.069765 0.0697673 0.0696311 0.0921646 0.071195 0.580693 8.92463 1525.75 0.0848029 17.494 31.9924 0.0765493 0.0755517 0.0696139 0.0695939 39.1201 60.6093 0.128178 0.0696211 0.0713045 0.0730068 0.0859559 0.350556 66.2622 4.93402 0.0713697 0.234582 0.0705197 0.0698351 0.0782506 55.5533 117.312 15.7498 16.901 28.6809 0.072875 16.1284 17.7199 11.3331 17.2362 244.854 0.0716843 585.19 0.0712176 53.9492 0.0699868 0.078085 0.0696686 2.11665 35.6375 736.008 0.0719265 1.08504 0.0699407 0.0714897 0.0888187 0.0703237 10.854 0.0711747 0.0737407 0.0739116 0.0720532 9.19718 13.2337 14.9727 0.070724 0.0728555 0.0703483 0.0696021 21.9139 28.9676 0.069593 0.0697466 89.067 97.7999 18.9682 0.0711437 0.0695937 74.2589 0.100851 0.100464 80.0445 19.954 64.0946 0.0696877 0.0699888 0.0743335 0.0872418 0.0699765 110.903 66.6927 89.0732 95.7959 0.0818407 27.8012 728.119 45.9515 0.0696668 0.0696189 113.586 33.9998 13.0307 0.0699269 22.9797 0.0695935 0.0748669 109.695 0.184684 0.143915 0.175078 18.4076 0.238895 0.0696219 0.0864111 337.355 7.0535 0.0788261 1238.51 479.244 12.264 0.0707018 25.9368 323.911 0.0697266 1661.13 78.7416 324.607 0.0696975 76.0005 108 21.2879 12.265 23.1299 1.09159 0.0696074 0.0735518 1075.45 25.6542 0.0699759 0.0696302 31.1298 22.6671 0.0696055 0.276491 0.0713928 19.5662 0.0720177 185.028 55.7503 0.0695958 0.0695991 0.0695934 63.876 24.8475 65.5487 0.0698639 0.069593 0.0697697 73.0696 67.9357 22.3791 0.0696047 2.12777 94.5842 11.1964 0.0696594 0.069638 0.0740751 0.072183 750.878 0.069601 19.9962 7.3556 0.069593 23.2999 13.0307 0.0697449 0.0695936 70.8545 1.02074 0.0707184 87.9506 61.5703 0.069663 0.075089 0.126497 106.563 0.0716651 0.101201 1.34656 1774.61 57.0171 0.0696948 25.7176 0.0698284 45.8595 64.3081 13.8634 0.0696289 0.0703835 0.0702561 0.0696383 24.7335 0.245024 11.6662 0.0696476 0.0696643 353.623 16.5241 5.23753 0.0697633 0.611103 0.0732237 0.0695955 0.0695973 0.0696621 0.0706589 2.43853 0.0766793 112.868 20.2046 151.811 14.6904 0.0717869 0.0698047 1698.63 0.0702796 362.305 38.5948 0.0699347 0.0716096 0.142467 40.3871 0.0695929 0.287009 0.071752 0.0696078 249.392 47.1531 67.0822 0.260381 20.6424 61.5372 2.42336 47.8699 0.069705 19.3261 0.0696875 0.0873141 11.4592 69.461 0.308521 0.251372 43.8696 0.0716588 0.0781648 42.0901 0.0697173 0.0696872 23.9697 0.0710388 178.471 0.0695953 0.0715134 0.0696284 167.806 20.8368 129.371 0.0695956 0.0696099 0.0695956 0.0697108 0.0879395 0.0701217 32.522 122.582 8.53781 0.0709913 23.8618 0.580368 11.9005 76.1916 4.94952 0.0704839 135.409 0.0865935 0.0696703 80.607 0.0959908 0.0716632 31.5695 375.449 64.9993 0.0788413 0.0698357 19.8525 36.3722 55.5377 0.0809485 0.269747 0.0717716 0.308813 0.0695965 12.7566 0.0696082 0.176755 0.0901785 0.228903 0.0697726 0.126014 0.0846136 0.0699139 0.0705272 29.3705 0.070053 19.5025 0.0744365 29.1359 94.3844 0.0963506 0.0747468 117.334 0.156319 0.0780184 11.6662 0.0709297 0.0721088 0.585488 13.6777 11.8826 27.3937 0.0927858 7.06526 0.0783447 16.7744 0.0695938 0.0728988 0.104324 0.0696865 5.35944 48.2156 11.5429 0.0699499 300.809 0.0703247 264.613 0.0696089 0.0695982 727.512 0.0696126 202.269 119.527 0.0706322 0.0695936 0.0709627 0.0705249 156.786 34.8177 47.1812 28.1718 0.0696931 29.3287 10.7352 22.5429 0.0697124 10.8258 0.0696219 11.5989 0.0725875 11.1088 62.2411 0.0699205 51.4629 0.0734314 0.0855577 15.259 0.0739219 0.0696117 9.25878 0.118511 12.9832 0.190141 0.583186 0.0742788 73.5361 0.101203 0.097522 166.097 116.625 11.6019 6.92365 22.3913 28.2077 48.0094 0.070092 70.6982 12.9104 19.1145 43.2741 11.1173 184.189 0.0715398 0.0705622 0.0695936 0.0696494 0.0731964 0.070718 0.070945 2.27454 0.0698101 0.0723592 0.118086 93.5082 0.0698539 11.6359 8.62583 41.0028 0.110411 0.381777 34.6763 18.4437 0.33916 4.65941 22.3703 207.436 0.0696143 151.477 159.283 0.0696082 0.24489 24.9877 0.072676 80.4035 0.0713593 0.082066 0.102369 0.0703975 18.6934 0.147517 0.0700092 0.0696089 39.2052 0.815438 0.0704628 345.887 0.0699138 276.817 0.140076 271.396 14.0719 19.1145 10.854 0.0696931 5.35105 0.071648 0.069687 45.4176 0.273489 11.2803 0.0711203 0.0720209 59.0035 0.0719039 0.0863 18.7187 133.422 0.0945461 0.0705596 0.0700453 0.0696931 9.71952 0.0704634 4.39474 0.0696133 10.6726 0.0713326 30.8523 58.0127 21.6578 31.6815 20.2046 58.0868 0.1643 110.113 0.921833 10.4689 0.19161 16.2616 330.386 10.7708 0.0948167 32.0167 4.98162 110.202 189.325 17.2016 14.7181 22.6624 0.110004 0.0853796 16.2267 11.0632 15.66 182.38 2277.31 0.0695931 0.0702366 0.820705 0.0695933 0.0803598 0.0703095 0.0697942 10.4689 0.0695951 6.33635 0.0700027 0.0695929 0.0707242 0.0703786 0.0818444 19.443 40.1138 46.647 0.0702632 56.5918 59.9135 81.0203 65.4393 28.4311 62.4274 15.1724 0.0696055 0.0696208 93.778 0.0716056 28.1418 18.1317 0.0946087 120.991 95.6407 22.9933 7.57139 0.0747399 1.0913 471.079 1.46924 0.082004 276.486 0.0695953 0.0702682 59.5424 0.542632 0.0696345 0.0695935 0.0695932 0.0728573 18.7494 0.0709457 0.0697447 0.0696557 0.069914 17.5594 0.0712398 0.17164 0.127978 0.0695991 0.321135 0.139503 0.0778774 11.3977 35.4173 0.0706139 2.91669 0.0701505 0.0813232 46.3862 4.81482 63.1394 0.0705529 0.0718702 0.0703392 0.110075 0.201204 0.0698971 0.069593 0.073782 0.0697549 0.0696123 0.441899 65666.4 503.955 1.41855 0.0695957 0.138577 39.3063 0.0745305 0.0695938 355.143 29.0653 0.0696807 13.2263 471.805 0.0702262 77.2063 0.0701699 23.5371 18.7553 81.3918 28.1782 191.379 743.638 11.7972 0.0706848 98.2247 0.102935 0.0914912 42.9983 0.0723308 0.0710013 49.1595 0.107205 11.6197 59.9068 58.2629 0.0698798 0.0701633 105.964 0.0712716 73.3344 0.0723637 1012.93 17.0138 0.0703215 0.0926304 0.0701113 88.5396 0.230579 40.7003 0.070896 0.0695995 0.203567 32.272 0.0698015 0.11927 0.0699516 0.069917 6718.82 0.0718221 58.3243 288.019 272.129 62.7492 96.514 428.456 21.5166 0.0695935 0.0695935 10.0503 30.9619 0.0696289 0.195632 59.5383 0.0697464 0.213974 0.0699647 0.0698043 345.418 256.933 0.0698006 31.1553 0.0710907 0.0696226 0.0743579 0.0696428 501.482 0.0729257 0.102428 1.71764 937.033 20.9885 313.399 0.0695934 0.100343 0.0704933 0.223663 53.6256 22.9933 0.0769481 10.8985 555.482 0.0699206 19.3261 16.9978 0.0695955 51.7442 0.0706718 0.0695942 0.0701076 296.333 32.181 22.6671 0.0906576 0.186253 0.0698364 76.3774 199.006 26.5077 132.581 0.0926709 1.83263 0.1002 0.0837827 0.403737 0.162768 0.0709995 0.243901 0.279238 0.0696536 15.4811 0.0700881 13.5423 0.204269 0.936235 32.8575 0.0713329 0.0733369 17.649 83.4889 165.477 7.3863 1472.66 146.586 0.0696558 0.234582 67.0762 0.0712608 0.0730707 0.0699651 7.01059 0.171871 0.10308 0.318239 0.0695942 0.077717 791.304 15.259 0.0972416 144.71 0.174403 56.2612 0.0974526 145.646 0.0731925 1637.97 315.945 122.467 97.9231 0.0706598 93.0145 0.0832536 0.0697322 0.0724817 0.147941 0.255312 3.60965 36.3685 0.0701839 0.0895217 527.374 0.0706578 0.0698207 82.8997 16.7493 0.0695979 0.900855 0.0705412 22.3069 0.0697086 0.0696751 0.0697272 242.69 0.0696372 26.3029 0.210752 103.224 31.1553 0.0766502 27.1516 0.0702529 0.0698011 0.069637 32.6862 0.140488 0.0711516 0.0699001 24.9978 64.2775 36.7211 541.7 12.4312 0.0756263 57.2901 0.0752776 27.3799 768.049 57.48 255.665 0.0695942 0.0705241 46.2028 28.4952 0.0698172 0.149948 0.0697233 0.0702379 6.84993 0.0707807 30.9384 7.45048 0.0696686 0.29192 17.2229 9.95934 16.6053 0.0697618 3.16325 12.9421 0.0777175 1963.15 17.0639 23.8226 23.0491 0.0707073 0.164602 34.3353 0.0792686 0.25622 0.0702775 75.4999 0.069595 75.9692 0.0716371 0.0766237 0.0882827 862.551 0.0778924 0.0695952 36.2667 0.0863888 0.0695963 0.143632 35.0386 22.1543 0.0703541 0.0706733 0.0725866 197.071 101.791 0.0697509 0.116255 26.9109 0.0696085 0.0696637 0.0697362 0.069903 18.3592 503.078 0.0745035 1.09371 0.079522 89.2961 27.6155 58.9751 130.831 0.0696271 0.523765 14.3895 43.0301 0.784032 20.1202 0.0695956 0.0757528 2.56076 0.0836873 0.0699859 0.0713173 0.0852507 0.644536 0.0787357 0.0696917 0.0705167 16.8939 0.069836 20.5202 0.101703 0.10057 483.679 0.0696669 0.0718957 0.0696091 0.0754496 0.0697807 0.0715662 26.3564 0.070396 0.382493 0.070555 0.0696387 0.0722315 21.1901 0.06988 4467.73 15.548 461.989 0.0695937 0.992406 5.00626 0.0805147 2.24046 87.7458 0.0763879 182.128 63.2055 0.165285 13.4454 15.7155 0.070679 0.110979 0.0714983 1.16275 0.0696731 25.8863 0.0699767 95.2254 14.519 0.069713 0.0711251 77.5794 768.221 0.070102 1045.33 0.0753002 0.0700626 0.0696419 49.5269 16.1223 47.6775 0.078622 0.0777831 0.807451 19.2064 0.0695932 0.084372 0.0763673 2.0597 8410.59 0.0712907 0.0700535 0.145093 0.296591 12.8477 0.0731091 0.34067 0.151774 0.069863 0.0711616 187.461 0.0704194 513.961 0.0705183 0.0742016 47.1387 292.495 11.5315 10.4148 24.1069 103.795 15.1505 0.124343 186.171 185.464 23.8618 0.0700699 42.2811 16.6053 102.36 0.0846192 40.8361 50.0723 0.069593 8.59583 0.115576 0.100448 0.0696274 0.0833881 28.343 9719.26 0.0700524 38.6009 0.0708795 0.0743474 59.3925 0.0743903 0.207062 74.2349 0.153714 56.5995 24.0683 15.879 0.0710012 0.107302 2.05813 212.724 14.6255 0.069759 0.0710393 0.0696929 0.0862048 0.0758695 2.63206 0.0697807 354.309 1066.28 41.2006 0.0866245 0.0897394 0.0697279 0.070787 16.4376 0.0698341 21.7128 0.0717425 0.0706514 0.141515 0.0696072 0.069788 26.5442 0.0696797 0.184942 74.2562 0.0695948 0.0729036 99.6321 0.0697108 0.0817192 0.0697619 38.4897 76.5209 71.3969 0.0702673 0.0731764 0.0718093 0.0698257 12.5845 0.094647 0.0753613 0.0724934 16.1016 0.0839569 976.948 69.1107 0.872597 0.0785137 0.0700984 0.0846616 0.0698359 6.04596 0.0697916 0.140259 8.26811 0.0696053 44.6721 20.1202 40.5789 1395.1 64.5727 0.59421 123.678 7.25903 0.0697737 0.0725181 160.504 0.0710782 0.231972 0.0696348 0.0698406 0.108536 0.0976785 0.0700453 0.069637 0.0695929 474.331 0.0810337 0.310809 0.173954 0.0709286 0.117094 0.0801116 66.1451 0.0755209 17.7413 693.667 404.315 17.0253 0.0697956 0.0704186 0.0696181 0.0740873 0.0714592 0.070167 0.0695973 25.9484 0.0695938 12.3282 1836.28 111.788 25.9231 0.0699866 86.0141 0.0703958 18.042 17.2643 24.8749 137.343 37.7505 5.47615 525.725 0.0705697 1252.58 89.8508 0.0710722 17.2553 16.8175 22.3858 0.0714878 233.664 0.0697421 3740.34 54.9503 91.1561 19.5984 1697.46 0.0749442 9.55588 0.0986819 0.0696332 0.0794891 0.069593 0.257769 0.0696545 7.98577 90.0527 0.0915663 0.081092 688.106 62.201 0.0841954 0.0700147 0.0722193 0.0903252 15.2303 0.0698055 35.0586 26.0918 0.0701589 0.0697103 26.5077 0.147579 26.0472 15.6829 16.2228 0.0851171 0.0699173 0.0738234 0.0721852 0.100603 0.0697218 0.0695951 0.0724199 0.0756266 23.54 10606.8 0.112864 0.0702326 0.0861343 1.97413 638.946 18.0785 0.0700754 110.007 23.314 0.0716205 0.0714494 0.0958767 50.6617 0.0698063 119.633 0.0701944 0.372634 460.041 10.853 183.19 591.974 0.0698082 0.635064 53.3438 28.6657 15.8983 0.0696273 42.3508 8.97566 11.6197 1.42019 0.364239 0.0696076 0.131506 15.8533 3886.05 0.0709216 0.069604 0.0697241 0.0696787 0.754694 27.58 0.0695986 0.0772001 9.82124 93.7789 22.7818 0.0791511 0.0699202 0.0697043 16.4338 0.128862 0.06987 22.2751 37.4035 0.119638 0.295271 0.101123 70.1723 0.0709326 0.0763522 0.162363 0.0697092 0.0702945 39.7901 17.9382 0.0715089 121.397 1376.99 0.069624 41.0625 20.3351 0.069618 41.4999 0.0709714 23.324 46.4134 0.0699319 0.0826226 0.1537 24.9321 0.0704409 0.0697346 0.197615 0.0714407 0.0698504 0.277534 4.58097 0.0703423 0.0696289 0.0743021 524.991 9.06944 41.0295 0.0700328 17.1776 0.0699359 35.603 16.6053 0.0742474 0.0799769 0.10339 1263.26 0.0697965 0.413213 0.069594 0.0696097 0.0700197 30.8391 36.7463 1.32203 20.1923 20.9305 632.461 16.5495 224.301 0.0719421 607.487 0.651973 111.83 40.5286 2.98744 6.08924 221.772 15.39 36.7088 0.0696449 10.5796 4.57866 0.0698432 17.1282 0.125232 0.107076 0.0717511 0.0721454 0.0828513 0.0698216 0.0695932 8.53781 107.373 0.0733645 0.333753 0.0704364 13.9077 40.8361 0.568353 3.85747 15.8342 3162.5 0.100678 417.753 15328.1 0.0703604 26.118 41.8547 0.0724307 0.437038 9.71996 0.071135 66.6282 38.64 623.365 0.0702265 0.0697157 0.0709242 0.0696046 0.0799758 48.0107 950.628 1.38326 116.463 2.22967 403.022 17.1534 0.0723242 14.7559 0.071251 111.19 0.0697187 0.0706735 0.0697367 15.259 221.72 15.8533 867.836 0.0795603 0.177079 49.6622 25.3911 98.1368 941.124 0.124407 13.4764 0.0740197 53.895 6.93018 12.7566 0.133881 0.0696136 130.474 0.0700647 0.0697103 0.0696276 0.0696043 0.371362 2.48722 8.1354 25.9064 0.102512 79.2791 55.8797 37.1222 0.0698916 7.79294 173.624 0.0714412 30.825 40.7287 0.087179 5.97306 1375.32 1.05577 21.2407 0.0699307 44.952 0.0739771 19.6008 436.7 49.9404 0.0696096 29.645 125.797 0.069958 0.0775608 18.2846 0.0696232 0.118272 41.9133 0.112149 0.114525 0.0696033 204.714 0.0700477 0.14737 0.0734227 49.3393 0.128954 0.0728655 143.235 203.784 0.0714329 0.0696092 381.921 0.0701139 0.0706738 523.251 318.385 22.2666 0.069641 146.704 0.0723749 0.069939 285.269 0.0700603 1.02369 0.0697982 170.617 32.272 0.081373 0.0776237 23.3152 0.215468 19.2192 0.0706329 14.519 0.0699602 0.0940775 39.5042 0.073189 28.0354 0.0697364 17.7552 222.813 0.0695935 0.59361 2539.73 0.069629 0.0730635 0.0757785 0.1643 0.0728192 0.125861 0.0697926 345.264 0.069593 650.859 40.1165 0.0695933 18.5448 4.49346 0.0697737 0.594345 0.0699096 68.2072 12.7224 0.0696751 0.0698331 0.94373 7.73412 15.9163 4.39473 319.357 56.4201 0.0744679 48.6257 7.12443 23.2806 345.596 0.0866064 0.0697268 0.0822712 0.0698115 0.069884 0.167093 75.9854 255.576 0.242067 16.9582 0.069597 293.601 0.071723 17.86 77.3561 29.6061 18.2672 0.413057 0.0695947 1277.63 0.0696041 0.0785909 0.0696484 511.087 0.111062 2.95991 0.0695965 32.4098 0.071263 0.0706373 58.6035 50.1853 0.0695943 0.120015 0.069593 0.0696241 90.465 0.0712265 0.433445 0.0869612 0.0756318 0.56241 7.69237 0.071927 0.191341 447.573 0.634146 0.0696294 0.277376 10.9654 410.031 56.2922 0.0721597 0.0695982 0.0723076 0.292671 49.8518 390.054 0.070693 0.0708928 42.8799 11.2285 26.8084 0.0711003 0.224178 0.069647 77.7017 0.107887 215.885 49.0743 640.298 0.0769304 0.146381 2.54276 185.286 0.0709617 53.6701 16.6053 10.9743 32.0014 0.0695939 0.0706976 0.069593 0.069593 0.594717 0.0696054 0.0696257 0.0696933 0.101584 0.0701548 322.524 38.697 0.0706938 0.688406 58.9537 17.4302 0.0723092 0.0717122 0.167414 0.0781138 0.487402 44.1054 0.0769892 0.0702002 0.071767 0.148166 53.9492 0.0739467 370.047 31.9703 6.39542 0.0700957 4.89596 16.2295 5.00422 22.8893 0.0696776 26.5199 0.0702757 0.0700121 22.138 0.0696932 0.0741886 136.355 7.07394 1094.67 243.28 0.0702537 46.8684 0.0706951 0.0703512 0.0695955 22.3706 104.867 0.0733585 93.0995 0.0698361 6.54994 0.0698531 20.3512 49.3857 74.2902 22.4305 39.0486 0.0743144 0.0782861 0.0695932 2190.15 0.069625 57.5231 49.1473 67.4955 0.0713069 0.0934962 15.9272 10.5088 0.0699847 42.6484 0.069635 47.9364 17.6567 4.25183 0.0713697 17.7193 13.009 20.3216 11.5528 75.3888 21.4932 12.1651 6.83799 0.0719229 134.421 0.0705354 52.4429 277.556 0.0743989 147.358 0.0701446 605.093 0.0759443 370.497 3.35572 0.0726134 0.193559 14.547 0.0727309 14.269 11.8596 37.0496 2.41874 0.0704557 0.069719 41.2474 0.069593 0.0696248 69.681 1.09119 0.0700226 0.0711066 0.0695935 0.0887785 593.672 0.174131 0.0697547 0.404372 0.06964 0.0752454 0.069593 27.3937 0.529672 0.0705164 0.0746537 53.7346 87.9727 0.0745085 14.6872 0.0698603 1.07043 104.347 0.0698435 50.1296 28.7306 0.0836587 12.6464 0.109036 189.994 160.83 0.0710031 657.681 495.001 0.0805073 16.2138 0.0713692 0.0697409 0.0722243 0.069667 0.0727163 19.8686 59.6687 0.0698433 0.703043 13.7624 0.0695929 0.071753 0.0696051 26.1221 138.496 6.79695 0.0714775 293.205 0.120587 0.0732406 0.0697174 70.9103 0.122895 0.0764174 0.0746301 0.0696872 0.0717527 0.0709547 0.069593 0.069806 0.0695936 19.0742 142.779 41.4572 86.5337 64.4654 0.0696578 414.829 40.4013 18.1844 0.127975 0.0696017 19.8107 535.687 152.522 0.0711103 0.0696578 0.075644 0.0704527 0.36118 0.21813 22.7907 48.9217 0.259484 0.321933 273.212 104.671 424.361 0.154455 0.0751129 12.264 0.0809578 0.185054 71.7643 0.0698177 13.2237 0.0696067 14.6355 0.069611 257.366 0.0696854 20.2537 0.0752754 0.1123 1.19445 30.4804 0.0801981 55.305 135.353 0.0702158 0.104293 0.0695929 296.988 71.491 170.491 209.53 0.0701944 23.8618 68.4532 82.9112 0.52189 476.974 1784.63 18.9718 0.0700832 0.0709618 0.0714859 224.102 0.0696863 103.539 0.0696977 0.118164 0.0993015 16.4857 28.888 0.0695929 22.565 58.0974 0.256013 0.069696 0.0849821 90.5274 4.7707 107.209 14.1359 8.22997 0.0701556 0.0699589 0.0738611 0.0710051 4.36667 0.0698691 30.8782 0.0735678 84.5932 0.0699173 0.070192 0.083504 27.5703 147.191 140.667 0.0699507 0.0728604 782.257 0.0695933 156.066 0.0708829 0.0697338 91.9023 0.201761 153.521 0.0697377 0.0697216 0.576377 15.7705 0.369611 0.0953063 0.0695931 1128.62 122.072 0.0948386 142.711 92.3812 0.0833348 435.194 0.0696822 0.072132 228.085 62.738 0.0715214 0.0698474 49.8831 19.0375 0.0699006 0.0695935 0.0697865 0.0725689 0.0798778 0.260137 0.0698103 83.0004 0.0851424 0.0696129 0.0710071 0.0734368 0.0787579 234.488 58.4585 3.06305 0.079176 6.80111 55.5323 0.0723928 19.021 0.794615 22.6654 0.0756232 0.0695993 0.266381 0.069772 221.75 0.0708182 0.0788246 0.0719731 656.222 32.8779 0.263682 30.6098 30.9461 0.0732886 161.437 74.2335 0.083819 0.0698682 129.443 48.8057 352.249 0.378165 0.0713613 0.0742004 522.364 32.8834 44.7227 922.766 0.0699891 42.2629 70.9714 0.0704968 102.37 0.0711368 25.7562 0.618639 0.0875204 3.4198 64.7156 0.260335 0.0699131 24.4743 0.0710496 0.0697447 23.9434 0.0695935 43.3561 0.080956 0.0695931 0.565009 1128.17 0.0700997 0.445884 432.891 0.0848674 7.98577 0.0702635 0.139668 0.891408 0.0785575 0.0721395 3.99034 16.4941 0.0695937 0.0696529 29.2532 0.131981 0.0872554 24.2535 0.0697238 170.549 0.0695942 0.0698833 0.590432 0.0696159 0.111383 0.141478 0.0731234 0.0702358 0.0979083 0.0697492 0.0698527 0.231241 0.0851599 20.7765 530.707 0.0705785 191.646 20.2361 0.0697272 0.0704221 0.070442 0.121073 41.1079 89.8321 205.153 45.1073 0.0698894 841.462 0.0696962 0.0749197 0.0741597 5.18937 0.0985379 0.070813 0.0702945 0.076037 0.0844477 0.0864624 757.421 537.765 7852.68 0.0703268 0.0698975 26.8726 0.137767 431.473 0.0702682 0.12389 0.0696385 0.108378 179.698 0.0696048 0.0701246 0.0695955 116.165 0.0697691 32.7516 0.232663 0.0727213 0.139879 26.8179 0.0831324 0.171657 0.0695941 0.283383 781.509 18.6648 0.0700786 382.655 432.902 11.3367 0.0792733 0.0697037 11428.3 0.0709227 0.0700796 0.0702647 1983.57 135.138 226.817 0.0700171 41.0767 0.07933 1740.29 126.974 19.8525 109.843 1299.9 0.069593 194.81 90.972 0.0700412 260.431 0.0871652 161.696 277.11 39.5042 0.0716706 0.0708078 0.0730357 16.901 31.7684 310.986 25.148 267.973 34.714 32.3753 0.0834558 60.5928 0.0696279 618.255 0.0696129 0.071295 23.6514 0.286239 0.0714403 0.722715 935.225 5.17048 49.6058 231.749 0.122271 0.0705985 0.0760974 0.395045 1.92145 0.0695934 38.9502 141.747 0.0697061 16.9648 0.0742653 0.0976429 0.0699765 1.00381 23.9861 0.135398 9.09367 123.259 0.0699747 0.0698774 4.92733 45.9439 0.0749421 0.0732816 0.0713912 23.3721 0.0714586 0.110325 0.07295 35.1912 0.0695972 90.7294 0.0696191 15.7772 0.0696607 0.105191 8.62583 0.0695933 1.68287 0.0987416 13.4511 0.0696008 0.0713216 39.3995 2.10677 0.0717983 0.075272 2382.54 148.726 6340.98 0.0696439 0.0709169 0.0782366 0.070415 0.0711141 11.4508 19.6794 1.39248 10.248 0.133802 0.0717658 0.212059 3.47703 0.0696871 0.0695936 0.0737394 0.071085 0.06962 0.0705316 0.0712012 0.117139 0.0701677 14.7176 0.0700009 0.0988244 31.7342 216.131 0.0699338 15.7178 118.283 50.4822 0.0698674 140.203 0.0707188 0.0696136 0.090201 15.3046 0.069593 0.107345 1326.18 0.0912494 0.0696149 0.0700864 23.9605 0.0695941 0.0743129 60.4212 0.0858964 0.0813453 96.6844 0.0704111 194.295 0.311975 0.0709197 0.0743942 0.0732732 69.1867 36.4728 0.0696801 6.39473 29.3676 0.0697134 72.2195 54.5287 0.0754882 0.069593 0.0708974 0.0698616 0.244888 9.68265 0.0696237 0.0699033 0.0719989 31.7243 24.9956 0.0696011 0.0733117 142.792 2205.54 0.0762059 111.126 0.0736001 51.6153 20.7887 27.8751 0.0715204 0.0697407 0.0708096 0.0711098 0.0723709 26.9959 0.0695931 5.77206 0.0700597 0.0710998 23.7957 0.0698378 3.01296 0.13042 0.0711257 0.0696069 0.07 0.069955 23.8329 219.048 0.0697648 1114.16 18.2813 41.1063 61.6448 0.0696504 0.0753557 0.0697084 22.2558 19.7866 0.483603 16.7536 16.6053 6.22258 69.5191 0.069593 0.069787 257.961 0.0739185 21.5943 1.26911 12.8242 0.074109 0.163595 0.104874 73.5048 0.0705788 44.8534 97.1804 0.102053 1877.46 0.0707019 0.141547 33.1328 0.0786467 0.0696218 0.0849517 0.0698757 0.0772407 0.0704524 272.185 0.0788385 0.0697122 0.424502 22.8181 1445.54 0.078543 0.0708205 580.024 0.0696289 484.589 392.15 0.868236 0.24388 0.0821933 0.0698936 3.10027 0.0844528 92.0061 19.695 0.0696953 22.7334 0.124979 0.069817 0.0730352 0.0700695 0.891629 0.0700665 0.069978 0.0734175 48.2524 0.0696692 0.0699257 91.4512 12.2171 0.0725736 33.6613 0.0760019 17.6567 288.187 0.0711377 49.0446 0.0696623 92.4553 15.893 27.7916 0.443439 70.1486 0.322971 177.513 234.106 0.0896098 0.273556 449.736 0.0695993 0.077814 0.115579 0.0708819 13.0307 0.0716898 0.0873154 0.069635 0.069623 0.0768003 145.173 14.5521 0.0748727 0.231235 0.0697991 0.0723921 13.6366 0.123646 37.4443 0.0722117 0.070094 56.0347 25.7719 5.46683 0.0696594 28.4224 5.11899 5.4267 0.069626 8.01241 31.7748 0.486515 63.9219 0.0697147 0.0699149 24.2439 154.408 0.0696538 0.0852731 25.5879 20.775 42.8947 0.0700861 0.102574 0.0699782 39.9638 7.30928 619.838 20.2991 0.0933267 14.2848 432.338 37.8026 9.66419 19.8525 0.0698682 0.0696569 0.0697474 18.5 0.0699334 0.444629 156.601 18.8065 22.1339 0.0773408 118.391 119.74 0.0726198 0.0696668 0.0752613 141.865 0.0695973 0.0695932 0.0696003 0.0750297 0.0712036 0.0699137 2384.65 0.0706474 0.111998 0.777404 0.0702867 0.0761186 0.0719325 0.0755466 0.0833701 1186.59 0.0696082 12.4648 0.0696004 0.0700579 416.306 0.0698764 0.0701985 34.786 0.0743752 0.0699927 0.0754146 37.4254 35.322 0.0731486 0.071842 0.0700267 69.9118 2.17948 0.0704733 21.5913 0.0701008 26.2251 32.181 1.29405 1.50117 2.50074 0.0752047 16.4028 13.3758 0.070409 44.5748 0.0972583 0.191115 71.955 0.0696023 0.0829841 0.0696812 105.429 0.0695934 0.0747084 0.0706067 0.0696416 16.9788 0.0710045 64.7826 0.0700606 0.472465 0.0706765 0.0696008 0.357693 0.0696305 259.078 1.52228 27.9513 148.26 0.0701938 0.0699556 194.974 0.0896096 66.83 0.101207 0.0704123 50.2661 263.214 0.0724408 9.76005 32.748 0.0734546 18.6242 0.0695958 0.200347 52.6272 37.8297 0.622141 236.369 0.472584 88.5498 0.0696604 23.6355 0.073071 815.554 0.0696043 0.0695947 51.9112 0.069772 0.0751515 18.8857 62.675 105.715 10.0367 344.266 245.874 8.15152 23.9014 70.9035 0.296117 32.8711 0.0697878 0.474163 0.349007 19.3421 8.96429 0.0696251 425.086 4751.11 39.5525 0.069593 0.0708937 26.5218 0.0730026 0.0697545 0.072229 0.132049 0.0703208 0.0716188 822.806 0.0702696 33.5158 41.9976 0.0864894 0.0729193 14.9507 15.2877 0.0697925 19.2004 0.0827603 2356.89 0.0718164 0.0884549 157.898 150.37 97.6418 66.4429 0.0705078 0.0697815 0.0697573 0.0697868 0.330999 0.0722122 8.61145 0.0705087 0.263002 0.0695929 0.070868 25.5079 0.0744427 0.0701129 0.0766968 932.384 0.261277 158.752 21.5557 3.3082 0.0906201 659.678 0.0695941 60.7555 0.0696077 24.0247 79.0826 16.8221 0.0745445 224.33 0.0697649 0.0696225 142.053 128.697 0.0809598 15.8522 0.0713906 114.296 228.454 58.077 1228.25 33.4345 0.118813 0.136293 88.0264 229.493 0.0708682 0.0696754 0.0695931 512.913 0.0949903 87.1501 0.113313 635.422 68.8259 0.0696325 0.0744846 37.441 20.9885 0.0783044 0.0696365 102.52 197.297 0.0699904 0.0979169 243.065 0.0697268 0.372033 0.0763291 0.069694 0.0695978 111.592 131.023 11.7393 44.8612 716.134 0.0982883 65.5434 6.22812 0.171338 164.302 55.672 751.929 0.0859541 0.0874014 0.154268 0.0696457 0.0699661 331.009 0.076925 226.521 11.9479 0.0700562 0.0705162 793.512 0.121306 0.0701945 25.8844 0.0714171 0.113075 14.3685 89.8008 27.2615 59.2131 22.3069 85.5693 0.0788963 20.9186 155.408 42.198 0.0824057 19.7244 2.87106 81.5802 0.0696103 0.363229 0.0698471 556.45 2.67247 0.0706622 0.0852212 151.679 19.0478 0.0700008 76.8233 0.0704963 7.1842 0.0724437 28.1782 3.82541 16.3691 0.0696822 629.679 76.2634 19.4092 0.0777187 51.638 0.0758699 0.0695939 0.0698418 0.0696786 0.100781 0.4565 201.458 19.2899 76.548 0.0809429 0.0729615 273.351 146.672 0.0699712 0.0698617 0.0697415 0.0712312 324.307 0.0695934 44.1258 0.0874156 11.8594 63.2199 25.5079 0.0715716 0.0704791 66.564 0.0718885 0.0706228 11.7999 21.7128 0.184817 0.0709121 0.0710417 23.3279 19.3407 860.556 0.128753 0.0696331 49.1575 16.901 32.2383 0.0696066 0.0699346 22.6049 58.0019 20.8191 0.0696058 41.2792 65.961 0.136369 0.0754413 2235.24 58.1178 0.135578 87.7604 0.0695932 0.18696 0.120908 0.070277 42.5175 0.502003 22.0169 5.52268 88.2619 755.769 0.0710761 22.1763 0.0697876 0.0698376 0.116947 119.042 39.1122 0.0701169 47.2459 378.428 1189.61 0.0716434 141.224 272.051 0.0695982 51.4194 1572.19 0.069697 0.486344 0.0957516 15.3998 1396.41 0.069773 14.6974 0.0739487 51.2853 32.0179 11.3772 19.3198 0.415023 700.823 0.151635 65.8649 353.032 22.7818 32.6413 44.0313 107.076 59.676 20.6421 0.0696766 213.163 145.125 23.6438 0.076345 23.9697 0.0696819 316.121 19.695 6.93018 14.0961 0.0696023 0.0697217 0.069593 0.0748104 11.2635 0.0696056 32.9607 0.0698945 21.7128 3.3328 0.0697494 266.982 133.549 0.0708255 12.0379 0.632571 84.244 75.1703 0.0696397 0.100344 26.5797 0.0861614 0.0701526 0.0777499 0.138418 0.111703 41.6793 0.112287 0.103849 119.653 0.070315 15.6323 402.762 0.155242 0.0696169 22.3626 13.5809 0.0753134 0.447443 0.0695936 108.021 0.0718892 84.8974 0.0700097 14.6084 25.8268 0.0707555 19.3196 71.4984 35.5346 0.0698221 0.06965 0.0695976 0.0700209 0.585258 0.0753693 21.6342 0.0696938 0.0819198 83.5287 15.6295 19.7128 0.0713167 0.0746572 22.8803 194.522 77.6226 0.0706502 278.261 0.168522 0.0843847 0.071183 4.35247 0.11935 0.0695937 0.0699813 0.0696038 102.863 87.0735 36.9587 72.121 121.945 11.1791 29.1696 26.1221 14.7991 0.0696999 45.9301 0.0696603 0.0696179 0.0696292 0.0695952 0.0695934 13.7281 28.2137 0.0698705 0.072693 0.84701 234.791 0.101708 0.206776 0.106883 32.3305 24.7625 0.156114 0.111541 249.545 80.3937 1.40821 0.0699413 102.191 22.6671 26.5199 0.0695963 69.2608 0.0696785 0.0975271 0.0761066 0.0699333 8.40556 0.0741174 144.601 2.41874 16.1035 211.185 0.0696486 0.0703996 0.0704632 25.3849 0.0705027 75.1575 70.2168 0.165911 0.0964834 0.0731037 20.2655 14.3024 0.0704753 8.49686 209.461 0.0746743 34.9648 95.8882 0.0696429 0.0696565 17.4121 0.069637 27.9741 227.26 33.1223 1.01342 0.0755103 0.0797069 13.9914 6.44802 51.1562 16.4402 0.0697068 0.0698671 0.0862499 23.3156 0.0701986 121.235 0.728819 0.0696065 0.0712475 0.0697857 0.0696064 1.04955 0.0708395 0.127892 0.0696192 40.2063 1.13978 0.079171 181.156 18.1088 0.0698937 0.0711876 0.0698296 0.0777188 0.0698106 0.0821918 193.561 0.0697088 54.9633 0.0700358 0.0701361 20.9484 0.075159 0.0696111 74.7742 1052.88 83.5855 25.3423 7.90467 12.474 221.178 0.0698798 0.0697567 0.0719875 85.8327 0.0696042 0.0705927 506.684 0.0718622 0.0706349 0.0697457 0.0696229 42.2449 60.4665 0.0737809 0.0727332 0.241629 0.0706191 55.5603 39.6182 0.0706871 69.32 0.069995 0.0695944 0.0821215 10089.1 0.0696247 0.0711422 0.0698968 0.075998 15.5787 52.1049 0.125311 34.2106 0.0997097 0.0712887 26.5199 0.23377 0.0696412 0.110555 177.352 101.762 42.8082 0.0696132 16.3302 25.7817 0.0696154 0.0698282 0.0696258 10.4632 63.2055 0.0700328 0.0696041 0.214535 20.4807 91.059 75.8863 84.9216 110.176 0.282242 25.9231 0.0698422 0.069647 13.5499 0.361969 0.0695958 0.0696665 140.596 0.0695938 0.116257 0.0889556 0.0700509 0.0698344 0.070127 10.2792 141.986 16.4705 46.186 0.0695948 82.8588 196.96 0.069922 82.6063 12.2693 73.1118 99.188 95.97 0.0700102 48.0603 0.0746724 0.095752 0.0698177 0.069659 0.0885717 11.2803 0.506505 12.8657 0.0879711 23.1393 0.0696237 170.446 0.0695948 0.0696136 0.446204 0.0716034 18.0727 0.0807414 13.9734 0.0734656 0.0745305 0.0700874 10.8397 0.0712692 0.0696152 17.471 33.7218 137.25 0.0976012 7.47143 288.398 26.6133 13.009 50.4981 0.0737492 80.2568 0.0697981 0.0697607 0.641731 0.113435 7.35276 0.0724296 9.45184 0.0741387 0.0714141 12.7224 0.0703467 0.0696021 19.9494 0.0695946 5.66467 119.086 0.0724822 14.9507 56.4098 10.9983 0.0724216 0.0695954 0.069622 0.165369 0.0890937 0.0702734 4.23981 16.5821 0.38108 0.0735544 0.256316 79.588 0.122182 0.0705079 1016.56 0.0727621 0.071215 9.71238 0.0805342 54.0969 0.069672 0.0699056 48.3123 0.0698746 94.675 0.0775536 315.345 23.299 0.0696077 12.7224 314.195 0.0703854 0.0724611 1078.17 0.219807 0.0755176 0.0696394 33.8671 0.076764 166.231 2.20679 1.90895 0.141127 0.0817751 50.161 94.5524 0.0729988 148.363 851.329 0.0703917 7.05501 0.097858 0.0699881 79.817 0.10601 0.0738973 0.0695989 19.1145 0.175521 0.0698801 16.3297 0.0928798 0.0722434 0.140654 6.76126 0.0740202 0.0695941 18.8808 0.0712761 0.0698938 0.1027 0.0719074 19.4877 0.0713636 29.1195 0.0706533 485.772 0.221756 0.0696454 9.20567 22.9993 80.7647 0.069593 0.690471 0.146094 0.070857 0.0695935 89.4547 84.414 0.0696604 0.0696419 7.01059 18.4076 38.4282 0.0738961 0.0724459 4.28874 27.6248 100.374 52.6927 22.2978 0.0695973 112.076 1.95191 7.24921 0.0698647 0.105143 0.139607 0.0707742 5.26629 21.7453 0.0696004 14.4775 15.259 147.058 0.0859609 0.0812085 0.069595 0.071429 0.0720806 0.0695951 0.203029 39.8318 90.0878 11.4508 0.0699276 0.0850272 6.86889 0.0930124 11.904 0.104767 0.104157 0.0814863 0.177044 1.68353 0.0696099 24.7874 59.3947 0.069764 0.0738172 13.3963 231.971 0.124533 41.6118 0.069687 0.069593 14.6446 0.073725 146.343 15.1724 4.39474 15.8135 128.144 0.286269 0.0842587 28.1912 0.0698935 0.0980291 0.069593 458.297 0.0696207 36.2993 0.070762 0.456461 0.0697885 10.5796 0.102969 0.103742 0.0696032 13.9077 18.1891 68.3881 918.146 0.116257 0.0701978 0.069863 0.0723866 0.0721014 21.8615 2.69477 20.9757 0.0696085 0.0730721 11.5371 3.34242 88.3848 0.0750692 0.0854758 577.085 18.22 23.7808 0.0702542 2.55397 398.564 13.9981 0.0695947 4.65596 0.446235 0.069593 38.1347 0.154811 0.072717 21.2345 0.0701096 0.069675 0.195472 89.4439 7.19527 0.0871444 0.0739184 85.3059 0.0794967 75.0254 1.09381 15.6829 17.7394 0.0712613 538.678 0.0704371 5.65812 0.0695934 18.6622 0.069606 162.642 614.442 0.0696003 31.8228 0.0697716 273.046 0.133768 0.0798632 30.5746 0.0718457 89.988 17.4157 0.318054 64.7183 0.0735464 28.1782 12.408 0.069593 67.0588 199.479 0.0696132 0.944278 0.0719892 89.1157 0.0696795 0.0971212 0.0755558 0.0706146 43.6174 0.0697857 32.6722 0.0698004 33.8101 12.2136 0.0700294 0.0747387 25.7547 280.498 0.0710832 0.0801067 28.5493 20.18 0.0695984 0.158105 68.3686 197.401 176.218 293.403 105.553 18.6242 0.0695963 858.236 0.229833 58.1785 0.0696155 60.6523 173.142 6.97379 0.0696051 2.12143 734.376 60.9423 0.0931071 542.23 0.0714895 0.0696947 0.069593 0.0696826 4.45475 13.2337 0.0759826 15.2587 25.6611 0.114179 83.8802 10.2849 80.4824 0.0696055 0.111668 0.0695942 0.106213 8.59583 9.79424 0.0879216 0.231367 0.472681 0.0696449 0.0698806 0.0844106 96.3425 0.119274 13.2835 275.772 0.0835633 0.0826656 0.0695947 14.502 0.0816952 33.2896 0.0705945 0.0800484 0.0743819 0.0718596 154.244 0.100033 0.0706573 0.0696262 0.0703373 0.0779544 0.0695995 31.9617 243.602 200.551 0.0702598 0.0718105 0.0958 939.692 45.5362 0.0815602 0.069814 0.0695947 0.727601 0.07242 181.782 0.0697556 160.976 16.5162 62.9662 0.0699825 137.072 0.069593 25.9407 0.0827117 0.103109 0.0695929 0.0697599 18.042 602.661 928.32 15.535 12.8257 0.072229 15.2877 0.0941976 0.0696785 369.905 466.899 17.689 0.0696565 0.0710159 0.265392 0.0697913 0.345318 25.1723 53.1722 0.0820714 0.072264 151.818 0.070091 12.9005 104.237 3.72016 0.069989 35.2633 0.073703 0.182738 0.277313 152.01 254.846 0.0699198 224.354 0.069836 209.423 0.166415 0.146499 0.0716559 0.0698093 10.5651 160.417 0.0695978 291.574 226.801 0.350488 0.0696015 0.0702235 72.7744 41.1101 0.39996 120.226 0.0698411 0.0695933 158.286 0.0971116 406.061 385.948 0.0697813 0.236476 27.9624 69.8339 0.0710985 0.0730965 0.130421 768.411 0.0696547 0.83599 1377.16 0.0711415 0.0707497 0.0696009 35.2426 0.454432 0.0879511 0.118416 0.17851 0.0827548 51.9576 146.855 0.0696823 0.108661 0.421685 29.3618 45.4784 106.669 0.0697955 604.912 91.34 0.0697976 0.069593 0.0852272 0.0695944 350.021 27.1228 2.43148 25.5265 0.0706302 36.0723 0.143226 27.3192 1807.77 21.0924 0.069777 0.154298 0.0708164 0.0743948 0.205746 806.859 40.2334 339.828 10.3694 0.0696066 31.5217 117.248 0.071361 0.0702468 1391.76 438.122 0.0715317 0.107784 0.0702424 20.6035 0.353819 263.567 0.0959911 0.069593 5.44012 34.4992 0.197957 0.0711319 9.98035 648.453 0.0696871 132.051 0.0738848 18.0811 0.0742669 0.144033 0.0696186 0.0713439 0.0723421 0.0701207 0.0696781 0.0700662 0.069593 189.99 59.1882 0.069937 13.0127 0.186537 118.643 0.151114 46.958 23.026 459.954 22.9993 14.2226 75.6129 26.0918 129.599 13.9516 31.7498 0.0695949 22.5374 2800.88 0.0696761 0.0755971 0.623166 18.042 0.430896 15.2877 0.35071 0.0722402 17.2149 47.8608 175.849 118.183 0.350661 0.070012 21.0659 0.0704334 0.0712863 567.923 1.76504 0.0805716 1218.39 0.0698639 0.0822018 58.8565 0.956319 410.431 36.5463 0.085853 27.2403 0.0698953 66.2571 0.0699399 25.523 0.0750546 0.0698324 0.0705371 0.0696115 38.5503 0.069789 17.5803 424.966 259.857 210.411 0.0696345 76.4557 0.0704536 45.8639 77.8916 5.77206 0.0698222 538.266 18.9717 0.876691 0.0742131 0.0696116 853.506 116.69 14.0961 8.14012 5.88014 96.3651 0.069795 0.072456 380.396 32.6747 0.069609 0.072378 39.4644 53.7225 499.992 0.185898 22.9993 20.2776 68.5973 344.436 17.86 0.274815 0.0712521 49.2437 0.0780454 7.352 0.069593 0.0700743 229.489 16.5079 26.5077 27.3384 25.531 15.3831 14.4432 38.1771 45.4647 1.52327 0.087148 283.443 0.0786283 110.346 28.3527 59.4786 1616.66 25.523 0.0696604 20.7614 0.0780978 0.0778755 733.704 0.0696794 0.105254 23.6126 0.114728 1243.55 1116.96 0.212102 54.0522 0.0913777 0.545421 1.15995 29.4131 0.074531 0.151732 41.6557 100.087 529.891 0.0700743 0.0696104 149.018 0.305277 0.069593 0.0917231 69.4638 0.0926485 0.0696083 17.471 0.0697562 169.022 28.0694 0.0696746 0.0696582 0.0696128 0.154267 0.0696214 0.129145 0.0695995 19.4877 16.1016 30.3737 2.48748 0.0937746 0.0696693 154.144 0.111815 0.0756521 0.139563 0.0743786 16.4749 0.0707105 82.8021 38.7364 47.8213 0.0759518 39.9779 110.559 0.296881 152.204 0.0698812 0.52657 78.6742 0.0697623 15.2311 22.3858 0.0695933 0.0846312 3.62106 453.297 0.226184 0.0732899 0.0696571 0.0698987 26.0083 10.9046 0.0723079 0.0695937 77.444 18.4514 0.0703835 0.070404 523.316 0.113338 0.0709793 0.125841 1145.06 0.515646 24.5149 1614.17 0.0714232 241.669 85.3103 4.9551 88.9617 13.2965 0.0699258 0.0696056 11.0878 0.0722404 32.2347 0.0696022 0.0697351 0.0734249 0.0695955 0.0778813 14.68 0.0695931 0.0696011 4.39474 17.5561 13.2874 0.0695969 0.0864006 26.4964 51.9445 32.0816 5.17048 0.0703364 0.0697297 0.0695936 0.103505 54.3293 0.0696668 41.1425 0.0745275 842.084 0.0718476 9.91716 0.104658 14.1661 0.0966845 0.0756642 19.983 0.0695931 14.1312 2.6392 0.0701451 21.9122 37.548 61.874 0.0696674 0.0699484 0.0705495 202.394 0.165433 1.73949 28.443 18.5823 0.0696623 110.208 1.54763 0.0719263 21.8615 0.082561 6.95645 181.848 50.6867 7.91023 0.0699759 0.0700858 2.04223 0.08913 25.9465 0.0698328 31.1839 0.0700428 62.1407 0.0724569 1317.51 29.8848 222.092 2.42215 282.196 0.0695953 0.0737119 0.0703663 0.0762806 0.069593 0.120895 0.0696123 21.9993 0.0696348 384.069 0.126037 0.0700466 0.0695929 0.0696457 0.0702875 14.4431 0.0695944 0.0812504 9.29438 33.9425 0.0700872 60.0036 0.0697491 20.4521 349.653 0.385355 0.855066 0.242267 162.079 0.0772135 0.282853 6.82586 0.0702927 0.073243 0.069593 53.6477 34.3766 12.2171 0.0700765 52.3143 0.0755071 0.0696062 249.924 0.0698541 984.819 3737.74 0.0700398 15.6829 34.0763 31.0629 0.0750902 0.316672 0.0704813 0.0696211 0.0698667 0.0695945 0.0697415 0.0700931 206.136 0.0705492 20.4256 0.0697289 243.9 26.1026 23.6353 18.6178 0.0774726 0.0720882 19.8525 11.8848 778.515 0.0698258 0.0700272 0.0696949 0.0696001 0.257093 0.0696108 0.0698216 1146.47 1372.41 0.0734814 12.6558 0.0703437 0.0695929 1081.21 133.204 0.0696175 29.9597 176.619 0.069751 0.070656 0.0705972 0.0695934 17.8336 0.0695936 160.047 0.08158 0.069593 0.0698026 5.40867 114.394 11.6966 227.033 0.0928431 278.327 0.108865 0.0696186 0.715375 0.0696129 14.4455 0.0706735 415.712 149.245 0.516809 0.0696796 30.8537 5.61407 0.0713337 0.0696902 0.0696008 0.0697341 5.16007 22.813 0.0696489 46.335 0.342169 0.0697237 63.267 0.0739267 208.827 2920.81 0.07908 0.069614 0.0703016 811.974 0.0698595 0.0768198 4.93256 0.0696758 0.0699308 0.0705219 0.0696738 0.0697458 49.7467 0.157099 0.0795136 0.218254 67.6516 0.0698299 28.379 12.7566 20.4418 25.5482 0.0720993 0.0896589 0.0696419 28.5797 0.191433 0.0696427 545.374 0.073244 470.688 0.0755032 16.9059 0.0817724 0.0696014 0.385519 13.3758 0.0963652 15.0572 0.0701633 176.515 0.0696055 21.4976 531.743 199.732 10.5181 43.7791 0.0789145 0.911066 0.22277 0.0700994 0.271328 0.0700145 15.0118 0.166997 190.73 0.0699482 0.069593 0.241913 20.8555 0.0697273 22.0979 0.0699818 0.0704292 0.0708588 135.384 15.259 21.8794 30.4355 26.6978 0.103375 0.097925 0.0701053 21.0778 0.070052 1881.28 9.04638 0.0981685 30.4146 0.0696564 193.924 0.0727024 11.0879 29.6663 372.188 217.57 0.0699451 0.0980352 131.049 20.02 0.13721 0.0696041 0.0726516 0.937061 0.0858609 0.0796545 0.0753476 0.908489 23.9861 42.0062 0.0709124 0.0724893 0.0719911 13.9958 11.8295 0.0799797 0.0700871 0.0705765 0.0767351 108.928 16.7525 26.7195 26.1627 0.071716 0.223438 117.447 307.505 15.7183 199.581 69.6879 115.374 0.0697353 163.079 0.208716 75.0948 0.0719944 0.0697439 8.27036 0.0696672 0.0696968 0.0721431 141.32 268.449 44.121 0.157302 0.149953 0.0701762 0.0699958 0.376107 18.7388 26.5199 0.0698833 26.2383 0.0710986 2550.05 0.0716581 0.0705229 1856.49 14.6028 0.0718641 0.0695935 60.7307 0.0697 96.1197 20.3216 0.0696146 94.0044 0.0707883 0.073388 0.0695963 15.8993 0.0696344 35.3158 0.0704475 0.0696303 40.1117 0.0744532 2979.7 0.0757998 0.266956 43.8554 0.0833878 0.0716064 18.7553 0.0696845 89.8231 0.0707476 0.239115 242.493 0.0696317 142.559 0.160721 0.070147 0.0696628 0.0870142 316.301 429.174 0.360472 19.2023 0.0699054 0.131753 0.119823 0.0697328 0.0722802 32.2579 14.5317 28.3678 20.0387 15.9434 0.069593 118.792 32.2603 0.116059 0.0698538 36.7978 3.00483 0.0705181 19.9855 0.0695954 25.6635 0.0754765 0.0704283 0.0695969 0.0706258 0.0702735 0.0698058 0.0704194 10.4625 0.0711818 29.5304 17.9139 0.0705422 19.4207 0.0699478 0.06963 0.0697074 1667.51 0.0933783 1.54687 23.4813 27.647 0.0702094 0.0718745 60.2981 0.240139 0.146537 433.49 94.7938 0.0695984 0.0710269 20.2054 0.0698967 30.3448 0.100919 43.3147 0.0705359 23.3152 0.116123 74.385 17.6376 281.55 168.164 26.4508 0.144843 0.0728023 0.0777816 18.6869 17.7334 131.182 0.156419 0.070114 0.0885719 1.09104 16.9978 13.8105 0.0738207 0.166146 0.0991184 0.0698756 9.10511 16.3302 101.188 0.0696102 11.6564 1.803 69.4407 0.0703671 0.078604 0.987153 0.0719711 135.416 491.3 0.070242 0.0788082 18.5933 130.683 8.87523 5.67431 145.757 24.6029 735.454 29.3109 0.0699068 0.356698 261.659 0.10455 12.1651 0.140722 261.08 95.0716 0.460891 0.0712055 22.751 0.0721447 146.527 80.6941 0.230443 0.43164 0.069611 210.401 0.632847 0.071579 14.6255 0.0697574 0.0775114 0.0751534 0.0696415 0.0716474 221.73 291.988 0.0964334 71.6557 0.0703436 0.0732653 47.0466 19.4564 0.0696729 0.0695938 0.0737318 0.0781853 16.1561 0.0703108 0.108166 31.7643 0.226495 0.420815 1377.71 57.3552 20.6959 0.0695935 0.524725 0.0696287 0.0698754 0.0695939 0.0702196 0.0699142 133.254 0.0766004 26.1068 0.0699493 172.441 5.51661 0.0701924 3289.63 38.6649 101.058 0.069629 0.195928 0.0735362 0.069593 115.432 0.0712317 0.0695935 13.2564 62.8287 0.0745843 34.4314 117.294 0.0696638 0.12114 0.0699286 23.6656 399.884 35.6064 14.7185 0.0712945 49.153 38.3646 0.0698623 0.0713424 0.0699165 76.04 12.9288 0.0696521 30.839 57.5629 0.0762816 0.0696969 0.0699654 2043.5 0.14738 16.7532 0.7349 0.0750425 0.0706384 237.456 0.0762166 16.623 84.4056 36.0442 0.07906 0.0721183 52.1478 0.0695931 0.0696349 961.445 147.535 1.22464 0.0921053 11.81 0.94047 19.1935 0.0695934 0.0700723 0.0698351 12.8613 30.8221 10.7803 5.02215 0.0724127 1277.55 176.96 3.04687 0.117632 4.93489 0.0702029 0.457022 15.3004 15.0332 0.0696918 158.194 0.0866121 12.3404 39.9514 0.0700969 0.0697095 0.0705743 0.0696288 0.0696309 0.069593 23.3152 9.06028 112.32 0.0696039 0.0695953 41.6172 19.5647 6.5629 365.145 33.03 9.77497 1.79898 0.0706475 0.0703645 23.7295 89.6326 0.0740801 0.0950542 3.62091 0.122594 961.414 0.0697941 0.587608 0.0705819 0.945071 19.1411 0.0707028 0.0695937 17.4976 35.5729 369.233 73.4395 7.01059 0.14394 0.0779866 0.0697955 0.0835803 122.314 20.2106 57.95 2.86637 0.071722 0.0856675 593.793 0.0702377 0.075349 0.0701201 0.0699848 13.6707 0.0758207 0.0696033 0.0700294 5116.18 0.06965 11.7191 0.0950682 958.488 0.0696695 13.1018 2652.17 0.0702951 0.0699586 154.559 67.7239 13.042 0.0725443 0.0728618 8.69006 69.7299 706.355 2.85371 55.7981 21.1117 0.12604 0.0713361 45.8407 22.3024 2247.96 0.0706151 22.5028 0.0698663 111.194 0.069755 80.654 0.0697901 36.9362 0.0710088 28.7306 230.01 1.22864 35.4928 0.186918 10.3694 0.0730687 0.0700974 0.0843638 280.218 25.7659 0.075084 2178.1 15.1437 23.3279 0.0706234 26.1627 0.0697553 0.770597 19.5062 0.072742 9.25994 0.154385 0.0697794 16012 20.6269 0.986444 48.4624 0.380212 0.0696063 0.186198 0.0696136 17.1181 0.070975 0.230161 238.254 85.202 0.0895949 0.0696022 128.748 18.6219 0.0695934 11.6662 25.5612 0.0730212 438.727 0.076897 31.1874 40.4698 31.4175 0.104801 0.0959865 52.2867 0.0701862 0.069593 38.3181 71.2354 0.258566 75.5705 267.353 30.9991 0.0782063 3.07032 0.0716924 520.355 103.505 0.0729739 2223.41 33.6586 0.0710508 0.690899 1453.89 0.069633 0.0700276 30.0079 20.9185 0.202377 0.0827888 0.0696658 1.50117 514.895 0.0696486 0.069745 0.0712709 12.7505 52.0535 0.0810324 4.45475 0.765367 0.0731369 0.0696121 0.0814111 0.0799578 0.0699147 0.069702 93.183 0.0713424 1.50087 548.448 0.224464 0.0887164 0.0756908 588.405 35.1205 0.0952427 18.299 0.0698639 0.0696977 0.755247 76.2243 312.934 0.0852307 0.0713661 0.0697468 20.4688 14.8577 0.0839575 0.0705534 0.0777808 0.069662 0.512371 85.4508 0.100329 0.399068 0.0697722 6.93018 0.20467 819.69 0.0714925 0.0700266 50.4517 3.04641 39.8862 39.2702 16.84 0.0696363 26.5199 0.0738258 0.0696795 215.333 0.0697449 252.52 0.0704149 20.4418 0.0774352 79.3913 0.0705757 0.980288 0.0745289 0.0697691 0.0707892 13.8496 0.0704861 0.0741808 17.4309 0.0695936 0.130419 0.0707676 0.0959513 71.0673 0.0700186 49.6373 35.4564 22.1189 0.069657 163.51 0.0734656 0.0696401 0.0777184 199.946 0.192339 0.0697258 36.6133 1.55499 0.088791 0.0723927 0.069593 0.0734818 0.0713482 0.0755217 0.0701563 0.0697714 22.1859 18.5301 0.0708048 0.0722238 0.0705264 55.0849 57.3965 0.0719871 114.242 0.0903799 12.3592 0.0696855 0.0697263 0.0882368 0.0719834 0.0696695 0.0705522 0.0736322 0.128013 0.0696183 11.4348 0.0696182 15.2303 16.1799 1.58978 0.0696133 59.6212 0.0709668 0.0698084 0.0696522 0.0881434 0.141552 0.0701149 0.0717203 43.0195 14.959 32.8417 0.075493 0.0706838 20.459 0.106999 27.0086 19.8593 0.102624 0.0698418 0.0700416 0.092206 0.0811452 0.0739326 0.0696346 16.3844 46.2318 0.0704532 213.068 0.0698847 0.0708517 19.5062 45.657 0.0697916 0.114087 0.0699826 0.0969508 126.623 115.637 268.329 0.107075 16.0675 0.0698382 16.0959 0.156192 0.0716252 27.6583 0.076697 1152.03 0.0696171 179.855 0.0696776 29.657 0.0700184 55.0296 0.0697814 0.132047 0.0698235 1516 674.044 0.0696533 0.0709227 16.9978 695.729 67.5691 0.190176 0.0700466 67.8301 0.0700841 216.916 0.0695954 0.069642 28.6423 0.0763366 59.8992 217.883 0.103079 0.0696309 527.245 0.0701598 35.1662 0.16269 23.7985 2.42358 439.136 0.124916 0.130917 0.070711 344.166 0.0703635 34.2925 12.5336 17.9982 0.0712944 0.138536 0.0779082 0.0697826 0.0699939 60.4885 0.0775681 96.1319 1.41972 93.663 0.0723921 0.0869263 0.122076 89.6296 0.129455 0.0735507 11.9889 0.0697251 0.0757081 60.5944 75.5368 10.8395 56.8127 0.11708 32.1737 12.8314 0.0720131 0.0696655 67.3433 0.069768 10.7507 1.06221 30.8479 51.0212 0.0697846 15.6262 0.144668 0.0698954 0.0742569 5.65399 281.381 39.8644 0.62466 109.254 0.169983 359.217 304.314 18.1844 689.948 10.3914 11.3042 0.71446 20.7887 0.0799815 181.743 0.0938678 0.127507 0.0697072 4.94951 0.308778 17.9793 148.945 0.0697363 14.1542 18.7165 58.3243 3.04129 0.0739779 60.4745 0.0698002 0.0700862 0.0729492 0.0705425 0.542171 0.069593 96.6141 931.312 0.22549 435.763 253.433 11.2941 0.0708692 0.132954 57.3783 0.0697021 30.8537 0.0697263 92.2119 0.070541 17.2068 0.0833184 0.0696872 245.676 24.261 0.0817682 0.0771827 10.5166 0.0739764 0.0742567 4400.42 0.0702538 115.937 0.0698108 0.0696742 6.22258 4.72965 29.824 24.0683 36.9153 99.2143 0.0802289 102.694 0.0713247 0.679964 0.069593 22.8385 21.7003 0.0705102 293.987 0.0702883 0.0698983 0.0940734 1017.38 0.26639 0.0696418 60.3141 28.7244 0.0975105 0.124744 0.0713385 29.949 0.0857971 0.0872906 0.257134 98.6772 0.0761324 11.4592 13.5499 0.116436 105.595 0.533487 255.99 24.3941 21.3984 80.0618 36.0428 0.0696033 0.115497 0.0703009 0.0705086 13.7711 1.0735 0.0696153 0.0695948 0.0943246 0.0776588 0.0759656 0.0705355 0.0752638 57.6236 22.2486 1220.84 56.0131 378.478 0.0704829 0.0793068 114.165 74.226 0.0718708 19.8525 26.8677 0.0695935 237.604 0.0699999 43.9301 24.9655 1152.97 16.2815 0.0744092 0.0812658 26.4508 56.7762 0.0696002 3.05686 0.0696267 0.0695945 0.0734625 0.0759439 47.5092 15.2303 0.0767033 190.296 0.069593 68.8707 0.0711457 123.314 41.2127 0.0960211 0.0731787 23.41 0.0696058 0.069797 0.07111 0.0732714 11.9705 0.0695931 0.0704003 5.34786 76.1012 0.122164 21.275 323.062 7.12067 0.0699579 0.0705197 0.0696945 10.0448 79.6724 0.122677 581.12 0.0763534 22.9517 50.8469 28.5526 2.05163 0.0696102 0.070491 17.7037 0.0696027 17.2087 163.057 0.0706561 1117.44 0.416289 0.14513 0.0700356 0.0739206 0.0705103 0.0695932 0.08891 33.0656 2369.77 0.069609 0.0699318 15.9635 0.0696213 1830.82 274.485 8.1976 15.0309 36.4275 0.0696185 25.2499 17.7394 137.868 18.1891 20.3709 0.0696563 469.498 0.069606 0.0696248 0.0696015 136.626 0.0707838 422.248 0.147338 0.0700336 0.0696002 48.9807 19.6008 0.117147 23.9607 16.234 0.801515 210.076 634.438 13.1933 32.3305 119.18 0.0707121 282.497 0.445868 0.0848455 0.0705862 0.245473 7.01059 22.1189 0.0700701 0.0752618 0.0728787 154.957 0.0719266 19.983 36.5329 0.0942164 121.211 0.0701693 0.147104 0.17392 0.350725 0.0786068 0.33366 0.0695933 0.0714245 0.0696018 144.911 62.006 0.0697869 0.0763836 9.25878 0.0697377 0.333813 0.0721507 0.0771651 0.0703333 0.0707739 0.0695935 79.8621 0.0698003 0.617845 0.0696372 0.17096 213.991 185.662 58.0714 34.8281 10.1121 0.0696153 0.0695935 0.087726 0.0696961 26.7 2.33049 0.0828152 21.9256 0.0695972 22.7059 4.01815 0.0862509 30.839 0.142813 0.201107 0.0702658 2.31298 24.4751 0.0892613 0.0697327 0.0697283 0.0696089 23.8018 0.0812511 31.4576 188.579 0.0699528 0.0803867 0.0699761 0.107076 399.98 0.138241 0.162301 0.0957463 18.7901 0.0697446 76.4707 0.0740993 0.0696094 0.0821162 14.1457 948.748 0.0710887 0.0720557 41.2206 0.0699577 0.292505 0.073035 0.0698768 0.465367 106.914 0.0698441 0.360186 0.0698127 21.1847 22.8086 0.0695976 0.116919 0.0699917 0.958084 119.527 0.0751761 0.0826353 98.6669 0.0696935 25.2172 114.636 0.0759088 0.0696238 0.069816 0.318264 137.112 0.0719106 0.148625 0.0702566 301.874 0.0794535 18.9784 2433.02 0.0820314 102.069 107.711 8.40556 0.0696806 0.0707389 26.2474 98.1232 0.0802489 35.1637 0.070946 0.0708106 40.1074 0.07148 7.10893 18.1844 0.664779 0.0948912 32.2105 0.0696498 0.844155 0.069609 58.5058 51.5591 10.3271 0.0697073 733.241 21.6086 28.1 0.0701879 26.5628 334.171 0.0704363 213.068 0.0696758 204.471 0.0699447 41.1393 15.0309 439.63 0.13282 607.322 18.2298 33.1992 12.3066 15.39 55.955 0.0698971 0.069877 11.2803 9.44768 13.3047 0.0767312 22.7907 0.0698343 0.0716328 0.17116 13.3106 0.0697297 0.0695967 0.0709741 0.200651 0.071892 0.0701201 0.0699066 14.3071 0.0776033 0.0700591 33.5452 0.0820107 0.0718612 14.6518 85.9741 0.0699499 33.769 14.5457 13.5423 0.0705209 5.16007 0.439509 767.514 62.7505 175.043 24.1564 0.102702 0.0711928 0.0696185 0.0696862 68.7131 0.0718328 430.45 114.108 22.138 261.867 228.543 0.125921 0.232467 0.230665 0.0747325 0.0704052 11.9004 26.5002 0.0809039 0.0698802 0.0780756 0.0732575 0.0709757 68.3234 933.233 409.688 0.0695932 0.0867221 0.0746088 0.0697882 16.9724 0.0700615 0.0715025 0.179442 0.0860549 238.039 0.0736714 11.9527 69.4467 17.5958 31.3937 0.134456 133.934 26.3244 40.077 0.0699897 0.0697418 16.7757 17.86 1.69465 68.6787 19.941 0.0695932 0.0700002 0.0713735 15.4046 10.1121 223.994 0.0696639 157.158 78.4025 0.0743884 21.2379 0.076957 155.607 0.0695983 25.3841 0.0863734 0.0696005 0.0695934 0.0875362 0.106151 64.6908 0.11679 0.0801689 438.364 0.0697345 13.8684 0.0710988 0.0704136 0.0712753 22.1189 13223.8 0.101682 20.6421 0.0697115 0.0697974 0.0696853 136.442 0.0702267 0.108297 28.016 0.0701976 0.712415 117.693 0.0705391 0.0708801 0.0696648 65.1509 32.6552 172.583 3071.29 0.0697773 0.0696243 0.0701945 669.848 0.0710452 0.0778326 0.0702698 0.073048 62.324 44.9992 10.1121 28.241 22.9993 0.0699455 197.546 708.602 0.0715575 0.0696386 0.0812192 0.0704839 0.727783 0.0695957 287.732 0.07556 25.0974 0.0698728 0.070724 1731.55 1.35737 0.0885618 107.299 0.0750647 43.7082 0.0732689 12.1971 0.0699327 0.0713325 6.82159 29.206 1.01486 2547.18 0.879419 0.283693 151.079 0.0695938 15.368 17.8716 0.069891 0.13186 209.449 0.0695947 18.0914 0.304749 0.0716726 18.0087 14.519 0.465519 0.125332 16.5991 0.158809 15.0691 11.4834 325.437 0.0707369 0.0768336 0.0710092 16.6053 11.941 137.59 0.0702327 10.7089 0.0719947 0.069593 0.0785871 0.075945 0.0698773 83.8206 23.7734 0.069593 0.0735681 0.0765059 478.387 0.0698261 309.153 287.618 357.645 0.0695954 10.9654 16.3087 0.0700867 19.5386 31.4942 40.1004 33.1439 50.6141 35.7076 11.2301 10.3832 0.0703996 0.0700968 0.0701672 0.0703646 449.214 21.2779 1.56579 13.7287 41.9084 0.0696113 35.1821 27.7024 109.447 0.0695937 4.94951 22.3057 0.0941803 9.82124 1110.15 0.0698599 17.1282 313.306 0.0695963 0.0697826 34.6479 0.0700409 0.0854166 0.0697145 22.1859 108.531 218.986 43.2354 0.0695934 0.0698041 1.15176 27.946 0.104065 0.0723688 0.741709 0.0767965 0.0696175 363.792 0.0697257 100.18 0.0791142 0.191543 50.7379 9141.79 0.0937206 0.0696993 5.6336 48.8508 0.282389 0.0746373 179.558 34.2224 169.049 0.0950243 13.02 0.0751254 0.0741844 13.6555 0.0699225 0.0780562 0.0968197 716.187 0.0772092 0.0696176 0.0698057 0.069593 0.11395 15.1079 194.799 1.26087 0.0698427 30.9517 10472.1 815.259 31.1899 4.55317 0.0705398 1.41789 1.93879 17.2849 0.146553 0.0696979 0.069593 0.476272 0.0697583 23.1206 57.0994 1.10272 0.548401 422.467 25.5612 0.1643 874.02 168.261 0.0839554 0.070398 0.0708802 1.13827 0.370312 0.0753075 0.0703896 0.0791854 132.847 0.069629 0.070231 19.6694 60.2179 0.454835 255.292 3.05916 0.963151 37.1172 38.4349 10.5436 0.0709939 0.0821179 17.0262 12.8732 18.003 0.0841444 391.185 0.0699882 0.0794317 14.4354 0.302541 2.79789 0.0711591 0.0944618 12.2089 0.25034 19.1525 1.01497 0.097915 0.0749497 0.0710135 0.0697793 83.7794 0.0751732 0.15229 136.028 0.0725003 0.070533 19.7866 163.915 32.7886 0.0695929 0.367028 0.16463 0.0904766 44.1802 1.14402 23.332 120.492 0.692759 0.0696643 0.0696764 0.0716996 20.4691 0.069958 0.0697718 544.011 43.827 0.0696642 0.0705841 0.305109 17.4302 136.11 46.7563 286.996 0.073261 0.0700086 0.0765187 71.1554 21.8615 22.5205 0.127683 0.0730181 0.957409 14.3893 0.0718776 14.1557 56.4304 1.77684 0.885965 10.9983 120.547 0.0704363 0.385529 0.172541 0.166359 0.0716298 20.6269 0.0848943 0.310865 0.0719533 0.0706748 0.0696807 0.163935 0.0711342 0.0745806 31.2482 17.5793 0.0807886 0.729658 0.0696209 0.0695931 0.0695958 163.612 5.19597 0.0695931 31.1839 8.43609 0.0698983 0.0710461 1513.31 0.0728203 569.749 0.0729094 19.0542 0.171993 0.0696346 758.046 0.0759931 26.6694 0.0710076 23.0491 0.0696416 0.764602 0.148927 18.1888 110.921 601.137 11.6662 0.0698017 0.0738976 67.9954 0.096237 0.0705425 0.256792 0.0697873 1.2629 0.0724005 0.0703665 12.0125 0.0735521 0.0701239 26.1221 0.0700039 0.0695945 0.071502 34.1041 0.0711762 0.141822 24.0644 0.0698218 0.0706788 0.0741093 19.1145 105.809 18.1242 87.4885 0.0695999 11.3093 40.7086 0.0721827 1914.17 0.070167 0.0697466 0.0810435 85.1178 0.0702938 2926.1 0.0697118 166.68 0.0696648 0.0699298 25.8898 12.7345 0.0697193 0.0704719 0.0706967 0.0696081 22.8803 24.2066 0.12776 0.0879414 0.149853 0.0695985 0.0732375 0.0713352 0.417914 0.0729307 133.588 0.0695947 580.527 57.6131 0.113978 496.94 10.4567 200.635 0.0866956 0.115501 0.454766 2.03191 0.109228 2.90269 0.0697952 6.82159 0.076274 0.155242 0.0768068 0.0699333 0.0710534 0.0756124 0.0696673 56.7624 0.0733692 0.0696887 38.2052 0.0695949 0.113975 0.0697618 0.0712046 114.966 0.121275 7.64837 0.069593 0.114291 2.88772 1095.49 0.069593 16.7848 0.0710923 0.0710543 0.0711037 0.413817 0.203707 0.0728153 0.0740205 0.0785316 853.25 39.4948 293.579 174.829 20.3798 0.0702784 0.0696272 0.0715813 0.127348 18.7553 240.961 0.0695941 144.387 0.257634 60.4025 0.0714313 129.46 53.0366 14.4635 129.373 19.6518 0.118089 17.7193 0.0751882 53.5044 28.7411 0.0697557 0.0696251 0.0733946 0.0718508 0.0695929 0.0697313 72.3179 21.7128 14.5222 743.099 2.94635 0.0695962 0.077467 0.0695937 0.0713234 647.633 21.5159 22.2002 25.0912 0.0928034 0.113702 0.089663 225.732 0.0695942 17.4502 2538.51 0.0710955 19.8686 512.255 0.0717284 293.526 373.692 12.8028 0.403983 978.173 0.0704091 0.0702082 0.0697171 0.0695937 15.6295 0.0892548 52.0862 0.0939946 14.1018 0.0990035 0.198678 37.8829 7.60222 9.63507 58.233 11.2285 26.9212 1176.33 0.209187 293.252 23.0491 46.2376 0.0696344 0.0699219 0.0727567 0.0696088 0.0696353 0.0696443 0.0797594 0.114111 14.3024 0.0698803 61.7419 0.0718116 16.225 0.0701869 0.521252 330.18 0.0723767 0.069593 0.484811 5.40572 240.934 48.441 0.0695985 316.071 11.2301 0.079154 22.1189 6.35041 9.25994 7.79256 0.070367 0.0698339 0.0731366 0.0695987 0.0696568 0.252576 0.0700366 119.43 0.0696203 21.5422 0.0703602 0.0736766 0.0793655 15.4153 0.0695942 0.0701821 0.0759396 0.0768592 0.338646 0.0702921 225.707 0.0707044 18.6219 225.519 0.0771647 189.277 4.51456 27.9756 138.489 65.4613 0.0712379 38.976 6.71643 0.0708967 6.73031 18.6327 82.5174 0.0695937 1.20401 0.0789202 136.549 23.1705 0.0799336 25.9925 22.9993 1810.12 20.18 0.0709352 250.88 0.0703069 5.82339 0.187431 0.0738973 0.0696316 15.7747 0.0933701 0.0740997 0.0696077 0.0731875 0.0699748 0.0695937 0.0758838 0.0699764 0.0728323 0.0731092 168.884 4.89596 331.935 58.6225 0.0698194 24.7718 0.0765668 0.10689 0.0700196 0.786265 65.3686 10.9983 0.0750168 20.1202 0.0696074 145.852 377.076 25.0974 0.0774752 3.08841 0.0696249 0.345293 12.3592 34.2882 41.4127 0.0812818 0.0897938 36.2763 0.0696359 11.7191 0.0739226 23.9985 19.871 0.0696484 15.0009 0.0695956 40.2339 0.0829883 190.993 0.0704502 58.3432 768.126 139.622 4.11053 18.1844 0.0697191 36.2 0.0799765 0.0695938 0.0700579 11.8594 0.0696309 8.40556 0.072827 21.1189 0.0796476 8.74771 0.0737139 0.0706783 0.071063 0.13919 64.8975 0.0729834 19.8686 11.2925 0.0703198 0.110008 22.751 29.1195 0.070856 22.2666 522.696 102.678 0.0701246 0.0696762 0.0715526 84.4339 126.094 0.0748635 774.404 0.0695997 8.40556 18.0648 0.0702609 0.0697941 0.147561 143.111 120.805 97.498 0.0695938 1688.24 0.0716224 0.0726137 49.1843 50.0387 0.930131 0.0700374 0.0701095 0.0734639 0.0730548 14.4685 0.396037 61.1594 0.0703432 0.243528 2.11756 26.581 0.0696234 0.0699763 0.0705661 63.1035 0.283281 95.7939 3519.33 0.0807491 124.671 18.9447 0.0697172 0.123549 9.06945 0.198321 0.393971 0.0696971 0.222626 20.3216 0.0720921 259.544 15.8533 20.8337 0.401523 390.723 0.0702544 0.0703764 0.0712777 15.9073 0.0749901 33.2445 0.0697947 0.070427 0.0767354 47.2217 39.5049 15.1265 0.0699515 29.2429 0.159093 361.946 0.0814014 0.0696607 0.0732653 0.111435 0.0717926 73.9233 21.0927 0.0697716 0.0823759 17.4976 0.0695932 0.0696927 2183.51 14.2226 0.122084 0.0707799 0.06961 0.0705683 0.069593 26.5999 0.0700639 21.6769 0.0704466 0.0739329 24.4245 248.387 68.9378 270.272 0.0705033 821.949 11.2372 0.153701 68.9852 591.97 455.85 0.0708875 0.0703191 173.551 2.16921 0.123097 0.078956 0.0696929 31.7684 0.181423 2793.5 0.0696217 0.0698032 0.500624 147.664 0.074497 220.036 15.3898 72.7949 79.9059 0.0695963 0.435203 0.15504 0.0696057 63.5944 0.070751 0.0695956 14.169 5.07226 0.0716972 89.8707 163.18 20.6424 8.89477 8.27036 0.138965 0.0697759 19.7866 631.293 130.112 95.6186 33.1076 34.3252 19.2086 51.1078 0.0715549 0.081603 262.335 0.371343 0.0696176 1.38921 0.0704204 0.0701923 0.124804 0.0699402 0.0719873 27.7981 0.0979119 232.778 0.0799821 0.069593 2.60515 0.070189 6.4031 1020.98 16.376 1089.95 0.0698673 0.0728604 18.4807 148.299 13.3156 29.7028 76.1091 18010.4 18.1794 21.7453 0.0943277 0.237229 0.194368 0.071468 91.223 0.070292 11.8907 304.277 264.609 4.89596 0.0773762 0.0698673 6.78054 0.0695943 0.0706955 3.48357 0.270061 0.0696179 17.471 0.088682 232.531 0.0696193 0.072636 24.0644 0.162574 0.0704876 0.0705083 23.2608 86.536 0.0719951 58.4578 0.0719209 13.9242 28.7257 0.360421 4.4887 0.104038 23.0491 0.0695982 0.0697979 1.2083 1077.64 0.0706878 2491.64 14.9584 0.0794971 50.1235 0.0725918 754.657 0.15369 0.0697439 0.207661 34.3998 37.6245 167.199 60.0429 0.0888696 17.0054 0.0696197 0.0744978 0.0761998 0.456265 21.5526 0.0696025 3.13672 33.2227 2525.46 2586.77 0.069611 181.161 125.049 27.945 23.5733 0.0885443 0.0935807 0.0696303 19.9855 0.0696382 0.0698995 2.60627 19.5239 78.5259 381.732 33.3098 0.0696596 0.191524 10.0579 0.0699022 10.8506 0.0712119 1.09947 118.405 0.0702263 0.0699179 0.0696655 0.0708969 0.0696143 1115.43 0.0742567 184.268 0.070285 0.0723472 0.100985 569.438 34.4167 0.07028 539.92 0.0818598 23.5596 27.9853 0.0708626 0.0732861 0.0695932 1124.78 11.3886 18.812 36.4343 0.0787218 23.0595 68.537 0.365387 0.0695982 0.0696533 0.0696003 78.078 0.162513 1051.16 0.0763474 0.0696803 10.5132 21.7533 0.078823 0.0696498 0.0696516 0.0767584 0.0845265 207.114 252.178 7.07394 97.2688 967.279 0.0737176 0.0787008 0.0745201 0.069593 0.0704994 0.0769684 0.0770203 178.86 0.0696196 0.107403 0.0696388 0.0696617 0.171735 15.6724 2.65611 4.24934 24.2667 18.0048 0.532681 4.21967 0.0696241 0.119267 244.758 0.0706719 30.1824 261.323 0.0713396 26.3893 16.9788 34.546 1.57538 0.0696223 833.846 0.137779 1333.76 136.951 0.101154 545.101 31.1899 4.24781 0.0726491 161.98 0.0781093 0.0886533 18.0087 0.0696663 18.3584 17.1146 0.0836574 0.0701021 0.141991 0.0697017 0.0702273 0.0695952 0.0695971 4.40159 0.0985801 0.0749559 529.953 0.0742571 0.0696499 32.6114 0.0701832 0.0764971 0.0696516 1048.37 0.0703665 517.611 32.9951 0.127008 42.9104 9.27695 0.069596 8.01 106.386 33.8148 0.104533 28.4121 0.0912972 0.0712168 51.3761 0.777909 700.914 0.184436 104.668 0.069593 0.0718512 0.0712902 0.0703299 0.0841618 0.069607 0.0699526 0.532901 0.0727329 1428.21 0.0742685 0.0810632 2.03451 30.1266 15.2514 0.0805773 39.1964 431.01 14.9994 0.10662 0.0715747 322.157 23.3279 0.0695944 0.122102 5.55104 113.723 0.128753 0.83736 54.308 2.26754 0.0700227 0.0703969 238.108 78.7259 11.2372 0.0770223 3.57349 89.2916 349.3 0.112094 0.0755489 1683.97 2080.91 0.287612 2190.67 430.527 0.0710275 0.0853257 13.8124 0.167891 13.3252 18.2813 11.6679 0.0695931 24.5906 0.0696347 0.0721719 436.542 263.926 0.0696608 0.0700807 155.177 238.478 0.0708695 0.0696 0.380442 0.0793732 0.0701434 59.857 0.0695973 15.3831 646.266 0.0700623 275.022 8378.94 6.53342 12.4919 75.0461 0.180802 0.0711056 0.0696943 923.827 3.87048 2.11311 0.078197 88.233 0.0697629 43.2298 0.069773 0.0828816 0.069593 0.069593 68.8765 16.5297 0.0714392 0.0696801 6204.57 2.4309 59.0459 0.0727822 237.144 0.0695931 0.0697065 23.3735 0.0725899 22.1972 76.0437 0.99732 22.9585 0.0696268 0.0932614 38.1779 344.123 0.131002 94.0475 0.0702138 19.5984 116.809 288.627 0.131568 19.8448 13.7698 18.4076 0.0701636 0.0698301 0.0696187 0.0695931 0.0726468 347.592 0.120637 156.245 9.06945 101.812 0.0700859 262.318 139.49 27.0714 0.0712661 0.239329 181.973 10.334 0.0697476 398.738 0.0695933 1873.59 138.369 0.0821724 0.180305 0.0719608 179.611 31.0738 0.123773 0.0696097 14.5145 2647.39 352.474 14.1018 0.0872433 0.0865571 0.0716158 0.0710563 18.4253 0.0706833 0.0695993 0.285053 67.1463 0.0696034 16.6532 145.394 0.071981 34.315 0.093283 138.805 16.4705 4.47849 21.3345 574.434 716.656 0.190108 0.0852266 27.2277 0.102225 0.0799568 49.0932 0.0730218 0.069828 0.0726577 0.0726214 0.069991 23.9434 0.19076 218.445 13.5639 393.446 0.113979 0.203357 14.9311 0.271979 0.0700749 0.0695937 16.3297 0.0750985 0.0695929 0.0699218 0.0695985 0.069798 0.0709248 0.0696907 0.183044 0.069999 25.65 36.6133 19.9822 0.0695929 0.0705816 19.1068 118.162 10.2839 0.212101 0.131886 0.0755175 0.069596 31.4489 178.27 0.0704707 24.8297 0.0703112 0.070148 0.0697886 0.0825325 0.0696302 51.1602 111.489 25.0966 132.021 0.106771 345.756 537.863 0.0697455 0.70327 1.03189 0.069824 13.0586 30.9389 8.43618 127.568 0.0696757 19.6586 0.0698138 0.138546 0.0769804 6.11242 174.406 0.0940205 0.350674 142.084 0.172777 0.0701858 0.0823881 0.090405 0.0700205 90.2524 42.4879 0.0696481 0.67075 0.0696624 19.8221 3.75727 0.0696207 99.9559 0.0710905 16.2632 16.2378 0.074126 14.1382 0.0792932 19.7866 0.0696926 8.90655 0.0791575 0.0697579 0.0695967 27.5498 72.0658 0.0741901 13.3394 0.321835 12.0747 0.101095 226.079 25.0415 0.113025 80.0645 0.31826 0.0698939 44.9361 25.2106 70.9392 115.447 0.0786957 0.0696777 0.0698051 19.4564 109.45 187.909 53.3761 12.557 42.6075 0.074723 0.26215 9.78808 0.0700485 0.0707748 0.0824941 23.5028 3223.02 0.131924 77.8542 331.734 0.0696453 0.0696211 0.128198 87.5602 5.57448 0.0698564 0.0698632 0.246967 0.0695976 0.0696215 0.0695934 0.0696016 91.1493 0.0719571 31.7108 18.6916 0.349341 0.0704272 93.9186 0.0700681 238.027 0.251333 274.661 0.0707197 1.54986 0.070341 0.0719437 6.87448 0.0698044 432.758 0.0696115 194.793 0.0695988 0.0695962 9.37217 636.123 0.11062 0.070856 0.069633 0.070469 424.977 0.839848 0.996372 482.903 1.4161 4.46367 27.7968 0.0712622 43.4712 95.1538 134.183 10.7958 0.0696055 0.220237 286.99 18.5024 0.570839 8.96822 12.04 28.1782 13.2564 18.7257 44.4528 12.082 0.0729545 744.577 17.319 43.8709 0.0696042 0.0695932 20.6424 0.0709536 83.3921 0.0715017 0.073264 0.0696005 0.0704281 24.1462 0.0956101 22.8479 0.0734868 66.8662 0.0708881 0.0838956 11.1235 0.0734085 0.0700598 0.0717699 0.0861485 439.917 149.434 0.513487 0.0695941 149.167 0.0696129 14.2214 0.080865 0.0750223 15.1618 0.0916401 215.084 0.07065 0.0722103 0.0711486 19.4877 0.0701025 0.105149 39.6182 0.0712085 0.0696154 410.601 0.0695932 32.355 0.0803206 15.4818 50.2892 67.2662 87.5676 361.931 64.8488 0.136411 2.0228 47.2348 0.0696808 0.0730066 0.0723745 107.674 0.069593 32.3409 1.82169 0.189349 39.571 0.0732455 0.0700418 14.7585 0.30329 0.0864168 8.8858 0.0903325 0.0787608 844.338 0.794841 0.0695972 43.2516 12.0677 252.732 112.312 0.0702162 0.0700562 551.319 37.6472 103.866 0.0697724 0.0698642 0.0735104 0.289045 0.0708652 207.746 1.33439 2.84385 0.0701371 0.0991499 197.875 0.0696417 0.0705463 0.720444 0.0695944 27.7298 0.0696102 40.0344 0.0698538 158.296 0.619941 113.181 0.0696033 37.4883 0.0703869 29.3604 191.133 50.4555 0.0705166 0.316851 29.1477 0.0696146 0.076061 264.374 0.360667 0.072518 0.0717699 0.798197 0.0698335 0.0696076 23.2359 0.0701471 0.472366 72.3454 0.0695951 46.5443 0.0695996 0.386394 34.1787 0.0696023 0.0697467 0.0698782 70.6855 0.0855463 34.734 0.0695929 110.104 0.0699033 758.537 77.1217 0.0810717 22.2378 16.9055 20.6849 7.25507 0.181584 14.7991 0.0714003 0.0709544 0.0723704 19.3407 0.0824504 0.0718295 0.0797814 168.153 0.0706224 0.22367 13.3156 10.199 0.126039 128.136 0.0738274 0.0740229 444.059 122089 0.0698824 0.116151 0.070273 0.0744092 0.0701407 233.935 0.0706867 18.8611 273.414 0.0702539 28.4532 0.0704644 0.0696183 44.5951 147.401 0.0695974 0.0696017 0.226999 40.34 0.308601 0.0737849 158.65 0.0743744 25.0725 0.0731303 0.0707064 0.089156 0.0696037 230.017 0.0696912 0.10921 1.35317 0.0775305 0.0718025 0.0738735 754.439 0.0702835 0.0700726 0.10171 14.6185 0.0925399 7.30998 0.101677 378.875 54.8314 0.0697841 16.2179 2.02261 46.9678 15.7766 0.0697794 13.8715 0.111419 534.692 0.0703964 0.287677 0.0697235 12.7943 63.9052 471.693 0.071712 0.0733456 0.0697641 0.0768124 0.0839447 0.100485 30.035 10.634 0.0697256 0.0696678 18.0811 0.0701924 2.13151 8.40556 8.99107 0.069593 1.42255 0.0699672 0.0696159 0.0696399 0.069979 0.170141 0.0738607 0.0699653 0.069629 0.0703465 0.0879685 0.0696168 28.1782 0.0812126 446.842 9.2693 9.71984 358.794 38.2822 0.0695931 0.0701907 0.0705925 0.0697282 0.0696949 59.4507 26.0631 1309.36 29.1195 14.857 21.2158 6.56284 0.0695929 0.0728899 0.0757708 159.788 0.0782408 0.0776704 29808.7 0.0696718 1247.34 0.0699569 0.0695933 13.1723 0.0904151 0.077718 25.6492 0.0699149 12.3405 0.0739222 14.4468 1.69058 0.653097 0.0696206 15.6323 0.410274 0.0785402 165.593 16.2291 0.114435 110.899 15.259 125.341 0.0722499 0.070163 24.8551 21.8366 0.0755593 0.0701598 145.086 0.0744097 0.0696213 111.767 32.9387 43.7254 18.2235 0.0786889 163.234 3.9511 0.0842597 0.0732806 18.941 0.0745713 16.0662 0.228563 774.664 98.301 0.0697393 0.0697209 0.0702487 0.0785046 0.0695964 0.0700864 1.12176 0.0929282 0.0737189 24.1659 0.11537 81.6794 13.0002 0.0695945 35.1973 26.3632 0.0713737 0.0745457 0.0796266 71.0349 0.0696055 0.157771 24.3941 50.508 1.57556 0.427574 0.307398 0.0954771 0.070952 0.0713375 0.0697446 98.5354 0.166999 12.6629 0.0696129 11.9705 0.0718855 0.0696572 352.878 92.6327 17.9982 0.120892 0.181204 0.0714865 0.196155 43.3273 0.070173 0.0697306 0.0711397 853.216 0.0703667 40.0518 11.8704 50.9796 3.43593 11.7035 19.4871 0.0696163 8.79744 6.78055 39.1165 0.921804 75.4765 0.0700915 39.3939 115.781 0.0695929 306.351 6.40017 2.43846 325.171 3900.52 0.0707893 0.0753472 1197.89 0.0697721 0.0742015 0.0711116 63.5032 0.0989196 0.0715536 0.0722174 0.0695971 90.3132 69.8718 104.49 14.6682 0.0697438 20.0698 33.0421 10.7041 0.991649 0.0885955 0.0697312 1366.91 0.0697962 0.211077 0.0717857 27.7981 52.2265 27.7446 0.0696041 313.899 0.0952103 0.0696575 0.0745333 0.0696045 0.0772683 2.12127 0.0864279 0.540703 65.786 0.0696059 0.0739344 20.8654 0.135325 0.069787 0.0695979 20.9528 14.3895 0.120387 23.2055 23.5132 70.4822 0.0700793 0.0711208 686.649 11.7603 0.0890473 0.0749571 0.0699226 0.0866784 5.26636 0.110561 99.5179 28.6543 0.070413 0.0728988 0.0704037 0.0963982 176.224 0.0720464 53.3817 0.069594 17.8357 67.2539 0.069593 0.666323 1.4944 5.33064 64.5461 0.0722296 0.0696766 0.0720707 0.0700965 0.269121 0.0770464 0.069673 0.0717869 0.150264 26.5199 234.5 897.923 0.069777 102.195 174.384 532.386 26.2329 0.0701886 0.0697324 0.0696416 0.0747361 0.192127 3.00991 17.4302 364.969 0.0701704 24.6551 0.165119 0.0933749 0.0701285 23.3279 223.502 0.0704639 0.0932987 1036.88 0.0698981 0.0755024 0.0697596 0.074538 820.96 0.069767 0.0695942 110.042 50.2819 0.0696154 0.0696264 0.0702558 108.372 151.556 0.0696573 16.2607 0.06961 0.0789938 56.5121 20.0251 0.072488 117.76 0.474736 0.0699617 11.3772 0.0699034 15.8137 59.98 0.1738 0.259768 19.32 0.345021 30.9077 58.2517 2.4317 27.6744 0.0933551 0.0696588 45.0617 43.23 0.0742191 44.5431 0.0698993 46.8312 960.337 0.0699076 0.0696056 0.135608 35.6935 110.855 2.91689 0.074143 0.0696897 0.0707478 0.069668 21.6996 0.0695943 0.0980989 0.0696049 0.0742475 11.0775 0.0696002 45.3273 23.3152 6.31347 10.8444 0.69418 0.0700489 0.0711437 27.7924 0.0696884 0.0807021 0.0695969 13.2263 10.7352 0.112815 0.0696277 0.0699462 352.197 13.3758 504.071 0.0738222 0.0705699 88.9156 24.2543 39.341 0.0697694 0.0698649 12.2965 164.487 0.0778744 0.0697602 0.0892029 0.0705745 81.1235 347.443 0.0700746 0.72131 269.505 432.338 17.4976 0.0810166 512.234 0.0727109 0.229201 0.172554 0.0697721 20.6424 0.0737825 0.0718029 0.0703962 0.0696714 58.6122 0.0748522 0.100954 10.8953 28.6316 5.81548 0.0696012 0.0851079 11.2803 0.0937932 0.0697624 527.372 0.0696303 0.119646 0.0695982 0.0695963 30.9844 2.91582 0.0699748 0.0696257 15.1977 0.069599 1.52978 15.3724 21.9273 181.269 0.0695956 67.3274 21.4241 92.6965 0.19342 5.35131 0.0697639 0.162247 0.0695975 0.0740869 0.0695947 192.003 15.3073 24.55 3.18231 10.5796 43.976 17.0205 28.7239 0.0709455 0.0696197 374.238 0.0706821 1.5969 0.0730159 25.9231 0.0696731 0.0705097 0.0696879 0.0700458 0.0776585 64.0437 6.56446 0.0791762 0.102053 1314.42 0.0696242 0.0701263 0.069604 0.104513 22.3713 0.0739052 0.0696136 47.2272 0.0696068 0.0861298 1541.36 0.0701988 0.0889392 0.0698305 84.1875 0.0701822 0.0698386 5.97987 148.268 23.6729 0.0710009 13.3758 0.0698404 0.0695942 719.183 19.3007 0.594626 0.0825798 4.03486 0.0730227 0.0964001 9.38102 825.231 0.0789899 23.4699 0.0730439 0.0697669 5.57374 0.0742073 0.0696385 43.7707 19.0324 0.0701373 0.137825 0.0796963 17.1789 0.0783044 13.6707 0.183835 0.0696656 0.0745848 24.3388 30.8388 41.8351 183.251 0.069747 1223.02 0.0726847 255.681 0.0696575 0.0697063 0.069889 2.73672 6.44857 48.1161 0.0708269 315.922 256.001 0.0697622 0.0699217 11.9705 0.105523 0.0794901 24.0683 44.4641 0.0788606 0.069628 1183.62 0.0699891 30.5988 0.0696048 9.99132 0.160318 0.069593 11.3041 1.2076 0.0707967 0.0696015 7.30909 1085.86 428.096 154.414 0.0750172 0.0721238 138.818 0.069593 0.0697829 203.546 33.8102 10.2155 0.16639 0.117137 0.0701634 3.1909 0.0695929 21.6023 107.17 0.0697057 23.9434 86.3154 62.2513 0.0703965 35.8662 0.0711316 0.127742 86.428 0.069647 0.0696433 15.7164 0.0901444 0.258323 0.0696104 0.0703241 0.0696679 0.0710797 19.0542 13.1933 24.0247 0.0796339 0.148475 0.0701147 447.715 0.0799012 0.0767798 127.545 38.0618 143.451 0.0695932 19.9597 0.0697975 0.0695946 0.0718012 0.0733186 0.0784755 0.0701367 0.0717212 0.0707022 0.137056 0.0696806 157.402 0.0698183 0.069696 1.33816 854.35 13.0307 0.350451 0.0945551 0.0742906 178.896 384.249 105.329 0.0716487 0.080968 26.3888 16.5482 0.0701237 682.095 0.0757072 0.0698731 0.0861565 14.7228 0.0829444 2.11502 0.0702167 0.171652 8.62581 0.0774747 0.270066 1.85357 45.281 0.0705675 0.0703129 15.7203 0.0696303 0.103889 0.170559 0.0742518 116.215 0.126557 0.0744471 2657.45 2.1053 0.106583 1.83522 146.4 0.076423 30.6418 0.0696124 0.0729574 37.1428 6.82159 89.568 0.0723688 2.93831 0.0705364 0.0696894 44.5864 0.0725352 0.0695937 0.0696253 0.202969 337.238 18.1794 0.0706239 20.8342 0.837595 6.30714 641.551 0.0696173 10.1121 0.070935 578.062 0.74533 14.5726 0.0699655 0.0700753 0.0706152 23.9622 0.268086 10.8444 0.0696166 1.96736 0.0695956 0.107575 0.0695941 1.01483 157.458 176.302 0.0704451 0.0696039 0.0710584 0.0709784 0.0715215 0.0696148 481.032 211.22 0.0695937 25.6403 0.112852 23.2997 0.0733599 0.0720288 0.069593 0.0773088 0.0715304 0.0954516 26.4876 404.693 17.0825 15.5481 0.069791 0.12219 10.3694 15.0683 0.0706136 1.50522 0.0705417 0.101301 0.0700147 34.8478 0.0696774 174.859 51.201 0.0754835 9.04523 8.96429 0.0713956 0.069619 0.100794 28.6433 0.0755539 237.628 5.40572 22.6416 0.0696065 0.11082 0.0697194 48.9058 89.4878 12.4312 93.4064 0.788449 165.616 0.114579 0.0735621 0.865519 0.0697549 280.176 46.157 0.0696509 0.0751716 0.0705464 23.776 38.9663 183.218 761.326 293.348 206.926 0.0992644 15.7411 0.0695933 19.2249 0.0697631 31.4896 25.8435 0.0697917 55.4255 374.966 0.0788182 0.729535 0.070062 33.3896 65.1952 29.0316 13.6707 51.2764 581.885 0.0703044 0.0698692 0.0696097 0.103505 0.590869 0.0696241 4.61854 0.0696556 0.0886266 0.0910409 0.0979064 83.5937 4.67119 12.7618 48.8597 1932.68 46.9763 47.5411 982.128 0.0715344 15.4607 0.0701818 32.6747 19.6227 108.795 135.994 0.0879679 75.1247 0.0705114 0.0696166 0.0696704 12.264 167.503 429.256 98.0133 0.102343 26.5757 56.2922 0.0703042 1.65417 26.8717 1.41754 4.40467 321.276 0.0695931 319.936 0.0842615 61.1855 21.5557 0.0696354 0.0698908 123.285 24.2104 0.0695978 0.0699943 1259.12 0.0840487 40.2897 52.8027 18.6768 61.6485 0.30513 0.104284 0.255313 0.110822 25.4457 0.126132 23.1315 175.587 150.094 0.0698642 0.0696886 0.0701506 1.0599 28.7281 0.0697773 0.0717521 0.0718361 0.0696732 1393.91 12.6158 10.4689 1.00296 0.069593 36.2999 0.0695978 8.12844 1052.66 1600.04 0.069613 11.8704 0.0696662 0.594739 763.132 10.3403 0.069609 0.0768944 0.0697668 0.0857234 25.9368 0.0699309 0.195713 0.128693 0.0727182 31.1839 30.3737 0.0696819 1569.08 0.0696075 0.0902814 16.7766 0.0698175 19.5745 30.6749 18.2616 0.0705712 21.1654 0.0731712 0.194002 0.0695933 0.0695931 0.0697474 0.0697669 2.06602 0.0764499 330.335 63.3927 0.0699459 20.2845 0.0696516 0.0725194 6.88275 10.8556 8.75062 0.0709275 0.0695942 386.561 0.0696094 19.8438 0.069625 51.7775 2.21699 0.0703042 0.0696402 12.2192 93.6902 11.6345 0.0778576 0.0708115 0.404476 20.5906 0.0775118 0.0899805 470.106 0.069744 248.978 0.0708512 0.0698087 0.0736467 33.9824 0.13479 0.234384 0.0695959 0.0750982 471.698 17.4302 0.0706589 0.0697724 45.2251 0.0967128 0.071587 355.324 0.0815036 0.0696179 1.61223 296.534 0.079269 17.8352 22.6671 0.070945 22.0579 56.7515 5174.79 0.0860004 25.2667 0.0697739 10.1679 0.0745308 17.0968 0.0703462 0.0727848 50.7845 0.0696233 0.0849824 131.234 0.0704572 47.3744 0.0749841 0.0698631 44.121 0.0695939 0.131685 12.7566 165.451 15.8592 41.1844 50.8608 19.0026 89.4399 0.0695938 46.087 7.8807 0.0808389 78.1137 19.525 0.069599 0.0738782 20.4807 25.6359 0.0708689 63.2017 0.0696015 0.0709898 1.3881 15.528 0.088119 0.115506 0.0697071 1647.63 569.379 0.0704541 0.0700475 0.0707896 0.0751085 1509.83 67.9143 0.0700119 0.0992913 20.8555 18.7988 21.1148 0.37746 0.0729907 6.86059 0.0697186 78.7306 23.3152 12.3185 0.0780105 0.0723886 420.688 0.0697473 0.141972 362.493 0.0704435 144.612 113.157 0.0706119 1029.71 17.4159 0.0769239 0.0795612 139.071 19.3407 0.0705113 0.0710051 0.0695965 0.0894023 0.0729021 0.0695939 0.0695953 13.2835 919.263 0.0696072 231.966 89.154 9.59625 0.0859038 0.101494 20.9594 0.0696006 26.9584 112.85 46.0397 45.4176 20.6954 10.8985 0.072419 10.3579 32.6747 0.0698797 159.815 6.76787 0.805816 0.0696137 20.978 129.666 0.0720983 0.0748711 29.4938 0.0696061 0.128963 0.0713213 46.5137 16.9274 0.0696033 0.0696094 0.0758501 0.0696313 19.443 0.0701697 362.132 0.0720392 28.4663 0.101567 28.1782 0.317208 20.6424 0.0696409 0.070794 16.7848 0.070518 7.90742 0.069798 0.0816878 0.0711879 10.73 0.0696386 0.0697045 15.0009 65.8243 59.1339 20.8897 0.0768513 0.0698152 36.0076 131.513 1070.65 0.0696035 79.572 0.0697759 49.5413 29.5881 0.0696084 0.0786508 0.0783183 16.3692 287.964 154.939 1766.81 58.5364 0.0696781 23.0757 0.81871 45.5566 8.67546 28.4457 0.0889236 132.178 228.826 12.0904 14.5603 34.2586 0.14992 0.400148 0.0903356 202.145 0.0826304 0.0709063 0.0776635 0.0970442 15.535 260.654 453.391 0.0696238 0.0699236 0.0747628 10.4014 25.5612 64.7881 0.0699217 21.7453 243.914 0.380438 695.859 0.0941218 0.0799739 0.141498 83.7432 820.761 26.6599 24.0307 81.4793 4.87722 27.0729 14.2181 2.12109 0.069688 50.3808 0.0697272 0.0771305 3.12978 0.0698717 0.0696104 0.0706501 0.0705476 0.0700529 40.0026 174.295 198.855 6.297 0.0702803 0.0696344 33.7886 0.421133 0.0706592 0.0697448 94.632 0.0699229 0.0722192 0.0698872 0.069593 0.0698339 0.0732592 50.2812 0.0696237 15.0726 15.9635 0.073135 426.956 0.0712013 0.0849821 0.0695941 36.0682 29.267 0.0725815 0.162533 0.0697647 0.0873479 41.6747 36.8569 69.5535 637.118 278.503 59.2833 0.386534 0.0696196 0.819167 0.0698988 6.56283 12.2605 0.260367 41.2206 7.30917 125.248 116.372 7.01059 21.4976 11.7373 39.5476 0.19786 174.38 15.1079 0.0723885 0.0698828 20.4956 0.0697274 0.216568 15.259 0.0906654 0.0711989 0.0696604 10.9104 19.713 474.706 0.0707345 24.0683 61.469 81.4962 0.0698737 35.3158 20.117 0.0696718 0.0695973 190.23 0.0696968 0.0696678 105.862 0.0698825 0.104781 0.0696131 28.7239 0.0907692 0.0700743 183.557 170.511 101.963 0.0745906 43.8696 10.0344 0.0712377 38.5485 86.912 1.55658 75.0281 0.0702509 4.60536 0.0696582 0.0707183 9.06945 0.180742 0.069593 0.0706913 0.0696029 12.7505 14.0719 0.0699084 189.692 47.9027 0.0703162 0.0743419 0.0696175 16.7885 0.0709132 0.240165 50.9967 19.695 0.0701217 0.0712806 0.0697355 42.3112 93.5132 0.273616 0.237234 123.699 0.0710997 0.0701939 40.3724 0.0831898 0.143219 89.6289 0.0916401 0.0711271 0.0713902 0.0700853 22.9926 22.9993 273.537 36.6941 260.331 0.0703957 36.6113 0.069766 14.4356 0.0697079 23.3279 0.0831267 0.0776554 1.50117 0.0706621 0.0695954 10.7235 7.47143 0.325006 52.4496 42.2769 0.0695934 11.532 22.0458 0.0701299 482.107 0.0696468 20.6343 4.05131 0.0697444 0.0696453 0.0705777 0.0716353 14.9507 202.655 0.0695962 0.069593 0.0753657 1.43947 0.149932 0.07379 0.0764471 0.0696375 8.47576 0.0696638 0.0697378 0.0912464 0.156124 0.254977 39.6402 0.0706552 0.0701984 0.0697537 0.083956 25.9441 0.0702157 0.0739489 0.0971068 0.952499 0.0706314 0.0854212 12.2476 36.028 0.0809987 0.0860636 366.325 0.0696046 0.103027 55.206 0.0700309 0.810858 0.0699797 19.7029 0.0701085 0.0748105 0.0714214 21.7527 0.0816099 9.72239 0.0793149 0.0697584 1.2335 0.0701001 0.0732694 0.0704904 0.0697428 0.072842 0.0697769 0.0695931 4.89596 0.0698135 111.804 52.4193 3.72016 6.92365 240.688 444.85 25.5612 147.142 24.9287 38.6157 0.0844217 0.0696579 0.0705946 0.0740326 0.0697324 16.603 0.0698919 0.0711919 34.488 227.956 0.0697322 311.56 45.6714 0.0742817 0.0701973 612.18 0.15371 394.556 0.0996375 22.7818 49.433 0.0701733 0.986788 46.2511 66.7359 64.1789 0.0695957 0.0698195 0.0699544 0.189555 0.0712947 0.108793 11.4117 0.0697823 483.902 2.60626 44.1572 0.069981 12.0611 10.6666 0.0875804 0.0696356 41.895 91.1669 21.0659 0.0711151 543.165 0.0696928 0.100699 0.0696091 965.879 50.9467 1.14228 0.11863 1.37414 152.801 0.257158 0.0695972 591.772 0.0696198 0.070085 0.0715716 0.071929 0.069602 53.4401 72.813 0.0699661 369.846 0.105771 0.104759 45.5611 32.272 0.0698775 0.0703376 884.545 0.0696064 0.0696032 195.446 18.042 24.7104 0.0696622 0.0710086 532.574 0.0812825 33.902 0.0738913 833.319 13.4974 0.687461 0.0700141 15.1298 0.0695972 0.0696305 0.0706481 0.0697417 0.0707532 0.0698105 0.071404 7.49162 348.739 0.0961233 0.0815311 33.9432 0.069593 0.0696467 0.0695976 20.1908 16.6776 22.5492 419.204 0.385353 0.0696226 435.373 0.0700205 19.1019 0.0800693 0.07307 175.815 81.9681 0.069596 0.081987 0.0785939 0.0967913 0.196137 0.0758479 42.551 0.0697082 16.859 1.81447 224.42 0.159039 104.889 308.691 152.669 0.174797 41.1377 0.0703665 7.01502 0.0696559 0.0707835 0.0698308 31.1839 12.1651 577.004 43.7591 2227.94 81.7919 0.0723841 142.9 156.619 5.4749 0.0817614 0.0696299 29.7031 37.6981 494.245 92.9586 0.073183 33.3288 7.87169 11.3968 0.0700347 33.4829 442.116 0.0737435 62.799 0.232759 0.0894062 46.7724 0.0969746 9.08412 166.087 21.9008 234.294 22.5554 0.0696521 0.0704653 0.0732545 25.6611 0.0700656 18.3635 0.0701731 0.241285 0.0696382 0.0760724 221.52 43.3051 0.0696135 58.8046 0.0731501 0.0701149 99.6536 35.3793 64.1538 14.4834 17.1824 67.4112 0.0708106 0.069637 0.0902042 0.0698728 25.523 0.0696466 37.1787 58.194 13.4511 0.0696148 0.0745639 67.3919 0.0778723 254.309 0.0696278 31.4102 160.92 0.0781237 0.0695975 6.03843 1080.13 0.25451 22.8085 0.0696869 0.872632 0.696188 37.2393 0.100164 0.0774619 19.5062 1594.45 528.294 0.140414 0.0710473 79.7306 25.5555 60.3976 24.6692 13.2673 0.0702553 0.0695987 0.0695993 0.0776376 0.0695937 12.9832 6.94695 0.0841652 0.0769251 0.0813231 0.174317 16.4376 13.7684 26.2886 16.3846 0.0696302 8.97566 2.43225 0.070179 27.6914 0.0739473 7.8807 0.0736622 11.4508 0.0699136 0.639614 0.0701853 86.8358 47.6845 0.071406 0.0712139 0.0696788 59.5652 79.0123 0.0696082 459.98 46.4953 147.407 0.120679 0.0696958 0.0720855 12.4497 0.0696344 0.0702036 163.303 46.022 77.143 20.6269 0.116049 21.0467 0.0696159 0.072398 0.0701074 0.0698014 72.3087 0.0700767 20.0915 0.0716133 0.134762 50.3978 765.883 0.0696793 11.1964 0.107102 0.0747277 10.3646 0.0698133 2.17301 0.0697162 7.01059 0.0701434 0.0697693 0.795797 0.0781621 1.97341 2.12098 0.0713552 0.069714 0.0720014 0.0720132 8.27036 0.0742518 1.37176 0.0696068 11.7231 0.0792852 0.06961 0.0820131 15.0388 20.0129 0.0705556 0.158381 39.6085 136.834 0.081006 0.0806654 1647.34 0.069593 0.0722374 0.0710537 414.045 0.0709524 2589.88 18.0365 0.225756 35.0777 0.0714748 0.0754914 38.5321 69.8143 0.0713836 28.1819 0.103779 34.7707 54.12 23.7123 83.2973 1.54554 0.0711136 21.5557 0.0696801 114.147 0.0710062 19.983 32.7885 0.0699448 7.25571 0.077668 0.0695929 0.071691 121.197 3.25339 19.8686 0.0944097 42.4017 40.2302 0.0696641 0.0856616 39.8502 0.0734262 0.0840967 4.05149 0.0699889 0.0928636 0.552122 121.324 0.0708801 11.9005 0.0700316 0.0702011 22.7858 0.0696012 0.069897 303.693 56.0131 0.0711049 0.0700536 124.186 53.8966 0.380013 57.1316 4.29865 13.4511 0.388359 0.0737353 0.380012 0.117513 224.096 0.074964 0.0862106 1.07177 0.0918806 0.0717739 0.0696198 38.7141 0.0851622 16.3542 0.0697716 5.26812 126.119 0.0831819 0.0769013 0.0737853 0.0912496 36.1558 0.112468 98.208 49.2548 0.0748155 413.908 0.0768943 13.0421 0.0776122 21.6972 1.0838 32.9476 26.1591 0.149154 49.8747 657.119 10.3271 0.071984 0.0723792 0.0798197 31.1839 0.071815 1663.04 0.0717769 0.144479 0.07002 14.4431 111.669 232.425 2883.62 0.0699844 5.82338 69.7703 0.0695932 55.856 1688.76 0.0738146 0.0696528 0.0758752 0.0704455 0.0695938 32.6747 6.1041 0.0747402 0.657873 0.0868432 24.8865 0.0710797 0.0724893 0.225099 13.4764 33.8594 50.2339 0.101743 14.1394 0.622651 20.4876 0.0695956 0.0696691 111.871 27.4159 0.0750954 35.823 0.0702166 57.8066 106.919 23.0491 25.3541 0.0729407 0.0700947 0.57018 60.572 0.0716475 0.0698509 0.0701134 0.266124 23.4415 0.0695929 8.32306 25.9064 0.0837595 0.155242 0.0944233 48.3363 9.63507 0.0701672 0.0730015 57.5104 0.0703271 0.0695931 39.5622 1.41443 517.801 0.59413 12.2195 117.385 3.45545 36.3041 80.5503 0.478613 0.195631 45.3584 28.1758 36.0238 74.4703 12.1651 0.0696333 0.129734 268.916 17.2568 11.7542 1286.97 364.78 0.0699923 96.1916 299.617 0.0697224 4.35155 78.533 0.0706848 0.0699237 0.0701791 0.0708556 0.0765258 0.0695942 4.45475 0.0697852 0.0706175 0.0696147 0.0723812 0.0946008 632.332 0.0704601 264.435 0.0711478 0.0719431 0.0729785 19.0268 0.0699627 27.1503 366.858 140.712 22.079 0.0721865 0.0778702 17.0431 0.070416 0.069625 0.0697349 0.0864786 0.0828744 61.7456 0.0695929 18.5289 64.0848 0.0707078 0.0714235 0.0708737 0.0702876 8.55528 0.0701644 0.069703 0.0815589 0.116752 73.3235 29.8027 49.9214 8.43619 0.0714567 10.3271 34.546 0.0699029 0.13322 10.248 0.0857512 74.5906 59.1544 0.0738354 0.0700034 0.0699783 0.101218 34.1352 0.0770668 102.465 55.1465 73.3201 1143.69 0.118131 44.4806 0.0760003 0.0695944 0.0697174 646.49 0.1012 15.6829 24.8846 597.448 5.51117 12.2605 0.0695984 57.2252 27.8838 9.41425 60.6823 26.1408 39.1313 14.0961 2782.7 0.0697993 19.7315 0.0696785 3.07941 533.654 16.0605 21.1373 0.0796324 0.069593 0.0707889 121.389 0.070254 176.013 80.7512 22.8712 10.2071 0.0701311 0.0696469 0.0713593 33.8663 0.0702228 0.0696382 109.736 0.0695954 764.217 6.13035 304.635 0.0719529 0.0695938 0.072972 79.3394 0.0696277 0.06996 34.4757 0.0736841 0.0746674 0.0819793 0.0717588 0.0696472 0.0696212 0.0696731 0.0725975 355.098 625.067 19.8253 142.464 0.0929984 13.5499 678.78 0.0874403 721.658 0.0715374 0.0696621 623.303 19.7078 14.4613 5.77206 43.6293 27.1371 0.0699616 26.5199 0.0728233 0.0706227 21.6453 91.179 0.0704554 0.0697788 12.5631 0.0938816 31.8333 0.0741843 0.0864253 5.16007 19.8525 140.224 18.2233 0.0695937 2.99129 0.0708563 25.6542 0.0955492 41.7245 0.0710842 0.148912 10.7839 0.0702609 14.8832 0.0742568 0.0698439 333.205 0.069675 0.069902 0.692445 135.044 0.069593 0.0700704 326.93 0.0697299 0.171661 0.146021 0.178424 115.367 163.727 40.3148 31.5209 142.7 0.0697634 0.0714905 0.0731526 0.194986 43.7029 71.6161 0.0880841 0.0706328 0.0757354 0.271357 73.0442 0.0697783 0.198048 0.0695932 0.06988 0.0711649 228.043 10.992 0.0699427 39.7962 76.3465 90.6619 233.134 0.0726008 0.0697011 6.75035 0.069594 141.806 1.55498 0.0818924 130.127 0.0704426 0.615618 0.0696049 0.106477 45.7146 54.7135 0.0706578 0.0703542 21.9139 50.7013 0.0696978 0.069843 0.0700829 0.106415 1349.53 0.0731179 19.7707 0.0696566 0.0792511 0.0704778 10.0775 0.0695965 0.0866271 1400.64 145.429 12.1447 0.0719266 128.274 0.0933624 21.176 0.069609 0.130421 0.0709119 16.6576 8.8029 0.153738 15.6295 23.3572 823.664 925.451 16.4524 23.7804 224.262 0.0695965 0.0714466 0.106963 0.0698398 23.41 0.0697715 14.1557 0.0699292 0.0699102 0.0696911 0.0696508 0.0776017 0.162058 0.0697068 0.0732985 0.101648 0.860987 164.483 1937.68 15.9691 0.0724414 45.5571 11.6966 24.5539 0.0773718 9.08411 897.675 0.0704613 0.0697879 12.4919 38.5692 17.4941 0.0698688 716.089 0.0715092 234.531 0.0698404 43.973 0.0708119 0.13377 0.069825 10.7089 14.1464 0.233402 261.98 0.0696852 0.0726351 0.113025 0.0695999 254.345 11.8766 0.0886534 19.2837 0.193149 0.0759191 41.9964 0.0696383 27.4939 34.1367 0.069655 0.0793749 0.0822161 0.0771359 272.817 0.0737432 0.07545 979.127 14.0868 0.0695946 0.0698628 251.437 26.9158 33.972 0.0696756 10.5088 627.459 356.795 0.0717775 0.0723157 54.5 0.0698899 0.0697645 510.118 100.292 0.0803084 0.0710031 8.07777 0.0712031 0.115009 22.2511 35.0652 803.216 0.0743885 0.0933689 0.0695931 0.0705198 0.206395 13.1724 13.5283 0.0702854 28.0153 2.79123 299.602 0.11625 1.41226 11.7188 0.132003 0.0731564 26.0988 0.0827743 0.0725215 104.609 1138.26 0.0759623 18.656 49.7975 20.7016 0.06993 80.618 4.91545 15.904 604.973 0.0700659 57.5603 0.0955142 4.29022 0.305138 0.0757095 0.149418 22.2939 24.6119 0.0785467 0.175241 0.807596 16.3669 0.0696537 0.0701431 159.229 0.0696932 19.6518 22.4155 0.0723733 36.0511 211.191 22.7858 65.0802 45.2992 0.0772982 0.069593 0.0704121 60.3162 0.0736793 463.562 0.0768165 0.0701827 0.0698224 0.10042 0.070764 0.0703274 0.0701483 0.069696 0.0740168 0.0695966 16.944 14.1751 15.2001 0.0736641 0.0699761 20.1202 20.9484 0.071193 500.04 0.0704439 25.3541 104.766 0.0698701 3.0693 13.2564 15.1079 0.0707779 31.1839 16.3712 0.0751607 1314.54 352.668 1953.43 15.8533 0.069648 0.170764 1.14218 9.55588 18.6219 36.0516 47.7136 9.95186 0.071375 52.4051 0.0700599 0.0701363 47.1572 1978.88 22.1189 0.0698203 0.086414 569.883 0.0856222 85.7198 279.869 0.0696498 0.0765082 0.119375 0.0744466 25.0398 7.74051 26.4641 2.40946 0.0825933 0.0696517 42.6628 0.0698077 45.7623 48.3706 0.07301 242.139 0.0705579 63.524 0.0702373 0.0996545 0.210339 0.0709902 0.0702739 0.117753 0.203117 0.0906058 0.0695951 34.0559 40.1517 1217.86 0.0714538 151.325 0.0937647 0.0696374 0.394485 0.0708116 0.103768 0.0696003 94.6695 0.224152 36.4903 0.783459 0.0746546 49.0266 72.8487 0.0695949 0.0947902 22.9188 2186.95 0.0714538 0.0711709 20.117 0.0770868 23.3152 46.1769 182.039 10.4365 0.0696851 10.8409 0.113281 0.0696166 62.2984 7.8807 0.176817 187.828 0.0695936 0.0702682 0.0710071 17.1146 10.8444 19.1145 10.5482 0.0796978 2.12187 20.6269 0.119662 0.0724673 21.2697 0.069594 0.0696081 284.988 10.4827 1.72041 151.461 507.408 0.069593 0.12455 1703.25 12.7974 14.7312 11.6412 0.0695936 24.1462 0.0697822 94.0097 21.9824 0.084314 11.1964 16.0381 87.8728 3224 0.174218 0.208019 0.124121 0.0736143 0.0696395 0.0700538 0.0697814 0.0702557 0.0695936 108.535 0.0700589 0.0720162 0.0704721 40.0845 0.0696597 0.0710291 77.6126 38.4751 0.0696603 0.0698162 0.0699617 83.7919 55.2779 0.141022 0.0695981 0.0697691 0.0747752 0.0728347 0.0695954 0.0769758 7.47143 17.0018 0.227823 1008.22 0.0700088 15.2877 2306.59 424.651 0.0716127 0.106848 106.426 0.0756522 0.0704477 43.4319 0.0810713 25.5482 0.0721192 38.8355 20.9799 0.0695962 23.3572 0.0775657 0.0696111 27.9822 0.0761313 0.0699534 3.80794 341.975 139.014 10.4142 0.06984 17.0367 115.741 0.0697805 0.0777173 0.0698023 5.2913 0.0738424 35.5087 0.0698263 1.80811 6.64053 0.0696756 0.0733684 0.0700122 343.36 0.0967835 0.104015 0.0695943 0.0695952 14.4685 110.529 0.0864671 61.0814 229.49 22.0293 0.0728162 100.173 0.0765656 0.0956474 5.90756 0.0700541 0.692869 0.0698023 71.8068 0.0697457 0.0697788 736.878 19.9058 0.0695936 0.0723274 0.0786218 0.070052 0.0698618 0.0863094 32.6747 178.482 2426.32 22.3626 20.7317 6.79695 23.2896 0.0945072 17.5038 0.0723788 0.0703237 2.31135 0.128868 15.39 0.0696377 15.6312 21.7128 0.0699801 0.158653 1.34053 0.0696433 0.0700185 0.0736932 2529.27 0.424792 190.678 64.2006 0.0733654 0.286548 152.68 27.0918 3.18858 0.0798456 0.0713203 0.0706011 0.0696967 0.0696949 0.070411 0.0696094 1.76915 90.78 0.0721298 0.0695932 30.0249 7.02694 0.0696024 85.6777 0.0702606 41.51 0.141133 0.714279 0.0696475 1485.78 0.0741844 50.3484 0.0728276 6.66822 0.0716178 0.128662 0.0698131 68.698 0.0704819 31.7373 33.5158 20.0698 0.0698959 0.0703298 23.9347 0.0706584 0.0708885 2.29991 94.2086 0.0696096 0.0695973 80.7951 0.069594 0.069662 275.526 0.18168 372.613 0.0701878 0.069593 13.9425 0.0700341 145.306 44.7615 96.4665 449.005 0.0695953 338.863 0.078622 520.612 2319.83 0.0698043 0.0699865 0.0696069 8.79776 0.070947 53.0919 82.9054 61.6252 0.0921434 0.0702389 0.0695938 0.0695929 13.6663 0.0754436 1657.68 0.0742499 19.4247 0.069606 23.2896 0.160641 0.0803106 0.069677 1.74728 100.569 0.0835899 0.418429 0.0780537 0.0785373 22.522 439.608 0.0703789 119.191 1.54307 9.71238 31.8698 0.0889627 9.57729 132.269 0.0717289 34.2937 0.0817886 0.103018 7.88372 0.0721254 0.0702835 29.4818 0.0738171 8.6821 866.56 19.2837 0.0695935 63.5189 12.7943 0.0935934 0.0696731 1140.02 81.9547 45.8515 0.0710544 114.112 0.0704083 10.6252 133.457 23.9605 0.0717515 69.0726 0.0703557 27.8408 0.069982 0.069635 30.8692 4.05207 0.0764368 15.2721 17.6746 214.859 61.7872 0.967318 0.538692 0.950323 0.131999 0.571992 0.0706349 0.0700601 20.3216 0.0911552 0.0749565 0.146139 0.310252 4.73786 23.204 0.108566 0.102053 0.516934 1056.16 0.0809647 0.0713419 0.0696652 1552.85 141.154 0.121304 0.0718044 0.106531 20.4807 20.18 0.0778915 0.0705558 0.0713443 0.0703679 0.0696145 0.0713538 0.0701463 54.7234 0.0696484 22.3713 21.9083 0.0695976 0.0795672 0.0696167 0.0697079 0.0710331 0.0699414 0.0695938 330.203 0.674157 6.1167 319.736 56.8852 20.117 84.6804 6.82159 20.3216 0.380383 0.0697156 0.85816 21.0846 0.0695934 0.0741742 35.3699 86.8127 20.8099 19.983 0.0698032 0.0704499 57.5314 17.0137 0.088155 22.3069 0.206752 0.0696247 0.141231 0.0697631 38.8482 90.3755 207.309 11.855 0.0697944 149.79 69.6252 0.0696568 64.3594 0.402055 56.4483 0.0696192 0.0699371 0.453974 0.162533 35.7282 0.0713326 11.8704 0.0700375 0.317778 310.776 120.098 15.7524 9.9804 0.0705196 82.9252 542.643 1288.54 0.069914 0.073368 48.6609 0.0722809 0.0699702 0.0695984 1.04236 17.8252 16.7535 23.5596 0.0719402 59.0668 57.392 601.414 0.0716686 20.3216 20.9839 0.0762173 17.4132 30.6317 0.14226 283.57 0.0708848 0.0705783 1.25778 11.2803 0.0704336 22.7665 0.0696492 22.3069 0.0704557 0.071317 0.0702225 0.0717564 102.359 0.0697733 0.201052 184.399 51.9252 424.84 35.472 528.027 0.0697916 11.6662 9.46547 0.0723612 682.545 606.786 0.0755014 0.107074 0.0698778 103.654 0.0705972 0.0717526 91.7546 170.045 86.3916 0.070468 0.108504 0.0813236 100.72 90.3695 0.0703132 0.0819171 10.7352 0.0696346 0.0695936 56.7798 17.2708 0.0699031 6.42482 2.95996 2.72924 0.239249 0.109506 22.9993 0.0742653 0.0696539 15.8135 0.0700125 0.0737407 15.39 26.2012 0.071029 0.0875096 0.268666 131.101 75.5267 0.783375 0.0716128 24.3002 0.0705954 8.09025 0.0803171 26.6447 0.0702837 126.845 40.3288 19.4208 341.938 0.0802856 27.3937 0.847063 251.126 0.0997564 0.070682 11.1964 187.231 0.116951 4.2224 23.8325 29.5799 17.4818 0.0696013 19.0279 0.0751942 0.0696519 0.0756577 822.162 203.247 1627.16 1.96719 0.0695935 62.0427 0.0714903 172.567 30.2047 17.1471 43.3988 169.286 76.7118 0.0699592 0.0698275 0.781445 24.9763 56.3175 0.0703247 0.124133 28.1782 480.662 0.0696078 0.945346 116.457 0.0869893 0.0768029 0.0781325 45.1549 0.48607 0.350652 14.2983 0.0975793 0.0701011 206.879 0.0771664 0.0695971 778.42 55.0761 0.0695934 87.0331 42.913 17.471 38.3745 0.0798909 38.9683 0.0696879 177.969 0.0696554 0.0708799 0.0700019 17.7649 97.3537 193.535 17.0825 42.7691 36.0933 0.0696785 21.7128 0.272725 0.0812222 321.205 0.0792795 1.89239 0.0787135 0.0702874 0.0710024 0.0793383 0.0771936 42.8753 0.129175 23.2359 0.0695931 37.4503 0.0797588 31.4818 0.0916401 17.4302 0.06965 495.137 7.90467 0.0697623 0.72937 0.090671 64.7253 0.0696636 0.133101 89.9152 0.0720425 97.1094 0.069593 18.8808 0.0710683 13.5491 127.211 9.59625 0.0697723 91.8509 0.0696433 17.59 0.0723926 0.069593 0.0704007 10.5471 15.7189 0.0697773 0.0696755 63.0016 21.1789 0.447366 9742.26 0.0696059 0.0794869 0.0698302 0.0697969 0.0732815 174.953 0.0795519 16.7238 406.071 0.0706832 16.376 0.0849049 0.97694 26.9001 0.0696387 0.198564 0.0695962 436.061 0.724989 37.5373 25.6542 0.0749181 0.0696958 167.554 0.0699487 0.121965 9.89428 2.43587 0.0959579 0.0696587 0.0784346 77.7967 51.7053 21.7615 29.9936 352.802 15.735 0.104923 0.287127 0.0921582 0.0703004 1503.02 12.0711 71.4966 0.0708561 0.0881019 0.917844 15.2311 0.0698026 0.0709578 4.72863 0.114948 0.0695947 39.4657 0.0903354 0.0699134 191.363 0.0699066 70.5826 38.7949 25.2248 0.0695945 0.156883 13.9425 0.0768608 92.0541 15.4818 1429.94 32.6484 0.0697448 0.0695934 0.0696264 13.3771 91.9445 0.0695954 0.0697285 13.5496 26.7671 0.0696884 31.1552 655.927 218.123 0.0985478 171.341 0.0896964 8.65237 126.729 0.0746795 0.0758105 75.8609 29.9944 0.0893288 0.117531 0.0697692 0.0705314 19.7866 0.0866211 0.0704185 0.0695934 5.07168 609.064 0.071996 30.7623 0.0782793 0.0707331 14.2181 2.43125 22.3626 0.0753697 55.0648 0.113516 0.0763844 14.7033 0.0712647 34.447 0.0706185 0.0705383 95.736 0.0789343 1.04089 0.0896097 0.0896133 0.691829 209.312 0.0699134 486.092 0.704295 0.215351 0.14943 0.0697123 0.0696119 0.0885856 0.0696589 48.7187 125.901 0.0879569 0.0695929 164.766 0.0817583 2.97352 415.131 0.070024 0.0700106 0.153729 0.0717583 0.0842559 0.0773322 59.0724 681.19 0.0709402 77.106 0.0706636 0.073207 34.6374 14.7317 31.7527 0.0814298 0.0742473 0.0696068 0.0739513 77.0046 0.0697619 13.2508 0.087348 79.0019 0.105089 0.0713015 12.6007 0.0697151 18.392 0.0721179 177.35 14.6446 12.7865 197.969 14.1751 14.7559 0.0709978 0.652855 142.143 28.6211 23.3279 217.11 0.0723698 0.546192 0.795202 12.0115 761.684 1781.06 0.0698894 0.108008 40.1039 0.0697176 0.0696894 0.0732704 13.5043 0.0717791 0.0762198 50.8046 284.285 44.2114 60.9899 16.376 0.301193 0.0736605 0.104843 0.0698748 0.446355 0.0753404 536.066 0.0702571 0.0798256 70.0425 0.0703864 63.8565 0.0710228 74.0745 0.0738623 0.086496 0.0744484 0.0695972 58.2525 0.0696517 0.192985 0.0778662 93.7619 0.0696392 0.0719415 0.0696887 179.105 11.9967 23.2055 0.0701105 0.0715092 747.556 0.969535 0.912862 390.181 0.167328 0.114715 0.0950456 25.3541 13.5456 0.0702833 0.0702084 0.0697019 33.2709 0.0764209 22.1859 0.0753961 0.0792295 9.30373 0.0696914 0.0928675 0.0756241 1.61551 50.6406 433.221 10.5475 0.0775302 0.0698133 0.0724531 0.397278 61.7988 0.0705482 113.973 0.0737119 27.7178 12.7328 0.0719206 0.0696088 214.538 0.0756768 274.414 5.16007 172.595 0.0754188 7.60835 13.9242 0.0695935 172.6 171.828 1.18597 0.384054 412.935 0.072494 0.0722499 0.341756 0.0742172 0.0695971 0.0712551 134.894 0.0771772 11.1363 275.394 18.5867 138.111 0.0696457 120.038 20.2068 0.115905 0.0710539 0.0699523 0.0695949 0.0695943 0.0696603 0.0714459 38.7016 23.8172 0.140041 0.165404 8.60295 274.207 0.0699491 0.0698057 0.0761785 1221.86 99.0629 0.0697883 0.0774755 0.0699522 0.472487 107.385 1.55889 0.153713 0.126414 15.3004 4.94952 0.0696478 0.0736627 0.0709768 46.8721 23.2359 11.2911 21.9421 0.0696481 9.83634 0.597092 0.145491 0.0707889 11.3093 0.0698824 75.0837 0.134494 0.0714502 20.9799 662.67 78.9779 19.9176 0.0697332 0.0701487 4.38115 0.0696608 62.461 0.255311 0.0699093 0.0700378 0.609623 31.6503 0.070206 85.3871 336.451 323.114 27.8336 21.6271 0.0736933 6.03843 0.0806624 13.5423 85.3155 0.0704129 0.0712157 0.0721932 0.239226 15.0363 78.5583 42.6184 4.79221 87.1787 23.6464 303.553 0.0982841 13.8985 17.8528 0.0696176 0.446299 0.0758502 41.8439 0.0743932 0.0696335 0.0696649 44.7922 0.0711128 0.160787 19.4006 8.12183 0.0800958 0.0708787 0.305128 0.0696706 0.0748051 1.36136 21.0475 0.0911095 199.427 2.61774 21.1128 19.2192 0.0696094 135.982 0.0695985 10.5881 0.0740826 57.9241 0.0725483 0.0696103 0.0702537 37.0202 88.0304 76.2643 134.889 0.0713192 84.2687 290.845 0.0703314 0.0706171 164.969 45.741 185.677 672.412 2.20793 451.849 116.69 0.073845 14.4834 0.0709194 40.8184 12.7224 0.145029 11.9005 0.069593 32.1142 0.074579 0.072146 0.0699856 0.0823594 0.0706024 0.0696679 0.0697804 0.171003 18.7618 34.876 0.0697325 224.512 35.5194 26.8084 89.0963 0.069593 0.237239 54.1976 0.0749036 413.364 5.39117 0.0696292 0.0709877 12.8 116.08 0.0840588 0.0787385 4.87212 0.109007 15.39 38.1538 7.01059 34.6268 48.5469 269.861 361.175 0.0696055 2.12084 14.8067 0.12604 0.427457 0.0707809 23.7296 0.0695965 17.4425 0.0696241 0.0996625 0.0697333 19.6745 0.144794 5416.61 69.8963 0.0995693 110.433 0.114103 6.01819 0.0732358 398.116 0.191351 19.3261 0.0945462 398.453 0.0696446 0.0725627 132.143 0.0723976 11.0557 0.0700646 0.0710108 0.0737122 25.0604 0.0700604 0.0922713 20.7847 53.5496 41.0494 0.0695935 0.070061 5.8505 0.0765351 0.0696107 0.0743044 3.83666 0.0701748 12.8626 0.0785471 0.0697142 0.0755638 41.9071 10.3664 3712.48 769.733 0.0762154 29.2776 0.0716246 0.0722544 11.8589 162.136 0.069593 0.0695997 123.24 0.130275 0.0724073 0.0779989 34.8247 42.5681 23.8806 172.543 2121.02 0.0696061 17.1146 25.9368 0.105136 0.291704 6.82586 30.7528 377.317 0.0699068 15.4493 0.0695929 0.307038 41.1825 49.4303 12.2605 0.140158 0.109576 14.3895 0.0696131 50.6386 42.5414 233.259 1173.03 21.9594 0.0812882 0.0696077 1297.56 0.101901 23.6054 0.0707496 14.2188 0.0730136 15.4779 205.67 8.55529 0.0845176 0.0696447 41.3799 0.0696349 23.1299 52.564 0.0708042 0.069861 27.3465 191.999 0.070276 0.0833974 842.169 9.22796 0.0735258 0.0718304 0.0784875 15.0363 905.778 0.0695976 0.0729511 4.11053 48.836 0.344064 2393.23 0.156302 111.086 56.7978 0.0695929 0.0936016 0.13022 14.5457 0.0698756 17.718 81.6471 20.603 281.366 32.1262 43.1565 29.0776 68.9561 0.0696203 16.4376 234.739 0.188395 90.7902 0.0750547 4.91008 34.7638 12.2052 0.0697309 0.0697627 0.0698228 0.0696023 10.0367 9476.03 0.182813 0.0710606 0.0699845 33.1944 734.876 23.6844 0.315642 67.8277 0.0697332 6.39562 0.0698843 0.0781971 0.0695931 0.075699 0.0695954 0.0697266 0.0700323 0.071148 1.25221 0.0695986 14.3324 38.6145 0.0875798 30.6888 0.0695989 0.070358 0.0698351 0.0698833 0.0696569 2.12206 47.0914 0.089841 1417.81 20.0041 0.0696395 202.767 21.0198 0.0702342 0.0717698 0.0695956 0.069989 20.2635 23.3152 0.0711053 0.0695936 0.0749732 39.1329 62.602 42.4118 462.045 0.330344 1.12209 0.804328 0.0700091 3.3328 0.0695968 0.0698132 6.00417 0.0790579 0.0695931 50.6981 0.0698297 0.0718662 59.69 0.0711448 22.9313 0.135454 0.0726899 0.0700588 0.808602 0.087634 0.0697367 0.069593 1.21622 0.0696111 9.04638 2473.85 60.7696 25.5482 0.0710134 0.0698037 0.0704815 0.0720421 21.6996 0.0695942 0.383831 24.8296 847.856 4190.26 0.131274 0.0701037 117.471 0.0697346 553.891 69.8448 14.1557 10.7129 0.069593 24.356 0.0699648 0.0725164 0.0702844 92.5186 0.0726033 12.1651 5.99445 14.0375 39.1349 0.0731863 0.0974804 0.0716058 16.3297 107.233 79.5964 0.0699601 0.0695941 0.0696663 12.2717 3.86159 73.1575 24.1462 23.1449 5.2913 0.0696392 32.6747 0.0697776 0.072241 68.2842 153.738 17.649 0.0765054 0.0696021 0.0735844 15.0363 97.4474 47.3642 152.105 0.290385 20.306 0.110003 0.0843099 0.0813228 0.22495 0.0698484 0.0704502 0.0699537 0.0695963 5.12307 0.588455 23.5055 22.3912 0.138031 10.7352 0.162456 0.0736524 37.0699 145.911 42.0749 15.0537 0.0695929 0.0696011 0.0962766 713.332 156.759 0.0732302 14.7228 0.0700532 0.0975935 0.0695965 1.82491 21.0778 0.0788733 18.4411 0.0695953 53.2029 41.9033 0.0698791 0.0702696 9.59758 0.0695987 0.070279 36.9082 10.5651 0.0852291 0.0696119 0.0697782 0.0988722 4.69297 0.0700606 140.852 0.097824 0.0699908 0.0710084 72.3944 0.232865 135.066 0.0695993 16.1016 0.0695935 0.0696344 0.0697311 0.0745122 0.0697377 0.0697096 0.069593 0.0702362 0.069733 20.6269 0.0711399 522.977 26.4451 132.767 0.0720127 6.87448 0.0696028 101.244 21.2013 381.874 161.476 14.072 0.0901682 0.0696869 46.3429 122.939 28.0153 0.0699347 0.0698325 20.0761 0.0747936 31.1312 115.019 0.86215 0.0695938 0.0701006 2.88032 16.901 717.445 0.245319 17.6024 65.1478 0.0960093 384.174 113.773 0.0708693 0.694434 0.102025 0.0833492 0.0740808 0.0747579 18.2672 0.0714184 220.6 90.4309 0.0878468 0.0985125 0.0715116 0.107872 0.0695952 144.978 191.932 19.8525 0.0696377 0.0703124 0.0709628 69.7492 20.4886 0.0698131 18.01 23.4788 0.0695931 0.0695955 67.6271 51.5243 0.0699037 17.8716 0.0823313 0.0710081 0.153208 0.0698663 0.188109 0.0697378 36.4821 0.0696394 0.230082 0.0723866 0.0697937 0.0696018 419.354 11.9806 138.349 0.0696947 0.116761 340.258 0.0697061 0.0696912 193.054 0.0859479 0.0896311 1.43663 0.288129 0.0696731 11.0885 0.0695972 0.147344 0.0695932 0.076131 0.0705179 14.387 101.759 700.581 50.0562 12.0904 0.109041 0.0695933 0.0701523 0.158398 0.0710972 16.2228 67.3059 0.0700706 0.0709389 19.0263 0.069593 20.8342 0.0836899 37.642 3.25659 14.4586 0.0695932 0.0696305 9.44768 128.93 0.098706 11.2925 12.0747 0.806854 0.0697962 0.0695999 0.0698512 32.3923 0.0773124 0.0765622 302.814 553.27 321.16 0.385918 17.0253 0.0705519 0.0702377 0.0696108 0.071862 10.3271 0.0769932 0.0695935 0.0709831 2221.2 0.0696795 0.070366 0.0788571 34.1838 2.77542 42.4493 0.0695929 0.0696636 47.1103 35.3965 0.071114 0.0877045 0.769922 0.069593 37.6167 40.5701 64.0946 0.0735527 177.924 0.0697735 0.074669 0.069593 73.3846 0.0698152 0.128962 0.0696229 80.185 60.6388 0.103558 28.1073 24.0756 0.0699512 0.0716015 0.0752507 27.9174 0.069593 0.465444 68.891 0.0787504 0.0818959 143.506 163.235 0.0710208 0.0700521 17.0643 817.318 15.4829 0.069989 50.8503 0.0695936 41.2175 127.25 85.4627 0.0719227 0.0696113 37.6462 12.7557 0.0697138 77.3426 11.3176 0.0697413 0.128424 1.0896 0.0696926 0.0698925 0.0940892 20.9885 23.2761 0.15896 0.0745971 146.534 19.9855 25.338 1.26359 0.0700421 529.879 0.653016 0.0698863 0.0709565 0.0703268 20.4418 0.15927 0.0696747 37.9956 8.59583 0.0720112 0.0803267 0.0696036 25.6862 153.042 4.2224 84.201 0.161256 8.04646 0.0903354 0.0879875 0.0728816 212.758 60.0655 652.016 0.100843 22.6654 268 414.939 0.203626 0.0861429 30.8941 0.326008 21.8615 0.0716751 0.0696528 189.55 0.069593 0.074946 17.9982 0.0740915 0.0704905 0.0703986 0.204685 33.8604 24.1462 0.0696037 0.0700973 10.8444 0.141059 11.4508 12.9619 0.120821 18.1466 141.405 36.6602 28.127 0.111483 0.0696692 0.0968193 164.126 0.0777835 16.5138 0.0696101 0.0729493 0.0708143 0.0706849 0.142175 0.124689 0.0701411 20.0323 56.6375 0.0843101 0.0702693 0.0711473 50.599 22.7907 775.103 0.0726684 0.0699483 181.523 73.9739 0.069614 0.0793311 0.069598 0.0872683 0.0757594 2.13023 4.618 0.897655 0.069649 0.0696057 21.7128 6.79695 0.112286 15.9272 299.048 1.9414 13.9077 0.0697322 1.56595 0.0791904 0.0900509 34.4388 41.7244 0.0699453 759.683 1.18937 56.0813 0.0735094 0.0696393 0.0696062 0.0695951 0.0700264 10.3268 0.594583 0.15019 674.772 20.117 1546.4 57.0837 0.0711698 0.0696025 483.172 13.3758 0.0735078 0.0714623 0.06972 0.0747554 0.0696033 21.0649 23.0246 35.9894 0.0697238 22.6671 0.0748831 12.2171 0.0942662 25.8922 0.0726485 131.553 965.492 104.261 450.812 0.0695964 75.8767 0.0697552 32.2964 0.0699328 0.539529 0.0793439 0.0730279 391.011 0.0695931 469.125 0.0934088 219.567 0.0696456 0.070413 0.069593 210.492 24.1069 0.070798 28.159 0.069593 77.6836 0.0763255 8.89477 4.45879 1581.01 1343.15 1.07835 0.322555 26.0635 39.3168 1527.16 0.069593 0.0699648 0.0695931 0.0706347 0.0700044 0.654573 647.896 0.0705119 16.924 54.8506 0.070693 35.3653 0.0700438 0.0695943 0.0696298 0.116742 0.069619 59.5778 0.0697348 0.0701138 0.0911453 0.78507 0.0695934 0.0695941 19.8438 0.0696311 12.3959 0.100592 0.0797586 0.0711025 0.0718629 0.0701641 0.07018 0.0696958 144.466 0.0725183 0.187252 29.0087 0.0696162 16.3575 30.5073 0.0703119 0.069676 0.0704909 41.6118 108.679 0.069593 0.0700944 0.0696091 3.51052 38.0815 0.0709543 0.0697908 2106.99 0.0707999 462.629 0.18833 0.26517 28.0153 0.0696004 0.0727498 0.544254 16.2105 57.392 198.101 0.0696222 0.069593 0.0720193 0.0697315 157.462 0.0698108 95.1354 0.0696017 52.7345 0.0795381 0.202131 0.0712057 0.0701342 2.43041 24.4919 0.0810099 0.0738846 0.0697507 15.6295 0.0754526 37.307 629.981 0.070086 10.3001 0.0696968 111.292 0.0720236 50.5658 9.25878 0.0698093 0.0696131 0.0695955 0.0697915 0.141491 0.074798 13.5028 0.0715866 0.0698739 0.0713168 10.4493 0.0695932 1.50466 0.0695942 40.9857 50.942 0.0696575 1.0259 0.0697137 14.8202 410.923 20.6269 0.143131 0.0750719 0.0718981 0.0697701 0.152226 0.0704505 795.554 211.906 0.508337 23.3137 0.0707857 0.103114 0.517985 25.0945 0.0752657 13.4672 0.0696052 7.99024 37.9451 4.04212 12.514 0.310313 39.294 25.045 1.2328 18.5025 0.0698754 60.546 0.0700758 336.276 0.181713 0.0830509 6.64571 0.0696205 55.2345 0.0695945 19.1935 231.743 16.8019 0.0695965 0.325411 0.0696538 0.0695942 1447.57 0.069665 86.3458 1.62347 0.0871855 0.131506 0.0701049 0.0704362 47.5214 1420.27 622.463 0.0699543 0.0721857 0.0696439 0.0809552 17.4976 0.0696791 0.385523 0.0696033 0.0696508 0.070434 0.0756244 52.1163 903.747 76.3502 49.8472 51.4645 0.0697408 1513.8 392.967 8.43619 0.069618 0.0711438 0.12992 10.3535 0.0952884 0.0703792 0.0699141 85.618 0.0698366 0.0695929 59.0741 16.5765 20.8242 92.9723 0.069593 0.0729336 0.0696371 51.8424 6.58426 837.793 0.0761056 1930.33 471.473 32.0729 0.259829 0.072181 0.0895372 0.0748629 0.0697196 237.213 276.102 0.0700465 0.0696559 108.757 0.993591 1513.87 0.0709498 0.0695933 0.0699867 0.0722169 122.051 0.0934627 0.0796117 379.517 0.0872547 0.13891 0.0696603 0.0826196 11.1964 1081.09 160.82 0.0710417 0.0696348 2.81473 0.0696633 0.0988268 0.0759167 241.225 0.0696608 0.654285 33.7767 0.069593 12.5292 13.2564 52.4824 0.0696666 0.0809939 8.21209 116.201 0.0701364 0.0696314 0.0778339 0.0695931 0.0710899 0.0695938 0.0979061 35.0415 290.36 2.0964 0.0711719 0.0695977 2.43848 0.151094 0.0695932 118.56 0.0704545 20.1517 0.0696678 9.14716 0.266683 12.4461 0.0951479 0.0696075 12.0904 77.9531 0.0899142 0.0696622 0.0920266 0.0699173 0.0696182 67.7963 15.1183 0.0696957 0.0700222 0.072457 22.2666 0.0702926 0.0701683 135.682 0.0697209 7.37726 0.0695938 9.17787 146.756 30.7329 0.0696198 14.0719 3858.3 0.0916061 7913.58 40.1739 7.66048 0.069609 0.0705581 118.506 2.54534 17.5092 0.0816346 7.8807 25.4505 372.409 0.0801701 0.111144 0.069593 0.0697186 0.0702465 0.0698086 0.0814616 0.0696282 0.0810314 119.252 0.107357 49.9455 0.624645 10.0371 20.8073 0.116719 0.0698046 0.0697543 23.7832 0.070616 0.0697263 0.0695935 0.0719225 0.177028 924.263 914.684 439.348 13.5521 0.0700817 0.0699835 83.8279 0.132751 21.7839 689.704 0.37208 72.6907 0.0696132 19.5675 195.808 45.8439 58.9995 0.0696118 11.2925 0.141864 0.0698872 0.0723169 812.444 0.157804 14.6056 30.6716 25.5079 40.6888 18.3757 0.0701382 0.0695936 13.5499 0.0716247 0.0695932 0.0706636 12.2955 36.9172 0.0752692 0.0781993 57.9691 31.2267 0.0696993 10.8407 14.5662 0.0781188 20.6269 0.069594 0.070433 0.0805507 0.0695933 0.0696499 0.0739282 0.0756334 0.0697529 159.073 0.0701131 0.0908306 1.24949 30.3711 5.65163 20.0033 0.0695949 0.0844648 0.0735092 1.08398 10.8444 1278.49 0.0725129 112.606 0.0706956 0.0890679 12.5349 8.04071 0.148439 10.1919 58.3779 431.267 0.0696542 0.144033 41.7721 16.7536 148.337 2.17348 6510.04 0.0696433 0.0712951 0.0777183 0.0863657 0.0697736 0.0697881 0.0734549 42.6365 1466.39 558.39 0.0713665 0.116333 42.6592 11.8704 0.156072 0.0712641 131.518 11.4601 6.79695 0.0697202 0.0991557 164.713 774.95 9.98037 59.475 15.8735 10.5785 0.0708983 0.0712378 0.0735511 0.0695956 121.917 0.18842 41.591 0.0700826 1319.12 981.131 0.0739483 0.0740473 0.0704082 0.0702502 0.399426 143.355 14.8718 209.616 37.1043 0.072789 32.4597 15.5476 18.3623 0.0699335 0.0695929 28.459 64.0946 0.0705515 0.0964701 0.069606 0.0697212 5.79334 0.0695999 0.238172 0.0700714 82.8384 236.865 250.038 0.0708546 17.1607 0.0696971 18.9731 0.0776512 6.68749 24.9168 11.6801 0.0723221 69.0018 0.419122 0.0697288 67.3325 0.0695931 0.0695944 0.121204 0.0697228 218.712 256.789 0.0711255 320.362 0.0697147 133.148 9.47195 20.5543 18.5448 0.0696233 0.0711351 34.4836 0.0758398 0.071016 77.8358 66.2444 0.262859 0.0695948 0.0712901 0.069604 0.0852243 0.0889348 24.3606 0.0696651 5.34191 21.0778 0.0700637 56.58 51.2076 0.07354 61.0137 0.132703 22.1397 16.2228 0.0705716 0.0699006 0.0835545 210.357 12.7943 0.0696087 0.0701567 21.3905 0.0811125 0.0697752 11.375 145.312 0.0709688 0.0696536 0.0695938 0.107203 32.1228 3.80794 185.179 17.411 9.07149 0.0716552 0.0783062 0.0715892 0.0873743 0.0699032 89.7 11.6197 114.364 9.99132 139.165 0.0696858 89.4372 0.069593 0.078967 36.3905 396.767 0.0711453 0.069593 0.0696153 28.1737 22.9209 117.162 0.0735669 0.0700212 498.466 50.3123 11.9337 18.5684 0.072429 0.275326 113.467 31.3697 71.8707 0.0697007 23.1777 0.0696116 302.782 329.126 6.84207 0.14892 53.1807 0.0702234 63.7372 0.115665 18.392 16.0662 48.0706 67.0963 0.06962 0.0696144 30.8798 1.15909 27.539 0.575266 12.4106 0.0816351 0.0788097 0.0707995 0.0696758 0.070774 0.0696078 57.9846 0.0714536 0.0696709 1.81876 0.0696105 0.069743 0.0705581 92.8429 151.985 54.4543 39.7684 0.268684 211.216 0.0703411 0.0885032 386.311 401.388 0.103922 0.186221 15.6881 26.5805 0.0698011 0.234738 87.4785 0.0733996 35.8062 16.3087 27.9892 5.57448 72.9732 0.0698774 0.0696035 0.0696076 0.0975349 643.488 110.924 46.2028 11.7603 0.0696883 1.0929 0.0913643 335.288 0.0716942 21.9605 0.0717973 37.9132 42.323 0.0698764 0.799111 31.0427 0.0701624 12.7505 0.305049 0.0696602 17.8252 0.0762667 0.0696079 1018.08 0.0716812 51.254 172.029 1537.76 0.0695941 0.0700992 0.088453 0.0721798 5.65395 34.0519 0.0695942 57.2571 0.0722389 0.837449 18.0811 0.0696682 0.22695 0.0697468 0.0731203 0.0700917 0.0705129 300.902 19.757 35.0652 231.798 110.082 0.0793815 0.0709057 21.0778 76.1359 122.393 0.0709139 15.9492 0.0696666 12.2605 0.107205 18.2903 0.0695932 0.069597 0.0696155 0.0706688 0.0696729 0.0698688 117.952 0.0695953 0.0701682 0.0710907 0.704855 0.0701809 15.1724 15.2877 0.112306 15.958 0.0716629 37.9079 0.0699526 0.179319 33.5861 0.0700146 453.187 0.166051 73.7954 0.185664 18.6219 89.4408 0.0703095 0.0697461 0.0744785 0.073572 854.418 313.175 0.0810645 0.243513 0.0696414 0.0709383 0.070557 0.0700448 0.0726599 2445.23 0.0716373 980.61 28.6373 0.069593 0.0824645 0.0704862 0.0696213 0.069629 0.0721205 0.0699255 35.3663 7.9992 453.911 0.0711513 22.1841 0.0697014 0.0710882 333.475 0.0695932 25.0558 21.8022 0.0701223 0.319052 0.0695929 0.0712932 0.08431 0.070098 0.0701945 0.070261 0.0699122 26.4476 0.0695965 60.9239 48.298 45.1353 125.454 0.0712549 19.9855 64.4132 0.0697805 0.185799 0.0700987 0.0863934 5.1224 0.0886521 63.3364 0.0796405 16.0662 4.69653 0.0696748 0.0698976 17.8528 0.1051 14.7967 0.106555 7.26299 405.05 0.0710796 0.0698365 0.0802623 22.1189 0.0697637 0.0695931 38.1125 0.0696353 0.069593 0.0703593 16.8795 0.0696009 0.108566 0.069821 0.0725999 23.3773 15.66 0.069593 0.746256 0.0700221 23.3152 0.0696801 30.208 0.622288 0.0697563 0.234533 4.50597 43.2561 0.0782861 0.074483 65.6043 0.0697277 10.8118 0.0762722 0.0741869 1361.99 0.0696566 36.406 0.0696517 89.9058 0.321868 32.9477 0.0721235 0.0928486 0.0719912 71.7887 16.6342 0.161094 0.0925389 0.165369 519.261 17.0374 3.00227 7.25421 40.3871 0.0698115 0.069978 34.3449 0.0695931 20.8429 0.0900029 27.7609 165.599 0.0697567 0.350275 8.63339 22.9058 44.8278 0.0696215 0.606643 3.84392 0.0696049 0.0760955 0.069744 0.069854 49.4821 18.4076 0.070814 38.8042 157.865 0.0716768 39.9756 75.7831 0.360504 321.844 22.2511 19.4877 106.135 0.0699281 7.94833 0.0701868 99.3519 96.1075 27.663 0.0723953 0.0703998 0.941081 0.0696853 0.069998 45.2651 1.0977 0.0701636 37.1658 0.0787493 0.0722285 0.0695939 3.31592 0.0711843 0.0698328 0.195316 0.308558 0.0697197 0.0699462 1206.99 0.0706888 0.108566 15.8188 58.5576 478.63 0.0696355 0.0697301 0.0696473 0.075795 0.069709 0.069806 47.655 1.18837 6.55418 0.117581 0.422454 0.0696354 39.7056 0.0760333 0.069692 0.0733541 489.418 0.0696094 82.1966 20.3107 1688.67 0.0699477 85.7653 11.7191 0.0696109 37.1751 157.199 12.0553 127.338 34.6768 0.0782204 40.0026 0.0708102 0.0809564 0.0794332 0.0699891 0.0736451 2.50276 126.748 343.23 22.9981 31.9185 0.0759683 0.071138 0.1635 17.4132 0.0700273 0.0696134 0.0845945 108.906 0.0706042 9.0543 468.441 0.537058 59.1539 0.0696089 92.0885 0.0725949 22.1748 43.3234 10.6575 17.471 21.4932 6.78894 18.2421 0.0696005 230.539 405.391 8.96558 11.5714 0.0697537 507.297 39.1769 0.160564 6.76985 26.4964 0.0696306 0.900354 8.53781 53.0702 46.8728 2054.44 45.2217 29.3771 0.0696054 11.5429 27.6583 0.0696295 19.757 24.7335 0.0720949 6.86312 0.0760413 26.5671 45.7642 0.0792406 365.777 0.0695946 12.0038 964.488 39.5202 437.493 0.0705197 0.0696502 0.0698539 0.0695942 724.467 2.21071 276.867 13.2362 358.169 9.59625 4.94952 0.070864 0.768899 0.0695995 39.624 34.1839 0.115816 25.8603 0.0850693 0.0700143 31.7658 0.0696077 0.0699728 32.3305 0.252941 21.6099 0.135208 0.0697224 0.069677 0.0706782 4.33606 0.0729635 13.9077 0.0696249 0.0708126 175.161 44.2373 0.100543 37.2809 0.0706371 0.0859887 0.0852032 0.0818793 0.0723754 4.87642 41.0733 6.54994 0.069593 38.498 0.0739964 59.9273 12.1651 21.7527 0.0739641 0.0701027 0.0700172 0.0710258 0.0698663 0.0697677 70.2028 0.159129 0.0738516 0.0740833 0.0853206 0.0740937 0.0700841 0.069637 0.0815619 11.855 0.083388 0.212599 72.4112 27.2549 0.181911 24.538 0.0741608 177.937 0.0756241 0.17982 0.0700385 0.0709755 0.0731242 0.0696371 14.5221 0.0696383 132.785 0.0788956 12.2605 11.7603 0.460486 55.29 0.161112 0.12629 0.0721632 0.071373 0.0704861 0.0702199 0.0695948 0.14487 645.645 55.0594 0.0705377 0.08107 0.0696018 12.0677 2.8275 0.069593 16.9724 0.069629 0.0696294 0.0695948 0.0775674 129.258 0.301612 3161.42 0.0716923 0.0697774 0.0698002 4276.04 0.069596 19.499 0.0695929 0.332283 62.348 82.9362 27.1434 0.0701407 79.2003 94.35 74.6603 27.9246 19.6118 0.0733501 27.651 34.5821 0.0704113 0.0977018 0.162986 244.853 0.137269 30.605 20.8684 0.0703043 13.5214 0.0712161 0.0697168 31.9093 84.514 11.9005 0.0729649 0.0695929 0.0711751 0.071506 20.9305 0.0723724 0.0696077 0.0695954 0.0713959 0.0703697 538.887 25.5667 0.0763825 0.252162 0.0836536 0.375588 46.842 24.8203 0.081178 0.069595 0.260473 0.0705535 3.34682 0.070396 2.01322 23.3279 0.141236 0.0712642 6.83799 0.0695959 8.75306 46.4412 0.0717739 0.0696042 21.8246 0.0809221 0.0743838 0.10175 0.936057 0.0698157 0.0828414 0.0909268 51.6148 0.0789945 0.119752 140.859 0.0695971 0.0740553 14.6028 7.59936 0.0702919 45.6893 0.0698963 0.0705104 0.0846952 0.0758442 0.0697228 0.0698376 10.6876 4.24207 1.00983 5210.08 1428.34 9.0543 134.727 0.109748 13.1118 0.256371 0.0708844 12.8523 2.3936 0.0711589 33.9353 65.0713 0.073326 0.624633 0.101751 0.0822383 0.0695933 458.709 458.572 74.438 790.286 0.0856703 0.0696254 20.3107 8.97566 156.158 137.884 0.0700113 7.86806 254.455 12.0511 0.0707826 67.5247 48.4845 0.0697976 0.109883 0.290209 34.5501 16.7535 10.9513 0.0705035 18.8871 245.04 0.0712354 669.575 291.174 91.9266 71.8641 0.213174 0.0774394 0.147509 21.7774 36.538 0.0721401 31.382 25.4607 0.0700079 17.3485 0.0700899 0.0713291 1703.64 0.244072 19.1018 18.5854 19.9265 0.0696055 0.0696375 3.33281 13.1118 0.0971701 0.0719598 0.0700112 0.0699022 0.0712802 18.0811 0.122178 245.538 0.0695931 3.83518 0.0706006 0.0696189 0.0696738 266.643 0.0704264 99.1875 0.0699891 0.0709295 0.0699629 0.069596 0.0695945 0.291724 0.0704825 24.9763 0.0725208 0.0696263 88.7637 0.0698809 3.10273 0.0696007 61.2533 0.071988 28.3714 0.0695931 0.12845 6.56254 0.161533 31.8333 0.0697443 162.655 0.0697331 0.0700867 0.0706589 25.5879 18.2013 0.0698963 0.0699619 0.244801 0.0695931 14.2594 17.2863 0.0696188 0.913282 167.723 0.072859 0.0816341 12.9403 0.0696075 18.1891 0.0696745 0.0705192 1684.53 0.0695957 134.529 1017.15 46.0236 10.7708 10.8444 16.7848 0.072615 0.158207 57.8647 0.0712935 0.238382 4.39097 0.0709584 7.25576 0.0696752 0.695606 59.9396 0.0696336 0.0696137 0.117771 0.515617 0.0706286 0.128761 0.0698187 0.735187 0.278505 14.3023 23.7218 0.0745601 0.168455 0.0899999 0.0740698 0.0695946 0.128933 0.113639 0.0730279 0.0695934 14.5317 44.5005 68.0883 171.559 0.083303 0.0695929 4589.12 61.6241 0.0696849 0.0695934 0.074972 0.0696141 685.598 0.0715876 99.3326 14.9411 42.7151 0.0715693 0.478992 1.95519 11.7393 14.4326 0.0699869 87.8545 38.6654 0.0899194 195.156 3.90563 1.24994 0.148159 44.9914 18.7618 18.5289 85.4579 0.0878677 0.703998 0.122179 23.9619 0.0705981 137.115 0.0697729 0.119438 0.0696213 41.7812 32.7273 6.22258 0.0725475 232.606 0.0739723 118.897 517.78 0.069904 11.4348 30.647 0.08423 211.804 0.0755534 0.228226 40.0026 8.36553 28.1782 20.7486 0.0697536 0.0697109 19.9056 0.0696077 0.0954148 0.0695949 0.069774 0.266104 3.94623 0.0698205 9.89107 122.748 0.0700903 5.54061 0.07064 63.4475 45.2651 0.0731125 0.270132 61.4373 56.9382 0.0702172 19.9396 0.0697576 32.953 0.408355 21.627 73.582 0.0700889 19.9855 0.069848 0.0699602 27.0002 15.2108 0.0729246 11.8704 0.0719318 14.5603 0.0695947 19.32 15.0963 0.0696337 0.0865428 125.702 0.0695929 38.4387 329.214 23.4328 34.7915 361.928 74.2672 0.087856 83.2523 0.0697172 286.608 0.0696474 0.0748003 28.8403 0.0787885 33.5158 109.969 0.0696095 35.6005 0.48079 0.0697049 1.65434 0.0696766 45.6611 40.1711 32.5141 1206.41 134.595 0.928793 0.0699377 0.0701551 0.0816052 144.967 0.0696187 0.111717 0.0699891 0.0697239 0.0704036 25.5612 0.0702181 116.938 0.0721095 0.0704875 18.4076 0.0709473 0.0782994 0.0716099 0.0780195 0.13253 29.1495 0.0700497 8.44068 0.0718245 16.692 11.3331 0.0763982 90.2998 0.0733633 142.624 32.4909 8.67546 0.0730149 0.0730333 96.7171 0.0697947 0.0732685 223.693 0.810774 125.866 0.0695929 0.0702035 35.3803 0.0728298 0.0700647 0.0696067 0.0698481 0.07067 240.803 0.069896 0.0782064 0.0709592 10.548 0.0704375 0.0865444 0.114016 0.0700019 16.3154 0.0707507 0.0695929 13.084 306.403 0.0831457 347.763 0.0755492 1.1041 0.0696671 47.6444 0.0710029 0.0808414 0.0696295 0.0696355 0.49073 20.2046 33.1699 0.0889522 0.0700344 0.0732648 0.069593 0.0713137 0.0765264 0.0944111 0.0696162 1570.71 54.9792 7.3863 5.07048 0.0698055 14.1751 40.9482 34.3935 0.0697317 5.28703 0.124746 47.7961 186.343 0.0697457 0.069593 0.0713958 0.0698347 0.133272 0.0697611 0.0767325 37.0399 0.0700468 0.069712 46.9445 0.23439 81.2543 34.9351 0.107563 0.0751349 188.856 0.0726698 0.0695949 66.5278 129.058 47.157 0.155104 0.083388 0.0696042 1.74758 9.19949 0.349546 131.855 69.4776 3.86471 20.6341 0.21977 0.0786323 745.803 0.0706089 95.5342 24.6342 33.8359 126.004 38.0985 0.0710476 2.67846 349.893 0.123622 39.7542 0.072475 0.0697107 0.0696854 0.0698059 0.350595 71.653 0.070881 0.0698794 23.2121 0.0717856 0.0696121 0.0713002 0.0698633 0.0776504 35.2295 327.374 0.0910312 0.0712131 20.4688 14.6974 15.6829 0.071042 23.9347 0.0697214 0.0931841 37.713 33.9665 20.2281 40.301 42.8282 0.0732595 0.0712331 21.0778 3.05717 11.2372 0.0712155 0.0734018 153.61 0.110238 0.0823882 0.0718377 22.7907 0.0741187 0.0697781 0.0696084 0.0719911 0.071989 0.0696641 10.6487 12.6152 0.0722152 32.0016 27.6449 0.105919 0.0699431 0.072591 12.627 39.1541 0.0695983 0.0695965 8.69892 18.9739 0.069593 74.7966 106.872 0.164294 0.0701502 0.0696066 722.212 34.3547 230.819 0.0720702 0.0736475 27.9334 0.0730688 0.0769889 4.9598 53.8993 0.0776098 14.3895 52.2592 0.0698151 0.0957542 0.0697509 25.3757 0.0697735 1418.48 0.0810496 6.23739 0.0695951 0.069608 0.571229 0.0743158 0.0709972 220.434 0.0705301 70.7209 0.0697 57.7392 0.0697855 0.0795391 17.9793 33.9838 0.121825 19.7315 0.0780996 0.0696522 0.071711 54.2599 0.0695931 0.238751 0.0700153 65.5886 313.564 16.0382 130.925 0.0696284 0.0740726 13.1757 232.984 0.0703835 0.0709241 17.3407 0.0703351 0.0708245 0.863416 1638.08 0.069658 0.0698879 0.0695929 13.4764 0.0695962 25.9368 0.0695934 0.0777178 0.138103 285.632 188.019 26.1591 26.1541 11.1235 21.188 97.882 10.3895 0.0696204 0.069593 0.0898834 0.0696218 54.104 0.0734302 2.76463 64.2141 0.069593 15.2877 56.0399 5.40019 19.9396 0.0719402 0.0696414 0.0708386 0.10977 38.2208 0.0776531 0.069791 0.0750938 0.103493 24.5776 1.18799 0.0697537 0.0703746 0.0742565 0.121591 0.070794 19.8642 0.0696853 17.8357 65.2099 0.0696185 0.0703335 0.0787547 32.3582 32.272 59.5041 99.5313 43.1062 0.069765 205.883 0.0698175 0.0702231 5121.35 813.545 0.0697368 0.0905173 5.96811 149.238 12.7943 10.9152 376.193 515.138 12.7505 41.6707 2.34619 265.116 376.898 129.605 0.0726557 0.0696155 141.483 0.0717994 0.125869 0.148253 21.3074 1201.63 48.4067 0.0812912 0.0698008 0.0705426 0.0699712 13.9242 511.866 0.0880953 17.5337 0.0695949 0.191534 119.452 808.004 0.0707213 0.103499 124.085 0.0783194 0.114823
1 2 4,1 2,19110.5,0.00290359 0.00290359 0.00292477 0.0029036 0.0029036 0.00297648 0.00304102 0.00290363 0.0029036 0.00290776 0.0029036 0.0029036 0.0029036 0.00290423 0.0029036 0.0029036 0.00290947 0.00290359 0.0029036 0.00292093 0.00290469 0.0029036 0.00290657 0.00290364 0.0029036 0.0029036 0.00292844 0.0029513 0.00290359 0.00290359 0.00290359 0.0029036 0.00290359 0.0029036 0.00291149 0.00290392 0.00290362 0.00290376 0.0029036 0.00290359 0.0029036 30.1144 0.00290373 0.00290365 0.00290945 0.00291471 0.00293344 0.00291389 0.0029036 0.00290359 0.0029036 0.0029036 0.0029036 0.00290359 0.0029036 0.00290364 0.0029036 0.00290359 0.00291265 0.00290367 0.0029036 0.0029044 0.00290359 0.00290359 0.0029036 0.00290359 11.0857 0.0029036 0.00291787 0.00290536 0.0029036 0.00292358 0.00292203 0.00290376 0.00291335 0.00293656 0.00315861 0.00290368 0.0029036 0.00290364 0.002947 0.00290368 0.00290363 0.0029036 0.00290609 0.0029036 0.00290359 0.00290359 0.00290368 0.00290359 0.00299861 0.00290359 0.00290367 0.0029036 0.00290867 0.0029036 0.00290359 0.00290972 0.0029072 0.00290359 0.00291733 0.00290362 0.0029073 0.00290361 0.00290359 0.0029036 0.0029036 0.00290359 0.0029036 0.00290382 0.0029036 0.00303857 0.00290364 0.00298301 0.00290359 0.0029036 22.2049 0.00290359 0.00294587 0.0029036 0.0029036 0.0029036 0.0029036 0.00291978 0.0029036 0.0029036 0.00290359 0.00290757 0.0029036 0.00484201 0.0029036 0.00290359 0.00290359 0.00290367 0.00292643 0.00290359 0.00340716 0.00290361 0.0029036 0.00290573 0.00290359 0.00338548 0.00290525 0.00290359 0.00290362 0.00290359 0.0029036 0.00290359 0.00291432 0.00290384 30.5248 0.0029036 0.00290366 0.00300137 0.00290557 0.0029036 0.00290363 0.0029036 0.0029036 0.00290362 0.00290382 0.0029036 0.00290363 0.00295571 0.0029036 0.00291251 0.00290386 0.00290473 0.0029036 0.00290376 53.6465 0.0029036 19.2652 0.0029036 0.00304042 0.00295057 0.0029037 0.00290373 0.00290371 0.0029036 0.0029036 0.0029294 0.00290374 101.256 0.00442448 0.00290372 0.00291216 0.00296022 0.00290391 0.00290365 38.6424 0.00290359 0.0029036 0.0029036 0.00290359 0.00292101 0.00290359 0.0029068 0.00290359 0.0029036 0.00290867 0.0029048 0.0029038 0.00290371 0.0029036 0.00291762 0.00291471 0.00290359 0.0029036 0.0029036 0.00290359 0.0029036 0.00290417 0.00290823 0.0029036 0.00290724 0.00290363 31.9068 0.0029036 0.0029036 0.00290412 0.00290399 0.0029036 0.00290359 0.00294138 0.0029036 0.0029036 0.00290364 0.00290402 0.00290495 0.00290359 0.00291008 0.00290359 0.00290359 0.00599466 0.00293257 0.00291042 0.00291486 0.0029036 0.00290459 0.00290681 0.00290938 0.0029036 0.00290487 0.00290362 0.00290405 0.00290388 0.0033404 0.0029036 0.0029036 0.00290763 0.00313411 0.00290384 0.00290685 0.00290359 27.1959 0.00290435 0.0029036 0.0029036 0.0029036 0.00290546 0.0029036 0.0029036 0.00290361 0.0029036 0.00290912 0.00290359 0.00552883 0.00315452 0.00290743 0.00290359 0.0029036 0.00290359 0.0029036 0.00290385 0.00290368 0.0029036 0.00290771 0.0029036 0.00290359 0.00290359 0.00294589 0.00290359 0.00292069 0.0029052 0.00290359 0.00292089 0.00291546 0.00290359 0.00290359 0.00290783 0.00293324 0.00290359 0.00290558 0.00290378 0.00290359 0.0029036 0.00290459 0.00307342 0.00290359 0.00292754 0.0029036 0.00290506 0.00290362 0.0029036 0.0043798 11.1115 0.00294499 0.00290359 0.00291156 0.00290359 0.00334299 0.00290359 0.0029036 0.00315032 62.317 0.0029036 0.0029036 0.00290359 0.00290359 0.00290361 0.0029036 0.00290364 0.00290369 0.00290378 0.00292699 0.00290359 0.0029036 0.0029036 0.00293198 0.00290359 0.00290549 0.0029036 0.00290471 0.00290359 0.0029036 0.0029736 0.0029036 0.00291855 0.00290359 0.00298942 0.0029036 0.00377721 0.00290471 0.0029036 0.0029036 0.0029036 0.00290712 0.0029036 0.00290359 0.0029036 0.00290359 0.0029036 0.00290359 0.00290372 0.00290373 0.00290451 0.00290359 0.00290651 0.00290359 0.00295333 0.00290518 0.0029368 0.0029036 0.0029036 0.0029036 0.00290361 0.0029036 0.0029036 0.0029036 0.0029036 0.00485557 0.00291758 0.0029036 78.9663 0.0029036 0.00290359 0.0029036 0.0029036 0.00290359 0.00290359 0.00294303 0.0029036 0.00290359 0.00307369 0.0459826 0.00310404 0.00298804 0.00328085 0.00841716 0.00290362 0.0029036 0.00293118 0.00320243 0.00290359 0.00290361 0.00290368 0.0029036 0.00290359 0.0029036 0.00314245 0.0029036 0.00290395 0.0029036 0.00290359 0.0029036 0.0029036 0.00290776 0.0029038 0.00290842 0.00292868 0.0029036 0.0029036 0.0029036 0.0029036 0.0029036 0.0029036 0.00290456 0.0029036 0.0029036 0.00290367 0.0029036 0.00290443 0.00292538 0.00290576 0.00290369 0.0029036 0.00290369 0.00290487 0.00290362 0.0029036 0.0029055 0.00291329 0.0029036 0.0029036 0.00295819 0.00306628 0.00290473 0.0029036 0.00290359 0.00290377 0.00290365 0.813474 0.00290361 0.0029036 0.00293882 0.00290362 0.838317 0.0029036 0.0029036 84.9894 0.00290605 0.0029036 0.00290362 0.00290364 0.00307894 0.0029038 0.00290372 0.0029036 0.00290381 0.139624 0.0029036 0.00290487 0.0029036 0.0029049 0.0029375 0.0029036 0.0029036 0.00291561 0.00290359 0.0029036 0.00290372 0.0029036 0.0029067 0.00290359 0.00290389 0.00290931 0.0029036 0.00295985 0.0029036 0.00290468 0.00290359 0.00290374 0.00290359 0.00290364 0.00290653 0.0029036 0.0029036 0.0029036 0.00290359 0.00290442 64.2111 0.00296132 0.00290401 0.0029036 0.0029036 0.00290368 0.00290501 0.00291217 0.0029036 0.00295553 0.0029036 0.00290381 0.0029036 0.0029105 0.00327765 0.00291424 0.00290391 0.0029036 0.0029036 0.00290361 0.0029036 0.00291501 0.0029036 0.00290562 0.0029036 0.00291094 0.00290359 0.00306849 0.00305765 0.0029036 0.00304308 0.00290858 0.0029036 0.00290375 0.00290362 0.00290359 0.0029191 0.00290362 0.0029036 93.5592 0.0029036 0.00290361 0.00290365 0.00290622 0.00296887 0.0029036 0.0029036 0.00290367 0.0029036 0.0029036 0.00290359 0.00290359 0.0029036 0.00290938 0.00290399 0.0029036 0.0029036 0.00290483 0.00290359 0.00290394 0.00291954 0.0029043 0.00292001 0.0029036 0.00322129 4.8596 0.00290359 0.00295132 0.0029036 0.0029139 0.0029036 0.00290493 0.00290359 0.00290385 0.00294161 0.0029036 0.0029036 0.00300203 0.00290359 0.00290359 0.0029036 0.00290359 0.00290359 0.00290359 0.00293854 0.00290366 57.7724 0.00290369 0.0029036 0.00290394 0.00290361 0.0029036 0.00290363 0.00291436 0.00300039 0.00290453 39.3529 0.00290367 0.00295455 0.0029036 0.0029036 0.0029036 23.6458 271.869 0.0029036 0.0029036 0.00292555 0.00290359 0.0029036 0.0029036 0.00291156 0.00291002 0.00290368 0.0029036 0.0029036 0.00290359 0.0029036 0.0029036 0.00290359 0.00290362 0.0029036 0.00290362 22.0437 0.00290359 495.838 0.00290384 0.0029036 0.00292033 0.0029036 0.0029036 0.0029036 0.00290359 0.00290359 0.00290359 0.00290733 0.00290557 0.0029036 0.00290362 0.00290441 0.0029036 0.00290476 0.0029036 57.6115 0.00290359 0.0029036 0.0029036 0.00290374 0.00290376 0.0029036 0.00290364 0.00291039 0.00290359 0.00290363 0.00290978 0.00290472 0.00290359 0.00290428 0.0029036 0.0029036 0.0029036 0.00294899 0.0029036 0.0029059 0.00290359 0.00290363 0.00290435 0.00290372 0.0029036 0.0029036 0.00290359 0.00290359 0.00291613 0.00290359 0.0029036 0.0029036 0.00292819 0.00290359 0.00290362 0.00294611 0.00290359 0.00290359 0.00290401 0.00293837 0.00290365 0.0029036 0.0029043 0.00297507 0.00290429 0.0029036 0.00290359 0.00291435 0.00290359 317.639 0.00290373 0.0029036 0.0029036 0.00293049 0.00290365 0.00307349 0.00290386 0.0029036 0.00290359 0.0029036 0.00306182 0.0029036 0.00290362 0.00290376 0.00290361 0.00292053 0.00290359 0.00290493 0.00290364 0.00291646 0.00290654 0.00293359 0.00293781 0.0029036 0.00317203 0.00292998 0.00290362 0.00294551 0.0029036 0.00290359 0.00290359 0.00290595 0.00297985 0.00290367 0.0029036 0.0029036 0.00290359 0.00295458 0.0029036 0.0029036 0.00292893 0.0029041 0.00291413 0.0029036 0.00290359 0.00290369 0.00290359 0.0029036 0.0029036 0.0029036 0.00300438 0.00293767 0.00291104 0.0029036 0.00376961 0.0029036 0.0029036 0.00293692 0.0029036 0.00290359 0.00290359 0.00292478 0.00290359 0.0029036 0.0029036 0.00291145 0.00293874 0.0029036 0.00290448 0.0030182 0.00300843 0.00290359 0.00290359 0.0029036 0.0029036 0.0029036 0.00307248 0.0029036 0.0029036 0.00290359 0.00290366 0.00305884 0.0029036 0.00335746 0.0029036 0.00290365 0.0029036 0.00290359 0.00290359 0.00290359 0.0029204 0.0029036 0.00293032 0.0029037 11.9605 0.00290443 0.0029036 0.0029036 0.00290499 0.0029036 0.00300658 0.00290359 0.0029036 0.0029036 0.00291146 0.0029036 0.00292057 0.0029036 0.00290373 0.00290359 0.0029036 0.00290368 0.0029036 0.00291004 0.0029036 0.0029036 0.00290359 0.00296076 0.00290359 0.00290376 0.0029036 0.00290362 0.00290359 0.00290423 0.00290384 0.0029036 0.0029036 0.00290524 0.00290561 0.0029036 0.0029036 0.0029036 0.00299736 0.00290359 0.0029036 0.0029036 0.00290378 0.0029036 0.0029036 0.0029036 0.00290369 0.00290378 0.00290359 0.00290359 0.0029036 0.0029036 0.00290451 0.00290397 0.0029036 0.00295026 0.00290374 0.00290359 0.00294416 0.00290362 0.00290359 52.7821 0.0029036 0.00292101 0.00290499 0.00304615 0.00294543 0.00290378 0.00305884 0.00290367 0.0029036 0.00290362 0.0029036 0.00291573 0.00290361 0.00290359 0.0029036 0.0029036 82.2069 0.00292468 0.0029036 0.0029459 0.00290359 0.00293449 0.0029036 0.00291589 0.0029037 0.00290363 0.00290389 0.00290442 40.0189 0.00290503 0.0029036 0.00290503 0.00290359 0.00290359 0.00290366 0.00294739 0.0029036 13.1406 0.00292641 0.0029036 0.0029036 0.0029036 0.0029036 0.00292585 0.0029036 0.00292186 0.00290359 0.00290377 0.00292392 0.0029036 0.00290359 0.00291176 0.0029036 0.00290362 0.0029036 0.00294509 0.00291334 0.00290468 0.00290359 0.00290359 0.00290378 0.00290361 0.0029036 0.00290404 0.0029036 0.00377728 0.00291525 0.0029036 0.0029036 0.0029036 0.00290426 0.00290359 65.377 0.00290361 0.0029036 0.00290359 0.0029036 270.742 0.0029036 0.00290409 0.0204055 0.00290359 0.00290455 0.0029036 0.00293499 0.0029036 17.0149 0.00290409 0.00290359 0.00290368 0.00290359 0.00293349 0.0029036 0.0031267 0.00357483 0.00291114 0.00290359 0.00291038 0.00290361 0.00290359 0.0127041 0.00304592 0.00293063 0.0029036 0.00291038 0.00290359 0.00290376 0.0029036 0.00290359 0.0029036 0.00290366 0.00290359 0.0029036 0.0029036 0.00290364 0.00290359 0.00291001 0.00292245 0.00290361 0.00290389 0.00290359 32.9084 0.00290367 0.00290359 0.00290763 0.00290359 0.00295173 0.0029036 0.0029178 0.00290637 0.00290359 0.00292033 24.8739 0.00291818 0.00290359 0.00290368 0.00291287 0.00290385 0.0029036 0.00290384 317.139 0.00290366 0.00302497 0.0029036 0.0029036 0.0029036 0.0029036 0.0029722 0.0029036 0.00290359 0.00291395 0.00290473 0.0029036 0.00291182 0.00290359 0.00290361 0.00322273 0.0029036 0.0029036 0.0029036 11.0857 0.0029036 0.00299304 0.00290359 0.0293299 0.00290545 0.00290575 0.00290463 0.00290361 19.221 0.00290369 0.0029036 0.00290533 0.00290359 0.0029036 0.0029036 0.0029036 0.00290379 0.00290366 0.00290381 0.00290361 0.00299635 0.00290382 0.0029036 0.00290359 0.0029036 0.00292801 0.0029036 0.00290375 0.0029516 0.00290378 0.0029036 0.00290379 0.0029036 0.0029036 0.0029036 0.00290359 0.00290359 0.0029044 0.0029036 0.0029036 0.00290359 0.0029038 39.8865 0.00325571 0.00290715 0.00290359 0.00290437 0.0029119 0.00290359 0.00290359 0.00290359 0.00290361 0.00296104 0.0029036 0.0029036 0.00290378 0.0029036 0.00290658 0.00290359 0.0029036 0.00290359 0.00290359 0.0029036 0.00323554 9.35423 0.0029036 0.0029036 96.6471 0.00295318 0.00290371 0.00290609 0.00290361 0.00290359 0.0029036 0.00291962 0.00302635 0.00290366 0.00292921 0.00290501 0.0029036 0.00291087 0.00292048 0.00293938 0.00291264 0.00308119 0.00292431 0.0029036 0.00290611 0.00290369 0.0029036 0.0029036 0.00290359 0.0029036 0.20946 0.00293347 0.00290359 0.00290359 0.00290359 0.0029036 0.00290817 166.817 0.00290391 0.0029036 0.00291648 0.0029036 0.0029045 0.00295108 158.269 0.00290455 0.0029036 0.00290642 0.0029036 0.00290359 0.0029036 0.00291424 0.0029036 0.0029036 0.00290359 488.867 0.0029036 0.0029036 0.0029036 0.00290361 0.00294013 0.0029036 0.0029036 0.0029036 0.0029036 0.00290376 0.00290442 0.00290379 0.00321467 0.0029036 0.00290579 0.0029036 0.00294285 0.0030044 0.00290722 0.0029036 323.841 10.279 0.00290362 0.00290363 0.0029036 0.00290362 0.0029036 0.00291555 0.00290359 0.0029036 0.00291751 0.0029108 0.00290562 0.0029036 0.00290359 0.0029052 0.00292561 0.00296796 0.0029036 0.0029036 0.0029706 0.00290378 0.0029036 0.0029036 0.0029036 0.0029036 0.00291653 0.0029036 0.00299556 0.00290513 0.0029036 0.00291931 0.00290359 0.0029036 0.00295899 0.00291085 0.0029036 0.00290359 0.00290366 0.00300744 0.0029036 0.00290361 0.00290492 0.00299598 0.00290359 0.00290359 0.0029036 0.00294253 0.00290516 0.0029036 0.0029188 0.00290394 0.00306172 0.00295471 0.00290359 0.00290359 0.00302034 0.00294491 0.00290359 0.00290359 0.00290359 28.7697 0.00290359 0.0029036 0.00639015 0.00290429 0.00290439 0.00290819 0.00290373 302.437 0.00290359 0.0029838 0.0029036 0.00317463 0.00290607 0.0029036 0.00292537 0.00290363 0.0029036 0.00290359 0.00291873 0.00297879 0.00290359 0.0029036 0.00290359 0.00298233 19.5534 0.0029036 0.00292664 0.00290367 0.0029036 32.7245 0.00290682 0.00293721 0.00290362 0.0029231 0.0029036 0.00290532 0.00290359 0.00291269 0.00290359 0.00290359 0.00290359 0.00319954 0.00290395 0.00290365 0.00293112 0.00688481 0.00293619 0.0029036 0.00290386 0.0029036 0.00290369 0.00291415 0.0029036 0.00290359 0.00290812 0.00290458 0.00300231 0.0029036 0.00293419 0.00290359 0.00290359 0.00290596 0.00297166 0.00301057 0.00291522 0.00290359 0.0029036 0.0029036 0.00290501 0.00297681 0.0029036 0.00290632 0.00292624 277.762 0.00290904 0.0029036 0.00290733 0.00290709 146.596 0.00290365 0.0029036 0.00290359 0.0029043 0.00290423 0.00290479 0.00374723 0.0029036 0.00290397 0.00290359 0.00297279 0.00290359 0.00290609 0.00291736 0.0029036 0.0029036 0.0029036 0.00292222 0.00290397 94.6194 0.00292506 0.00290368 0.00290359 0.0029036 0.0029036 0.0029036 0.00290465 0.00290443 0.00290362 0.0029036 0.0029036 0.00290371 0.0029206 0.0029036 0.0029036 0.00290739 0.00290841 0.0029036 0.00290367 0.00291871 0.00290359 0.00290359 0.0029036 0.00290359 0.00292111 0.00290763 0.0029036 0.00290359 0.0029036 0.0029036 0.00292143 0.0029036 0.00292675 0.0029036 0.00290362 0.00291595 0.00291457 0.00290994 0.00290359 0.0029036 0.00290465 0.00290359 0.0029036 0.0029036 0.00290361 0.0029036 0.0029036 0.00293482 0.00290359 0.00290361 0.00290359 0.00290359 0.0163129 0.0029036 0.00290526 0.00290385 0.0029036 0.00290373 0.00290359 0.0029036 0.00290361 16.8748 0.00290362 21.6371 0.00298365 0.00290359 0.0029036 0.0029139 0.0029042 0.00290359 0.002904 0.00299108 0.00297274 0.00350015 0.00291114 0.00292364 0.00292475 0.00290359 0.00290362 0.0029036 0.0029036 69.2246 966.594 0.00290513 0.00290407 0.00290359 0.0029036 0.00290359 0.0029036 0.0029129 0.00290808 0.00291332 0.00290359 0.0029036 0.00290364 0.0029036 0.00292073 0.0029036 0.00290796 0.0029036 0.00290359 0.00290441 0.00290369 0.0029036 0.00308543 0.0029036 0.00301442 11.2246 0.0029036 0.0029036 0.00290365 29.4652 0.00290359 0.0029036 0.0029036 0.00291113 0.0029036 0.00290359 0.00290376 0.0029036 0.0029036 0.00290359 0.00290558 0.00290368 0.00290359 0.00291077 0.0029036 0.0029036 0.00290433 0.00295458 0.0029036 0.00290359 0.00290362 0.00290416 0.0029036 0.0029036 0.0029036 0.00294857 0.00290359 0.0029036 0.0029036 0.00290359 0.00304157 0.00290851 0.0029036 0.00290405 0.0029036 0.00290359 0.0029036 0.0029036 0.00290498 0.0029036 0.0029036 0.00290385 13.8235 0.00291251 0.00290361 0.0029036 0.0029036 0.00290359 0.00290359 65.0414 0.00293939 0.00291194 9.16334 0.00292804 0.00292053 0.00290707 0.0029036 0.00290521 0.00290361 0.0029036 0.00290361 0.00290359 0.0029036 0.00291952 0.00292053 0.00290431 0.00290556 0.00295058 0.00290364 0.00290359 0.00290359 0.00291929 0.00313168 0.00290521 0.0029036 0.00290373 0.0029036 0.0029036 0.0029097 0.0029036 0.0029036 24.5725 0.0029036 66.3647 0.00290359 0.0029036 97.7962 89.2348 0.00290371 0.00290359 0.0029036 0.00305366 0.00290359 0.00292547 0.0029036 0.0029036 0.00298898 0.00290687 0.00290373 30.0531 0.00290537 0.0029036 0.00290359 0.0029036 0.00298772 0.0029036 0.00305155 0.0029036 0.00290362 0.00290361 0.00290359 0.0029036 0.0029036 0.00290365 0.00295909 0.0029036 0.00292845 0.00290364 19.1509 19.3799 0.0029097 0.00290373 0.0029036 0.0029036 0.00290446 0.00290359 0.0029038 0.00291418 0.00290584 0.00290359 0.00290468 0.00290359 0.00290362 0.0029036 0.00290362 0.00290435 0.00290377 0.00295874 0.0029036 0.00290359 0.00290373 0.00290791 0.00290361 0.00290359 0.00298903 0.00290365 0.0029036 0.00290359 0.00290359 0.0029036 0.00297448 0.00290632 0.0029036 0.0029036 0.00290375 0.00293097 0.00290377 0.00302794 0.00290392 0.00291417 0.0029036 0.00290359 0.0029036 0.0029036 0.00323418 0.00292659 0.0029036 0.00334273 0.00290362 0.00299599 0.00290359 0.00359323 0.0029036 0.00290384 0.00291452 0.00290576 0.0029036 0.00290989 0.00300161 0.0029045 0.00290359 0.0029036 0.0029036 0.00305609 0.00290372 0.0029036 0.0029036 0.00290362 0.00318922 0.0029036 0.0029036 0.749921 0.00293298 0.0029036 0.00290411 51.2759 0.0029036 0.00290359 0.0029036 0.0029036 0.00290394 0.00295891 0.00290418 0.0029036 0.00290425 0.00290359 0.00290362 0.0029036 0.0029036 0.0029036 0.0029036 0.0029036 0.0029036 0.00290374 0.00290359 0.0029036 0.0029036 0.00290414 0.0029036 0.0029036 0.00316604 0.0029036 0.00290996 0.00292248 0.00290372 0.0029036 0.0029036 0.00290359 0.00290359 0.00290369 0.00290551 0.0029036 0.00290359 0.00290362 0.00290369 0.00290364 0.00291235 0.00292696 0.00290359 0.00292496 0.00355124 0.0029036 0.00290419 0.00290361 0.00290378 0.00298683 0.00290359 0.0029036 0.0029036 0.0029036 13.018 0.0029036 0.00297859 0.00290373 0.00290742 0.00290398 0.0029036 0.00290772 41.4007 0.00290553 0.0029036 0.0029036 0.0029036 0.00291038 0.0029036 0.00297763 0.00290359 0.0029036 0.00290359 0.00414502 0.0029036 4.40886 0.00290361 0.00295034 0.00309477 0.00290362 0.0029036 0.00290391 0.00290365 0.00290365 0.00290359 0.00292053 0.00290708 0.00290361 55.1324 0.00290406 0.0029036 0.0029036 144.561 0.0029036 0.00290797 0.00294894 0.0029036 0.00290361 0.00304181 0.00297657 0.00323566 0.00303295 0.0029036 0.00290361 0.00293909 0.00290367 0.00290857 0.00290359 0.00290367 0.00290359 0.00291488 0.0029036 0.0029036 68.2631 0.00293528 0.0029036 0.0029036 0.0029222 0.0029036 14.0765 0.00290359 77.1598 54.8594 0.0029036 0.00290382 0.00291562 0.0029036 0.00290509 0.0029036 0.00290359 0.0029036 0.00290361 0.0029036 108.632 0.0029036 0.00290359 0.00290359 0.00292122 0.0029036 0.00297502 0.00290359 0.00290359 0.0029036 0.0029036 0.00290362 0.00290365 0.00290359 0.00291913 0.00290361 0.00377722 0.0029036 0.00320574 0.00294092 0.00294247 0.00291297 0.00290359 0.0029036 0.0029036 0.00290361 0.00290876 0.0029036 0.00292494 0.00291748 0.00290361 12.3549 0.00318307 0.00294874 0.0029371 0.00292078 0.0029036 0.0029036 0.0029037 0.0029036 0.00290359 0.00296152 0.0029036 0.00290359 0.0029036 0.00296289 0.0029036 0.00294464 0.00296968 0.00290364 0.0029036 0.00291316 0.00290359 0.00290359 0.00290359 0.00296562 0.00290392 0.0029036 108.261 0.00303661 0.00294088 0.00290362 0.0029036 0.0029036 67.3107 0.00290418 0.00290359 0.002904 0.00293486 0.00290369 0.00290381 0.0029036 0.0029036 0.0029036 0.00290359 0.00303065 0.00290369 364.539 0.0029036 0.00290433 0.00291467 0.00290975 0.00311087 0.0029036 0.00292104 0.00290359 0.00290359 0.00295595 0.00290373 0.00350015 0.00290359 0.00290359 0.00347871 0.0029036 0.0029036 0.00290883 0.00366738 0.0029036 0.00290359 0.00293452 0.00291724 0.00290359 0.0029097 0.00290362 0.00290449 0.0029036 85.089 0.00290359 0.00290364 0.0029036 0.0029036 0.00294026 0.0029036 0.0029036 0.00290359 0.00290359 0.00290619 0.00290359 0.00290359 0.00290387 0.00542215 0.00290359 0.00290546 0.0029036 0.00295082 0.00463324 0.0029036 0.0029036 0.00303299 0.00309114 0.00290359 0.0029036 0.00290359 0.00290359 0.00293269 0.00290359 0.00290359 0.00291339 0.00290359 0.00291049 0.00290415 0.00290359 0.00290359 0.00290388 0.00296048 0.00294308 0.0029036 0.00290359 0.0029036 0.0029036 0.0029036 0.0029036 0.00292931 0.00290359 0.00290359 0.00290359 0.00290359 0.00290608 0.0029036 0.00295779 0.0379156 0.00296178 0.0029036 0.0029036 0.0029036 0.0029036 0.00290359 0.00290366 0.00290359 0.00290582 0.00290359 0.00290461 0.00290359 0.0029036 0.00293067 0.00290359 0.0034264 0.00292068 0.0029036 573.195 0.00290525 0.00292282 0.00290461 0.00293948 0.00290362 0.00290456 0.00290882 0.00290373 0.0029036 0.00331562 0.0029036 0.0029036 0.00290363 0.00290862 0.0029036 0.0029036 0.00290447 0.0029036 0.00290359 0.00324438 0.00293432 0.00292283 0.0029036 0.00290359 0.0029036 0.00294798 0.00290359 0.00290656 0.0029036 0.00290359 0.00290532 0.00290359 0.0029036 0.00292362 0.00305583 0.00290373 0.0029036 0.00290705 0.00291245 0.00290359 0.00290359 0.00300657 0.00290359 0.0029036 0.0029036 0.0029036 0.00297712 0.00290359 0.00290374 0.00290516 0.0029036 0.0029036 0.00290418 0.00290359 0.00290359 0.0029036 0.00304328 0.00290359 37.3545 0.0029037 0.00298341 0.0029036 0.00297683 0.00290548 0.0029036 0.0029036 0.00290363 0.00296087 0.00290363 0.0029036 0.0029036 0.00292645 0.00290359 0.00290359 0.00290385 0.00290362 0.0029036 0.0029036 0.0029036 0.012191 0.0029036 0.0029036 0.0029036 0.00290368 75.515 0.0029036 8.46169 0.00291921 0.0029036 0.0244083 0.00290527 0.00290388 0.00290359 0.0029036 0.00290367 0.00290359 0.00290401 0.0029077 0.00290732 0.00290366 0.0029036 0.0029036 0.00290359 0.00290359 0.00295622 0.0029036 0.00290359 0.00290359 1538.55 0.00290359 0.00290388 0.00290407 0.00290558 0.00294283 0.00290376 0.00290378 0.00293113 0.0029036 0.00290359 0.0029036 0.00290388 0.00290491 0.00290359 0.00290361 0.0032407 0.00290359 0.00295672 0.00290359 0.00290359 0.00290532 0.00326567 0.0029036 0.00290681 0.0029036 0.00290359 0.0029036 0.00290359 0.0029036 0.00290359 0.00298654 0.00319088 0.00296896 0.00295703 0.00296517 0.0029036 0.0029036 0.00292424 0.00290362 0.00290413 0.00290359 0.0029036 0.0029036 0.0029036 0.00290971 0.00290698 34.3098 0.00290369 0.00290359 0.00290409 0.0029036 0.00290661 0.00302484 0.00290477 0.0029036 0.0029036 0.0029036 9.35439 0.0029036 0.00290359 0.0029036 0.00290359 0.00290359 0.00290375 0.0029036 0.0029036 0.0029036 0.00291973 0.00291058 0.00293901 0.00290359 0.00294402 0.00290359 0.0029036 0.00290888 0.00291827 0.00290359 0.00320913 0.00290359 0.00290421 0.0029036 0.0029036 0.0029036 0.00290589 0.00291091 0.0029225 0.0029036 0.0029036 0.0029146 0.00290616 0.0029036 50.8985 0.00291342 0.00290359 0.0029036 0.00290496 0.00290903 0.00290359 0.00290359 0.00291098 0.0029036 0.00317605 0.00290359 35.0607 0.0029036 0.00290359 0.0029036 0.00290678 0.00290359 0.0029036 0.00290464 0.0029036 0.0029036 0.00291166 0.00294217 0.00299077 0.00295811 0.00329445 0.00290359 0.00290367 0.0029041 0.00294483 0.0029036 106.848 0.00290405 0.0029036 0.0029036 0.00295194 0.0029036 0.00290359 0.0029036 0.0029036 0.0029036 0.0423485 0.0029036 0.00300454 0.00290359 0.00290359 0.0029036 0.00290359 0.0029036 0.00290359 0.00290359 0.00290361 0.00290359 0.00290408 0.0029036 0.00292229 0.0029036 0.00292659 0.00291101 0.00290363 0.00290863 0.00296102 0.00290458 0.0029036 0.0029041 0.00290426 0.00294728 0.0029037 0.00290361 0.00290359 0.0029036 0.0029036 0.00290565 0.00290387 0.0029036 0.0029036 0.00582718 0.00290394 0.00290402 0.0029036 0.0029036 0.00290359 0.00290359 0.0029036 0.0029036 0.00297335 179.004 0.00290359 0.0029036 0.00290363 0.00293828 0.0029373 0.00294585 0.00290359 0.0029036 0.00290359 0.00290393 0.0029036 0.0029036 0.0029036 0.00291089 0.0029036 0.0029036 0.00290422 0.00290447 0.00290362 0.00290359 0.0029036 0.00291108 0.0029036 0.0029036 0.00290558 0.00290402 0.00290359 0.00290362 0.0029036 0.00290359 0.00291286 0.0029036 0.00290823 0.00290398 0.00290368 0.0029036 14.8722 0.00290943 0.00290359 0.00290607 0.00291444 0.00290359 0.0029036 0.00290375 0.00290365 0.0029036 0.00290395 0.00290359 0.0029036 0.0029036 0.00290373 0.00495629 0.00290361 0.0029036 0.00290359 0.00301812 0.0029036 0.00290359 0.00290359 0.0029036 0.00290359 0.00296477 0.0029036 0.00290421 0.0029036 0.0029036 0.0029036 0.0029036 0.00298047 0.0029036 0.00291407 0.0029036 0.0455209 0.00290359 0.00290361 0.00290359 0.0029036 0.00290365 0.00290548 0.00299536 0.0029653 0.0029036 0.00290359 0.00341232 0.00290799 0.0029036 0.00378623 0.00290365 0.00293878 0.0029062 0.0029055 0.00290361 0.00291985 0.00290396 0.0029036 0.00290842 0.0029036 0.0029036 0.00290362 0.00290373 0.0030858 0.00295106 0.0029036 0.00290359 0.00290363 0.00290368 0.0029036 0.0029036 0.00310381 0.0029036 0.0029036 0.00290362 0.00291335 0.00290377 0.0029036 0.00290404 0.00291927 0.00290359 207.503 0.0029036 0.0029036 0.00290359 0.00290359 0.0029036 0.0029036 404.808 0.0029036 0.00290361 0.0029036 0.00294843 0.00290361 0.0029036 0.0029036 0.00290362 0.00293338 0.0029036 0.0029036 0.0029086 0.0029036 0.00290999 0.00291546 0.0029036 0.00327423 0.0029037 0.00290374 0.00290428 0.00299109 0.0029036 0.00290407 0.00290359 0.00290372 0.00290362 0.00297216 0.00290369 0.00307912 0.00307788 0.0029036 0.00290664 0.00290361 0.00290456 0.00290359 0.00308955 0.00290359 0.00292151 0.0029036 0.00297236 0.0029036 0.00290369 0.00290359 0.00291748 0.00298826 0.00292797 0.00290359 0.00291076 0.00290614 0.00291954 0.00293979 0.0029036 0.0029036 0.00290382 0.00290362 0.00297854 0.00290364 0.00290409 0.00291464 0.00290359 0.0029036 0.0029036 0.0029036 0.0029036 0.0029036 0.0029037 0.00441088 0.0029037 0.0029037 0.00313225 0.00290359 0.00290409 0.0029036 0.00309203 0.00291756 0.00290359 0.00290479 0.00290359 0.00290752 0.0029036 0.00290361 0.0029036 0.00290483 0.00303094 0.00290381 0.00290359 0.00290359 0.00290547 0.0029036 0.0029036 0.0029036 0.0029036 0.0029039 0.00290359 0.00290524 0.00290361 0.00290359 0.00290453 0.0029036 0.00290359 0.0029036 0.00290371 0.0029036 0.00290364 0.0029036 0.00290359 0.0029036 0.00291032 0.00290359 0.00290369 0.0029036 0.00291558 17.5434 0.0029038 0.00290359 0.0029036 0.00290359 0.0029036 0.00290359 0.0029036 0.00290779 0.00290456 0.00290359 0.0029036 0.00290449 0.00292128 0.00295421 0.00290362 0.0029036 0.00290887 0.00290359 0.00290554 0.00290359 0.0029036 0.0029036 0.0029036 0.0029036 0.00290398 0.00300422 0.00290362 0.00291945 0.00290359 0.0029036 0.0029036 0.0029036 0.0029036 0.0029036 0.00292643 0.00290359 43.4185 17.8103 0.0029036 0.00290456 0.0029036 0.00293274 0.00290359 0.00386453 0.00290359 392.948 0.003465 0.00290365 0.00290359 0.00290369 0.00293272 0.00290359 0.00290359 0.00292488 0.00290427 0.0029036 0.0029036 309.233 0.0029036 0.0029036 0.0029037 69.0402 0.0029036 0.00290561 0.00290359 0.0029036 0.0029036 0.00290359 0.00290359 0.0105067 0.00290359 0.00324999 0.0029036 0.00290359 0.00291665 0.0029036 0.00290361 0.00296097 0.0029036 0.00290359 0.00296164 0.0029036 171.229 0.0029036 0.00290383 0.00290359 0.0029036 24.5383 0.0029036 0.0029036 11.0857 0.00290402 0.0029036 0.0029036 0.0029036 0.00291056 0.00290371 0.00290383 0.00290501 0.00310531 0.00308017 0.0029036 0.0029036 0.0029036 0.00290359 0.00290552 0.00403449 0.00300172 0.00293049 0.00294303 0.0029036 0.00296063 0.0029036 0.00295381 0.00294567 0.00290359 0.00292343 0.0029036 0.0029084 0.0029036 0.00290997 0.0029036 0.00290667 0.0029036 0.00290409 0.0029036 0.00296609 0.00290537 0.00290361 0.00292294 0.0029036 0.0029036 0.00290368 0.0029036 0.00290359 0.00290377 0.0029036 0.0029036 0.00290409 0.0029036 0.00290364 0.0029036 0.00290359 0.00290728 0.00290359 0.0029036 0.00290359 0.00290366 0.00290359 0.00292412 0.00290359 0.00290359 0.00301639 0.0029036 0.00290359 0.00290545 0.0029036 0.00302222 0.00291964 38.5334 112.69 0.00290896 0.00290359 0.00290468 0.0029036 0.00290611 0.00290359 0.00290367 0.00290359 0.00355921 0.0029036 0.0029036 0.00290362 0.0030659 0.00296507 0.0029036 0.0029036 0.0029036 0.00290363 0.00290359 0.0029036 0.0029036 0.00291281 0.00290462 0.0029037 0.00290359 0.00290359 0.00290359 0.0029036 0.0029036 0.0029036 0.0029036 0.0029036 0.00290372 0.00314348 0.0029036 23.1268 0.00290359 0.00291197 0.0029036 0.00293987 0.00290362 0.0029036 0.00290422 0.0029036 0.00290359 0.0029036 0.00325102 0.00290367 0.00290457 0.0029036 0.0029036 0.00299695 0.00303367 0.0029036 0.00290359 0.00290359 0.0029036 0.00290359 0.00290363 0.00290382 0.00290375 0.00290369 0.00290359 0.0029036 0.0029036 0.00294463 0.00290361 0.00290359 0.00290712 0.00290396 0.0029036 0.0029036 0.00292055 0.0029036 0.0029036 0.0029036 0.0029045 0.00293377 0.0029038 0.00290435 0.00290361 0.00290384 0.0029036 0.0029036 0.00292407 0.00294095 0.00290359 0.00290359 0.00291187 0.0029036 0.0029036 0.00291451 0.00290359 0.00290372 0.0029036 0.00290359 0.00293982 0.00290366 0.00290359 0.0029036 39.6843 0.0029036 0.00290362 0.0029036 0.00290983 0.0029036 0.00290359 0.0029036 0.0029036 266.84 0.00290359 0.0029036 0.0029036 0.0029036 0.002907 0.0029036 0.00290362 0.0029036 0.00290939 0.00290498 0.00291807 0.00290359 0.00290359 0.00304598 0.0029036 0.00290361 0.0029036 0.00303558 0.00290359 0.0029036 0.00290542 0.00290904 0.00299135 0.00292082 0.00297509 0.00290454 0.00290359 0.00290368 0.00290365 0.00290392 32.4038 0.00291503 0.00290359 272.69 0.00298873 0.0029036 0.00290449 0.0029036 0.00290372 0.00290991 0.0029036 0.0029036 0.00290361 0.00875759 0.00291195 0.00290404 0.00291297 0.0029036 0.0029036 0.00290359 0.00290361 0.00290359 0.00295672 128.978 0.0029156 0.00290362 0.0029036 0.00298256 0.0029036 0.0029036 0.00290366 109.642 0.00290368 0.0029036 0.0029043 0.00290835 0.0029036 0.0029036 0.0029036 0.00290359 0.00290408 0.00290573 0.00290434 0.0029036 0.0029036 0.00290359 0.00290789 0.00290359 0.00294727 0.00322272 0.0029036 0.0029036 0.0029543 0.00290363 0.00290749 0.0029036 0.00296566 0.00290359 0.00290359 0.00290359 0.00290359 0.00290367 0.00290709 0.00290359 0.0029036 0.00292675 0.00290365 0.0029036 0.0029036 0.00290363 0.00290359 276.933 0.00290563 0.00290359 0.0029036 0.00294024 0.00290361 0.00290359 0.00293649 0.00290364 0.0029036 0.00290367 0.00290359 184.964 0.00291696 0.0029036 0.0029036 0.0029036 0.00290359 0.0029036 0.00290367 0.0029036 0.0029036 0.00295195 0.0029036 0.0029036 0.0029038 0.00290359 0.00291089 0.00296282 0.00290964 0.00290359 0.0029036 0.00290538 0.00290359 165.143 0.0029036 0.00314382 0.00290519 0.00290393 0.00290372 0.00290472 0.00290396 0.0029121 0.0029036 0.0029036 0.00290393 0.00290362 0.00290359 0.0029036 0.0029036 1289.36 0.0029036 0.00290375 0.00290721 0.0029036 0.00291295 0.00290359 0.0029036 0.0029036 0.00290359 0.0029036 0.00297872 0.0029036 0.00290414 0.00296563 0.00290359 0.00290359 0.0029036 0.00291781 0.0029036 0.0029036 0.00290359 0.00290359 0.00292004 0.00290369 0.00290359 0.0029036 0.00290412 0.0029036 0.00290359 0.00290359 0.00290689 0.0029036 0.00291266 0.0029044 0.00290414 0.0029036 0.00290359 0.00296815 0.00293273 0.0029036 0.00291963 0.00290363 0.0029036 33.5248 0.00292729 0.00290941 0.00317464 0.00310453 0.00290776 0.00290361 0.00290369 0.0029036 0.0029036 0.00290362 0.0029036 0.00290359 0.00290363 0.00290407 0.00290359 0.0029036 0.00290359 0.0029036 0.00290359 0.0029036 0.00290462 0.00290373 0.0029036 0.00294147 0.00290374 0.0029036 0.00290362 0.0029036 0.0029036 0.00291222 0.0029036 0.0029036 0.00291259 0.00290574 18.7879 0.00296734 0.00290733 0.0029036 0.00345534 0.0029036 0.00290375 0.00290721 0.00290359 0.0029036 0.00290359 0.00311004 0.00290359 0.00290395 0.00292965 0.00290376 0.00292012 0.00310019 0.00290365 173.625 0.0029036 0.0029036 0.0029319 0.00290361 0.00290359 0.0029036 0.00290427 0.00290596 0.00290359 0.0029036 0.0029036 0.00290543 0.00290359 0.0029036 0.00290359 0.0029036 0.00290359 0.00290361 0.00290361 0.0029036 0.00290364 0.0029317 0.0029036 0.00290404 0.00290493 0.00293101 0.00290359 0.0029036 0.00290394 0.00290378 0.00290359 0.00296677 0.00290359 0.0029036 0.00290361 0.00290359 0.00290365 0.00290392 0.00291132 0.0029036 0.00290359 0.00290363 0.00291034 0.00314086 0.00290444 0.00290556 0.00336021 0.00290523 0.0029036 0.00291017 0.00293245 0.0029036 0.0029036 76.8244 0.00290362 0.00290362 0.0029036 0.0029036 0.00290359 0.00290362 0.00290415 0.00290359 0.00302634 0.00290359 0.00290363 0.00290359 0.00292397 0.0029036 0.00290607 0.0029036 0.0029036 0.0029036 0.0029036 0.00290403 0.00290359 0.0029036 0.00290433 0.00290416 0.00290359 0.00290365 0.00290624 0.00290816 0.00290438 0.00291002 0.00297853 0.0029036 0.00290364 0.00290364 0.0029036 0.00290359 0.00293088 0.00290359 0.00290414 0.00290378 0.00308525 0.0030127 0.00290362 0.00304403 0.00290511 0.00292541 0.00290359 0.00290367 0.00290572 0.00290368 0.00290361 0.0029036 0.0029036 0.00290361 0.00292379 0.00290389 0.00312628 0.00290359 3.47602 0.0029039 0.00290365 0.0029036 0.00291969 0.00306317 0.00291595 0.00290368 0.0029036 0.0029036 0.0029036 0.00290368 0.00290363 0.00773953 0.0029036 0.00291047 0.0029036 0.00290359 0.0029036 0.00290362 0.00290505 0.00296623 0.0029036 0.00290771 0.00290523 0.00290758 0.00291872 0.00290379 0.00290791 0.00290641 0.00291119 0.00290359 0.00290407 0.00290359 0.0029036 0.00295372 0.00291583 0.00290359 0.0029036 0.00290508 0.00294507 0.00290378 0.00290533 0.00291392 0.00290359 0.0029036 0.00290359 0.00290359 0.00290359 0.00291673 0.0029036 0.00290359 0.00291552 0.0029036 0.0029036 0.00293199 0.0029036 0.0029036 0.00290432 0.00290359 0.0029036 0.00290882 0.00290498 0.00294908 0.0029036 0.0029038 0.0029044 0.00290362 0.00293176 0.00290501 0.0029036 0.00311787 0.00290359 0.0029036 0.00290422 0.0029036 0.00290361 50.5096 0.0029036 0.0029036 0.0029036 0.0029036 0.0029036 0.002904 0.00295663 0.00290498 0.00292945 0.00290367 0.0029039 0.00290359 0.00290759 0.0029037 0.00290359 0.00290708 0.0029036 0.00291439 0.0029172 0.00291404 0.0029036 0.0029036 0.0029036 0.0029036 0.00292616 0.0029036 0.00290709 0.0029036 0.00290359 0.00298818 84.8188 0.00297567 0.00290365 0.00290368 0.00331663 0.0029044 0.00290373 0.00300893 0.00291958 0.0029037 0.00290359 0.00290363 14.7924 0.00304655 0.00290401 0.00303388 0.00291161 0.00292108 0.0029036 0.00294023 0.0029036 0.00290366 0.00291118 0.0029036 0.0029036 0.00341592 0.00290366 0.00290379 0.00290468 0.00290372 0.00290361 0.00300342 0.0029036 0.0029036 0.0029036 0.00290361 0.00290359 0.00300219 0.0029036 0.0029036 24.8739 0.00292698 0.00290373 0.0029036 0.0029036 0.0029036 0.0029036 0.0029036 0.00290363 0.00290359 0.00290365 276.285 0.0029036 0.0029036 0.0029036 0.00294463 0.00292574 0.00290373 0.00290653 0.00290364 0.00290362 0.0029036 0.00290359 0.0029036 0.00298853 0.00290377 0.00290359 0.00293825 0.00290383 0.00291693 0.00290968 41.5659 0.00290554 0.00341364 0.00290359 0.0029036 0.00293843 0.00290359 0.0029036 0.00290415 0.0029036 0.00290359 0.00290374 0.00290359 0.0029036 0.00290362 0.00290572 0.0029036 0.00290498 0.00300714 0.00291601 0.0029036 0.00290363 0.0029036 0.00290359 0.00349706 0.00459365 0.00290619 0.00296678 0.00291346 0.00290505 0.00290359 0.00290484 49.5665 0.0029036 0.00298633 0.00291251 0.0029036 0.00290359 0.00290359 0.00290359 0.00295811 0.0029036 0.00290359 0.0029036 0.00290367 0.00290372 0.0029036 0.0029036 0.0029036 0.00290359 0.0029036 0.00290359 0.00290367 0.0029036 0.00293704 0.00291256 0.00290364 0.00290404 0.00291838 0.00290369 0.00290362 0.0029036 0.00298602 0.0029515 0.00293621 0.00290413 0.00290374 0.0029036 0.00293837 0.00290628 0.00302713 0.00290359 0.00290423 0.00290359 0.00301927 0.00477486 0.0029036 0.0029036 0.00290359 0.00290656 0.00290359 0.0029036 0.00334186 0.00290359 0.00290359 0.00290365 0.00290359 0.0029036 0.00290389 0.00290359 0.0029036 0.00311823 0.00290362 0.0029036 0.0029036 207.094 0.00291052 0.0029036 0.0029036 0.00290674 0.0029036 0.0029036 0.00290359 0.00291356 0.0029036 0.0029036 0.0029036 0.00292972 0.00290361 0.00290378 0.00290434 0.00290359 0.00291884 0.0029036 0.00290548 0.00291406 0.00290578 0.00297039 0.00290359 0.0029038 0.0029036 0.00290549 13.8138 0.00291751 0.00290361 0.0029036 0.00290373 0.00290364 0.00290371 0.00291086 0.00290481 0.00290363 0.0029036 0.00290777 0.00290492 0.00290359 0.0029036 0.00290359 0.00290359 0.00290373 0.00290361 0.0029036 0.0029036 0.00290362 0.00290361 0.00290359 0.0029036 0.00290431 0.00291351 0.00290361 0.00294405 0.00305033 0.0029036 0.00290359 0.0029036 0.0029036 0.0029036 0.0029036 0.00290373 165.473 0.00290359 0.00290359 0.0029036 0.00290359 0.00290367 0.00290367 0.00290527 0.0029038 0.0029036 0.00290359 0.00290401 0.00299864 0.0029036 0.0029036 0.00290446 0.00290359 0.0029036 0.00290359 0.0029047 0.00290363 0.0029036 0.0029037 0.00290368 0.0029036 0.00297666 0.00297133 0.00342396 0.0029036 0.00290359 0.00290873 0.0029036 0.00290379 0.00290373 0.00290359 0.0029055 0.00296152 0.0029036 0.0029036 0.0029036 0.00291437 0.00290359 0.0029036 0.0029036 0.00290949 0.00306406 0.00290359 0.00290449 0.0029036 0.00295981 0.00333556 0.0029037 0.00290429 0.0029036 0.00292468 0.0029036 0.00295064 37.8145 0.00290376 0.0029036 0.0029036 0.00290362 0.00290359 0.00290362 0.00290368 0.0029036 0.00290359 0.00290367 0.00290365 0.00293419 0.00290359 0.00290372 0.00290359 0.00293714 0.0029036 0.00290359 0.0029036 12.9352 0.00290359 0.0029036 0.0029036 0.00301278 0.00290359 0.00290363 0.00290375 0.00290408 0.00290363 0.00291199 0.0029036 0.0029036 69.2127 0.0029437 0.0029036 0.0029036 0.00290359 0.00290359 0.00290359 0.00301013 0.0029036 0.00290359 0.00290359 0.0029036 247.166 0.00310082 0.0029036 0.00290362 0.00290359 0.00290384 0.00291123 0.00290402 0.0029036 0.00290359 0.844934 0.0029036 0.00290362 0.0029036 0.0029036 0.0029036 0.00290359 0.0029036 0.0029036 0.0029036 0.0029036 0.00290375 0.00290361 0.0029036 0.0029036 0.00290638 0.00290374 452.335 0.0029036 0.0029036 0.00312625 0.00290369 0.00290361 36.5368 0.00293633 0.00290359 0.0029036 0.0029037 0.0029036 0.0029036 0.0029036 0.00290383 0.00290359 0.00298497 0.00290367 0.00290359 0.00373873 0.00291437 0.0029036 0.00304847 0.00297635 0.0029036 0.00293679 0.00290421 0.00326598 0.0029036 0.0029036 0.00290361 0.00327556 0.00290359 0.0029036 0.0029036 0.00290359 0.00291209 0.00292585 0.0029036 0.00290359 0.0029036 0.00290359 0.0029036 0.00290359 0.00290366 0.00290373 0.00290359 0.00290359 0.00290898 0.0029036 0.00292178 0.00290414 0.0029036 0.00290359 0.00290359 0.00294017 0.0029036 0.00290509 0.0029036 0.00290361 0.00290375 0.00290367 0.0029036 0.00290359 0.0029036 0.0029036 0.00290359 0.00290359 0.0029045 0.00293174 0.0029036 0.00294672 0.0029036 0.00290359 0.0029036 0.00290359 0.0029036 0.0029635 61.6027 0.00290359 0.00297637 0.00290409 0.00310431 0.00290377 0.00290378 0.0029036 0.0029188 0.0029036 0.0029036 0.00290361 0.00290439 0.00290363 0.0029769 0.00290359 0.0029042 0.00290362 0.00290359 0.00290359 0.00295061 0.00290524 0.0029036 0.00290372 0.00290379 0.00297314 0.00290359 0.0029036 0.00290359 0.00290373 0.0029036 0.0029036 0.00290466 0.0029036 0.00290359 0.00290359 0.00302216 0.0029036 79.0093 0.00290359 0.00290386 0.0029096 0.00290359 0.00290359 0.0029036 0.0029036 0.00290359 0.00290359 0.0029036 0.00290359 0.00290588 0.00329878 0.00290359 0.0029036 0.00290374 0.0029036 0.00290381 0.00295556 0.00290362 0.00290439 0.0029036 0.0029036 0.00290361 0.00290359 0.00296673 0.00291156 0.00290359 0.00290459 0.0029036 0.00290365 0.00290359 0.00303691 0.00290711 0.00290488 0.0029036 0.0029039 0.00290425 0.00291812 0.00290416 0.00290359 0.0029036 0.00305645 0.0029036 0.00290367 0.0029036 0.00290364 0.00290362 11.9606 0.00290584 0.0029036 0.0029343 0.00290401 0.00290359 0.00290412 0.0029036 0.00290372 0.0029036 0.0029036 0.002955 0.00290359 0.00297328 0.00301694 0.0029545 0.0029036 0.00290369 0.00309578 0.00302296 0.0029036 0.0029051 0.00290372 0.00335788 0.0029196 0.00290361 2.78786 0.00290359 0.0029074 0.00290367 0.0029036 460.532 0.00290359 0.0029036 0.00290371 0.003204 0.00290361 0.0029036 0.00299163 0.00302808 0.00290366 0.00295836 0.0029036 0.0029036 0.00298484 0.0029336 0.00296061 0.0029036 0.0221642 0.00290504 0.00290359 0.0029037 0.00290359 0.0029036 0.0029037 0.00290363 0.0029036 0.00294714 0.00290361 0.00290361 0.0029036 0.00290359 0.0029036 0.00290393 0.0029036 0.00291246 0.0029036 0.00290362 0.00290359 0.00290363 0.00290362 0.00290984 0.00290866 0.00290359 0.0029036 0.00290368 0.00290844 0.00290359 0.00291131 0.0029036 0.00290359 0.0029036 0.00293372 0.0029036 365.3 0.00290379 0.0029036 0.00290359 0.00290359 1.66856 0.00290359 0.0029073 0.00290394 0.00290377 0.00290409 0.00290361 0.00290419 0.0029036 0.0029036 0.0234371 0.00297444 0.0029036 0.002929 0.0029036 0.00291726 0.00290359 0.0029036 0.00291526 0.00292241 0.00290359 10.1414 0.00290367 0.0029099 0.0029036 0.00290362 0.00314449 0.00290378 0.00291162 0.0029036 0.00290365 0.00290947 0.00290359 0.00291717 0.00294963 0.0029496 0.0029036 0.0029036 0.0029036 0.00290359 0.00290371 0.00290763 0.0029036 0.0029036 0.0029036 0.00290515 0.00290359 0.00295938 0.00314517 0.0029036 0.00290674 0.0029036 0.00304147 0.0029036 0.00290379 0.00290359 0.002934 0.00290359 0.0029036 0.0029036 0.0029036 0.00290359 0.0029036 0.00291743 0.0029036 0.00290408 0.0029036 0.00290359 0.00290359 0.0029036 0.00290553 0.00290359 0.00290359 0.0029036 0.00290362 0.00290359 81.0465 0.00290359 0.0029036 0.00290359 0.00301648 0.0029036 0.00290359 0.0029036 114.457 0.0029036 0.00290508 0.00290359 0.00290478 0.00297109 0.00309412 0.0029036 0.00290359 0.0029036 0.00291489 0.00290359 0.00292064 0.00290687 0.0029036 0.00290653 0.0029036 0.00302119 0.00290359 0.0029036 0.00305088 0.00290359 0.00290522 0.00290361 0.00290365 0.0029036 0.0029036 0.0029036 117.514 0.00290359 0.00290359 0.00292758 0.0029036 0.0029036 0.0029036 0.00290385 0.0029036 0.00290378 0.00290637 0.0029036 58.8644 0.00290621 0.0029036 0.00290531 0.00290359 0.00291287 0.0029145 0.0029036 0.00290902 0.0029036 0.0029036 435.071 0.0029045 0.00290359 0.00306508 0.00290359 0.00292903 0.00291489 0.0029036 0.00290573 0.0029036 0.00290359 0.0029036 0.0131253 0.0029036 0.0029036 0.0029078 0.0029036 0.00290359 0.00290379 0.0029036 211.144 0.00290654 0.00290366 0.00290521 0.00290375 0.00290371 0.00298931 0.0029036 0.00290421 0.0029036 0.00292085 0.0029036 0.0029036 0.00290362 0.00290359 0.0029036 0.0029036 0.00290359 0.00290361 0.00291231 0.00290439 0.00290362 0.0029393 0.00291106 0.00290367 0.00291657 0.00290368 0.00302259 0.00291771 0.00291715 0.00290359 0.00333315 0.0029036 0.00290593 0.00293079 0.0029037 224.62 0.00290359 0.00290359 0.00290393 0.00290361 0.00290598 0.00298391 0.00290369 0.0029036 0.0029036 0.0029036 0.00290369 0.00290359 0.0029187 0.0029036 0.0029036 0.0029036 0.0029036 0.00290359 0.00290362 0.00291517 0.0029036 0.0029036 0.0029037 0.002914 0.00290359 0.00290376 0.00290359 0.0029651 0.00290443 0.0031741 0.00292473 0.0029036 0.00290867 0.00290579 0.00290359 0.00419912 0.0029036 0.00290392 0.00307767 0.00290374 0.00295661 0.00308777 0.00291047 0.0029039 0.00290367 4.85754 0.0029036 0.00297498 0.00294343 0.00290584 0.0029036 0.0029036 0.00291233 0.00296363 0.00291792 0.00290361 0.00290359 0.0029036 0.00310237 0.0029049 0.0029036 0.00290926 0.0029036 0.0029036 0.00292576 0.00290361 0.0029036 0.00291051 0.00291348 0.00290359 0.00290781 0.0029037 0.0029036 17.6598 0.00301814 0.00297092 0.00334413 0.0029799 0.00295725 0.00290368 0.00290363 27.6549 0.0029056 0.00291473 0.0029036 0.0029036 0.0029036 790.234 0.00292703 0.00290359 0.00319975 0.0029036 0.0029036 0.00290359 0.0029036 0.00290359 0.00290506 0.00301713 0.00290359 0.00290362 0.00292063 0.00290359 0.00290406 0.0029036 0.00290359 0.00290359 0.00301464 0.0029036 0.00290359 0.00290359 0.0029036 0.0029036 0.0029036 0.00291251 0.00290359 0.00293884 0.0029429 0.0029036 1.34932 0.00290359 0.0029036 0.00290359 0.0029036 0.00329058 0.0029036 0.00290359 0.00293246 0.00290359 0.00298856 0.00293807 0.00290363 0.00291452 0.00292259 0.0029036 0.00293351 0.0029036 0.00290359 0.0029036 0.0029036 0.00290359 0.0029036 0.0029036 0.00290363 0.00290359 0.00292754 90.9844 0.0029036 0.00290359 0.00290893 0.00290367 0.0029036 0.0029036 0.00290387 0.0029036 0.00290486 0.00290376 0.00290481 0.0029036 0.00290359 0.00290369 0.00290613 0.00290359 0.00290359 0.00290359 0.0029036 0.00293975 0.00290359 0.00290359 0.00296832 0.0029036 0.0029036 0.0029036 0.0029036 0.0029036 0.00292821 0.0029036 0.00290788 0.00290359 0.00290458 0.00290367 0.00293066 0.0029036 0.00292436 0.00291895 0.00290359 0.00291977 0.00290626 0.00290359 0.0029036 0.00290359 17.449 0.00290375 0.00294904 0.0029036 0.00290389 0.00295231 0.0029036 0.0029036 0.00290361 0.00290664 0.00290501 0.00290364 0.00290385 0.00290598 0.00292869 0.00359096 0.00290362 63.7597 0.00291543 0.00290388 0.0029036 0.00294096 0.00290359 0.00290359 0.00291575 0.00290372 0.00295304 0.00290377 0.00299877 0.0029036 0.00290591 132.635 0.00298879 0.00296669 0.0029148 0.00554627 0.00290375 0.0029036 0.00290433 0.00290366 0.00294568 0.00320729 0.00290373 0.00313297 0.00290359 110.713 0.0029036 0.00291251 0.0029036 0.00290436 0.0029036 0.00290364 0.00290362 0.00297641 0.00361117 0.00290359 0.00290387 0.0029036 0.0029036 0.0029036 0.00290478 0.00290359 0.0029036 250.76 0.00290365 0.00290359 0.00290429 0.0029036 0.0029036 0.00295881 0.0029036 0.0029036 0.00299588 0.00297021 0.00291545 0.0029036 0.00290359 0.0029292 0.00290651 0.00290359 0.0029036 0.00290359 0.0029036 0.00290362 0.0029036 0.0029036 0.00290366 0.00319216 0.0029036 3.388 0.0029036 0.0029036 0.0029036 0.00290361 0.00290408 0.0029036 0.0029036 0.00290359 0.00290359 0.002909 0.00293735 0.00290697 0.0029036 0.00290397 0.0029036 0.0029036 0.0029036 0.00290359 0.0029036 0.00290359 0.0029036 0.0029036 0.0029036 0.0029036 0.0029036 0.0029036 0.0029036 0.0029036 0.0029036 0.00291727 0.0029036 0.00298651 0.00290359 0.00290371 0.00290359 0.00290627 86.2303 0.00290359 0.00290363 0.0029036 0.00290376 0.0029036 0.0029036 0.00290365 0.00290795 0.00331243 0.00299703 0.0029036 0.0029036 0.0029036 0.00290359 0.00293843 0.0029037 0.0029516 0.00290359 0.00290359 0.00294674 0.00291423 0.0029036 0.0029042 0.00290361 0.00290359 0.0029036 0.00291371 0.0029036 0.00290359 0.0029036 0.0029036 0.00290359 0.00290427 0.0029036 0.0029036 0.0029036 0.00290912 0.00290359 0.0029036 0.00290702 0.00290387 0.00352406 0.00290359 0.0029036 0.00290362 0.00290366 0.00290359 0.00304746 0.00312408 0.00294703 0.0029036 0.0029036 0.00292555 0.00316504 0.0029036 0.00291592 0.00290821 0.00290359 0.0029036 0.00290395 0.00300216 0.00290359 0.00290362 0.00290372 0.00290835 0.0029036 0.0029036 0.00290492 0.0029036 0.0029036 0.00290912 0.0029036 0.0029036 0.0029036 0.00290359 0.00298946 0.00290364 0.0029036 0.00290566 0.0029036 0.0029036 0.00296151 0.00290365 0.00290359 0.00290559 0.00290359 0.00290359 0.00290359 0.0029036 0.00290374 0.00290359 0.00290442 0.00290363 0.00327411 0.00290361 0.00290359 0.00451841 0.00290386 0.00293063 0.00302754 0.00290359 0.0029036 0.00290359 0.00293853 0.0029036 0.0029036 0.00290359 0.00290359 0.0029036 0.00322603 0.0029036 0.00446588 4.64416 0.00290363 0.0029036 0.00292286 0.00290359 0.00290362 0.0029036 14.6161 0.0029036 0.00290359 0.00290359 0.00290601 11.0858 0.0029036 0.00290359 0.002911 0.00290482 0.00337358 0.0029042 0.00290365 0.00290387 0.00493743 0.00290359 0.0029036 1318.16 0.00290567 0.00290379 0.00290381 0.00290368 0.00310267 0.0029036 26.5412 0.0029036 0.0029036 0.0029036 0.0029092 1.78278 0.00290359 0.0029135 0.00290359 0.0029036 0.00290359 0.0029036 0.00290416 0.00290359 0.00290443 0.0029036 0.00290359 0.00290374 0.0029198 0.00290359 0.0029036 0.0029036 0.00290359 0.0029036 0.0029036 0.00290885 0.00292594 0.00290359 0.0029036 0.00290359 0.0029036 0.0029036 0.00291235 0.00302361 0.00290376 0.0029036 0.00290359 0.0029036 0.00290512 0.00290412 0.00294691 0.00290364 0.0029036 0.00298789 0.00290624 0.0029036 0.0029036 0.00290757 0.0029036 0.00290363 0.00290364 0.0029036 0.0029036 0.00290359 0.00293257 0.00290359 0.00290359 0.00290359 0.0029036 0.0029036 0.00290367 0.00290359 0.00290473 0.0029042 0.00290359 0.00290394 0.00295518 0.00290359 0.0029036 0.0029036 0.00290359 0.0029036 0.00290359 0.00290359 0.00290513 0.00290359 0.00290359 0.00290359 0.0029704 0.00290359 0.00292541 0.0029036 0.00298045 0.0029036 0.00290365 0.00290438 0.00290359 0.00290361 0.00290368 0.00290359 0.00290359 0.0029036 0.0029036 0.00290359 0.00291869 0.00290376 0.0029036 0.00290359 0.00290359 0.00290359 0.00290359 0.00290635 0.00290419 0.00290359 0.00290359 0.00290585 0.00290433 0.00290649 0.0029036 0.00290392 0.00290709 0.0029036 0.0029036 0.00290361 0.0029036 0.00290359 0.00293742 0.0029036 0.0029036 0.00290359 0.00290361 0.0029036 0.0029036 0.00292027 92.1765 0.00290361 0.00322308 0.00554636 0.0029036 0.00290359 0.00291452 0.00290359 0.0029036 0.00292216 0.00292919 0.0029036 0.00291378 0.00297678 0.00290359 0.0029036 0.0029175 0.00290474 0.00290361 0.00290365 0.00290361 0.00298304 0.0029036 0.00292249 0.00290359 0.00412127 0.00290359 0.00291385 0.00290359 0.0029036 0.00290359 0.00291746 0.00290409 0.00291659 0.00291665 0.0029036 0.0029036 0.0029036 0.00293692 0.00293695 0.00290412 18.6536 0.0029036 0.00290359 0.0029036 0.00302858 0.00290822 0.00290362 0.00294462 0.0029036 0.0029036 0.00290427 0.00290414 0.00290376 0.00292011 0.00290359 0.00291895 0.0029036 0.0029036 0.00294431 0.0029036 0.00290386 0.00290367 0.0029036 0.00300426 0.0029036 0.00290361 0.00290362 0.00290359 0.00290387 0.00290359 0.00290371 0.00298071 0.0029036 12.6796 0.0029036 0.0029036 0.00291427 0.0462088 0.00290359 0.00291635 0.00290376 0.0029036 0.0029036 0.00290371 0.00290368 0.0029036 0.0029036 0.00290377 0.00290361 0.00290359 0.0029036 0.0029036 0.00295397 0.00290509 0.00290916 0.0029157 0.0029036 0.00290364 0.002996 0.00290359 0.00290359 0.0029036 0.0029036 0.00292684 0.00291355 0.0029036 0.0029036 0.00290359 0.0032557 0.00292048 0.0029036 0.00290368 0.0029036 0.0029037 0.0029067 0.0029036 0.0029036 0.0029036 0.00291761 0.0029036 0.0029036 0.00291604 0.0029036 0.0029036 0.0029036 0.00290552 0.0029036 0.00476953 0.0029036 0.0029036 0.0029036 0.0029036 0.00290359 0.00290359 0.0029036 0.00290359 0.0029036 0.00292371 0.0029036 0.00291587 0.00290512 0.0029036 0.00290438 0.0029036 0.00290465 0.00290657 0.0029036 0.00291137 0.0029036 0.00290359 0.00292313 0.0029036 0.00292564 0.00290359 0.00290674 0.00290402 0.00291907 0.0029036 0.00290359 0.0029036 0.00297712 0.0029036 0.0029036 0.00290462 0.00290359 0.00290401 0.00295808 0.0029036 0.0029036 0.00290359 0.00290365 0.00290365 0.0029036 0.0029036 0.00290406 0.0029036 0.0029036 0.0029036 0.00290461 0.0029036 14.7744 0.00290374 0.00295589 0.00290359 0.0029037 54.5831 0.0029036 0.00291488 0.0029291 0.00290359 0.00290361 0.0029036 0.00295227 0.00290654 0.0029036 0.0029036 0.0029036 0.00296404 0.00296156 0.00290359 0.00299137 0.00290359 0.00290362 0.00293608 0.00290365 0.00290405 0.0029036 0.0029036 0.0029036 0.00290495 0.00290359 0.00290475 0.00292885 0.00291104 0.0029036 0.0029037 0.00293107 0.00290359 0.0029036 0.00295528 0.0029036 0.00301714 0.0029036 0.0029036 0.0029036 0.00290406 0.0029036 0.00292751 0.0029036 0.00293548 0.00292342 0.0029036 0.00296713 0.0029036 0.0029036 0.00290362 0.00293099 0.0029036 0.0029036 0.00290729 0.00316334 0.0029036 0.00290359 0.0029036 0.0029334 0.0029036 0.00296103 0.00290445 0.00290359 0.00290359 0.0029036 0.0029036 0.00290371 0.00290359 0.00290359 0.00290762 0.00290645 0.0029036 0.0029036 0.00294073 0.00290359 0.479853 0.00290359 0.0029036 0.0029036 0.0037385 0.00297097 0.00290773 0.0029037 0.0029036 0.0030178 0.00290383 0.00290359 29.3136 0.0029036 0.00290447 0.00290361 0.00290887 0.0029036 0.00300532 0.00295815 0.00290359 0.00290386 0.0029036 0.00290359 0.00290359 4.85752 0.0029036 0.0029036 0.00290776 0.00290525 0.00290361 0.0029036 0.00291251 0.00290359 0.00290359 0.00300686 0.0029036 0.00290366 0.00290359 0.0029036 0.00290567 0.0029036 0.00290359 0.0029036 0.0029036 0.0029036 0.00290359 0.00294455 0.00292655 0.00290359 0.00310854 0.00290359 0.00290378 0.00332889 0.00290807 0.00290359 228.986 0.0029036 0.0029036 0.00396519 0.0029036 0.0029036 0.00290373 0.00290359 0.00297962 0.00290359 0.00293125 0.00290361 0.0029036 0.00290359 0.00290377 0.0029125 0.00290362 0.00292405 0.0029036 0.0029404 0.0029036 0.00325535 0.00291558 0.00290371 0.00290359 0.0029036 0.00290359 0.0029036 0.00290359 0.0029036 0.00329552 0.002908 0.00290359 0.00290359 0.00290362 0.0029036 0.00290359 0.00291745 0.00290359 0.00290419 0.0029036 0.00290372 0.0029036 0.00290359 0.00295946 0.00303863 0.00293577 0.00290359 0.00290378 0.0029036 0.00290359 0.00290366 0.00290685 0.00290759 0.0029036 0.0329815 0.0029036 0.0029036 39.5655 0.0029036 0.00290359 0.00290359 0.00292077 0.00291118 0.002905 0.0029036 0.00290359 0.00290398 0.00290359 0.00290359 0.00290359 0.00290738 0.00290359 0.00339887 0.00290444 8.00405 0.0029036 0.00290359 0.00290818 0.0029036 0.0029036 0.00290359 0.0029036 0.00290359 0.0029036 0.00290359 0.00290579 0.0029036 0.00290359 0.0029036 0.0029036 0.00290368 0.00298362 0.00290359 0.00290501 0.0029036 0.00290409 0.00290359 0.00291505 0.00290367 0.00290655 0.0029036 0.00290374 0.00290392 0.00290599 0.0029036 0.0029036 0.0029036 0.0029036 0.00290383 0.0029036 0.00341693 0.00290359 0.0029036 0.0029036 13.1886 0.0029036 0.00290587 0.00290461 1660.38 0.0029089 0.00290359 0.00290427 0.0029036 0.00290359 0.0029036 0.00290359 0.0029036 0.00292624 0.00290364 0.0029036 0.00290359 0.00304871 0.00290362 0.00290359 0.0029036 37.0365 0.00290441 0.00290366 0.00290373 0.0029036 0.00290363 0.00290721 0.00291127 0.00290363 0.00290372 0.0029036 0.0029036 0.00290363 0.00290359 0.00290626 0.00290359 0.0029036 0.0029036 0.0029036 0.00290359 0.00290363 0.00297344 0.00319088 0.0029036 0.00311893 0.0029036 0.0029423 0.0029036 0.00303762 0.0029036 0.0029036 0.00294302 0.00290359 0.00290559 18.0352 0.00346762 32.073 0.00290359 0.00294225 0.00290359 0.0029036 0.00495837 0.0029036 0.00290372 0.00290415 0.00292534 0.00290359 125.051 0.00290431 0.00290361 0.00638656 0.00290365 0.00292373 0.00290366 0.00290383 0.00294276 0.0029036 0.0029036 205.979 0.00290408 0.00291116 0.0029036 0.00290597 0.0029036 0.00290361 0.0029036 9.14551 0.00294052 0.00290359 0.00290361 0.00291238 0.0029036 0.00290568 0.00291205 0.00290526 0.00290359 0.00290606 0.00290359 0.00290359 0.0029036 0.00290684 0.0029036 0.00291391 0.0029036 0.00290359 0.0029036 0.00290591 0.00290376 0.00293391 0.00290359 0.00290359 0.00291429 0.00290359 0.00290365 0.00290548 0.00300314 0.00290868 0.00290723 0.00290359 0.00290404 0.00294871 0.00290359 0.00290359 0.00290359 0.0029036 0.00290371 0.00300438 0.00293433 0.0029036 0.0029036 0.00290362 0.00293285 0.00290567 0.00290359 0.0029118 0.00290373 0.00291483 0.00290359 0.00290359 0.00294568 0.0029036 0.0029036 0.0029038 0.00291434 0.00290359 0.00290359 0.0029036 0.0029733 0.0029036 0.00290359 0.00291103 0.0029036 26.7826 0.0029036 0.0029036 0.0029036 0.00302232 0.00290359 0.00290363 0.0029036 0.0029036 0.00291843 0.00290359 11.0857 49.5843 0.00310526 0.0029036 0.0029036 0.00291099 0.00290739 0.00290361 0.0029036 0.0029036 0.00290378 0.00290359 0.00290361 0.0029036 0.00290359 0.00290361 0.00294033 0.0029036 0.00295068 0.00290359 0.0029036 0.0029036 0.00291504 0.00294483 0.0029036 0.00290359 0.0029036 0.0029036 31.0516 0.00290427 0.00290361 0.00290574 0.0029036 0.00290359 55.9688 0.00335596 0.00290359 0.00292545 0.00291251 0.0029036 0.00290376 0.00290454 0.00290507 473.706 0.0029036 0.00290359 0.00290385 0.00290359 0.0029036 0.00290446 0.0029036 0.00291453 0.0029051 0.00290359 0.0029036 0.00305884 0.00290431 0.00298311 0.00290485 0.00290359 0.00292721 0.00302047 0.0029036 0.0029036 235.842 0.00290359 0.0029036 0.00290359 0.0029036 0.0029036 0.00290561 0.00294268 0.00290363 0.00290974 0.0029036 0.00299173 0.0029039 0.0029036 0.0029036 0.0029036 0.00300044 0.00291189 0.00295584 0.00291087 0.00290412 0.0029036 0.0029036 0.0029036 0.00293226 0.0029036 0.00298419 0.00300559 0.00308751 0.0029055 0.0029037 0.0029036 0.00297356 0.00290373 0.0029036 0.00290359 0.00290359 0.0029036 0.0029036 0.00290404 0.0029036 0.0029036 0.00290359 0.0029036 0.0029036 0.00290359 0.00298934 0.00290359 16.1391 0.00290365 0.00290359 0.00290376 0.00291421 0.0029036 0.0029036 0.00293467 0.0029036 0.00292095 0.0029036 0.0029036 0.00304206 0.0029036 0.00290822 0.00291385 0.00335111 0.0029036 0.0029036 0.00290361 0.0029036 0.00290359 0.0029036 0.0029036 0.00290501 0.00291391 0.00290359 0.00291376 0.00292677 0.00290371 0.00290365 402.827 0.00290359 0.0223655 0.00290535 0.0029036 265.86 35.881 0.00290359 0.00290744 0.0029036 0.0029036 0.00290359 0.00290575 0.00290359 0.0029036 0.00290891 153.207 0.0029038 0.0029036 0.0029036 0.00296032 0.0103787 0.00290361 0.0029036 0.0029036 0.00290525 0.00290899 0.00291534 0.00290388 0.0029036 0.00290535 0.00294955 0.0401482 0.0029036 0.0029036 0.00290673 0.00290365 0.00290374 0.00290748 0.00293554 0.0029036 0.0029036 0.0029039 0.00290359 0.00290496 0.0029036 0.0029036 0.0029036 0.00290384 162.007 0.0029036 374.923 0.00290359 0.00291295 0.0029036 0.0029036 0.0029036 67.1167 0.0029036 0.00292085 0.00290359 0.0029036 0.0036666 0.00290359 0.00290472 0.0029036 0.0029036 0.00290365 0.00290952 0.00290359 19.29 0.00299802 0.00290372 0.0029036 0.00290374 0.00290359 0.00290385 0.00290364 0.003243 0.00290359 0.00344111 0.00290366 0.00290368 0.0029036 0.00291917 0.0029036 0.131922 0.0029036 0.00290359 0.0029036 8.80061 0.0029036 0.0029036 0.0029036 0.00290399 0.00290359 0.00290383 0.0029036 0.0029036 0.00290359 0.00291099 0.00290556 0.0613641 0.00290439 0.0029036 0.00294012 0.0029089 0.00291399 0.0029036 0.00290389 0.0029036 0.0029036 0.00290722 0.00290715 0.00290489 0.00290359 0.00290359 0.00291273 0.0029036 0.00290363 0.00290359 0.00290359 0.00319954 0.0029036 0.0029036 0.0029036 0.0029036 0.002904 0.00290362 71.7912 0.00290359 0.00290428 0.00290539 0.00290366 0.00309892 0.0029036 0.0029036 0.00290717 0.0029036 0.0029036 0.0029036 133.814 0.00290396 0.0029036 0.00292189 0.00290375 0.0029036 0.0029036 0.00292838 0.00290359 0.0029036 0.047764 0.0029036 56.7757 0.00290491 0.0029036 0.0029036 0.00290561 0.00290362 0.00290359 0.00292207 0.00290359 0.0029036 0.0029036 0.00290359 0.0030935 0.00290368 0.00290555 0.00290363 0.00290663 0.0029036 0.0029036 0.00290359 0.00290359 0.00299704 0.0029049 0.0029036 0.0029036 0.00290681 0.0029036 0.00290374 0.00291546 0.00290723 0.00290359 0.00290369 0.0029036 0.0029036 0.00291501 0.00470364 0.00290438 0.0029036 0.0029036 404.697 62.0392 0.00292569 0.0029036 0.00290359 0.00290359 0.00290359 0.00290361 0.0029036 0.00290366 0.00290364 0.0029046 0.00290359 0.00290361 0.00290359 0.0029036 0.00291036 0.0029036 0.00290362 0.00292652 0.00290366 0.00290955 0.0029036 0.0029036 0.0029046 0.0029531 0.0029036 0.0029042 0.0029036 0.00290565 0.00290362 0.00291662 0.0029036 0.00343732 0.00292786 0.0029188 0.00290385 0.00290447 0.00293132 0.00290359 0.00290359 0.00290599 0.0029036 0.00306951 0.00290379 0.00290359 0.0029036 0.0029036 0.00367413 0.00290359 0.00290481 43.0895 6.91344 0.0029036 0.0029036 0.00290359 0.0029036 0.0029036 0.00290362 0.00290954 0.00293639 0.0029917 0.00290359 0.00290413 0.00293383 0.0029036 0.0029036 0.0029036 0.00294953 0.0029036 0.0029036 0.00290755 0.00290877 0.0029036 0.0029036 0.00295494 0.00311709 0.00292719 0.00290527 0.0029036 0.00290361 0.00290869 0.00290359 0.0029036 0.0029036 0.0029036 0.00290359 0.00290359 0.00290602 0.00292571 0.00293311 0.00290359 0.0029036 0.0029036 0.00290399 0.00290386 0.00290551 52.7756 0.00290359 0.0029036 0.0029036 0.00290436 0.00408336 0.0029036 0.00290365 0.00319954 0.00291129 0.0029036 0.00290359 0.00293451 29.4407 0.00290359 0.00291731 0.0029036 0.00290368 0.00290364 0.00296915 0.00295716 0.0029036 0.00290359 0.00290359 0.0029036 0.0029036 0.0029036 0.00290852 0.00290381 0.00304694 100.869 14.8796 0.00291296 0.00293132 0.00291128 0.0029036 0.00290359 0.0029036 0.00290359 0.00305877 0.00292848 0.0029036 0.0029036 0.0029036 0.00290359 0.0029036 0.00290359 0.00290366 0.0029036 0.00290359 0.0029036 0.00290359 0.00290387 0.00290359 0.00294911 0.00290733 0.00293329 0.0029036 0.00290359 0.00291045 0.0029036 0.00291823 0.0029036 0.0029036 0.00301021 0.00290527 0.0029036 0.0029036 0.00290473 0.0029036 0.00294958 27.5937 0.00290363 0.00294608 0.00290405 0.00336093 0.00290757 0.00349835 0.00290359 0.00290371 0.0029036 0.00290386 0.00290362 0.0029036 123.247 0.00300567 0.00296375 0.00290444 0.0029036 0.00290574 0.0029036 0.00290378 0.0029036 0.0029036 0.00292558 660.119 0.00290375 0.00290359 0.0029036 0.00290359 0.00290359 0.00320314 0.00294019 0.0029036 0.00290363 0.0459151 61.6829 0.00290361 0.00290365 0.0029036 0.00291177 0.00290399 0.00290359 0.0029036 0.00298054 0.00290832 0.00293064 0.00293029 0.0029036 0.00290431 0.00290367 0.00290359 0.00290363 0.0029036 0.00290369 0.00290486 0.0029036 0.0029036 0.0029036 0.0029036 0.00290365 0.00290362 0.00292153 0.0029084 0.00290359 0.0029036 0.0029036 0.00290939 36.7028 0.00290359 0.0029036 0.0029037 0.00290418 0.00290508 0.00290395 0.00291004 0.0029036 0.0029036 0.0029114 0.0029036 0.0030243 0.00291896 0.00290359 0.00290486 23.9214 0.00290363 0.00290398 0.00290359 0.0029036 0.00300668 0.00290359 0.00293728 0.0029036 0.0029036 0.00294524 0.00291403 0.00290374 0.00290359 0.0029036 0.0029036 0.0029036 0.0029036 0.0029036 0.00291956 0.0029036 0.0029036 0.00290359 0.002914 0.0029036 0.00290363 0.00290377 0.0029036 0.00296515 0.00290368 0.00290446 0.00290359 0.00299607 0.00291248 0.0029036 0.0029036 0.0029036 0.0029036 0.0029036 0.00290657 0.00290373 0.0029036 0.00290372 0.0029038 0.00290379 0.0029036 0.0029036 0.0029036 0.00290359 0.0029036 0.0029038 0.00290365 0.00290365 0.00297966 0.00290359 0.0029036 0.0029046 0.0029036 0.00290359 0.00293357 0.00326727 0.0029134 0.00290367 99.7024 0.00290402 0.002904 0.00291905 0.00292874 0.0029036 0.00292707 0.003189 0.0029036 151.195 0.0029036 0.00290836 0.0029036 0.00323404 0.00290693 0.00290359 0.0029036 0.0029036 99.5662 0.00290359 0.0029042 0.0029848 0.00294225 0.00299922 0.00290359 0.0031076 0.0029123 0.00302852 0.00290359 0.0029036 0.00290912 0.00290366 0.00290415 0.00290439 0.0029036 0.0029036 0.00290359 0.00290359 0.00290377 0.00290561 0.00291701 0.00290498 0.0029036 0.00290406 0.0029036 0.00312264 0.00290359 0.00296539 0.0029036 0.0029036 0.00290367 0.0029036 0.0029036 0.00290383 0.0029036 0.00291016 0.0029036 0.0029036 0.00290863 0.0031311 0.00291391 0.00290384 0.00307367 91.3505 0.00290363 0.0029036 0.00290359 0.0029036 0.00290362 0.00292125 0.0029036 0.00290362 0.00290368 0.00291267 0.00290362 0.00291542 0.0029036 0.0029036 0.0029036 0.00293613 0.00290359 0.0029036 0.00290499 0.0029036 0.0029036 0.0029036 0.00290363 0.00290411 0.00290425 0.0029036 0.0029036 0.00290359 0.00291949 0.0029036 0.0029036 0.0029036 0.00290364 9.27918 0.00296574 0.0029036 0.00291657 0.00290359 0.0029036 0.0029036 0.00296945 0.00290361 0.00290359 0.00290456 0.0029036 0.00290359 0.00319867 0.00290918 0.0029036 0.00290361 0.0029036 0.0029036 0.0029036 0.00290359 0.00290609 0.00290433 0.0029036 0.00290947 0.00290362 0.00290359 0.0029036 0.00291669 0.0029036 0.0029036 0.00291463 0.00290363 0.00291946 0.00290359 0.00291103 0.00306185 0.00291709 0.0029036 0.00291532 0.00290361 0.00290368 0.00290359 0.0029036 0.0029036 0.0029036 0.0963695 0.00290362 0.0029036 0.00290359 0.0029036 0.0029036 0.0029036 0.00295352 47.0994 0.00290361 0.0029036 0.00290359 0.0029036 0.0029036 0.00290391 0.00290359 0.0029036 0.00290952 0.0029036 0.00293328 0.00290359 0.00290366 0.00290359 0.00291772 0.00290365 0.00292539 0.0029036 0.00290377 0.00292156 0.00299658 0.00290361 0.00290429 71.4798 0.00290389 0.00290359 0.00290359 0.00290359 0.00290576 0.0029036 0.00290445 0.00974732 0.00293767 0.00290359 0.00291577 0.0029036 0.00317279 0.0029036 0.00290375 0.0029036 0.0029036 0.00290373 0.00290359 0.00295707 0.00324194 0.0029036 0.00290364 0.00290497 0.00290359 822.301 0.0029036 0.0029036 0.00296306 0.00290435 0.0029036 0.0029782 0.0029036 0.00319954 0.0029036 0.00291958 0.00292571 0.0029036 0.00334272 0.00290361 0.0029036 0.0029036 0.0029036 0.0029036 0.00290359 0.00290359 0.0029036 0.0029036 0.0029036 0.0029036 0.00294646 0.00290362 0.00295864 0.00290359 0.00290361 0.00290359 0.0029036 0.0029036 0.0029036 0.0029036 0.00290359 0.0029036 0.00291042 0.0029036 0.00290423 0.0029036 0.0029036 0.0029036 0.0029036 0.00311685 0.00292111 0.0029036 0.0029036 0.0029036 0.00290359 0.00290362 0.0029053 0.00290359 0.00290359 0.00290395 0.00290359 0.00290651 0.00290362 0.0029036 0.00290633 0.00291413 0.002944 0.00291765 0.00290949 0.0029036 0.0029036 0.00290493 0.0029036 0.00291169 0.00290359 0.00291878 0.00305915 0.00290359 0.0029036 0.0029036 0.0029036 0.0029036 0.0029036 0.00290736 0.00291851 0.00290359 0.0029036 0.0029036 0.00290671 0.00290369 0.00290854 0.0029036 178.152 0.00358393 0.0029036 0.0029036 0.0037123 0.00290359 0.0029036 0.00290374 0.00290364 0.00295425 0.002905 0.00290916 0.0029036 0.00290605 0.0029036 0.0029036 0.00290359 0.0029036 0.0029037 0.00293721 0.00290359 0.00295505 0.0029036 0.0029039 0.00350031 0.0029036 0.00290377 0.00304598 0.00293883 0.00295387 14.876 0.0029036 0.0029036 0.0029036 0.00290423 0.00292991 0.00295422 0.00297785 0.00290371 0.0029036 0.0029036 0.0029036 0.00290363 0.00292033 0.00290418 0.0029037 0.00292134 0.0029036 0.00290359 0.0029036 0.00459169 0.0029036 0.0029141 0.00290493 0.00291059 0.0029036 0.00314245 0.00290359 0.0029036 0.0029036 0.00584555 0.00308889 0.0029036 0.00421823 0.00290403 0.00292014 0.0029036 0.00290377 0.0029036 0.00290458 0.00290364 135.906 0.00290375 0.00290374 0.00303389 0.00290362 0.0029036 0.00290359 0.0029036 0.00290363 0.0029036 169.026 0.00293792 0.0029036 0.00290359 0.0029036 0.0054112 0.0029036 0.00290359 0.00290359 0.00290359 0.00292553 0.00298762 0.00294108 0.0029036 0.00290361 0.00290913 0.00291703 0.00290986 0.00290519 0.00290359 0.0029036 0.00290359 0.0029036 162.786 0.0029036 0.00290364 0.0029036 101.141 0.0029036 0.00296169 0.00292107 0.00293986 0.0029057 0.0029036 0.00302081 0.0029036 0.00290359 105.312 0.00290362 0.00292616 0.0029036 0.00290469 0.0029036 0.00290359 0.00290399 0.00298219 0.00290359 0.00290361 0.00290361 0.0029779 0.00290361 0.00290359 0.0029036 0.00290472 0.00294433 0.00290391 0.0029036 0.00290502 0.00290359 0.0029036 0.0029036 0.00290363 0.00291879 0.0029036 0.00290366 0.00290359 0.0029036 0.0029036 0.0029036 0.00290794 0.00360915 0.00294053 0.00293176 0.00290359 0.00290367 0.00290363 0.00291006 0.0030578 0.0029036 0.00290359 0.0029036 0.00290372 0.00290359 0.00290359 206.573 0.00290361 0.0029036 0.0029042 0.0029036 0.00290371 0.0029036 0.00319954 0.00290359 0.00290359 0.00290359 0.0029036 0.0029158 0.00300946 0.0029036 0.00290359 0.0029036 0.00290557 0.0029036 0.00290359 0.0029036 0.00290359 0.00290361 0.0029036 0.0029036 0.0029036 0.00422861 0.00292284 0.0029036 0.00297987 0.00290363 0.0029036 0.00290484 0.00290359 0.00814449 0.00290359 0.00290362 0.00290359 0.0029036 0.00290359 0.00290359 0.00290359 0.0029036 0.00325502 0.0029036 0.0029036 0.0029036 0.00290359 0.0029036 0.00290384 0.00290359 0.0029056 0.00290359 0.0029036 0.0029036 0.0029036 0.00290572 0.00290359 0.00316442 0.00290359 0.0029036 0.00290364 0.00290363 0.0029524 0.00290495 0.00295804 0.00290359 0.00290371 0.00290512 0.00299341 0.00290359 0.00290359 0.0029036 0.0029036 0.00290359 0.00290359 0.00290361 0.0029036 0.0029036 0.00290359 0.00290359 0.0029036 0.00290359 0.0029037 0.00290497 0.00291747 0.0029036 0.00290364 0.0029036 0.00290403 0.00290899 0.0029036 0.00300861 0.00367512 0.00290359 31.5183 0.00290398 0.00290359 0.0029036 0.00290359 0.00296243 0.00304891 0.00290359 0.00293282 0.00290406 0.00292109 0.0029036 0.0029036 0.00290952 0.00290367 0.00290399 0.0029044 0.00294116 0.00290883 0.00290359 0.00290359 0.00290361 0.00430279 0.00290359 0.00290414 0.00295778 0.0029036 0.00290359 0.00290621 0.0029036 0.0029036 0.0029036 13.4465 0.00290376 0.0030622 1516.06 0.0029036 21.9451 0.00294004 0.0029036 0.00290359 0.00294007 0.00321544 0.0029036 1.31494 0.0029037 0.00290359 0.00290361 224.021 0.00290359 0.00290362 0.0029036 0.0029036 0.00291455 0.00290359 0.00293289 0.00290359 0.0029036 0.00290362 0.00290636 0.00290374 0.00290849 0.00290655 0.0029036 0.00291926 0.0029036 0.00290425 0.00291484 0.00290359 0.0029036 0.0029036 0.00291497 0.00290361 0.00290903 0.0029036 0.00290431 0.00294098 0.00290364 0.0029036 0.00292684 0.00292177 0.0029036 0.00290359 0.0029036 0.0029225 0.0029036 0.0029037 0.0029036 0.00290842 0.00290373 0.0029124 0.00290384 0.00290369 0.00290487 0.00290582 0.0029036 0.00290359 0.00290359 0.00290727 0.0029036 0.00290376 0.00290369 0.0029036 0.00320508 0.00290359 0.0029036 0.00290361 0.00295059 0.00290747 0.00290379 0.0029036 0.00290366 80.7851 0.0029036 0.00290401 0.00290359 0.00297516 0.0029036 0.00291529 0.262442 0.00290362 0.0029036 0.00290359 0.00290383 27.8131 0.00290677 0.00290364 0.00290359 0.0029036 0.00290366 0.00292339 0.00290361 0.00291129 0.00290365 0.00290359 0.00290359 0.00290847 0.0029036 0.0029036 0.00291251 0.00293264 0.0029036 0.0029036 0.0029036 0.00290361 0.00291708 0.00301764 0.0029036 0.00291676 0.00294357 0.00290359 0.00308748 0.0029292 0.00290363 0.0029036 0.0029036 0.0029036 0.00290359 0.00290401 0.00291857 0.00290359 0.00300215 99.6633 0.00290532 0.0029036 0.0029036 0.00290365 0.0092527 0.0029061 0.00290366 0.00290359 0.00290359 0.0029036 0.00290359 0.0029036 0.00290419 0.00290359 0.0029036 0.0029036 0.00290362 0.00290359 0.00290361 0.0029036 0.00291676 0.00292334 0.0029036 0.0029036 0.0029036 0.00294203 0.0029036 0.00291115 0.00290369 0.00290359 0.0029036 0.0029036 0.00332439 0.00290359 0.00290369 17.449 13.8138 0.0029036 0.00291189 0.00290413 0.00290364 0.00290408 0.0029036 0.00290359 0.0029036 0.00291232 0.00290412 0.00293624 0.00292358 0.0029036 0.0029036 0.00290361 0.0029036 0.0029036 0.00290362 0.00290387 0.00291817 0.00290369 0.0029036 0.00290365 0.0029036 0.00290708 0.00290359 0.0029036 0.00290361 0.00290363 0.00290359 0.00290359 0.00290361 0.00290359 0.00290359 0.00290359 0.00290482 0.00290359 0.00290361 0.00290852 0.00298196 0.00290858 0.00295179 0.00290734 0.00290359 0.0029036 0.00290371 0.00290547 0.0029036 0.00290359 0.00294952 0.00290362 0.0029038 0.0029036 0.00290359 27.3148 0.00290362 0.00290396 72.6548 0.00308419 0.0029036 0.0029036 0.0029036 0.0029036 0.00296775 0.00296095 213.138 0.0029036 0.00290416 0.00298445 0.00290375 0.0029036 0.00304621 0.00295847 0.00290361 0.00290359 0.0029036 0.0029036 115.731 0.00290382 0.00290389 0.00290372 0.00290376 0.00291643 0.0029036 0.00301131 0.00303808 0.00290363 0.00291927 0.00290359 0.0029036 0.0029036 0.0029036 0.00290657 0.00290401 0.0029212 0.00290451 0.0029036 0.0030075 0.00290369 0.0029036 0.00290359 0.00290361 0.00297579 0.0029037 0.00290763 0.00300727 0.0029036 0.0029036 0.0029036 0.0029036 0.00319087 0.0029036 0.0029036 0.00290629 0.0029036 0.00290362 0.0029036 0.00290452 0.00291503 0.0029036 0.00294348 0.00291156 0.0029309 0.0029036 0.0029036 0.0029036 0.00290361 0.00351539 0.00290359 0.00290359 0.00290384 0.0029036 0.0029036 0.00290476 0.00290359 0.00293325 0.00290359 0.00290784 0.00290764 0.00290359 0.00290371 0.0029036 0.0029036 0.00292887 0.00290359 0.0029036 0.00290359 0.00290367 0.00297647 0.00290453 0.00290395 0.0029352 0.0029036 0.0029036 0.0029036 0.00292561 0.00290393 0.00290362 0.00290373 0.0029036 0.0029036 0.00290361 0.00300139 0.00290372 0.00292756 0.00291707 0.00317069 0.00290359 0.0030008 0.00290359 0.00296549 0.00290359 0.0029036 0.0029036 0.00290449 0.00290603 51.6524 0.00290359 0.0029036 0.00290366 0.00290364 0.00293562 0.00290403 86.4579 0.00290381 0.0029036 0.00290371 0.00291991 0.00297023 0.00290957 0.00296545 0.0029036 0.00290359 0.00292071 0.0029036 0.002919 0.0029071 0.0029036 0.00291763 0.00290359 0.00290359 0.00303351 0.00290365 0.0029036 0.00291239 0.0029036 0.00294255 0.0029069 0.00402374 0.0029036 0.0029036 0.00290374 0.00290359 0.00291996 0.00290361 0.0029036 0.00290361 0.0029036 0.00294115 0.00291868 0.0029036 0.0029036 0.0029036 0.00290359 0.00292996 235.462 0.0029036 0.00290369 0.00290411 0.00290359 0.00291158 0.00292568 0.00290363 0.00297397 0.00293932 0.00290422 0.00291098 0.00290385 0.0029036 0.0029036 0.0029036 0.00290359 0.0029037 0.00290359 0.0029036 27.0359 0.00291331 0.0029036 0.002909 0.00294592 0.0029036 0.00290359 0.0029036 0.00291858 0.00290364 0.00290359 0.0029036 0.0029036 0.0029036 0.00294934 0.0029036 0.00291154 0.00290359 0.0029036 0.0029036 0.00292398 0.00294206 0.00290392 0.00290359 0.00290359 0.0029038 0.00290591 0.00290433 0.0029036 0.00291291 0.00290368 0.00290381 0.0029036 0.00290368 0.00293243 0.0029036 0.00290359 0.0029036 0.0029036 0.0029036 0.00292072 0.00299326 0.0029036 0.00295046 0.00291227 0.0029036 0.0029036 0.00290359 0.00290365 0.00297495 0.00290362 0.00292689 0.00290748 0.0029036 0.00294991 0.00290359 0.00291828 0.00290359 0.00290433 0.00290362 0.0029036 0.00290374 0.00290363 0.00290368 0.00290362 0.0029036 0.00676115 0.0029036 0.00290359 0.00290359 0.0029036 0.00290359 0.0029036 0.0029036 0.0029036 0.0029036 0.00292569 0.00290359 0.0029036 0.0029036 0.00290381 0.00291405 0.00290359 0.0029036 0.0029036 0.00290359 119.973 0.00290359 0.00323917 0.00309371 0.0029038 0.00293876 0.0029036 0.00290359 0.00298028 0.0029036 0.0029036 0.00290502 0.00293946 0.00290359 0.00293514 0.00297661 0.0029036 0.00290794 0.00290362 0.0143152 0.00720369 0.00290556 0.0029036 0.00290387 0.00385368 0.0029037 0.0029036 0.00290669 0.00314297 0.0029036 0.0029036 0.00290361 0.00290359 0.00290659 0.00294153 0.0029036 0.00290359 0.0029036 0.0029036 0.00290754 0.00290522 0.00290359 10.2786 27.9649 0.00290505 0.0029036 0.0029036 0.0029036 0.00295106 0.00326758 0.00290875 0.00291933 0.00291522 0.00290359 0.00345424 1.78936 0.00290361 0.00290363 0.00290361 0.0029036 0.0029093 0.00290359 0.0029036 0.0029036 0.00290359 0.00290561 0.0029036 0.0029036 0.00290359 0.00290588 0.0029036 0.00292595 0.00290365 0.00290359 0.00290359 0.00290399 0.00290414 0.00290486 0.0029036 0.00290359 0.00296181 0.00290359 0.00299068 0.00290523 115.273 0.00290363 0.0029036 0.00290359 0.00290363 0.00500923 0.00290361 0.00290392 0.00290364 0.0029036 0.0029036 24.1033 0.0029087 0.00290359 0.0029036 0.0029036 0.00290359 0.0029036 0.00290528 0.0030024 0.00290677 0.0029036 0.00290359 0.00290359 0.00290359 0.00290431 0.00291076 0.00290471 0.0029036 0.0029036 0.00290362 0.0029036 0.00290584 0.00290366 0.0029036 23.4185 0.00290362 0.0029036 0.00290359 0.0029049 0.0029036 0.0029036 0.00290375 0.0029036 0.00290363 0.0029036 0.00290362 0.00298294 0.0029036 0.00290359 0.0029036 0.00290359 0.00312663 0.0029036 0.0029036 0.0029036 0.00290362 0.00291673 0.00290359 0.00290359 0.0029036 106.954 0.0029036 11.9608 0.0029036 0.00291164 0.00290359 0.0029036 0.00297419 0.0029224 231.251 0.00290978 0.0029036 0.0029036 0.00290771 0.0029036 0.00290371 0.0029036 0.00294586 0.00290359 0.00309533 0.00290359 0.00290359 0.00294132 0.00290371 0.00290359 0.00290359 0.00294818 0.00290361 0.00290371 0.00293033 0.00290359 0.0029036 0.0029036 0.00298929 0.00290465 0.00290359 0.0029036 0.00315211 0.00292135 0.0029036 0.00290444 0.0029036 0.0029036 0.00292808 0.0029036 0.00290359 0.00290359 0.00291563 0.00290359 0.0029036 0.00290373 0.0029036 0.0029036 0.00292364 0.00295541 0.0029036 0.0029036 0.00290359 0.0029036 0.00290361 0.00290384 0.002954 0.0029036 0.0029036 0.00292538 0.00290362 0.00290835 0.00290361 0.00290793 0.00290359 0.00295885 0.00309347 0.00361507 0.00295679 0.00302051 0.0029036 0.00290359 0.00290392 0.00290412 0.00290508 0.00291063 0.00290359 0.00290359 0.00290359 0.0029036 0.0029036 0.0029036 0.00290485 0.00290527 0.00291299 0.00396459 0.0029036 0.00290464 0.00290882 0.00290376 0.0029036 0.00290369 0.00296815 0.00290359 0.00290488 0.00293381 0.0029041 0.00290359 0.00514284 0.0029036 0.0029036 0.0030098 0.00290363 0.00290359 0.00290359 0.0029036 0.00290362 0.0029036 0.0029036 0.00290359 0.0029036 0.0029036 0.00290363 0.00292598 0.00290484 0.0029036 0.00290359 0.0029036 0.00290359 0.00290361 0.00290359 0.0029053 0.0029036 0.00291523 0.00294 0.00290861 0.00290359 0.00290359 0.0029036 0.0029036 0.00291039 0.00290359 0.00290366 0.00290691 0.0029036 0.00297647 0.0029036 0.00293583 0.00290996 0.0029036 0.00290404 0.0029036 0.0029036 0.00291049 0.00290359 0.00290842 0.00290359 0.00294361 0.00290504 0.00290385 0.00290362 0.00290359 0.00290361 0.0029036 0.0029036 0.00293413 0.0029036 0.00320092 0.00290364 0.00290361 0.00297039 0.00290359 0.0029036 0.00295165 0.002939 0.00290832 0.00290917 0.0029036 0.00290363 0.0029036 0.0029036 0.00293584 0.00290766 0.00290743 9.84356 0.0029036 0.0029036 0.0029036 0.00290359 0.0030394 0.0029036 0.0029036 0.00290361 0.00290369 0.0029036 0.0029036 0.0029036 0.00298118 95.687 0.00290658 0.00345462 0.00290359 0.00292308 0.00290438 0.0029036 0.0029036 0.00294114 0.00290411 0.0029036 0.00290743 0.00290359 0.00290373 0.0029036 0.00290365 0.00292619 0.00290359 0.00298771 0.00290359 0.00356604 0.0029036 0.00297154 0.0029036 83.2411 0.00290359 0.0029036 0.0029036 0.00292025 0.00290361 0.0029036 0.00302021 0.0029036 0.0029036 0.0029036 0.00290359 0.00290359 0.00338798 0.00290359 0.00290517 0.00293739 0.00290359 0.0029036 0.00412789 0.00290369 0.00290374 0.00290518 0.00292024 0.0029036 0.00290405 27.6355 0.00290722 0.00291741 57.8516 0.00290359 0.00291375 0.0029043 0.00290359 0.00294127 0.00290715 0.00292804 0.0029036 0.0029036 0.00290438 0.00290402 0.0029036 0.00302643 0.0029036 0.0029036 0.0029036 0.0029036 0.0029036 0.00297659 0.00291003 0.00290359 0.00291802 0.0029036 0.00290361 347.453 0.0029036 0.00291389 0.0029036 248.92 0.00290361 0.00291128 0.0029036 0.0029036 0.00294684 0.0029036 0.00291047 0.00291257 0.0029036 0.00291621 0.0029036 0.00290359 0.00290359 0.0029036 0.00295372 0.0029134 0.0029036 0.0029036 0.00302565 0.00290359 0.0029036 0.00292894 0.00290361 0.00291658 0.00366645 0.00290375 0.00290407 0.00290359 0.00292639 0.00290361 0.00290359 0.00296538 0.00301645 0.00290359 0.00290364 0.0029036 0.00290359 0.00294669 0.0029036 0.0029044 0.00290359 0.00290414 0.00290359 0.00290382 0.00290361 14.5906 0.00291826 0.00290637 0.0029036 0.0029036 0.0029036 0.0029036 0.00290359 33.5007 0.0029036 0.0029036 0.00290364 0.0029036 0.0029036 0.00290364 0.00290361 0.00293375 0.0029036 0.112542 0.00290359 0.0029036 0.00326576 0.00290359 0.00290359 0.00290402 0.00292934 0.00290359 0.0029036 0.0029036 0.00290377 0.00290673 0.00290362 0.00290752 0.0029036 0.00290397 0.00290486 0.00317798 0.00290359 0.00290359 0.00299266 0.00290359 18.0142 0.00290362 0.00305625 16.2762 0.0029036 0.00290419 0.00290359 0.00352639 0.0029036 0.00296062 0.0029036 0.0029036 0.00299893 0.00294925 0.00290363 0.0029036 0.00290359 0.00302936 0.00290419 0.00290359 0.00306282 0.00290359 0.00290359 0.00290507 0.00290569 0.0029376 0.0029036 0.00290397 0.0029036 0.0029036 0.00290362 0.0029036 0.00295874 0.00290359 0.00290359 0.00291505 0.00296884 0.00292145 0.00290359 359.164 0.00290427 0.00290367 0.0029036 0.00290376 0.00290359 0.00297435 0.00290359 0.0029036 0.0029036 0.00290559 0.00290378 0.00290365 0.0029036 0.0029036 0.0029036 0.0029036 0.00295418 0.0029036 0.00290393 0.00307813 0.00293097 0.0029044 0.0029036 0.00290359 0.0029036 0.0029036 0.00290359 0.0029036 0.00290894 0.00290359 0.0029036 0.0029036 0.00290524 0.00290359 0.00290394 0.0029036 0.0029036 0.0029036 0.00290418 0.00305898 0.00290394 0.00291503 0.00290359 0.00290359 0.00295812 0.00290365 0.00291252 0.0029036 0.0029036 0.00290359 0.002914 0.00290359 0.0029036 0.00290383 0.0029036 0.00290359 0.00295431 0.00294469 0.00290437 0.00290819 0.00294196 0.00290366 0.0029036 0.00290359 0.0029036 0.0029036 0.00290365 0.00290359 0.00290359 0.00290359 0.0029036 0.00290362 0.0029036 0.00290363 0.0029036 0.00290407 0.0029036 0.00290431 0.00409408 0.00292543 0.00290449 0.00291848 0.00293613 0.0029389 0.0029036 0.00297942 0.00291401 0.00290359 0.0029036 0.00290359 0.00290387 0.0029036 0.0029036 0.0029036 0.00290493 0.00293532 0.00290361 0.00305095 24.103 0.0029567 0.00290359 0.00291588 0.00290483 0.00295354 0.00290359 0.00290426 0.0029036 0.00290359 0.00290412 0.0029036 0.00290869 0.00290359 0.00290359 0.0029036 0.00291625 0.0029036 0.00290359 0.00290391 0.00290359 0.0029036 0.00291826 0.0029036 0.00290729 0.00290359 0.00292539 0.00292725 0.0029036 0.0029036 0.0029036 0.0029036 0.00290361 0.00290359 0.00290361 0.00290359 0.0029036 0.0029036 0.00292218 0.00290359 0.00290361 0.00290363 0.0029036 0.00299042 0.0029036 0.0029036 0.00290361 93.6043 0.00290359 0.0029036 0.00290362 0.00290359 0.00290449 0.0029036 0.0029036 0.0029036 0.00292421 0.00290361 0.00290365 0.0029036 0.00291128 0.00290359 0.00290362 0.00290381 0.0029036 0.00290359 0.0029036 0.00297984 0.00290515 0.0029036 0.0029036 0.00290366 0.0029036 0.0029036 0.0029036 0.00290359 0.00293865 0.0029043 0.00290363 0.0029036 0.00290359 0.00290367 0.0029036 0.0029036 0.00290468 0.00300385 0.00290359 0.00324397 0.00290359 0.00290359 0.0029036 0.00290359 0.00291205 0.00290361 0.0029036 0.0029036 0.00290863 0.00290362 0.0029036 0.00291079 0.00290359 0.0029036 0.00298855 0.00292718 0.0029036 0.00290378 0.0029036 0.0029036 0.00290381 0.0029055 0.00290489 0.0029036 0.00291762 0.0029036 0.00290939 0.0029036 0.0029036 0.00290359 0.0029344 0.0029036 0.0029036 0.0029036 0.0029036 11.9607 0.0029036 0.00290477 0.00290359 0.0029036 0.00290364 0.00294765 0.00293847 0.0029036 0.00290359 0.00290359 0.00290375 0.00290379 0.00293187 0.00293059 0.0029036 0.0029036 0.0029036 0.00335622 0.00290409 0.00290359 0.00290377 0.00290366 0.00291637 0.00290364 0.00290359 0.00290367 0.00290365 0.00290365 0.00290361 0.0029036 0.0043793 0.00290378 0.00290366 0.0029038 0.00290365 0.00290604 0.00290359 0.0029036 0.204365 0.00293524 0.0029036 0.0029036 0.0029036 0.00297991 0.0029036 0.0029036 0.00290359 0.0029036 0.0029036 0.0029036 0.00292819 0.0029036 0.00292235 0.00290365 0.00298653 0.00290376 0.00290821 0.0029036 0.00290359 0.00290359 0.00319972 0.0029036 0.0029036 0.0029044 0.00294863 0.0029036 0.00290493 0.0029036 0.0029036 0.00290527 0.00290379 0.00291395 0.00299424 0.00290359 0.00291695 0.00290362 0.00290551 0.0029036 0.00290703 0.0029388 0.0029036 0.0029038 0.00291336 0.0029114 0.00290414 0.00312895 0.0029036 0.0029036 0.00297222 0.00290359 0.00290372 0.002944 0.00296183 0.0029038 0.00290391 153.975 0.00309901 0.00290391 116.828 236.14 0.00290359 0.0029036 0.00290434 0.00290363 0.0029036 0.00290359 0.00296261 0.00290359 78.8625 0.00290782 0.0029036 0.00327712 0.00290359 0.00291485 0.00290743 0.00290364 0.0029053 0.00297416 0.00291604 0.0029036 0.00304257 0.00292578 0.0029036 0.0029036 0.00290893 0.00290359 0.0029036 0.0029036 0.00290359 0.0029036 0.00290359 0.0029036 0.0029038 0.00290449 0.0029036 0.00293507 0.00293846 0.00290359 0.0029036 0.00290359 0.0029036 0.00290359 0.00291766 0.0029036 0.0029036 0.0029036 0.00290373 0.00290572 0.0029036 0.0029036 0.00291008 0.00290397 0.00290359 0.0144485 0.00300607 0.0029036 0.0029036 0.00290361 0.00290359 0.0029036 0.00290367 0.0029036 0.0029036 0.00290362 0.00290359 0.00310195 0.00290379 0.00290625 0.00290367 0.00293536 0.0029036 0.00290359 0.0029036 0.0029036 0.00290361 0.00294516 0.00290359 0.00291311 0.0029036 0.00290359 0.0029036 0.00290949 0.0029037 0.0029036 0.00290359 0.0029036 0.0029053 0.00290361 0.00290359 0.0029036 0.0029039 0.0029036 0.0029036 0.0029036 0.00290359 0.002944 0.0029036 0.00290359 0.0029036 0.00314377 0.00291127 0.00290409 0.0029036 0.00290359 0.0029036 0.00290362 0.00291195 0.0029036 0.00290481 0.0029036 0.0029036 0.0029036 0.00290362 0.00290514 0.00290359 0.00290359 0.0029036 0.00291087 0.00290359 0.00298483 0.00290359 0.0029036 0.00291515 0.00291165 0.0029036 0.0029036 0.00290368 0.00290364 150.935 0.00292061 0.00290366 0.00290359 0.00305857 0.00290359 0.00291239 0.0287366 0.00290368 0.00290456 0.00324971 0.00296775 0.00291941 0.0029036 0.0029036 0.0029036 0.00290416 0.00290499 0.0029036 0.00290359 24.8739 0.0029036 0.00290359 151.642 0.0029036 0.0029036 0.0029037 0.0029036 0.0029036 0.00290371 0.00290359 0.00290359 0.0029036 0.002913 0.00290781 0.0029039 0.0029036 0.00290359 0.00290362 0.00290362 0.00290929 0.00290405 0.00290362 0.0029036 0.0029036 0.00295564 0.0029036 0.00290359 0.00290367 0.0029036 0.00290359 0.00290553 0.00292554 0.00290365 0.0029036 0.00290359 0.00290364 378.978 0.00290491 0.00290432 0.00290359 0.0029036 0.00296473 0.00298633 0.00290367 0.00290367 0.0029036 0.00290364 0.00306888 0.00294494 0.0029036 0.0029036 0.00290394 0.152674 0.00294632 0.00290361 0.0029036 0.00291878 0.00290359 0.00290362 0.00298048 0.0029036 0.00290608 0.0029036 0.00290359 0.00290364 0.00290485 0.00290363 0.00290362 0.0029036 0.0029036 0.00290359 0.00291036 0.00291073 0.0029036 0.0029036 0.00344818 0.00290359 0.00290393 0.0029036 0.0029036 0.00291851 0.00291824 0.002914 0.00290359 0.0029036 0.00290359 0.00299748 0.00290471 0.00290359 0.00290359 0.00290361 0.00290537 0.00290428 0.00290849 0.0029036 0.00294524 0.0029036 0.0029036 0.00290363 0.00290359 0.0029036 0.0029036 0.00290542 0.00290359 0.00290898 0.00300693 0.00290359 0.00291152 0.00293914 0.00308277 0.00291921 0.00293067 0.0029036 0.00291324 0.00290359 0.00290436 0.00301663 0.00292586 0.00291349 0.00295918 0.0029036 0.00292009 0.00290359 0.00290359 0.00290415 0.0029123 0.00291609 0.0029036 0.00290363 0.0029036 0.0029036 0.0029036 0.00290359 0.0029036 0.00290359 0.0029036 0.00290374 0.00290359 0.00290636 0.0029036 0.00290361 0.00290364 0.00291609 0.00290369 0.002995 0.00294392 0.00290377 0.0029036 0.00290359 0.00290375 0.00291209 0.00290533 0.00290359 0.00290367 0.00290361 0.00294296 0.00290448 0.00290519 0.0029036 0.0029036 0.0029036 0.00290379 236.083 0.0029036 172.511 0.00290382 0.00300499 0.00290368 0.0029065 0.00290364 0.00292547 0.00290397 0.00290405 91.814 0.00290359 0.0029036 0.0029036 0.0029036 0.0029036 0.0029036 0.00293444 0.0029036 0.00321337 0.0029036 0.0029036 0.00290376 0.00307149 0.00290371 0.00299607 0.0033151 0.00290359 0.00304711 0.00301795 0.0029036 0.0029266 0.00290361 0.0029401 0.00291511 0.00290361 0.00290359 0.0029036 0.0029036 0.0029036 43.023 0.0029036 0.0029036 0.0029036 0.00290359 0.00290359 0.782162 0.0029036 0.0029036 0.0029036 9.89375 0.0029036 0.0029086 0.00290764 0.00301972 0.00290868 0.00290866 0.00290359 0.00294339 0.00290362 0.0029036 0.00292539 0.0029036 0.0029036 20.6441 0.00290364 0.00293384 0.0029036 0.00290446 0.0029036 0.00298371 0.00290365 0.00291785 0.00301017 0.00290359 0.0029036 78.609 0.00290359 0.0029036 0.0029036 0.00290359 0.00290525 0.00290359 0.00290359 0.00290359 48.6148 0.0029036 0.0029036 0.00290421 0.00290359 0.00299305 42.2015 0.00290359 0.00293712 0.0029036 0.00290778 0.00290359 0.00290359 0.0029041 0.00315909 0.00290359 0.00290542 0.00291506 0.00290359 0.0029036 0.0029036 0.00303854 0.0029036 0.00315989 0.00290359 0.0029036 0.00290359 0.0029036 0.00291435 0.0029051 0.00290359 0.00359065 0.0029036 0.00290359 0.00290361 0.0029036 0.00290359 0.00292906 0.00290513 0.00290435 0.00291274 0.00290359 0.00307955 0.00290359 0.00297143 0.0029036 0.00290359 0.00290402 0.0029036 0.00290374 0.00290524 109.976 0.0029036 0.002905 0.00290359 0.00290363 0.00290359 0.0029036 0.0029036 0.00293989 0.00290781 0.0029036 0.0029036 0.00290871 0.00295514 0.0029036 0.00292494 0.0029036 0.00291556 0.00340721 0.00290359 0.00291296 0.00290495 0.0029036 0.00290359 0.0029036 0.159668 0.00290374 0.00290369 0.00351127 0.00290669 0.0029036 0.0029036 0.00290359 0.00290505 0.00290393 0.00290359 0.00290373 0.00290359 0.00304308 0.0029036 0.0029079 0.00293217 0.00290485 0.00290947 0.00290539 361.312 0.0029036 0.00368994 0.00290548 0.0029036 0.00290363 0.00308116 0.00290369 0.00352232 0.00290717 0.0029085 0.00290391 0.00290598 0.0029036 0.0029062 0.00290359 0.0029036 0.0029036 0.0151721 0.0029036 0.0029036 0.00290359 0.0029036 0.00290402 0.00294196 23.4185 0.0029036 0.0029036 0.00290638 0.0029036 0.00290363 0.00296546 0.00290359 0.00294305 0.00290649 0.0029036 0.0029036 0.00290359 0.0029036 0.0029036 0.0029036 0.00290359 1352.88 53.5754 14.8734 0.0029036 0.00292842 0.00290461 0.00290359 0.00290362 0.00291253 0.0029036 0.0029036 0.00290359 0.00290359 0.00290359 0.0029036 0.00290375 0.00298043 0.0029036 0.00322222 0.00290366 0.0029036 0.00290359 0.0029036 0.0029036 0.0029122 0.0029056 0.0029036 0.0029036 0.00293765 0.0029036 0.0029036 0.00293182 0.00292105 0.0029036 0.0029036 0.0029036 0.00290364 0.00290359 0.0029036 0.0029036 0.0029036 0.00290359 0.00290497 0.0029036 0.00290366 0.0029036 0.00290835 0.0029036 0.00291154 0.0029036 0.0029036 0.00290551 0.00290359 0.00323393 0.00290359 0.00290359 0.00290359 0.00297039 0.0029036 0.0029037 0.00290524 0.0029036 0.0029036 0.00290399 0.0029036 0.0029036 0.00290621 0.00296123 0.0029036 0.00290359 0.00290372 0.00315423 0.00290363 0.0029036 2.55335 0.0029036 0.0029036 0.0029036 0.0029036 0.00290367 0.0029036 0.0029036 0.00290359 0.0029036 0.00290359 0.00291292 0.0029036 0.002909 0.00290412 0.0029036 0.00291155 0.0029036 0.00292292 0.0029036 0.00290751 0.00290359 0.00290415 0.00290359 0.0029036 0.0029036 0.00291582 0.0029036 0.00290359 0.00290385 0.00298584 0.00290389 0.00290512 0.00290369 0.0029093 0.00291852 0.00290359 0.0029036 0.00295928 0.00291241 0.0029036 0.0029036 0.0029036 0.00290361 0.00290359 0.0029036 0.00290359 22.566 0.00290359 0.00298347 0.0118639 43.5748 0.00290848 0.0029097 0.00290363 0.00290364 0.0029036 0.0029036 0.00292057 0.00290365 0.00290359 0.00290362 0.00290359 0.00290641 0.0029516 0.00290359 0.00291022 0.00290359 0.00290366 10.7802 0.00290367 31.4964 0.00309551 0.00290359 0.00291532 0.00290359 0.00290361 0.0029036 0.00291116 0.0029036 0.0029036 0.00290359 0.00290359 4.33313 0.00293 0.00290404 0.00290359 0.0029036 0.00296309 0.00290359 0.00290359 0.00290363 699.089 0.00297127 0.00290893 0.00290359 0.00290612 0.0029036 0.00290359 0.0029037 0.00290372 0.00290363 0.0029036 0.00290401 0.0029036 0.00290846 0.0029264 0.00302554 0.00291129 0.00295135 0.00293126 0.0029036 0.00290359 0.00291626 0.0029036 0.0029036 0.00290365 0.0029036 0.0029036 303.797 0.0029036 0.00290359 0.00290384 0.00290506 286.857 0.00290374 0.00290362 0.0029036 0.0029036 0.0029036 0.00290359 0.00369831 0.00319954 0.00290361 110.675 0.0029036 0.0029036 0.00290365 0.00290364 0.0029036 270.706 0.0029036 0.00290631 0.0029036 0.0029036 0.00290359 0.0029036 0.0029046 0.0029036 407.193 0.00290439 0.0029036 0.00290359 0.0029036 0.0029036 0.0029036 0.00290888 0.0029036 0.0029071 0.0029036 0.00290359 0.00290359 0.00292921 0.00290371 0.0029036 0.0029036 0.0029036 0.00290418 0.00290376 0.00290488 0.00291594 0.00305154 0.00290424 0.00290492 0.00290359 0.00292969 0.00294825 0.00300693 0.00290449 0.0029036 0.00294721 0.00291372 0.0029036 0.0029036 0.00296179 0.0029036 0.0029036 0.00290383 0.00307143 0.0029036 0.00290359 0.0029036 0.00290876 0.0029036 0.00292063 0.00290411 0.00290359 0.0032106 0.0029036 0.00305248 0.0029036 0.00295614 0.00290359 0.00290459 787.803 0.0029036 0.0029036 0.00290366 87.3438 0.00290362 0.00291886 0.0029036 0.0029036 0.00290741 0.00290391 0.00290523 0.00290362 0.0029036 0.0029036 0.00290361 0.0029036 0.0029036 0.0029036 0.00290362 0.0029036 0.0029036 0.00290359 0.0029036 0.0029044 0.00290359 0.00290374 0.00290442 0.00290363 0.00296223 0.00293114 0.00290372 0.00293193 0.0029036 0.00293092 0.00290359 0.0029036 0.00290359 0.00292122 0.0029036 0.0029039 0.00290366 0.0029036 0.0029036 0.00290945 0.00296789 0.00290359 0.00290359 0.00300534 0.00290359 0.00290366 0.00304976 0.0029036 0.0029036 0.0029103 0.00290359 0.00381635 0.0029036 0.00294001 0.00290359 0.0029036 0.0029036 0.0029036 44.3013 0.0029036 0.00294113 0.00307585 0.0029036 0.00293696 0.00290497 0.0029036 0.0029036 0.00290359 0.00290379 0.00290362 0.00291752 0.00293134 0.00290387 0.0029036 0.0029036 0.0029036 0.0030985 0.0029036 0.0029036 0.00300308 0.00290385 0.00290359 0.00290359 0.00290366 0.00290361 0.00290359 0.00290382 0.850167 0.0029036 0.00290446 0.00290548 0.0029036 0.0029036 0.0029036 0.00290359 0.0029036 0.00294707 0.00290359 0.00290408 0.0029044 0.0029036 0.00290359 0.0029036 0.00290395 0.00292027 0.0029036 0.00290363 0.0029036 0.00291412 0.00290359 0.00290359 0.00290363 0.00345794 0.00290367 0.00290366 0.0030251 0.0029036 205.098 0.0029036 0.00306268 0.00290721 37.4826 0.0029251 0.00291012 0.00290359 0.0029036 0.00321678 0.00297967 0.0029036 0.00291265 0.00393491 0.00290361 0.00290698 4.34515 0.0029036 0.00291653 0.0029036 0.00290362 0.00290359 0.00290372 0.00291017 0.00290364 0.0029083 0.00290498 0.0029036 0.00298811 0.0029036 0.00305047 0.00290359 0.0029074 0.00292251 0.0029036 0.0029036 0.00290362 0.0029036 0.00293094 0.00292165 0.00296165 0.0029036 0.0029036 0.0029036 0.0029959 0.00290359 0.0029036 0.00290361 0.00290359 0.0029036 0.00291686 0.0029036 0.0029036 0.00290462 0.0029203 0.0029036 0.00293537 0.00290423 0.0029036 0.00290359 0.0029036 0.00292635 0.00295255 0.00290359 0.00296816 0.0029036 0.00290363 0.00290368 0.00293608 0.00293193 0.0029287 0.0029036 0.00290436 0.00290383 0.00290359 0.0029037 0.0029061 0.00290359 0.00290365 0.0029036 0.0029036 0.00388589 0.00298407 0.0029036 0.00290359 0.0030376 0.00290658 0.0459106 0.0029036 0.00292476 0.0029036 0.00290363 0.0029036 0.0029098 0.00290435 0.00290588 0.0029036 0.00290359 0.0029036 0.0029098 0.00302415 0.0029036 0.0029037 0.0029036 0.0029036 0.0029036 0.00292468 0.00295208 0.00290499 0.0029036 0.0029062 0.00290359 0.00290371 0.00296704 26.3071 0.00308765 0.0029036 43.9535 0.0029036 0.00290979 0.00290359 0.00296511 0.00290365 0.00293059 0.00290359 0.00290419 0.0029036 0.00290359 0.0029036 0.00298755 0.0029036 0.00290359 0.00290359 0.0029036 0.00290375 0.00291162 0.00581259 0.0029036 0.00302233 0.0029036 0.0029036 0.00302521 0.0029036 0.00290427 0.00290468 0.00290359 0.0029036 0.0029036 0.0029036 0.00293082 0.0029036 0.0029036 0.0029036 0.00296151 0.00290359 0.00290365 0.00290359 0.00296893 0.0029036 0.0029036 0.0029036 0.0029036 0.0029111 0.0048749 0.00290366 0.0029036 0.00311617 0.00290371 0.0029036 0.00290359 0.00290359 0.00290359 0.00290691 0.0029036 0.00290375 0.0029036 0.0029036 105.93 0.00540314 170.509 0.00290359 0.0029036 0.00290514 0.0029036 0.0029036 0.00291003 0.00291691 0.00295502 0.00296799 0.00290572 0.00290359 0.00290365 0.00290367 119.49 0.0029036 0.00290363 0.00303523 0.00290359 0.00290359 0.0029036 0.00290359 0.00290359 0.0029036 0.00290362 0.00290806 0.00290359 0.00290903 0.0029036 0.00290376 0.00290359 0.00290359 0.0029036 0.00290404 0.0029036 0.00290363 0.00290836 0.0029036 0.0029036 0.0029036 0.00290825 0.00290365 0.00293224 0.002906 0.00290417 0.00290364 5.45702 129.324 0.0029036 0.00290359 0.0029036 0.00290369 0.00290359 0.00290359 0.00291945 0.00290359 0.00290359 0.00290359 0.00290365 0.00290498 0.00290966 0.0029036 0.0029036 0.00290364 0.00343797 0.00290369 0.0029036 0.0029036 0.00290361 0.00294182 0.00291327 24.7237 0.0029036 0.0029036 0.00290363 0.00290359 0.00292239 0.00290359 0.0029036 0.00290359 0.00301695 0.00290365 0.0029036 0.0029176 0.00290364 0.00290359 0.0029036 0.0029036 0.00290389 0.0029036 0.0029036 0.0029036 0.00293877 0.00290359 0.0029036 0.00295313 0.00324268 0.0029037 0.0029036 0.0029077 0.00290363 0.00290359 0.00290374 0.00290451 0.0029036 0.00290359 0.00290359 0.00290359 0.0029036 0.0029036 0.00290359 0.00290372 0.00290394 0.00290361 0.00290359 0.00290359 0.00291424 0.00290695 0.00292618 0.00290359 0.00290359 0.00290359 0.0029036 0.00290421 0.0029036 0.0029036 0.00290365 0.00292498 0.00290359 0.00291456 0.00290359 0.00295396 0.00290359 0.00290366 0.0029036 0.00290585 0.00621382 0.00290366 0.0029036 0.00290638 0.0029036 0.00290359 0.0029039 0.0038059 0.00290361 0.00290446 0.0029036 0.0029058 0.00290379 0.00290395 0.00290504 0.00290385 0.00290359 0.00292574 0.0029036 0.00290359 0.00301938 0.00290997 0.0029036 0.00290766 0.00290359 0.0211429 0.0029144 0.0029038 0.00290361 0.0029036 0.00290626 0.00290489 0.00293567 0.00297504 0.0029036 0.0029036 0.0029036 0.00290403 0.0029036 0.00290368 0.00290575 0.00290371 0.00290359 0.00297571 0.0029036 0.0029036 0.0029036 0.00292049 0.00290377 0.00344954 0.00290361 0.00290361 0.00290362 0.0029036 0.00290379 0.00290359 0.0029036 11.9606 0.00293141 0.00317799 0.00290359 0.00291218 0.0029925 0.00294529 0.00290529 0.00300179 0.00293441 0.0029036 0.00290394 0.0029036 0.0029036 19.563 0.0029038 0.00290359 0.00291672 0.00290404 0.00292892 0.00290359 0.00307653 0.00291233 0.00291636 0.0029036 0.0029036 0.0029036 0.00290367 0.00299784 0.00295677 0.0029036 66.1399 0.00291995 81.9549 0.0029036 0.00290378 0.00292532 0.00290359 0.00307756 0.0029036 0.00290359 0.00303913 0.00290388 0.00290377 17.9008 0.00290364 0.0029037 0.00296918 0.00290676 0.0029036 17.449 0.00293577 0.00313258 0.0029036 0.00290359 0.00290433 0.00290373 0.0029182 0.00301695 0.00311761 0.00290359 0.00290372 0.00292137 0.0029036 0.00293196 0.00290359 0.00298228 0.00290359 0.00290359 0.0029036 0.00290359 0.00290359 0.00290359 0.00290361 0.0029036 0.00290359 0.0029036 0.00290359 0.00290359 0.00290361 0.00290359 0.00290361 0.00290877 0.00290606 0.00290361 0.00297522 0.0029221 0.00290447 0.00290362 0.0029036 0.0029036 0.0029036 0.0029036 0.00290359 0.00290359 0.0029036 0.00291583 0.00290359 0.00290359 0.0029036 0.0029036 0.00290464 0.00291468 0.0029036 0.0029037 0.00290359 0.0029036 0.0029036 0.0029036 0.00290361 0.0029036 0.00313012 0.0029036 0.00290371 0.00290371 0.00290361 0.00292112 0.0029036 0.0029036 0.00290361 0.00292164 0.00290369 0.00290591 0.00293501 0.00290359 0.00290359 0.00290359 40.7292 0.0029036 0.0029036 0.00290369 0.0029036 0.00290867 48.6128 0.0029036 0.0029036 0.00291436 0.00290886 0.00290359 0.00291936 0.00290391 0.00295664 0.00290359 0.00293609 0.00290362 120.966 0.00290359 0.00291661 0.00290359 0.00290359 0.00291686 0.00290359 0.00308981 0.0029036 0.00290361 0.00290642 0.0029038 0.00292989 0.00290359 0.00291247 0.0029036 0.0029036 0.00294142 0.0029036 0.00290362 0.00290378 0.0029036 0.00290376 0.00291646 0.00290584 0.00290361 0.00495512 0.00290362 0.00290404 0.00290362 0.00290378 0.0029036 0.0029036 0.00291766 0.0029036 0.00290359 0.0029036 0.0029036 0.0029036 0.0029036 0.00291112 0.00291387 0.00582725 0.00290526 0.0029036 0.00290359 0.00291507 0.00290403 0.00294922 0.00290376 0.00292713 0.00296205 0.0029036 0.0029036 0.0029036 0.00290359 0.00290359 0.00290662 0.00290469 0.0029036 0.00290788 0.002904 0.00293142 0.0029036 0.00300446 0.0029036 0.00290359 0.00290359 0.00291079 0.00291688 0.00290491 0.0029036 0.0029036 0.00293762 0.0029036 0.00290359 0.00308848 0.0029036 0.00290359 0.0029036 0.0029036 129.287 0.00297864 0.00290373 0.00290359 0.0029036 0.00290359 0.00291404 0.00290361 0.00343997 0.00290369 0.00290361 0.00305153 0.00291984 0.00290359 0.00290405 0.00290467 0.00290359 0.00290464 0.0029036 0.00290359 0.0029036 0.00290361 0.00290359 0.0029036 0.00292676 0.0029036 0.00290434 0.0029086 0.00323414 0.00290367 0.00290359 0.0029036 63.4657 0.0029036 0.00291192 0.00291897 0.0029036 0.0029036 0.0029036 0.00290359 0.0029036 0.0029036 0.00290359 0.00304891 65.2129 0.0029036 0.00290381 0.0029036 0.0029036 0.0029036 10.2787 0.00290359 0.0029036 0.00290396 0.0029036 0.00290359 0.00302232 0.00290366 0.00297392 0.002919 0.0029036 0.00291208 0.0029036 0.00290583 0.00290361 0.00290533 0.0029036 0.00290366 0.0029036 0.00290359 0.00290361 0.00290359 0.00290619 0.00291782 0.00290374 0.0029036 234.179 0.00292014 0.00290359 0.00290359 0.00290359 0.00290359 0.0029036 0.00290404 0.00290413 0.00290399 0.00290359 0.0029036 0.00290367 0.0029036 0.0029036 0.00290359 0.0029036 0.00290369 0.00291547 0.00290379 0.00291813 0.00290368 0.00290359 0.0029036 37.1332 0.00290359 0.00522453 0.00308887 0.00290407 0.0029036 0.00297434 0.00292241 0.0029036 0.002941 0.0029036 0.00369237 0.0029036 0.0029036 0.00290359 0.0029036 361.808 0.00290359 0.00290383 0.00295822 0.00290359 2.95573 0.0029036 0.00290359 0.00291296 0.0029036 0.00290359 87.0592 215.522 0.00290373 0.0029036 0.00292535 0.0029036 0.00290359 53.106 0.00290359 0.0029036 0.00290359 0.00291165 0.00290578 0.00290406 0.0029036 0.00290369 0.00290359 0.00290359 68.2267 0.0029036 0.00290799 0.00290359 0.0029036 0.0029036 0.0029036 0.00321655 0.0029036 0.0029036 0.0029036 0.0029036 0.0029036 0.00290489 0.00290359 0.0029036 0.00290388 0.00290359 0.00290364 0.0029036 0.00290381 0.0029036 0.0029036 0.00290361 0.00290376 0.00290399 0.00290359 0.00304169 0.0029036 0.00290359 0.00290359 0.00290363 0.00740685 0.0029036 0.00291584 0.00290359 0.00290685 0.0029036 0.00292399 0.0029036 0.00293405 0.00290359 0.00290362 0.00293988 0.0029036 0.00290359 0.00291658 0.0029036 0.00290369 0.00290394 0.00290453 0.00290359 0.00293572 0.0029036 12.5959 0.0029036 0.00292275 0.00290361 0.0029036 0.0029036 0.00617739 0.00290361 29.1047 0.0029036 0.00291163 0.0029036 0.00295739 0.00451735 0.0029942 0.0029036 0.00290359 0.0029036 0.0029036 0.0029036 0.00290883 0.0029145 0.00290359 0.00290369 0.00290372 0.0029036 0.00290359 0.00290359 0.00290359 0.00290359 0.00290394 0.0029036 0.00290359 0.00290895 0.0029036 0.00290359 0.00290359 0.004379 0.0029543 0.00290376 0.00292243 0.00290618 0.00299106 0.00290361 0.0029036 0.00294271 0.0029036 0.00291569 0.00290362 0.00290376 0.00290359 0.00290359 0.00290916 0.0029036 0.00291241 0.0029036 0.0029036 0.00302892 0.00290971 0.00290359 0.00290359 0.00290367 0.00294567 0.0029036 0.00290362 0.0029036 0.00291241 0.0029036 0.0029036 0.00290701 0.0029036 0.0029082 0.0029036 0.16949 0.00290422 0.00290359 0.0029036 0.0029036 0.0029036 0.0029036 0.0029036 0.0029036 0.00290362 0.0029212 0.00294366 0.00290359 0.00290404 0.00290674 0.00290359 0.0029277 0.0029036 0.00290639 0.00290368 0.0029036 0.0029036 0.00290864 0.00290359 0.00290369 0.00296637 0.00292542 0.00297211 0.00290886 0.0029036 0.00290684 0.00290363 0.00310341 0.00304498 0.0029036 0.0029036 0.00290362 0.0029036 0.00290359 0.00290359 0.00290359 0.0029036 0.00291564 0.00290703 0.00290375 0.00356728 0.00290404 0.00313111 0.00296284 0.0029036 0.00290361 0.00292676 0.00290359 0.00290363 0.00293146 0.00290361 0.00290359 0.00290359 0.00290682 0.0029039 0.00290359 0.0029036 0.00290676 0.00290359 0.0029036 0.00290359 0.00292364 0.00320555 0.0029036 0.00293833 0.00290359 0.0029036 0.00290359 0.0029036 0.00290359 0.0029036 0.00290359 10.5486 0.00290359 0.00290374 0.00290362 0.0029036 0.00290359 0.00294294 0.00294709 0.00290378 0.0029036 0.00294558 0.0029036 0.0029036 0.0029036 0.00291961 0.00290391 0.00295466 0.00290362 0.00290365 0.00290613 0.00290564 0.0029036 0.00290359 0.00290361 0.0029036 0.0029036 0.00290534 0.00290359 0.0029036 0.0029036 0.00290419 0.00292431 0.0029036 0.0029036 67.2761 0.00290393 0.00290566 0.0029036 0.00290361 0.0029036 0.0029036 0.0029036 0.00290359 0.0029036 0.0029036 0.00290359 0.00290359 0.00290368 0.00291014 0.00290359 0.0029218 0.00290413 0.00291099 0.00290359 0.0029036 0.00290359 0.0029036 0.00290381 0.00290395 0.00290947 0.0029036 0.0029036 0.00290359 0.00290366 0.0029036 0.00291058 0.0029036 0.0029036 0.0029036 0.00290675 0.00290362 0.00291517 0.00290707 0.00328721 0.00290363 0.0029037 0.0029036 0.00330893 0.0029036 0.002904 0.0029036 0.00290359 0.00290359 0.00292082 0.0029036 0.0029036 0.00290422 0.00290522 0.0029036 0.0029036 0.0029036 0.0029036 0.0029036 0.0029036 0.0029085 51.4194 0.00290421 0.0029036 0.00292919 0.00290518 0.0029036 0.00290359 0.00290532 0.00290359 0.0029036 0.0029036 0.0029036 0.00291029 0.00296862 0.0029036 0.00290359 0.00292883 88.8916 127.742 0.00290428 0.0029042 0.00290359 0.00290359 0.00290359 0.251474 0.00304597 0.00290359 0.00290359 0.00290381 0.00290373 0.00290359 0.00290526 0.00291519 0.00290369 0.0029036 0.00290359 0.00542283 0.0029036 0.00290503 0.00290359 0.0029036 0.00294019 0.00296747 0.00296184 0.00290359 0.00290835 0.00290516 0.0029036 0.00290712 0.0029036 0.0029036 0.00292812 0.0029036 0.0029036 0.0029036 0.0029036 0.00290359 0.0029128 0.0029036 0.0029036 0.00290359 0.00308401 0.0030269 0.00290359 0.0029036 0.0029036 0.0029036 0.0029036 0.00290359 0.00290997 0.00295056 0.00290359 0.00290378 0.0029036 0.00293006 0.00290375 0.0029036 0.00290359 0.00291229 0.0029036 0.00290359 0.00296797 0.0029036 0.00294394 0.00290359 0.00290405 170.169 0.00290359 0.00290688 0.0029036 0.0029036 0.0029036 0.00295647 0.0029036 0.00290359 0.0029036 0.00290359 0.00290424 0.0029036 0.00290935 0.00290359 0.00292097 0.00290452 0.00291975 0.0029036 0.0029036 0.00297403 0.00290663 0.00290869 0.0029036 0.0029036 0.00290367 0.00290361 0.00290362 0.00290359 0.0029053 0.0029036 0.00290359 0.00290369 0.0029036 0.00290359 0.00290359 0.00290367 0.00290849 0.00290359 0.00293123 0.00290359 0.00862787 0.0029036 0.00290373 0.0029036 0.0029036 0.0029036 0.00290467 0.0029036 0.00290359 0.0029039 0.00292097 0.00298117 0.00292099 0.0029113 0.0029036 0.00301667 0.00290359 0.00290667 0.0029036 0.00290359 0.0029036 893.899 0.00296934 0.00290359 0.00290369 0.00296211 0.00294528 0.00294094 0.0029036 0.00290503 0.0029036 0.00290386 0.0029036 0.00290385 0.00290362 0.00290572 0.0029036 0.00290359 0.00290359 0.00290531 0.00290359 0.00290449 0.00292354 0.0029036 0.00290359 0.0029037 0.0029036 0.0029036 0.00290386 0.0029036 0.00290362 0.0029041 0.00290787 0.00290359 0.0063904 0.00290722 0.00290594 0.0029036 0.00290838 0.00290359 0.00290399 0.0029036 0.0029036 0.00290359 0.0029036 0.00290362 0.00293497 0.0029036 2.33522 0.00290422 0.0029036 0.00292916 0.00290363 0.0029036 0.0029036 0.00290365 0.00290381 0.00290366 0.00294625 0.00305106 0.0029036 0.00291141 0.00290359 0.00290373 0.0029036 0.00290359 0.0029036 0.0029036 0.00290367 0.0029036 0.00290367 0.0029036 0.0029207 0.0029036 0.00291254 0.00294132 0.00290359 0.00305088 0.0029036 0.00290361 0.002914 0.0029036 0.00290608 0.0029036 0.0029036 0.0029036 0.0029044 0.0029036 0.00290369 0.00291107 0.00302522 0.00290368 0.00290359 0.0030858 0.00290359 0.00290359 0.0460031 0.00292951 0.00290359 0.0029384 0.00290374 40.1009 0.00290359 0.00290359 0.00290359 0.00296966 0.00290361 0.0029036 0.00293703 0.0029036 0.0029036 13.3912 0.0030246 0.0029047 0.00290359 0.00304157 0.00290388 0.00294089 0.00290651 0.00290365 0.00292786 0.0029036 0.0029036 0.00293954 0.00290384 0.0029036 0.00291116 0.00290501 0.0029036 0.00291706 0.00290449 0.00290359 0.00290389 0.0029036 1.6785 0.00292114 0.0029036 0.00290359 0.00290359 0.00290373 0.00291271 0.00290359 0.00291239 0.00290364 0.0029036 0.0029036 0.0029036 0.0029036 0.0029036 0.0029036 0.0029036 0.00290359 0.0029036 0.00290362 0.00290392 0.0029036 0.00290362 0.00290359 0.00320915 0.00292164 0.00290375 0.0029036 0.0029036 0.00290359 0.0029036 0.00290613 0.00298036 0.0029036 0.00290367 0.0029036 0.00290371 0.00290359 0.00298608 0.00290482 0.0029176 0.00290568 0.00290359 0.00315852 0.00290365 0.00290359 0.00294535 0.00290362 0.00290359 0.00291925 12.0104 0.0029036 153.839 0.00290883 0.00292526 0.0029036 0.0029036 0.00290359 0.0029036 0.0029036 106.155 0.0029036 0.0029036 0.0029036 0.00290368 0.00297131 0.00316628 0.0029036 0.0029036 0.0029036 458.815 0.00292756 0.00290362 0.0029036 0.0029036 0.0029036 0.0029036 0.00293253 0.00293316 0.00290715 0.00290366 0.00290361 0.00290359 0.00372327 0.00290359 0.0029036 0.00290383 0.00290962 0.00295914 0.00290365 0.0029169 0.0029418 0.00290359 0.00290386 0.0029036 3.67303 0.00290365 0.0029036 0.00292336 0.00290363 0.0029036 0.00290359 0.0029185 0.0029036 0.00291025 0.00310169 0.00290359 0.00705677 0.00290361 0.00290359 0.0029036 0.0029036 0.00290359 0.00641573 0.0029036 0.0029036 0.00290359 0.00294478 0.0029036 0.00291411 0.00290359 0.00290359 0.00300128 0.0029036 0.00292659 0.00291708 0.0029036 0.00293365 117.383 0.0029036 0.00290607 0.00296686 0.00290572 0.00290602 0.00290479 0.0029036 0.00290372 0.0029036 0.00290359 0.00292324 60.968 0.0029036 0.00290377 0.0029036 0.00290371 0.0029036 0.00291481 74.9563 0.00299014 0.00290714 0.00291055 0.0029036 0.00291322 0.0029036 0.00290869 0.00296497 0.00290577 0.00318001 0.0029036 0.00295145 0.00290359 0.00293133 0.0029036 0.00290376 0.00290359 36.8811 0.0029036 0.0029036 0.0029036 0.00290445 0.00290359 0.00292041 0.0029036 0.0029036 0.00290359 0.00290726 0.0029047 0.0029036 0.0029049 1.27531 0.00291692 0.00290363 0.00290359 0.0029036 0.00298389 0.00292211 0.0029036 0.0029036 0.00311507 0.0029036 0.00290359 0.00290359 0.00290361 0.0029036 0.0029036 0.00290415 0.00349193 0.0029036 0.00299627 0.00290444 107.665 0.0029036 0.00291106 0.00296863 0.00290371 0.0029036 0.0029036 0.0029036 0.0029036 0.0029036 0.0029036 0.00290385 0.0029036 0.00290383 0.0029036 0.00290359 0.0029036 0.0029036 0.00290359 0.00294347 0.0029036 0.0029042 0.00290359 0.0029036 0.00290369 0.00290362 0.0453152 0.00290359 0.0029036 0.0029036 0.00290359 0.0029036 0.0029036 0.0029036 0.00290389 452.775 0.00291084 7.93738 0.00290359 0.00290406 0.00290359 0.00290359 0.0029036 0.00292098 0.0029036 0.00290359 35.3413 0.00293196 0.00295576 0.00333576 0.00300302 0.0029036 0.00291903 60.0711 0.0029036 0.0029036 0.00291674 0.0029036 0.00290561 0.00290359 0.0029036 0.0029036 0.00293856 0.00597947 0.0029036 0.0029036 0.00290965 0.0029036 0.0029036 0.0029036 0.00290359 0.00291593 0.00290369 10.4511 0.0029036 0.00290379 0.0029036 0.00290359 0.0029036 0.0029036 0.00290359 0.00290359 0.00290359 0.00290359 0.0029036 0.00290359 0.00290359 0.00290367 0.00290359 0.00290568 198.565 0.00290359 0.00290359 0.0029036 0.0029036 0.0029036 0.00290359 0.0029036 0.0029036 0.0029036 0.00290359 0.00290364 0.00291427 0.00290379 0.00290585 0.00291679 0.00290394 0.00290405 0.00290642 0.00290359 0.00290888 0.00290372 0.00290501 0.00290393 0.0029036 0.00290383 0.0029036 0.0029036 0.0029036 0.00290757 0.00295158 0.00290816 0.00290361 0.00290359 0.00290365 0.00290962 0.0029036 0.0029036 0.0029036 0.0029036 0.00290415 0.0029036 0.0029036 101.358 0.0029036 135.251 0.00295976 0.00290359 0.00290359 0.00293299 0.00290361 0.00290372 0.0029036 0.00290359 0.00290471 0.0029036 0.0029036 0.0029036 0.00290643 0.0029036 0.0029036 0.0029036 0.00295541 0.0029036 0.00290479 0.00291518 0.0029036 0.0029036 0.00290359 0.0029036 0.00290359 0.0029036 0.0029036 0.00290359 0.00290963 0.0029036 0.00290591 0.00290359 0.0029036 0.00297688 0.0029036 0.002922 0.00290362 0.00290391 0.0029089 0.00290359 152.006 0.00292197 0.00290359 0.00290365 0.0029041 0.0029036 0.00290359 0.00290361 0.00290379 0.0029036 0.00295375 0.00291456 0.00290359 0.0029103 0.00318407 45.1611 0.00290518 0.0029036 0.0029036 0.0029036 0.00290636 0.00294279 65.3547 0.0029036 0.0029036 0.00291034 0.0029036 0.00305054 0.00290501 0.00290361 0.0029036 0.0029124 0.00290359 16.2583 0.0029036 0.00293076 0.00292792 0.0029036 0.00290359 0.00290359 0.00290436 0.00293105 0.00328999 0.00294447 0.0029036 0.00290737 0.00290366 0.00290369 0.0029036 0.0029036 0.00290618 0.0029036 12.9309 0.00290404 0.00290359 0.0029098 0.00290524 0.00290396 0.00290359 0.00290359 0.0029036 0.00290364 19.5625 0.00290359 0.00290604 0.00304956 83.7414 0.00290359 0.0029036 0.00290359 0.0029036 0.00290359 0.0029036 0.00290359 0.00290814 0.00290459 0.00296124 0.0029036 0.00290468 0.00290359 0.00290359 0.00290359 0.00290508 0.0029036 0.00290414 0.0029409 0.0029036 0.00290362 0.0029036 0.0029036 0.0029516 0.00290359 0.00304131 0.0029036 0.0029036 0.00290359 0.00291317 147.16 0.0029284 0.00290359 0.00290361 0.00295256 0.00290556 0.0029036 0.02417 0.0029104 0.0029036 0.00290363 0.00290359 0.00290366 0.00291057 0.00290451 0.00290383 0.0029036 0.00290416 31.4769 0.00290402 0.00290359 0.0029036 0.00290471 0.00292698 0.00294844 114.857 0.00290359 0.0029036 0.0029036 0.00290474 0.0444131 0.00290359 0.00290363 0.00290534 0.0029036 0.00290361 23.9246 0.0045335 0.00290359 0.00294587 0.00290531 0.0029036 0.00290359 0.00290381 0.00290821 0.00290467 0.00290761 0.00290359 0.0029036 0.00290378 0.00290359 0.00290366 0.00290945 0.00290369 0.00292742 0.00290359 0.0029036 0.00290381 0.00297517 0.0029036 0.0029036 0.00336162 0.00347466 0.00290362 0.00340701 0.00290359 0.00290755 0.00290359 0.00290359 0.00293516 0.00290359 0.00290754 0.0029036 0.00290359 0.0029036 0.00290969 0.0029036 0.00291633 0.00290794 0.00290359 0.00290359 0.0029036 0.0029036 0.0029036 0.0029036 0.00303503 0.0029036 0.0029036 0.0029036 0.00290359 0.0029036 0.0029036 0.00290359 0.00290368 0.00290359 0.00290359 0.0029338 0.00290359 0.0029036 0.00298309 0.0029036 0.0029036 0.0029036 0.0029036 28.6984 0.00290469 0.00290367 0.00290423 0.00307937 0.00290596 0.00292773 0.0029036 0.00290691 0.0029036 12.5514 0.00328608 0.00292999 0.00292825 0.00290361 0.0029036 0.00303436 0.00290369 0.0029036 0.00290905 0.0029036 0.00294224 0.00290382 0.0029036 0.00290385 0.00290359 0.00290359 0.00291846 0.00290488 0.0029036 0.00290365 0.00340473 0.0029036 0.00290539 0.00290362 0.00290369 0.00290359 0.0029036 0.0029036 0.00295067 0.00315939 0.0029036 0.0029036 0.00298273 0.00290359 0.0029036 0.0029036 0.00290601 0.00290359 0.0029036 0.0029036 0.0029037 0.00451719 0.00307956 0.00290362 0.00290532 0.00290362 0.00290359 0.00290364 0.00292919 0.0029036 0.0029036 0.00290359 0.00290362 0.00290359 0.0029036 0.00290391 348.26 0.00290359 0.00290359 0.00294952 0.00290586 0.00290365 0.0029036 0.00290366 0.0029036 0.00294574 0.0029036 0.0029036 0.0029036 40.1072 0.00290453 0.00290366 0.00290397 145.679 0.00290424 0.00291586 13.0378 11.0858 0.00290361 0.0029036 0.0029036 0.00290423 0.00290388 0.0029036 0.00300223 0.00290384 0.0029036 0.00292108 0.0029036 0.00290359 0.0029036 0.00290359 0.00290505 0.0029036 0.00290379 0.00290425 0.00290962 0.00292774 0.00290363 0.00290359 0.0029622 0.0029036 0.00290389 0.00290429 0.0029036 0.00290359 0.00290359 0.00290359 0.00290429 0.00297892 0.00290369 0.00290359 0.00290371 0.0029036 0.0029036 0.0029036 0.00290359 0.00290359 0.00291487 82.971 68.0338 0.00290405 0.0029048 0.00290756 0.00290359 0.0029036 0.0029036 0.0029036 0.002907 0.00290359 0.00291917 0.00291038 0.0029036 0.0029036 0.0029036 0.0029036 0.0029038 0.00290362 0.00301674 0.0029036 0.00290359 0.0029036 0.0029036 0.00290359 0.0029036 0.00290365 0.0029036 0.0029036 0.00290379 0.0029036 0.00317545 0.00290367 0.0029036 0.00290386 0.0029036 0.00290359 0.00290605 0.0029036 0.00290359 0.0029036 0.00290359 0.00292444 0.0029036 0.00290455 0.00290363 0.00290899 0.00291538 0.00290359 0.00290416 0.0029036 0.00290378 0.00290439 0.0029036 0.00294375 0.0029036 0.0029036 0.00290359 0.00290359 0.00296596 0.00290553 0.0029036 0.00290393 0.00290374 0.0029036 51.6876 0.00292875 0.00292503 0.0029038 0.00290363 0.0029036 0.00290359 0.0030241 0.0029036 0.00302232 0.00292257 0.00310637 0.00295889 0.00290359 0.0029044 0.00290541 0.0029036 0.00290364 0.0029036 0.0029036 0.00291605 0.00290437 0.0029038 0.00304974 0.0029036 0.0029036 0.0029036 0.00290384 0.00290373 0.0029036 0.00290359 0.00305892 0.00290385 0.0029037 0.00290374 0.00290379 0.00290359 0.0029036 0.00292617 0.0029036 0.0029036 0.0029036 0.00290359 0.00290466 0.0029036 0.0029036 0.00290369 0.0029036 0.0029036 0.00290527 0.00290365 0.00290359 0.0029036 0.00294175 0.0029036 0.00290361 0.0029036 0.00290476 0.0029036 0.00291018 0.0029036 0.00290371 0.00293818 0.00290359 0.00504936 0.00290368 0.0029036 0.00318197 0.00290359 0.0029036 0.00290359 34.1668 0.00290469 0.0029102 0.00290653 0.00290398 0.00290918 0.00290359 0.0029036 0.00290359 0.00295522 0.0029036 0.00290362 0.00290413 0.0029036 0.00290363 0.00290359 0.00290363 0.0029036 0.00290359 0.00290359 0.0029036 0.0029036 0.00298683 0.0029036 0.00290364 0.0029178 0.00290365 0.00290359 0.00291387 0.00290418 0.00290371 0.00290428 23.9214 0.00294285 0.00290359 0.00301377 0.0029036 0.0029036 0.00290407 0.00291082 0.00290361 0.00290359 0.00290363 0.00290374 0.0029036 0.00290359 0.00291685 0.00290359 0.0029036 0.0029036 0.00290366 0.0029036 0.00294624 0.0029097 0.0029036 0.00368889 0.00290359 0.00292306 0.0029036 0.00290363 0.0029036 0.00291072 0.00291056 0.0747882 0.00290359 0.00291965 1484.15 0.00290482 0.00290421 0.00290359 0.00349521 0.00290362 0.00290386 0.00290373 0.0031379 0.0029036 0.00290365 0.00318291 0.00290385 0.00290366 24.1034 0.00294131 0.00291463 0.0029036 0.0029036 0.0029036 0.00290361 0.00290359 0.00290409 0.0029551 0.0029036 0.0029036 0.00419223 0.00294304 0.0029036 0.0029036 0.0029036 0.0029036 0.00291239 0.00290518 0.00290359 0.00290365 0.00290359 0.0029036 0.0029036 0.00293427 0.00290368 0.00290495 0.00297078 0.0029037 0.0029036 0.00290581 0.00290359 0.00290359 0.00292033 0.00290642 0.00290372 0.00290396 0.00353252 0.00290361 0.00290362 0.0029036 0.00290371 0.00290393 0.00290359 0.00290362 0.0029036 0.00290359 0.00290366 0.00292907 0.0029036 0.00291103 0.00290404 0.00290359 90.7125 0.0029077 0.0029036 0.0029036 0.0029036 0.0029036 0.0029036 0.00304303 0.00290361 0.0029036 0.0029036 0.0029036 0.0029036 0.0029036 0.0029036 0.0029036 0.00290359 0.00290377 0.00290371 0.00297179 0.00292074 0.00290394 0.0029036 0.00290652 0.00290395 0.00290505 0.00294032 0.00290359 0.0029036 0.0029036 0.00294254 0.00290399 0.0029036 0.0029036 0.00293564 0.00290698 0.0029036 0.00290359 0.0029036 0.0029036 0.00291911 0.00290421 0.0029036 0.00290372 0.0029036 187.016 0.0029036 0.00290359 0.00290401 0.00290376 0.00290487 0.0029072 0.0029036 0.00290359 0.00294773 0.00290556 0.0029036 0.0029036 0.0029036 0.0029036 0.00300861 0.00291649 0.00339196 0.00290606 0.0029036 0.453668 0.00290359 0.0029036 0.00290359 0.00291167 0.00292431 0.00290667 0.00292291 0.00292329 0.00302535 0.00341782 0.00316203 0.00302363 0.00291161 0.00290414 0.0029036 0.00293304 0.00290359 0.00290359 0.0029036 0.00290359 0.00290359 0.00290533 0.0029036 0.00310004 0.00290508 0.00290367 0.00290359 0.00290407 0.0029036 0.00290359 19.7902 97.4466 0.00290359 0.00308933 0.0029083 0.00290388 0.00291015 0.00290662 0.00290359 0.0029036 0.00290374 0.00293061 0.00291869 0.0029036 0.00296577 0.00290359 0.00290383 0.00290359 0.00308509 0.00290382 0.00291532 0.00290359 0.0029036 0.0029036 0.0029036 0.00293978 0.0029039 0.00292256 0.0029067 0.0029036 0.0029036 0.00334136 0.0029036 0.00298168 0.00290878 0.00290359 0.0029036 17.5462 0.00290381 0.00290411 0.00290671 0.0029036 0.0029036 0.00290365 0.00290519 0.0029036 0.00292771 0.00292651 0.00293361 0.0029622 0.0029036 0.0029036 0.0029036 0.00298635 164.831 0.0029036 0.00290399 0.00290361 0.0029036 0.00290359 0.0029036 0.0029036 0.0030075 0.00290359 0.00303974 0.00290526 0.00291274 0.0029036 0.00290362 6.18898 0.00290359 0.00294367 0.00291244 0.00290898 0.0029036 0.0029036 0.00290501 0.00294959 0.003016 0.00290359 0.0029036 0.00290359 0.0029036 0.00290378 0.00290575 0.00290359 0.00290523 0.0029053 0.00290522 0.00307417 0.0029036 0.0029036 0.0029036 0.00290359 0.00290359 0.0029036 0.0029036 0.0029036 0.00290444 0.00290825 0.00290424 0.00314404 0.00290359 0.00292362 0.0029036 0.00292355 0.0029036 0.0029036 0.00290359 0.0029036 0.00290363 51.6562 0.0029036 0.0029036 0.00290373 0.0029036 0.00295165 0.0029036 0.00290369 0.00290359 0.00292102 0.002967 380.575 0.00290359 0.00290359 0.00295159 0.0029036 0.0029036 0.0029036 0.00290361 0.0029036 0.00290362 0.00290415 0.00290359 0.00290359 0.00290359 0.0029036 0.0029036 0.0029223 0.00290361 0.00310267 0.00290808 0.00306933 0.00301014 0.00309894 0.00290359 0.00290364 0.0029136 0.00290363 0.00290359 0.00290359 0.0029036 0.00294102 0.00290369 0.0029036 0.00290359 0.00292231 0.00291488 0.00290359 0.00290458 0.0029036 0.0029036 0.00296501 0.0029036 0.0029036 0.00290525 0.0029036 0.00298043 0.00290359 0.0029037 0.00292187 0.0029036 0.00290359 0.0029036 0.00291599 0.0029036 0.00291477 0.00290379 0.0029036 0.0029036 0.0029036 0.00300709 0.0029036 0.0029036 0.0029036 0.0029036 0.00290359 0.00295002 0.0029036 0.0029036 0.0029036 0.00292616 0.00290359 0.00290359 0.0029036 0.00290372 0.00290359 0.00303005 0.00290362 0.00290442 0.00290364 0.0029211 0.0029036 0.0029036 0.0029036 0.00291133 0.00311997 0.0029036 0.00291663 0.00290359 0.00290359 0.00292049 0.00292601 0.0029036 0.00290359 0.0029036 0.00290427 0.0029036 0.00296803 0.00290362 0.0029036 0.0029036 0.00291171 0.00290366 0.00290692 0.00290381 0.0029036 156.659 0.00330523 0.0029036 0.00290801 0.00290429 0.00360203 0.00290367 62.9657 0.00290362 0.0029036 0.00290994 0.0029036 0.00290363 0.0029036 0.00291154 0.0029036 0.0029036 0.0029036 0.00291497 0.00299666 0.00290359 0.00290359 0.00291759 0.00290359 5.37901 0.00290359 0.0029036 0.00290438 0.00642698 0.0029036 0.00290377 0.0029036 0.00290359 0.00290366 165.484 0.0029485 0.0029036 0.0029036 0.00290359 0.0029036 0.0029036 0.00290382 0.0029036 0.00290359 0.00290359 0.00292014 0.00304759 0.00291303 0.00290442 0.00291459 0.00308765 0.0029036 0.00290359 0.00290371 0.0029036 0.0029036 0.0029036 0.00290361 0.0029036 0.00292514 0.0029036 0.00290899 0.00485562 0.0029036 0.00290361 0.0029036 0.0029036 17.6644 0.00297611 0.00290359 0.00290361 0.0029036 0.00290359 0.0029036 0.0029036 0.00290395 0.0029036 0.00292526 0.00297371 0.00291041 0.0029036 0.00291684 0.00292824 0.0029036 0.0029036 0.0029036 0.00307923 0.00354843 0.00290706 0.00290363 0.00290411 0.0029036 0.0029036 0.00293022 0.0029036 0.00290359 0.00291066 0.00291014 0.0029036 0.00291142 0.00290876 0.00290556 0.00301797 0.0029036 0.00371902 43.5145 0.00290371 0.00290901 0.0029036 0.0029036 0.00291417 0.00290368 0.0029036 0.0029036 0.00290573 0.00294697 0.00290359 0.0029036 0.0029036 0.00290394 0.00290359 0.0029036 0.00290362 0.00290359 0.00291558 0.00290359 0.00290362 0.0029036 0.0029036 0.00290832 0.00290359 0.00290564 0.0029036 0.00302442 134.691 0.00290491 0.00290369 0.00291171 0.0029036 0.00290359 0.0029036 0.00291575 0.0029036 0.0029036 0.00290359 0.00292598 0.0029036 51.7109 0.00290374 0.00290435 0.0029036 0.0029036 0.0029036 0.00290359 0.00290363 0.0029036 0.00290614 0.00290362 0.00293192 0.0029036 0.0029036 0.00306861 0.0029036 0.00292061 0.00290367 0.00290359 0.00295033 0.0029036 0.0029036 187.667 0.00322199 0.0029036 0.0029036 0.0029036 0.00290728 0.00290359 0.00290456 29.9065 0.00290366 0.00290359 0.00290359 0.00290364 0.00321744 0.0029036 0.00293614 0.00290369 0.00290359 0.0029036 55.2872 0.00290368 0.00290759 0.0029036 0.0029036 0.00290361 0.00304312 0.00290369 0.00293953 0.00290402 0.00293456 0.00290364 0.0029036 0.0029036 0.00290359 0.0029036 0.00290364 0.0029036 0.0029036 0.0029036 0.0029036 0.0029036 0.00290359 0.00298932 160.847 0.00297686 0.00290359 0.00290466 0.00290361 0.0029036 0.0029036 0.00290362 0.00294569 0.00298337 0.0029036 0.00290368 0.0029046 0.00305151 0.0029036 0.00290359 0.0029036 36.6331 0.0029036 0.00290363 0.00290362 0.00290359 0.00291313 0.0029036 0.00290359 0.00290359 0.00290373 0.0029036 0.0029036 0.00305805 0.00290359 0.0029036 0.00291296 0.0029036 0.0029036 0.00296935 0.00291177 0.00290652 0.0029036 0.0029036 0.00295629 0.00290359 0.00290359 0.00322191 0.00294113 0.00290364 0.00290361 0.00290359 0.00290608 0.00290359 0.002914 0.00290359 0.00290524 0.00290912 0.0029036 0.00290417 0.00294106 0.00291492 0.00290359 0.00290631 0.0029036 0.00290466 0.00292198 0.0029036 0.0029036 0.00290359 0.0029036 0.0029036 0.0029036 0.00290359 0.00290409 0.0029036 0.00290364 0.00290445 0.00290366 0.00290379 0.00290495 0.0029036 0.00293455 0.0029036 0.00293982 0.0029036 0.0029036 0.00300609 0.00296345 0.00290359 0.0029036 0.0029036 0.00290368 0.578944 0.0029036 0.00290361 0.00290359 0.0029036 0.00292007 0.0029043 0.00290359 0.0029036 0.00290387 23.3 0.00290401 0.00341259 0.00290373 0.0029037 0.00291238 0.0029036 0.00290359 0.00290359 33.4702 0.0029036 0.0029036 0.00295759 65.8292 0.0029036 0.00290359 0.0029036 0.0029096 0.0029036 0.00290891 0.0029036 0.0029036 0.00292479 29.6421 0.00290363 34.5628 0.0029036 0.0029036 0.00290359 0.0029036 0.00290371 0.00297642 0.0029042 0.00290369 0.00290359 0.00290366 0.0029036 0.0029036 0.00292393 0.0029036 0.0029036 0.00290878 0.00291047 0.00290361 0.00290366 0.00290366 0.00291298 0.0029036 0.00290359 0.00290363 0.00290967 0.00290457 0.00292824 0.0029382 0.00303417 0.0029036 0.00290368 0.00290363 0.00297645 0.00290359 0.0029036 0.00290372 0.00290508 0.0029036 0.00313887 0.00291307 0.0029036 0.00291669 0.0029036 0.00290359 0.0029051 0.0029036 0.0029036 0.0029036 0.0029036 172.929 0.00290375 289.834 0.0029648 0.0029036 0.0029036 0.00345496 0.00290795 0.00291241 0.0029036 0.0029036 0.0029036 0.0029036 0.0029036 0.00290404 0.0029036 0.00290359 0.0029325 0.00291878 0.0029036 0.00290359 0.00291625 0.00296223 0.0029036 46.158 0.00347803 0.0029036 0.0029036 0.00295804 0.0029036 0.00290359 0.0029036 0.00305159 0.0029067 0.0029036 0.00290365 0.00290938 0.00290359 0.00290365 0.0029036 0.00290687 0.00290388 0.00290396 0.0029036 0.0029036 0.00290906 0.00294096 0.0029036 0.00315706 0.00290359 0.0029036 0.0029036 0.00290359 0.00290364 0.00290407 0.00294363 0.00290391 0.00290659 0.0029036 0.00290359 0.0029036 0.00291009 0.00293017 0.00291349 0.00290409 0.00290359 0.00290359 0.0029092 0.00290953 0.00290649 0.00290455 0.0029036 0.0029036 0.00301105 0.00290359 0.0029036 0.00290359 0.00296781 0.00290359 0.00290359 0.00292737 0.00290359 0.00290991 0.00290359 0.0029041 0.0029036 0.00293257 0.00290365 0.00290597 0.00290361 0.00291567 0.00290371 0.00290554 0.0029036 0.0029036 0.0029036 0.00344214 0.0029036 0.00299622 0.0029036 0.00290359 0.0029036 0.00292809 0.0029036 0.00290359 0.00290368 0.00295101 0.00291516 0.00290359 0.0029036 0.00295161 0.0029036 0.00290359 0.00296159 0.0029036 0.0029036 0.00334746 0.0029036 0.00290361 0.00290359 0.0029036 0.00290359 0.00299185 0.00290359 0.00292663 0.00301542 0.0029036 0.00290362 0.00290372 0.00290408 0.0029036 0.00290387 0.0029036 0.00290359 0.00294868 0.0029036 0.0029036 0.00290413 0.00290359 0.00290825 0.0029037 0.0029036 0.00299881 0.0029036 0.00290494 0.00306211 0.0029036 0.00290364 0.00290365 0.0029036 0.00366233 0.00290359 0.0317307 0.0029036 0.00290359 0.0029036 0.0029036 0.00290359 0.00292331 0.0029036 0.00290359 42.8407 0.0029036 0.00295633 0.00290374 0.00292025 0.00290397 27.6178 0.0029036 0.00290362 0.0029036 0.00290363 0.00290362 0.0029036 0.00290359 0.0029036 0.00290364 0.0029036 0.0029036 0.0029036 0.00290359 56.2563 0.00290359 0.00290367 0.00290359 0.00290359 0.00290706 0.00290406 51.0593 0.00290361 0.00290489 0.00290363 0.00294678 0.00290723 0.0029036 0.00290359 0.00290362 0.00290359 0.00297515 0.0029036 0.00290491 0.00295654 0.00290359 0.00296771 0.0029036 0.00290427 0.0029036 0.00290375 0.00291155 0.0029036 0.00290376 0.0029036 0.0029036 0.00291148 0.00290361 0.0029036 0.0029036 0.00290387 0.00290535 62.528 0.00299012 0.0029036 0.0030255 0.00290374 0.00290359 0.00290359 0.00290359 0.00290763 0.00299046 0.0029041 0.0029036 0.0029036 0.00291654 0.00290375 0.00291011 0.0029036 0.00293949 0.0029036 493.95 0.0029037 138.054 0.00290359 0.00293824 0.0029036 0.0029036 0.00342415 0.0029036 0.0037696 0.00290361 0.0029036 0.00291762 0.00304736 0.0029036 0.0029036 0.00290359 0.0029036 0.0029036 0.00290359 0.0029071 0.00290608 0.00290359 0.0029086 0.0029036 0.00290361 0.00290981 0.00290395 0.0029036 0.00299396 0.00290359 0.00294804 0.0029036 0.00290374 0.0029036 0.00292241 382.712 0.00294027 0.0029036 0.00290359 0.0029036 0.00290439 0.00290363 0.0029036 0.0029135 0.0029036 0.0029036 0.00290359 0.0029036 0.0029036 0.0029036 0.00290373 0.00290461 0.0029036 0.00290359 0.00292592 0.00290359 0.0029036 0.00290359 0.0029036 0.0029036 0.00291242 0.00290359 0.00290749 0.00290361 0.00295043 0.00290361 0.00290422 0.00290361 194.474 0.00290359 0.0029036 0.00290359 0.00290433 34.9536 58.7781 0.0029036 0.0029036 0.00290552 0.00290371 0.0029036 0.00354042 0.0029036 0.00290422 0.00290359 0.00290367 0.0029036 0.00290362 0.0440687 0.0029036 0.0029036 0.00290459 0.0029036 0.073897 462.292 0.0029036 0.00290396 0.00290369 0.00317463 0.0029037 0.00290359 0.0029065 0.00299681 0.00340276 0.0029036 0.00290491 0.0029036 0.0029036 0.0029036 0.00290455 0.00359559 0.00292588 0.0029036 0.00293035 0.0029036 0.0029036 0.00296645 0.00290382 44.3883 0.0029036 0.00293296 0.0029036 0.0029036 0.00291365 0.0029036 0.00290359 0.00290513 0.00350605 0.0029036 0.0029036 0.00293848 0.00290359 0.00298581 0.00290376 0.00290361 0.00290601 0.00323848 0.0029036 0.00290368 0.002928 0.0029036 0.0029036 0.0029036 0.00290359 0.00290451 0.00290359 0.00290399 0.00291019 0.00290359 0.0029036 0.0134962 0.00290359 0.00290867 0.00293937 0.00290391 0.00293108 0.00290359 0.0029036 0.00290437 0.0029036 1231.68 0.00293387 0.00292456 0.0029036 0.0029298 0.00290359 0.00290365 0.00290359 0.00290359 0.00290359 0.0029038 0.0029036 0.00290359 0.0029036 0.00290404 0.00290359 0.0029036 0.00291229 0.00300159 0.0029036 0.00290359 0.00290359 0.00290359 0.0029036 0.0029036 0.00292242 0.00293538 0.00290375 24.2667 0.0029036 0.0029036 0.00290359 0.00290369 0.0029036 0.0029036 0.00290523 0.0029036 0.00295396 0.00290361 0.0029799 0.00291772 0.00290359 0.0029799 0.00290793 0.0029036 0.0030429 0.00290359 0.0029964 0.00290361 0.0029605 0.0029036 0.0029036 0.0029036 0.00293362 0.00290454 0.00290359 0.00290375 0.00315852 0.00303691 11.9884 0.00290359 0.00292616 0.0029036 0.00290927 0.00291261 0.00290359 0.0029036 0.00290359 0.00290369 0.00290362 0.0029036 0.00290363 0.00290363 0.00290361 0.00290785 0.00290359 0.00290403 0.0029036 0.00292455 0.0029036 0.00290359 0.00290359 0.00307813 0.00290374 0.00295313 0.00290652 0.00299287 0.00292737 0.00292122 0.0029036 0.00359834 0.00291159 0.00290364 83.6862 0.00290372 0.00290359 0.00294828 0.00290392 0.00291849 0.00492354 0.00291567 0.00290359 0.0029036 0.00290373 0.00290362 0.0029096 0.00291759 0.00290359 0.00373035 0.0029036 0.00290812 0.0029137 0.00290359 0.00290369 0.00291675 0.0029039 0.00729023 0.00290359 0.00290381 0.00299395 0.0029036 0.00290385 0.00290365 0.00290359 0.00290359 0.00294087 0.00290518 0.00290776 0.0029041 0.00290359 0.00290362 0.00290363 0.00290381 0.00290359 0.00291404 0.00315763 0.00290456 0.0029036 0.00437418 0.0029036 0.00290369 0.00290369 0.00290359 0.00290359 0.0029036 0.00290462 0.0029036 0.00290361 0.0029036 0.0029036 0.00290359 0.00325353 0.00292503 0.00291865 0.135114 0.00290359 0.00290367 0.0029062 0.00290363 0.00290359 0.00290373 0.00290396 0.00290359 0.00290406 0.00290592 0.00292983 0.0029036 0.00290732 0.00290359 0.00290359 0.00298323 0.00290363 0.0029036 0.0029036 0.0029036 0.0029036 0.0029974 0.0029825 0.00290767 0.00290364 0.00290359 0.0029036 0.0029036 0.00290359 0.00290368 0.00290359 0.0029036 0.00290359 0.00294366 0.00290467 0.0029036 0.00290516 0.00290375 0.00308149 0.00293511 0.00302216 0.00294063 0.00290461 0.0029036 0.00294021 0.0029036 0.00290359 0.00290359 17.8103 0.0029036 0.0029036 0.00290827 0.00290468 0.00321017 0.00290359 0.0029036 0.00290359 0.00290363 0.00291116 0.00292101 0.0029036 0.0029036 72.15 0.0029036 0.0029036 0.0029036 0.00299537 57.8053 0.00290382 0.00290363 0.00291239 0.00290359 0.0029036 0.00290359 0.0029036 0.00290375 0.00292242 0.00290437 0.00290359 0.00290359 0.00290359 0.0029036 0.0029036 0.00290362 0.00295966 0.00304946 0.00291882 0.00290378 0.00290411 0.00294311 0.00317465 0.00293559 0.00290361 0.00290359 0.00290378 0.00290708 0.00290359 0.00290359 0.00290373 0.00290359 0.00290359 0.00293947 121.701 0.00290707 0.0029418 0.00290387 0.00290435 0.0029036 0.00290359 0.0029037 0.00290637 0.0029315 0.0029036 0.00290359 0.00295087 0.00290651 0.00290558 0.0029036 0.00303185 0.00290379 0.00291264 0.00290367 0.00294093 0.0029036 0.00290359 0.0029036 0.00290359 0.0029101 0.002908 0.0029036 52.2511 0.0029036 0.0029036 0.0029036 0.00291501 0.00290359 0.00290361 0.00335622 0.00345965 0.0029036 0.00290359 0.00290554 0.0029036 0.00290367 0.00290359 0.00290361 0.0029036 0.00290359 0.00291055 0.00290383 0.00290359 0.00290363 0.00290372 0.0029036 0.00295966 0.0029036 753.327 0.00290384 0.00290372 0.00290359 0.0029037 0.0029036 0.00290955 0.00290359 0.00290389 0.00290359 0.00290435 0.00297037 0.0029036 13.3264 0.0029044 0.00290359 0.00294529 0.00290359 0.0029036 0.00312702 0.00290359 0.0029036 0.00290359 0.00290359 0.00290668 0.00290365 0.00290369 0.00290359 0.0029036 0.00290361 0.0029036 0.0029036 0.00296749 0.00290369 0.00290359 0.00294337 0.00296545 0.0029045 0.00290399 0.0029088 0.00290374 0.0029036 0.00290362 0.0029036 0.00290366 0.00298265 0.00296284 0.0029036 0.002905 0.00290373 0.0029036 0.00292185 0.00290359 0.00290366 0.00290359 0.00290364 0.00298689 0.00312619 0.00290504 0.0029036 0.0029036 0.00290369 0.0029718 0.00290359 0.0029036 0.00290377 0.00290414 0.0029036 0.0029036 0.0029036 0.00318121 0.00290381 0.0029036 0.0029036 0.0029036 0.0029086 0.0029036 0.0029036 39.5783 0.0029036 0.0029036 0.0029036 134.95 0.0029036 0.00295131 0.0029036 0.00292376 0.00290363 0.00290442 0.0029036 0.0029036 0.00290364 0.0029036 0.00290672 0.00290359 0.00292801 0.0029036 0.00290361 0.0029036 0.00310207 16.2435 0.0029036 0.00290359 0.00290923 0.00290368 0.00323646 0.0029036 0.00290435 0.00290373 0.00290481 51.5977 0.0029036 0.00290359 0.00290359 0.00290493 0.00290655 0.00290359 0.00297514 0.0029036 0.00298242 0.00290367 0.0029036 0.00292025 0.00290359 0.0029036 0.0029036 0.00298068 0.0029036 0.00291744 0.00290412 0.00291424 0.00293504 56.7283 0.0029036 0.00290642 0.00290485 0.0029036 0.00290359 0.00290403 0.00314564 0.00295161 0.00290371 0.00290359 0.00290363 0.00290364 0.0029036 0.0029036 0.0029036 0.0029036 0.0029036 0.0029036 0.00290359 0.00293763 0.00291297 0.00296806 0.00290359 0.0029036 110.492 0.00290946 265.063 0.00290359 0.0029036 0.00290359 0.00290373 0.0029036 0.00290359 0.00290784 0.0029036 0.0029036 0.00290359 0.0029036 0.00290365 0.0029036 0.00290744 0.0029036 0.00290359 0.00569589 0.00290359 0.00290359 0.00290359 0.0029036 0.00290362 0.0029036 0.00290611 0.00290681 0.00348661 0.00290359 0.0029053 0.00290362 0.00292377 0.00290362 0.00290359 0.0029471 0.00294065 0.00295985 0.0029036 0.0029036 0.0029036 0.00290359 0.00290373 0.00290362 0.00290361 0.0029036 0.00291586 0.00290496 0.00290359 0.0029036 0.0029036 0.00290961 0.0029036 0.00290359 0.0029036 0.0029036 0.0029036 0.0029036 84.8533 0.0029036 0.0029036 0.00290359 0.00290359 0.00290359 0.00290359 0.0029041 1.99374 0.0029036 0.00291055 0.00295293 0.00291051 0.0029036 0.00290365 0.0029036 0.0029036 0.00290832 0.00290372 0.00290999 0.0029036 0.0029601 0.00290938 0.0029036 0.00290685 0.00292522 0.0029036 0.00290359 0.0029036 0.00290359 0.00290367 0.033805 0.00290359 0.00290379 0.00290361 0.00290456 0.00291116 0.00290366 0.00290359 0.0029036 0.00290359 0.00290359 0.0029036 0.00290432 0.00291383 0.00290359 0.0029036 0.00292714 0.0029036 0.00290375 0.00290359 0.0029036 158.346 0.00290359 0.00291129 0.00298208 0.0029036 0.0029036 0.0029036 0.0029036 0.00290359 0.00309133 0.00290867 0.002907 0.00290371 0.00290383 0.0029036 0.00290379 0.00290392 0.00443962 0.00290406 155.469 0.00290359 0.00290359 0.00290928 0.00290411 0.00290359 0.0029036 0.00290373 85.4791 24.8739 0.00291649 0.0029036 0.0029036 0.00294027 0.00290359 0.00290371 0.0029036 0.00290359 0.00290359 0.00290359 0.0029036 0.00290359 0.00290359 0.00290557 0.00291019 0.00296888 0.00290532 0.00292255 0.00291106 0.0029036 0.00290359 0.0029036 0.00290359 0.00332141 0.00292379 0.00291785 158.588 0.0029036 0.0029036 0.0029059 19.5249 0.00290363 0.0029036 0.00290772 49.9048 0.0029036 0.00290361 0.00290362 0.0029036 0.00290359 0.00291136 0.00290388 0.00297354 0.00290359 0.00291466 0.00290465 0.0029036 0.00290807 0.00290564 0.0029036 0.00290359 0.00290365 0.00290364 0.0029036 0.00290391 0.0029036 0.00290359 0.0029036 0.00290359 0.0029036 0.00290359 0.00290425 0.00290359 0.00290359 0.0029036 0.00290361 0.00290483 14.4022 0.173257 0.00290359 0.00290359 0.00290608 0.00293041 0.00290361 0.00290366 0.00290359 0.00292676 0.00292053 0.00290359 0.00299452 0.00290361 0.0029036 0.00290359 0.00290377 0.0029036 0.00290359 0.00293746 0.00290362 0.00290359 0.00290369 0.00290369 0.00290368 0.0029936 0.00290364 0.0029036 0.0029036 29.9148 0.0029036 0.0029494 0.00290928 0.0029036 0.0029036 0.0029036 0.00292464 0.00290365 0.00335788 0.00290359 0.00290368 0.00297501 0.0029036 0.00290953 0.0029036 0.00290362 0.00291085 0.00290769 0.0029036 0.0309827 0.00294031 0.00291086 0.0029036 0.00290359 0.0029036 0.00290435 0.00290367 0.0029038 0.0029036 0.0032775 0.00290359 0.00300621 0.0029036 0.00290359 0.0029036 0.00302389 0.00290713 0.00290359 0.0029036 0.00290383 0.00290359 0.00293379 0.00290359 0.167781 0.0029036 0.00290369 0.0029036 0.0029036 0.0029036 0.00294389 0.00290968 0.00296771 0.0029036 0.00291048 0.0029036 0.00293447 0.00290364 0.00295954 0.0029036 0.00290359 0.0029036 0.00290529 0.0029036 0.0029036 0.00290359 0.0029036 0.0029653 0.00290361 0.00290435 0.00290359 0.00309875 0.0029036 0.0029036 0.0029036 0.0029036 0.00290359 0.485473 0.0029036 0.00292216 0.0029036 0.0029036 0.0029036 60.944 0.0029036 0.00296166 0.00290364 0.0029036 0.00290359 0.0029036 0.00294011 0.0029036 0.00293732 0.00290784 0.00290399 0.00290443 0.0029036 0.00292086 0.00290359 0.00290359 0.00290413 0.00291957 4.13935 0.00290365 0.00303349 0.00311339 0.00290366 0.00290359 0.00290359 0.00290412 0.0029036 0.00290368 0.00290469 0.0029036 0.00295959 0.0029036 0.00294474 0.0029036 0.00290359 0.00290362 0.00290561 0.0029036 0.0029036 0.00299648 0.0029036 0.0029186 0.00290359 0.00290367 0.0029036 0.00290359 0.0029036 0.0029036 0.00290676 0.0029036 35.1126 0.00328865 0.0029036 0.00290362 0.00290359 0.0029036 0.00290363 0.0137494 0.00290359 0.00292287 0.00291871 0.0029036 0.00290704 0.0029036 0.0029036 0.00290367 0.00290374 0.00291161 0.00290359 0.00290359 0.00290359 0.00290359 0.00326143 0.00290872 0.00291952 0.0029036 0.00290359 0.00290359 0.0029036 0.00290359 0.00291433 0.0029122 0.00290359 0.00291542 0.00290359 0.00290359 0.0029036 0.0029036 0.821103 0.00290634 0.00290488 0.0029036 0.00290359 0.0029036 0.00290479 0.00290359 0.00295727 0.00290379 0.00291253 38.7246 0.0029036 0.00301086 0.00290359 0.00290359 0.0029036 0.0029036 0.00290361 0.00290359 0.00291149 0.0029036 0.00290403 0.0029036 0.00292253 0.00290507 0.00293924 0.0029036 0.0029036 0.00290363 0.00290367 0.00290873 0.00290359 0.00291768 0.0029036 0.0029036 0.0029036 0.0029036 0.0029036 0.00290359 0.00290359 0.0029188 0.0029036 17.5426 27.3895 0.00290433 0.00290359 0.00290359 0.00376884 0.00290748 0.00291942 0.0029036 0.00290468 0.00305995 0.00290359 0.0029039 0.00290363 0.00292231 0.0029036 0.00298514 0.00290564 0.00290359 0.00290359 0.00290359 33.1803 0.0029042 0.00290365 0.0029036 0.0029036 0.0029036 0.0029036 0.0029036 0.00290359 0.00290482 0.00290359 0.00291887 0.0029036 0.0029036 0.0029036 0.00290359 0.00306837 0.00290361 0.0029036 0.00290359 0.00290372 0.0029036 0.0029036 0.00290359 0.00290393 0.00292966 0.0029036 0.0029036 0.00292718 0.00290359 0.00353887 0.00290596 0.00290454 0.0029036 0.00293067 0.0029373 0.00290359 0.0029036 0.00290361 0.00291046 0.00290359 17.5786 0.00295995 101.249 0.0029036 0.00307419 0.00295036 0.00290359 0.00290718 0.00290359 0.0029036 0.00290362 0.00371742 0.0029036 0.00296835 0.0029036 0.0029036 0.00290359 0.0029609 0.0029036 0.00306189 0.0029036 0.00290359 0.0029036 0.00290359 0.00290772 0.0029036 0.00290359 0.00290359 0.0029036 0.0029036 0.0029036 0.00293145 0.00290499 0.00290377 0.00290687 0.00304448 0.00290943 0.00291885 0.0029036 0.0029516 0.0029036 0.0029036 0.00290928 101.159 0.00290359 0.00290359 0.0029036 0.00290379 0.00290359 0.00290359 0.00291759 0.0029036 0.00290648 0.00290359 0.00290359 0.00291354 0.0029036 0.00290617 0.0029036 0.0029036 0.00294741 0.00290739 0.00290366 0.0029036 9.71817 0.00290361 0.00290433 0.00290359 0.0029036 0.0029036 0.00290359 0.0029036 0.0029036 0.00291992 0.00290372 0.00290359 0.0029036 0.00290365 0.00291007 0.00290359 0.00290361 0.00294135 40.0831 0.00290359 0.00296043 0.0029036 0.00290494 0.00295237 0.00301962 0.00302377 0.00295735 0.0029036 0.00292037 0.00290359 0.00290359 0.0029036 0.00290364 0.0029036 0.00297384 0.0029036 0.00290773 0.00295194 0.00290965 0.0029036 0.00290502 0.00290363 0.0029036 0.00290359 0.00290363 0.00290359 0.0029036 0.00290451 0.00292975 0.0029036 0.00290451 0.00290363 0.00290594 0.00290359 0.00291185 0.00290359 0.0029036 0.0029036 0.0029037 0.00295245 0.00290359 0.00290362 0.00290359 0.00290738 0.00290506 0.00290368 0.00299346 0.00290359 0.00290484 0.0029036 0.00293946 0.00290359 0.00290359 0.0029036 0.00290359 0.00290364 0.00335551 0.00290359 0.0029036 0.00310932 0.00290399 0.00292408 0.0029036 0.00290359 0.0029631 0.00293067 0.00290359 0.0029036 0.00291493 0.0029036 0.00290359 0.00290416 0.0029036 0.0029036 0.0029036 0.00292715 0.0029036 0.0029036 0.00290414 0.00290359 0.0029036 0.0029037 0.00290743 0.00295708 0.00297415 0.0029036 0.00290389 0.0029036 0.00290646 0.00290359 0.00290359 0.0029036 0.00290502 0.00290359 0.00290402 0.00290359 0.00290359 0.0029036 0.0029036 0.00290385 0.00291251 0.00290461 0.00290361 0.00290367 0.00290733 0.0029036 0.00291674 0.0029036 0.0029036 0.00291812 0.00290361 0.00307809 0.0029036 0.00293988 0.0029036 0.0029036 0.00290359 0.00290451 0.00296359 0.00303691 0.00290361 0.00290593 0.0029036 0.00290361 0.00290368 0.00291331 0.0029036 0.0029036 0.0029036 0.00381836 0.0029036 0.0029036 0.0029036 0.00353787 0.0029036 0.00290369 0.00290359 126.056 0.00290359 0.00290359 0.0029036 0.0029036 0.0029036 28.8743 0.00290359 0.0030394 0.00294655 0.0029036 0.00302683 0.00290455 0.0029036 112.067 0.00290655 0.00290359 0.0029036 0.00290359 0.00290387 0.00290359 17.3231 0.00290686 0.00290514 0.00290359 0.0029036 0.00290373 0.00290359 0.00411877 0.0029036 0.0029044 0.00311276 0.00294154 0.00290359 0.00291661 0.00290359 0.00291099 0.0029036 0.00290364 0.00299355 0.00290674 0.0029036 0.0029036 0.00292828 0.00290359 0.0029036 0.00295727 0.00290448 0.00290364 0.0029036 0.00290386 0.0029037 0.0029036 0.00290363 0.00474532 0.0029036 0.0029036 0.00290414 0.00290365 0.0029036 0.00290359 0.00291743 0.00290372 0.0029036 0.0029036 0.00291244 0.0029036 0.00290359 0.0029036 0.00290386 0.00290364 0.00290359 0.00294448 47.9053 0.00290359 0.00290359 0.0029036 0.00294412 0.00291113 0.00292364 0.00290378 0.00290455 0.00310285 0.00295823 0.0526371 0.00290359 0.0029047 0.00290367 0.00291763 0.00301726 0.0029036 441.985 0.00290818 0.00290697 0.00290731 0.0029036 0.00290362 0.0029036 0.00290359 0.0029036 0.0029036 0.00290423 0.00290359 0.00291635 0.00290376 0.0029036 0.00290359 0.00290359 0.00290366 0.00290905 0.00290368 0.00306098 0.00290372 101.488 0.00291974 0.00290834 0.0029269 0.0029036 0.00290385 0.00290359 0.00290727 0.00290562 0.00290361 0.0029036 0.00290359 0.0029036 0.0029036 0.0029036 0.0029036 0.0029036 0.00290359 0.00290359 0.0029036 0.00290359 5.32658 0.00329731 0.0029036 0.00290832 0.00290359 0.00290556 19.6371 0.00290359 0.00290375 22.0903 15.631 0.00290558 0.00290359 0.00295213 0.0029036 0.00290487 0.00290368 0.0029036 0.00290364 0.00319954 0.0029036 0.0029036 0.00290939 0.00292941 0.00290929 0.00385721 0.00290362 0.0029036 0.00303779 0.00290376 32.3136 0.00290431 0.0029036 0.00303115 0.00290359 0.00290369 0.00290359 0.00290359 0.00296766 0.00290359 0.0029036 0.00349163 134.433 0.00290359 0.00290359 0.00290415 0.00290359 0.00290359 0.00292847 0.00290495 0.00293241 0.00290359 0.0029036 157.194 0.0029036 0.00290381 0.00290359 0.0029036 0.0029036 0.0029036 0.00290359 0.0029037 0.00290359 0.00291944 0.00290659 0.00290395 0.00290529 10.2043 0.00290359 0.00290629 0.00290359 0.0029036 0.00290365 0.00292499 0.0029037 0.00290508 0.00290359 0.00290359 0.00290435 0.0219342 0.00339618 0.00290629 0.00290361 0.00290947 0.0029036 0.0029036 0.0029036 0.00290359 0.00291294 0.00290359 0.0029036 0.00290361 0.00290359 0.00290359 0.00292802 0.0029036 0.0029036 0.00290717 0.0029036 0.0029036 0.0029036 0.00290393 0.00298313 0.00290361 0.00294596 0.00290654 0.00297746 0.00292394 0.0029036 0.00291759 29.3413 0.00290359 0.0029036 0.00290696 0.00290359 0.0029036 0.00296377 0.0029274 0.0029036 0.0029036 0.0029036 0.0029036 0.0029036 0.00308613 0.0029036 0.0029344 0.00290627 0.00290386 0.00290412 0.0029036 0.00290359 0.00290951 0.0029036 0.00290359 0.0029036 0.00345416 0.00290399 0.00290359 0.00292811 0.0029036 0.0029036 0.0029036 0.00295085 0.00290856 0.00524996 0.0029036 0.0029036 0.0029036 0.00296326 0.00290594 1235.86 0.00298784 0.00290362 0.0029036 0.00290359 0.00293857 0.00290359 0.0029036 0.00290708 0.00290363 0.00361783 0.00290376 0.00290359 0.0029036 0.00291244 0.0029036 0.0029036 0.0029036 0.00290372 11.0858 0.0029036 0.00294786 0.00290359 0.0029036 0.00291187 0.00298724 29.5875 0.0029045 0.00290397 0.00290359 0.00290359 0.00327573 0.00290632 0.00290439 0.00290361 23.0122 0.00290438 0.0029036 0.00295089 0.00290374 0.00290359 0.00848118 0.00290359 0.00290911 0.00290359 0.00290359 0.00290648 0.0029036 0.00290359 0.00290406 0.0029036 0.0029036 0.00290488 0.0029036 0.00290426 0.0029036 0.0029036 0.00290365 0.00290359 0.0029159 0.00296922 0.00290388 0.0029036 0.00291108 0.0029036 0.00294474 0.0029036 0.00290359 0.00290359 0.00290365 0.00290464 0.0029036 0.0029036 0.00290774 0.00290364 0.00299397 0.0029036 0.00293747 0.00290373 0.0029189 0.0029036 0.0029036 0.0029043 0.0029036 0.0029056 0.00290359 0.00290359 0.0029036 0.0029036 0.0029036 0.00294901 0.00290359 0.0029036 0.0029036 0.00290359 0.00290543 0.00291052 0.00290442 0.00298181 0.00290362 0.0029036 0.00296285 0.00290359 0.00290374 0.0029036 0.00290359 0.00290869 0.00290365 0.0029036 0.00290359 0.00291868 0.0029036 0.00300022 0.0029036 0.0029036 0.00291742 0.00290359 0.00290416 0.00290382 0.0029036 0.0029036 0.00315576 0.0029036 0.0029036 0.00293064 0.0029103 0.00291985 0.0029036 0.00290359 0.0029036 0.00290397 0.00290359 0.0029036 0.00290359 0.00291948 0.00290526 0.00290359 0.00290359 0.0029123 0.00290361 0.0029036 0.00290487 0.00290359 0.00290388 0.0029045 0.0029036 0.00290746 0.00290359 0.00291622 0.00290359 0.0029036 0.002951 0.00333283 0.00290367 0.0029036 0.00290359 0.0029036 0.00290379 0.0029051 0.00290363 0.0029036 0.00290382 0.00290359 0.00290359 0.00290442 0.0029036 0.00290483 0.00290455 0.0029036 0.00290361 0.00290359 0.0029036 0.0029036 0.0029036 0.0029036 0.00290359 0.00296816 0.0029036 0.0029085 0.0029036 0.0029036 0.0029036 0.00291583 0.0029036 0.00290359 0.0029036 0.00290429 0.0029036 0.00292595 0.0029036 0.00299703 0.00290375 0.0029036 0.00290401 0.00301945 0.0029036 0.0029036 0.00293318 13.6886 0.0029036 0.00294939 0.00290372 0.00290464 0.00290359 0.00290384 0.00290648 0.00290359 0.00290379 0.00290359 0.00290471 0.00297967 0.00291847 0.00290397 0.00294669 0.00290359 0.00290363 0.0029036 0.00291794 0.00290372 0.0029036 0.00294737 0.0029036 0.00290674 0.00292064 0.0029036 0.00292264 0.0029036 0.00290359 0.0029036 14.7713 0.00290362 0.00291607 0.0029036 0.00290359 0.0029036 0.0029036 0.0029036 0.00290359 0.0029036 0.00294306 0.00290359 0.00290359 0.0029036 0.00290367 0.00290359 0.00430337 0.0029036 0.00290359 0.0029036 0.0029186 0.00290359 0.00290383 0.00290359 0.0164052 0.0029036 0.00290365 0.0029036 0.00290359 0.0029036 0.0029036 0.0029036 0.00290386 0.00293498 0.0029036 0.0029036 367.238 0.00298983 0.00290359 0.00298906 0.00290359 0.00290457 0.00290458 0.0029036 0.0029704 0.0029036 0.00290722 0.0029036 0.00297545 0.00290522 0.238415 0.0029036 0.00290359 0.00290368 0.00290359 0.00290502 0.0029036 0.00291841 0.00295687 0.0029036 0.00290363 0.0029036 0.00290359 105.926 0.00292009 0.00295744 0.00292208 0.0030976 0.00291743 0.0029036 0.0029036 0.0029036 0.00300453 0.0029516 0.0029292 0.00293938 0.00291462 0.00290361 0.00290359 0.0029036 0.00290359 0.0029036 0.0029036 0.0029036 0.00300255 0.00290359 0.0029036 0.00303513 0.00291136 0.00290384 0.00290359 0.0029036 0.00290359 0.0029036 0.0029036 0.00303081 0.0029036 0.00290359 0.00303056 0.00306531 0.0029144 0.00290359 49.8789 0.00290933 0.0029036 0.00297731 0.00295639 0.00290363 0.00290436 0.00290365 0.0029036 0.00290583 0.0029036 0.00290359 0.0029036 36.1789 0.0029036 0.0029036 0.0029036 0.0029036 0.00290361 9.14549 0.00293977 0.0029036 0.00292651 0.00290511 0.0030858 0.00290361 0.00290359 1206.36 0.00294153 0.00290368 0.00290441 0.00290368 0.0029036 0.00294662 0.0029036 0.00293813 0.00295437 0.0029036 0.00291241 0.0031182 0.0029036 0.00295278 0.0029036 0.00300315 0.0029036 0.00290372 0.00290359 0.00290359 0.00290362 0.00290359 0.00290362 0.00290368 0.00290475 0.00309019 0.0029036 0.00290651 0.00290407 0.00297283 0.00290359 0.00290359 0.00326819 0.0029036 0.00290444 0.0031558 11.9607 0.00291363 0.00303073 0.00290359 0.00291226 0.00290361 0.00295556 5.9995 0.00292168 0.00290852 0.00290806 0.00290359 0.0029036 0.00292908 0.0029036 0.00361135 0.00290903 0.00290732 0.0029036 0.00290468 0.00290359 0.00290457 0.00290359 0.00299592 0.0029036 0.00290359 0.00290359 0.0029036 0.00294224 0.00295414 0.0029036 0.00290379 0.0029036 124.94 0.00291341 0.0029036 0.00302379 0.00290364 0.00290365 0.0029036 0.00290392 0.0029036 0.00290361 0.0029036 0.0029036 0.0029036 0.00291265 0.0029036 0.00296507 0.0029036 0.0029036 0.0029036 0.0173704 0.00290475 0.00291761 0.0029036 0.00291425 0.00303434 0.0029036 0.0029036 0.00290376 0.0029036 0.00290359 0.0029036 0.00297938 0.00290359 0.00290359 0.00309252 0.0029036 0.00290359 0.0029036 0.0029036 0.0029036 0.00290365 0.00290365 0.00290916 0.00293917 0.00290378 0.0029036 0.00309981 0.0029036 0.00290359 0.0029036 0.00290359 0.0029037 0.0029036 0.00300254 0.0029036 0.0029036 0.0029036 0.00290655 0.0029036 0.0029036 0.00290359 0.0029036 0.00347355 0.0029036 0.00290359 0.00291063 0.00290359 0.00290433 0.00291837 0.00290379 0.00290367 0.0029036 0.00294881 0.00290359 0.0029036 0.00290363 0.00292832 0.0029036 0.00290375 0.00290584 0.00290359 0.0029036 0.00290647 0.0029036 0.00290359 0.00290359 0.0029036 0.00290588 0.00290367 0.0029036 0.00294681 448.49 0.00290359 0.0029036 0.00290359 0.00290646 131.256 0.00298295 0.00312487 0.00294384 0.0029036 0.0029036 0.00290434 0.00290359 0.00324044 0.00290359 0.0029036 0.00290359 0.00290359 0.00290646 0.00311789 0.00290957 0.0029036 0.0029036 0.0029036 0.00290364 0.00316624 0.0029037 0.00290359 0.0029036 0.00290703 0.00290552 0.0029036 0.00290361 0.0029036 0.00293833 0.00292989 0.00290359 0.00290379 0.00290359 0.00293001 0.00312412 0.00290377 0.0029036 0.0029036 0.00290359 0.00290416 0.00290359 0.00290359 0.0029036 0.00290703 0.00290359 0.00293009 0.00290359 0.00290946 0.0029038 0.00290361 0.0029036 0.00290359 0.0029036 0.00290359 0.00291412 0.00290405 0.00290379 0.0029036 0.0029036 0.00290468 0.0029036 0.00290359 0.0029037 0.00292887 0.00290359 0.0029036 821.189 0.00294993 0.0029036 0.0029036 0.0029036 0.00291478 0.00290361 0.00293919 0.00290674 0.00290359 0.0029036 0.00290374 0.0029036 0.00290751 0.00295161 0.00290359 0.0029036 0.00291413 0.0029036 0.00294176 0.00291303 0.0029036 0.00293847 0.00290763 0.0029036 0.0029037 0.00295068 0.00290359 0.00290366 0.00290363 0.00290415 0.00290414 0.00290426 0.00290622 0.0029036 37.8319 0.00291714 0.00290739 0.00312151 0.00290848 19.3029 0.0029036 0.0029036 0.00290359 0.00290359 0.0029036 0.0029036 0.00291236 0.00290383 0.0029036 0.00294118 0.0029036 66.1425 0.00290359 0.00290899 0.00293529 0.0029036 0.0029036 0.0029036 0.00303893 0.0029036 11.8376 0.0029036 0.0029036 0.0032757 0.00290556 0.0029036 0.00290994 0.00290762 0.00290415 0.0029036 0.00292576 0.00290368 0.0029036 0.0029036 0.00290795 0.00331242 0.00290372 0.00290366 0.0029036 0.00290359 0.00290802 28.1402 0.00291335 0.00290825 0.00290435 0.0029048 0.00290417 0.00371899 0.00290359 0.00290359 0.439559 0.00290359 0.00290651 0.0029036 0.00291922 0.0029036 0.00290414 0.0034525 0.00292887 0.00291166 0.00290361 0.00290359 0.0029036 0.00290359 0.0029036 0.00290398 0.00290587 0.00290359 0.0029036 0.00304744 0.00290366 0.00290359 0.0029036 0.00290366 0.00291066 0.00290367 575.457 0.00290359 0.00290359 0.00291233 0.00290362 0.0029119 0.00303417 0.0029036 0.0029036 0.00290367 0.00290361 0.0029036 0.0029036 0.00290433 0.00290361 0.00502741 0.00293416 0.00295161 0.0029036 0.00290972 7.74092 0.0029036 0.00292819 0.00290359 0.0029036 0.0029036 0.0029036 0.0029036 0.0029036 0.0029036 0.0029036 22.8869 0.00290359 0.00291747 0.00290359 33.3954 0.00290488 0.00292443 0.00293117 0.0029036 0.00290359 0.00290449 0.00290381 0.00290363 0.0029036 0.00290359 0.0029036 0.0029036 0.00308922 0.00290949 0.00290505 0.00291403 0.00290372 0.0029036 0.0029036 0.00290359 0.0029036 0.0029036 0.0029036 0.0029036 0.0029036 0.00290441 0.00294282 0.0029036 0.0029036 0.0029036 0.0029036 0.00290676 0.0029036 0.00290363 0.00290771 0.00315217 0.00290362 0.0029036 0.0029036 0.00290359 0.00290375 0.00290399 0.0029036 0.0029036 0.002945 0.00290359 0.0029036 0.00290359 0.00290359 0.00290575 182.383 0.00290359 0.00293994 0.0029036 0.0029036 0.00342775 0.0029036 0.00319226 0.0029036 0.0029036 0.00290369 0.00290367 0.00290385 0.00290379 0.00290413 0.0029036 0.00290366 0.00290368 0.00290359 0.0029036 0.0029036 0.0029036 0.00294131 0.00290379 0.0029036 0.00290439 0.00290359 0.0029036 0.00290359 0.0029036 0.00290362 0.00290464 0.00300326 0.00291738 0.00291564 0.00290359 0.00290359 0.00293271 0.0029036 0.0029036 0.0029036 0.00341964 0.00291057 0.0029041 0.00290359 0.0729202 261.229 0.0029036 0.0029036 0.0029036 0.00290363 0.00294426 0.0029078 0.00294074 0.00291096 0.00290861 0.0029036 0.0029036 0.0029036 0.0029036 0.00290387 0.00290359 0.0029036 0.00290371 0.00290394 0.0029036 0.00291265 0.00293764 0.00296286 0.00290986 0.0029036 0.00290359 0.00290367 0.0029036 0.00290367 0.00290685 0.00290359 0.00290359 0.00290359 0.0029036 0.0029036 0.00290359 0.00290402 0.00290375 0.00292508 0.0029036 0.00292356 0.00290415 0.00292642 0.00292921 0.00290361 0.0029036 0.0029042 0.00290359 0.0029036 0.00311299 0.0029036 0.0029036 0.0029036 0.00290391 0.0029108 0.00292407 0.0029036 0.0029036 0.00328673 0.00290359 0.00296001 0.00295714 0.00397759 0.0029036 0.00684952 459.184 0.0029036 0.0029036 0.00290359 0.00290373 0.0029036 0.00290359 0.0029036 0.0029042 0.0029036 0.00305746 0.00290359 0.00290364 0.0029036 0.00290422 0.00292031 0.0029036 0.0029036 0.00290361 0.00290359 0.0029036 0.00291357 0.0029076 0.00290361 0.00290359 0.0029063 0.00290383 0.00290362 0.00290382 0.00290846 0.0029036 0.0029036 0.0029036 0.00381758 0.00329893 0.0029036 0.0029036 0.00291127 0.00290368 0.0029036 102.749 6.18189 0.0029036 0.00292647 0.00290368 0.0029036 0.00293922 0.00290369 0.00290429 0.0029036 0.00290359 0.00298622 0.00290359 0.00290413 0.00290365 0.00290362 0.00291505 0.0029065 0.00290359 0.00308892 0.0029036 0.00290359 0.0029036 0.0029036 0.00294076 0.00290545 0.00290857 0.00295302 0.00290375 0.00290364 0.00290392 0.00292164 0.0029331 0.0029036 0.0029036 0.00290369 130.684 0.00290359 0.0029036 0.00290375 0.00290725 0.00290359 0.00290363 0.0029036 0.0029036 1064.73 0.00291727 0.00290359 0.00290418 0.0029374 0.0029036 0.00290393 0.0029049 0.00303099 0.00387718 0.00290677 0.0029036 0.00296011 0.0029036 0.00308905 0.00290362 0.0029036 0.0029036 0.00384857 0.00319954 0.00290528 5.55624 0.0029036 0.0029036 0.929592 0.0029036 0.00290377 0.0029036 0.00290372 0.0029036 0.00290369 0.00290359 0.00290359 0.00292381 0.00290359 0.00299319 0.00292716 0.00290364 0.00294205 0.00290384 0.00290548 120.901 0.00290359 0.00290382 0.0029036 0.00290359 0.00290361 0.00290359 0.0029036 0.00290359 0.00290789 0.0029036 0.00290359 0.00290369 0.00331829 0.00290361 0.0029036 0.00292171 0.00290533 0.00290359 0.00295988 0.00290473 0.00294009 0.0030091 0.00292871 0.00290359 0.0029036 0.00290359 0.00300004 0.00290451 0.00290674 0.00291381 0.00335053 0.0029036 0.0029036 0.00293032 0.00290558 0.00291457 0.00290363 0.0029036 0.00290359 0.00290374 0.00290504 0.00290608 0.0029036 0.00290616 0.0029146 0.0029036 0.00290362 0.00292549 0.0029036 0.00300133 0.00290359 0.0029036 0.00290717 0.00290363 0.00295594 0.0029036 0.0029036 0.0029036 0.00308009 0.00292281 0.0029036 0.00290359 0.00290359 0.00290359 0.00290359 0.0029036 0.00290359 0.00290363 0.0029036 0.00290359 0.0029036 0.0029036 0.00290364 0.0029036 0.00290369 0.00290359 0.00319401 0.00290384 0.0029036 0.0029036 0.00290359 0.0029036 0.0029036 0.0029036 0.0029036 69.1993 0.0029036 0.00290817 0.00301683 0.00290359 0.00290732 0.00290437 0.00290359 0.0029036 0.00290557 0.00290359 0.0029115 0.00294003 0.00290359 0.00297011 54.9853 0.00290359 0.00290359 0.0029036 0.0029036 0.0029036 0.0029036 0.00290359 0.0029036 0.00290368 0.00290381 0.0029036 0.00291128 0.00291038 0.0029036 0.0029036 0.00293899 0.00290359 0.0029036 0.00290611 0.00290359 0.00294062 0.11589 0.0029036 0.0029036 0.00297646 0.00290359 0.00298169 0.0029036 0.00290359 0.0029036 0.00290359 0.0029036 0.00290359 0.00296016 0.00290359 0.00290359 0.00292733 0.0029036 0.00297665 0.00295076 0.00294442 0.0029036 0.00290359 0.0029036 0.0029036 0.00290995 0.00291132 0.0029036 0.00290761 0.00291281 0.00290361 0.0029036 0.00290462 0.0029036 0.00291781 0.00290359 0.00294055 0.00290362 0.0029036 0.0029036 0.0029036 0.00290359 0.00290469 0.00290606 0.00298274 0.00290359 0.00293772 0.0029036 0.00290359 0.00290398 0.0029036 0.00290359 0.00290716 0.00290365 0.00290361 0.0029036 0.00290359 0.0029036 0.00290359 46.0358 0.00294672 0.00290362 0.00290359 0.00290369 0.0029036 0.00290359 0.00290371 0.0029036 0.00293954 0.00294165 0.0029036 0.0029036 0.0029036 0.0029036 0.0029036 0.0029036 0.00294162 0.0029043 103.046 0.00290359 0.0029036 0.0029036 0.0029036 6.06078 0.0029036 0.00291328 0.00290366 0.00290364 0.0029389 0.0029036 0.0029036 0.0029036 470.944 0.00290362 0.00290594 0.00291947 33.1804 0.00291115 0.0029036 0.00295314 0.00290372 0.00290362 0.00290373 0.0029036 0.00290381 0.00290359 0.00291182 0.0029036 0.00292584 0.0029036 0.0029036 0.00290362 0.00290364 0.00290379 0.00291924 0.0029036 0.00290359 0.0029036 0.0029036 0.00290359 0.00297473 0.00310596 0.00292056 0.00290359 0.00290385 0.00290384 0.0029036 0.0029036 0.0029036 0.0029036 0.00290386 0.00290377 0.0029036 0.0029036 0.00290362 0.0029036 0.0029036 0.0029036 0.00290377 0.0029036 0.00290359 0.00290397 0.00290369 0.0029036 0.00294227 0.00290359 0.00290359 0.00290363 0.0029036 0.0029046 0.0029036 0.00290389 0.0029036 0.0029036 0.00290359 0.0029036 0.0029036 0.00290367 0.00290362 14.3595 0.00290359 0.00303982 0.00292515 0.00290359 0.00290452 0.00290359 0.0029036 0.0030347 0.00343044 88.8609 0.00290442 0.0029036 0.00290359 0.00290359 0.00290359 0.00290359 0.00290428 0.00292017 0.0029036 0.00290361 0.0029036 0.00295701 0.00290359 0.00299101 0.00290377 0.0029036 0.00295722 0.00290359 0.00324007 0.0029036 0.00290359 0.0029036 0.0029036 0.00298545 0.00290384 0.0029036 0.0029036 0.0029036 0.0029036 0.00290368 0.0029036 0.00290361 0.00306776 0.00444085 0.00290359 0.0029036 0.00290359 0.00290443 0.00293757 0.00301275 0.0029036 0.00290361 0.0029036 0.0029036 0.00312079 0.0029036 73.1205 0.003268 0.00302756 0.0029036 0.00297376 0.00301681 0.002925 0.00290372 0.00290388 0.00291369 0.0029036 0.0029036 0.00290444 0.00371916 0.00290888 0.00299772 0.0029036 0.0029036 0.00290537 0.0029036 0.0029036 0.0029036 0.0029036 0.00290374 0.0029036 0.00290406 0.0029036 0.0029036 276.304 0.0029036 0.00373474 0.0029036 0.00290742 0.0029036 0.0029036 0.0029036 0.0029036 0.00451674 0.00290367 0.00582727 0.00290365 0.00290363 0.00290379 0.0029036 0.0029036 0.00290359 0.00290359 0.0029036 0.00290368 0.00290391 0.0029036 0.00290361 0.00292425 0.00300489 0.11066 0.00290367 0.00290359 0.00291675 0.00290368 0.0029036 0.00290359 0.00290361 0.0029036 0.0032352 0.00290445 0.00290359 0.0029036 0.0029036 0.00291168 0.00291183 0.0029036 0.0029036 0.00290359 0.00290361 0.00291334 0.00290806 0.00293865 0.00290372 0.00290365 0.00315456 0.0029036 0.00290774 0.00293582 0.00290361 0.0029036 0.0029036 0.0029036 0.00290359 0.00291336 0.0029036 0.00290359 0.00293709 0.00290369 0.0029036 0.00290359 0.00290359 0.00290362 0.0029036 0.0033496 0.00290359 0.0029036 0.00290359 0.00290376 0.002904 0.0029036 0.00290364 0.00293324 0.00295813 0.00305148 0.00291178 0.00290379 0.0029036 0.0029036 0.00308289 0.0029036 29.0063 0.00290361 0.00291108 0.0029036 0.0029043 0.00290407 0.0029036 0.0029036 509.794 0.00389669 0.0029036 0.00290359 3.00607 11.0858 0.00290359 0.00293907 0.0029036 0.00290359 0.00291948 0.00290617 0.00290383 0.00291391 0.0029036 0.00290361 0.0029036 1.51988 0.00290359 0.0029036 0.0066659 0.00290368 0.00294241 95.2802 0.00290359 0.00308765 0.00290359 0.0029036 0.0029036 0.0029036 0.00290371 0.00290393 0.00292069 0.00290817 0.00290633 0.00292287 0.00290472 0.00290412 0.0029036 0.00290359 0.0029036 0.00290359 0.00290359 0.00292644 0.00290395 0.0029328 355.322 0.00396606 0.0029036 0.0029036 0.00676218 0.00290445 0.00290359 0.0029036 0.00290578 0.00290423 0.00290708 0.0029036 0.00290375 0.0029036 0.00295334 0.0029036 0.00291184 0.00290586 0.00290375 0.0029036 0.0029036 0.00290406 0.0029036 0.0055488 0.00290362 0.00290359 0.00290363 0.00290406 0.00290371 0.00290359 0.00290491 0.0029036 0.00290359 0.00290359 0.0029036 0.0029036 0.0029554 0.0029036 0.0029036 0.0029469 0.0029036 0.00290368 0.0029036 0.00302292 201.455 0.00290359 0.00290359 0.0029036 0.0029036 0.00297496 0.0029036 0.00290364 0.00290363 0.0029036 0.00291677 0.00290399 0.0029037 0.002947 0.00290363 0.00292906 0.0029036 0.00290359 0.00291691 0.00290765 0.00293759 0.00290995 0.00290832 0.00290359 0.00290426 0.00307283 0.0029037 0.0029036 0.00290398 0.0029036 0.00290359 0.00290368 0.0029036 0.00291681 0.00292078 0.00290367 0.00293807 0.00290363 0.00290367 0.00318483 0.00290404 0.00290359 0.0029036 0.0029036 0.0029036 0.00349194 0.00313224 0.00290359 0.0029036 0.00290373 0.00292689 0.0029036 0.00291155 0.0029036 0.00300487 0.0029036 0.00309901 0.0029036 10.5877 0.00290363 0.00290359 0.0029041 0.00367566 0.0029036 0.00290359 0.00291487 0.0029036 0.00290359 0.0029036 0.00292199 0.0029036 0.00291098 0.00290359 0.00290369 0.0029036 0.00290359 0.0029036 0.00290624 0.00344235 0.0029038 0.0029036 0.00290359 0.00290375 0.00290379 0.0029036 0.00290359 292.683 0.0029036 0.00290359 0.0029042 0.00290674 0.00290375 0.00304635 0.00296545 0.00290591 0.0029036 0.00290365 0.00290372 0.0029036 0.00290359 0.00294114 0.00290362 0.0029036 31.7107 0.0029036 0.0029036 0.0029036 0.0029036 0.00290359 0.0029036 0.00290359 0.00290359 0.00290359 0.0029036 0.00296534 0.0029036 0.00292576 0.00290363 0.00294217 0.00290392 0.00290382 0.00290359 0.0029036 0.00290362 0.0029036 0.00297098 0.00290378 0.00292526 0.0029036 0.00302542 0.00290359 0.00290359 0.00290359 0.0029036 0.0029044 0.00290405 0.00290359 0.0029036 0.00290359 0.00290481 0.00290359 0.00290363 0.00290359 0.00290652 0.00290359 0.0029036 0.0029036 0.00292076 0.0029036 6.60488 0.0029072 0.00396856 0.00298827 113.804 0.00290363 0.0029036 0.0029036 0.00290359 0.0029036 0.0029036 0.00290364 0.00290427 0.0029162 0.0029036 0.00290608 0.00290435 0.00294581 0.00290364 0.0029036 0.00293605 0.0029036 0.00290524 0.0029036 0.00295474 0.00290359 0.002904 0.00349836 0.0029036 0.00292567 0.00290424 0.00290359 0.0029036 0.0029036 36.9549 0.00290367 0.00292955 0.00290467 0.0029036 36.7844 0.00295084 0.00296097 0.00290373 0.00290359 0.0029036 0.00290361 0.00290361 0.0029036 0.0029036 0.0029036 0.00290359 0.00290517 0.0029036 0.00290763 0.00290398 0.00290359 0.00290359 0.00290451 0.00290359 0.00290359 0.00290359 0.00290359 0.0029036 0.00290359 0.0029051 0.00290415 0.0029036 0.0029346 0.0029036 0.00291436 0.0029036 0.0029036 0.00298336 0.0034752 0.0029036 0.00290825 0.00290393 0.00290359 0.00294424 0.0029411 0.00290359 0.00290359 0.00290359 0.0029036 0.00291779 0.00290359 0.0029036 0.00290401 0.0029036 0.0029036 0.00292407 0.00325174 0.00290361 0.00556192 0.00290364 0.0029036 0.0029036 0.00290378 0.0029036 0.0029036 0.00294205 0.00290373 292.834 0.00290359 40.3056 0.0029036 0.0029036 0.00290616 0.0029036 0.0029036 0.0029036 0.00290851 0.0029036 0.00290363 0.00290569 0.00290359 0.0029036 0.0029036 0.00302612 0.0029036 0.00290359 0.00292102 0.0029036 0.00290359 0.0029036 0.0029036 0.0029036 0.0029036 0.00290441 0.00290359 0.0029036 0.00310283 0.00290378 0.00319089 0.002923 0.0029036 0.00290362 0.022376 0.0029036 0.00290361 0.00290365 0.00292921 0.00291665 0.00290364 0.00290392 0.00296507 0.00291021 0.00296398 0.0029036 0.00290365 0.00290359 0.00290385 0.00290427 0.00305151 0.00290366 0.00290363 0.00302682 0.00290359 0.00290361 0.00290424 0.00290359 0.00292406 0.0029036 0.00302476 0.00317938 0.0029036 0.00290361 0.00290359 0.0029036 0.00290855 0.00290359 0.00290379 0.0029036 0.0029038 0.0029036 0.00290359 0.0029036 0.0029036 0.00306888 0.00290359 0.0029036 0.00342397 0.0029036 0.00290458 0.0029036 0.00290359 0.00290359 0.00290359 0.0029046 0.0029239 0.0029036 0.00291226 0.00290682 0.0029037 0.00290359 0.0029036 0.0029036 0.00293819 0.0029036 0.00290829 0.00290596 0.00290359 0.00290363 0.00290378 0.00290359 0.00293382 0.0029036 0.00290365 0.0029036 0.00290359 0.0029036 0.0029036 0.00291246 0.0029036 0.00290455 0.00290812 0.00290363 0.00290368 0.0029036 0.00302522 0.00294016 0.00314349 0.0029036 0.0029036 0.0029036 0.00290361 0.00292424 0.00291707 0.00290674 0.00290418 0.0029036 0.0029036 0.00290359 0.00290362 0.00290369 0.0029036 0.00291808 0.0030077 0.00291096 0.00290359 0.00291243 0.00295362 0.0029036 0.0029036 0.00290363 0.0029036 0.0029036 0.0029036 0.00290359 0.00290359 0.0029036 0.0029036 0.00290493 0.00290378 0.00305153 0.00290367 0.00290434 0.00294878 0.00290359 0.00349943 0.00290367 0.0029036 0.00290361 0.00290493 0.00290359 0.00291436 0.0029036 0.0029036 0.00290372 0.00290359 0.00317545 0.00290359 0.0029036 0.0029036 0.0029036 0.00299625 0.0029036 0.00290364 0.00312401 0.00292157 0.00290359 0.0029036 0.0029036 0.00324667 0.0029036 0.00290394 0.0029036 0.00290359 0.00290362 0.00291086 0.0029036 0.00295639 0.00290359 0.00317817 0.00290359 58.4072 0.00299605 0.0029036 0.0029036 0.00294306 0.00292455 0.0029036 0.00290362 0.00291902 0.0029036 0.00290756 0.0029036 0.0029036 0.0029036 0.0029036 0.00290359 0.00294719 0.00290379 0.0029037 0.00290359 0.0029036 0.00290359 0.00292562 0.00290359 0.0029324 0.0029036 0.00310995 0.0029036 0.00290382 0.00291376 0.0029036 0.00290359 0.0029036 0.00291945 0.00290402 0.0029036 0.00290585 0.0029036 0.00290361 0.0029036 0.0029036 0.00290361 0.00290359 0.00290359 0.0029036 0.0029036 0.0029036 0.00291037 0.0029036 0.00290394 0.00295269 0.00291143 0.00297248 0.00294367 0.00293352 0.00290399 0.00290368 0.00290359 0.0029036 0.00290463 0.0029036 0.00343361 0.00290641 0.00290359 0.00290359 0.0029036 0.002904 0.0029036 0.00290716 0.00290359 0.00290359 0.00290359 0.0029036 0.0029036 0.00290373 0.0029036 0.0029036 0.00293156 0.0029036 0.00290391 0.00290359 0.00290359 0.0029036 0.00290359 0.0029036 0.0029036 0.00290359 0.0029039 0.0029036 0.00290389 0.00291602 0.0029036 0.00290363 0.00290359 0.00290422 0.00290375 0.00290368 0.0029036 0.00290359 0.0029036 10.8011 0.00315621 0.00302507 0.0029036 0.00296165 0.00297067 0.0029036 0.0029036 0.0029036 0.00290359 0.0029543 0.00290575 0.0029036 0.0029036 0.00290378 0.00290359 0.0029036 0.00300515 0.00290359 0.00290415 0.00290359 0.00290359 0.00298814 0.0029036 0.00290359 0.00306652 0.0029036 0.0029036 0.00295701 0.00290361 0.0029036 0.00290471 0.00290556 0.00290369 0.00290359 0.00290359 0.00290359 0.0029036 0.00290359 0.0029036 0.00290364 0.00290755 0.00293112 0.00290359 0.00290359 0.00292309 0.0029036 0.00290359 0.00290681 0.00290359 0.00290359 0.00358751 0.0029036 0.0029036 0.00290359 0.00291918 0.0029036 0.0029036 0.0029036 0.00290359 0.0029036 0.0029036 0.0029036 84.4284 0.00290815 0.00293521 0.00324574 0.0029036 0.0029036 0.00300866 0.0029036 0.00291239 0.00291315 0.00375066 0.0029036 0.00290659 0.0029036 0.00298655 0.00290363 0.0029036 0.00290359 26.4875 0.0029036 55.566 0.0029036 0.00290359 0.00298728 0.00309193 0.00290359 0.0029036 429.798 0.00290361 0.00293198 0.00291193 0.0029036 0.00371898 0.0029036 0.0029036 0.00291511 0.00291605 0.00291469 0.00291537 0.0029036 0.00290359 0.00291613 0.0029036 0.00290423 0.00290881 0.00290365 0.0029036 0.00290359 0.00856812 0.00290373 0.0029036 0.00299697 0.00292169 0.00293219 0.0029036 0.00290359 0.00290483 0.00294033 0.00296312 0.0029036 0.00291638 0.0029036 0.00290549 1.97316 0.00290487 0.00290987 0.00290359 0.00291405 0.0029036 0.00337891 0.00290377 0.00292013 0.00296278 0.00290455 0.00295711 0.00290748 0.0029036 0.00290359 31.677 0.00290368 0.00291714 0.00290444 0.00290378 0.00290365 0.00290359 0.00292867 0.0029036 0.00290761 0.0029826 0.0029036 0.00291839 0.00290359 0.00290359 65.196 0.00290386 0.00290359 0.00290551 0.00290359 0.00290359 0.0029036 0.00291103 0.0029036 0.00290422 0.0029036 0.00291153 0.00290359 0.00290359 0.0029036 0.00298781 0.0029036 0.00290688 0.00290368 0.00290359 0.00290359 0.00290423 0.0029049 0.0029036 0.0029036 0.00290359 0.0029036 0.00295811 0.00290442 42.2471 0.0029037 0.00290359 0.00295756 128.177 0.0029036 0.00290379 0.00291823 0.0029036 0.00290361 0.0029036 0.0029036 0.00290387 0.00291395 0.00290359 0.0029036 0.00300208 248.103 0.00320635 0.0029036 0.00290364 0.00290449 0.00298741 102.362 0.0029036 0.0029036 0.00290359 0.00290511 0.0029036 0.00295833 0.0029036 0.0029043 0.00290359 0.00295596 0.00306045 0.00291955 0.00290843 0.00290487 0.00308317 0.00291775 0.00291529 0.0029036 0.00290431 0.00290359 0.00290401 0.00290362 0.0029036 0.00290362 0.0029036 0.00290792 0.214026 0.00290359 0.00290365 0.00290359 0.0029036 0.00290359 0.00290359 0.0029036 0.0029036 0.00293562 0.00291339 0.00290359 0.00290429 0.0029037 0.0029036 0.0029036 0.0029036 0.00290359 0.00290359 0.00290409 0.00290362 0.0029036 0.00290363 0.00290365 0.0029036 0.0029036 0.0029036 0.0029036 0.00290369 0.00290361 0.0029036 0.00291987 0.00290359 0.00290359 0.00290412 0.0029036 0.00290359 0.0029036 0.00290359 0.0029036 0.0029036 0.0029036 0.0029036 0.0029036 0.00293252 0.00307576 0.0029042 0.00291672 0.0029036 0.002904 0.00290492 0.0029036 0.00290359 0.00290403 0.00395358 0.00300355 0.0029036 109.853 0.0029036 0.0029036 17.5461 0.00290359 0.0029036 0.0029036 0.00290395 0.0029036 0.00297913 0.00290677 261.075 0.00290991 277.387 0.00290359 0.00290359 0.0029036 0.00290364 0.00297237 0.00291294 0.00290359 0.00290705 0.0029036 175.151 0.0029036 0.00290359 0.00290547 0.00290361 0.00290419 0.0029036 0.00290375 0.00290594 0.00290564 0.0029036 0.0029036 0.00290359 0.00290602 0.00290369 0.00290363 0.00311221 0.00292837 0.0029036 0.00293113 0.0029036 0.0029036 0.0029036 63.8884 0.00290359 0.00290529 0.00290362 0.00293109 0.00322644 0.00290402 0.00290359 0.00290363 0.0029036 248.061 0.00290418 0.00290359 85.3984 0.00292365 0.00290522 0.00290367 0.00298083 0.0029036 0.00290367 0.00301588 0.00291382 0.00290728 0.00290359 0.00291064 0.00292121 0.0029036 0.0029036 0.0029036 0.00290496 0.00300071 0.00294792 0.00290365 0.0029036 0.0029036 0.00295641 0.00290359 0.00291288 0.0029036 0.00290359 0.0029036 0.00292571 0.0029036 0.00295799 0.00300948 0.0029036 0.00290412 0.0029036 0.0029036 0.00296352 0.00290359 0.00290494 0.00290359 0.00290359 0.00321298 0.00290365 0.0029036 0.0029036 0.0029036 0.0029036 0.00290383 0.00311026 0.00290359 0.0029036 0.0029036 0.00290363 0.0029036 0.00290359 0.0029036 0.0029036 0.0029036 0.0029036 0.0029036 0.0029036 0.0029036 0.0029036 0.00297641 0.0029036 0.0029036 0.0029036 0.00290359 0.0029036 0.0029036 0.151607 0.00294102 0.0029036 0.0029036 0.00290364 0.0029036 0.00290505 0.00290359 0.00302249 0.00290606 0.00290573 0.0029036 0.003017 0.00293026 10.7202 0.00290359 0.00290364 0.0029036 0.00290359 0.0029036 0.0029036 0.00292195 0.00290359 0.00290359 0.0029036 0.0247647 0.00290415 0.00293087 0.00290359 0.0029036 14.878 0.00290359 0.0029036 0.00290469 0.00294607 11.0857 0.0029036 0.00291748 0.0029036 0.0029036 0.00290359 0.00313165 0.00290359 0.0029036 0.0029036 0.00290513 0.0029036 0.00291368 0.00290359 0.0029036 0.00290382 0.00290425 0.0029036 0.00294228 0.00422318 0.0029036 0.0029036 0.0029106 0.0029036 0.0029036 0.0029036 0.0029036 0.0029036 0.00290375 0.00294708 0.0029036 27.92 0.00303457 0.00290736 0.00290656 0.0029036 0.0029036 0.0029036 0.00290361 0.0029036 0.00290423 0.00290522 0.00290363 0.002968 0.00290359 0.0029036 0.00290846 0.00290359 0.00290359 0.0029036 0.0029036 0.0029036 0.0029036 0.0029036 0.00290362 0.00290359 0.0029036 0.00290965 0.00292185 34.9985 0.00294946 0.00290883 0.00294984 0.0029036 0.0029036 0.00290359 0.0029036 0.00290359 0.0029036 0.0029036 0.00297986 0.00290376 0.0029036 5.18462 0.0029036 0.0030322 0.00290359 0.0029037 0.0029036 0.0029036 0.00290359 0.00295507 0.00290359 0.0029036 0.00290577 0.0029036 0.0029153 0.00290359 0.0029112 0.0029152 0.00290359 0.0029036 0.00290393 0.00290361 0.0029036 0.00292279 0.00290363 0.00290359 0.00290359 0.00293392 0.0029036 0.0029036 0.00293067 0.00290991 0.00291109 0.00293126 0.00290571 0.00290392 0.0029036 0.0029036 0.00290406 0.0029036 0.00290884 0.00290362 0.00290416 0.0029228 0.0029036 0.0029036 0.0029036 0.00290359 0.00297157 0.00293288 0.00290395 0.00291267 0.00290362 0.00296795 0.00290359 0.00290367 0.0029036 0.00290359 0.00291464 0.00299815 0.00292597 0.00296711 0.0029036 0.00290667 0.00291289 0.00312345 0.0029036 0.00290359 0.00290359 0.00290359 0.0029036 0.00290545 0.0030378 0.0029036 0.0029036 0.00295383 0.00315351 0.00290359 0.00299242 0.0029036 0.00304908 0.00291417 0.00290367 0.00291181 196.439 0.0029036 0.00302828 0.0029036 0.0029036 0.00302462 0.0029036 0.0029036 0.00290362 0.00290571 0.00291529 0.00290359 0.00360877 0.00366703 0.00300147 0.00345856 0.00306073 0.0029036 0.00290359 0.0035914 0.00290359 0.0029036 0.00292761 0.00290532 0.00293903 0.00290359 0.00290359 0.0029036 319.56 0.00290372 0.00291549 0.0029036 0.0029036 0.00290361 0.00304105 0.0029036 0.0029036 0.00290906 0.0029036 0.0029036 0.00294568 0.00292746 0.00290406 0.00306018 0.0029036 0.00387004 0.00290359 0.0029036 0.0029036 0.00293784 0.0029036 0.00290481 0.00290359 0.00642682 0.00290886 0.0029037 0.0029043 0.0029036 0.00290374 0.00290974 0.00290431 0.00290359 0.0029037 0.00290475 0.0029036 0.00296816 0.0029036 0.0029037 0.00290359 0.0029036 0.00294622 0.00290365 0.00290359 0.00290362 0.0029036 0.0029036 0.00290359 0.0029036 0.00399199 0.00290378 0.00291254 0.0029036 0.00290359 0.00290359 0.00290361 0.0029036 0.00290949 0.00292498 0.0029036 0.00296858 0.0029036 0.00290359 0.00290393 0.00290361 0.0029036 0.00290359 0.0029036 0.00290372 0.00290359 71.0804 0.00292558 0.00290404 0.0029036 0.0029036 14.6158 0.00290359 0.00290359 0.00290825 0.00290502 0.00300771 0.00290363 0.00299031 0.00290359 0.00290367 0.00293697 0.00290395 29.8444 0.0029085 0.00290475 0.00290363 0.0029036 0.0029036 0.00290359 0.0029036 0.0029036 0.0029036 0.00290359 0.00292983 0.00292886 133.246 0.00290359 0.00290366 0.0029036 0.00292105 0.813474 0.00293281 0.00311311 0.00293962 0.0029036 0.00290359 0.00290489 0.00290359 0.0029036 0.0029042 0.0029036 0.0029036 0.00290361 0.00290369 0.0029036 0.00290469 0.0029036 0.0029036 0.00290427 0.00290487 0.00290503 0.0029036 0.00290359 0.0029036 0.00290496 0.00290359 0.0029036 0.00378123 0.00290359 0.00396342 0.00294471 0.0029036 0.0029036 0.00306967 0.00290359 0.00290373 0.00290364 0.0029036 0.00290406 0.00290724 0.0029036 0.00290359 0.00290615 0.00290365 0.0029036 0.0029055 0.00290418 0.0030882 0.00290652 0.00290881 0.0029956 0.0029036 0.00290435 0.0029043 0.00291119 0.0029036 0.00293222 0.0029036 0.0029036 0.00290737 0.0029053 0.00291026 0.00290416 0.0029636 0.00290998 0.00290359 0.0030674 0.002977 0.0029036 0.00293803 0.00290458 0.0029036 0.00290405 0.00290359 0.43926 0.0029036 0.00290359 0.00290368 0.0029036 0.00293295 0.00294057 0.00290374 0.00290362 0.00290418 0.0029036 0.0029036 0.00290359 0.0029543 0.00290359 0.00290465 0.00290403 0.00292535 0.00291238 0.00290422 0.00290362 0.00301204 0.00291096 0.00290361 0.00305087 0.00290359 0.00290379 0.00293203 0.00298324 0.00290359 13.4465 0.00329086 132.45 0.00290365 0.0029036 0.00290373 0.0029036 0.00290359 0.00290718 0.00290454 0.00290406 0.0029036 0.0029036 75.724 0.0029036 0.00296192 0.0029036 0.00290713 0.00290359 0.00290359 0.00290732 0.0029036 0.0029036 0.00290359 0.00290359 0.00290364 0.0029318 0.00290359 0.00293874 0.00290359 0.00495586 0.00290684 0.00290647 84.2554 0.00292745 24.5725 0.00310314 0.00310379 0.0029134 0.00300862 0.00299296 0.0029036 0.0029036 0.00292514 0.00290369 0.00292627 0.00313975 0.00290359 0.00290479 0.00324706 0.00291897 0.00290359 0.00290372 0.00290367 0.00290791 0.0029148 0.00291012 0.00290359 0.00296408 0.0029036 0.0029036 0.0029036 0.0029036 0.0029036 0.0029036 0.0029036 0.00290708 0.00292738 0.00319813 0.0029036 0.0029708 0.00290359 0.00290437 0.00290415 0.00291237 0.0029036 0.00291615 0.00290362 0.00296165 0.0029036 0.00292703 0.0029036 35.2255 0.00290561 0.0029036 0.00291623 0.00295596 0.0029178 0.00290388 0.0029395 0.0029036 0.00290578 0.00290359 0.00292813 0.0029036 0.0029036 0.00290359 0.00290359 0.00294441 0.00300095 0.0029036 0.0029036 0.0029036 0.0029036 0.00290359 0.0029036 0.00290368 0.00290359 0.00290359 0.0029036 0.00290359 0.00290372 0.0029036 0.00290851 0.0029036 0.0029036 79.5134 0.0029036 0.00296585 0.00290359 0.0029036 0.00290383 0.00291766 0.00290359 0.00290359 0.00290359 0.00295735 0.0029036 0.00290359 0.0029037 0.0029036 0.00290359 427.749 0.00319954 0.00291165 0.00290359 0.00290361 0.00295315 0.00290367 0.00290362 0.00291128 0.00290362 0.00290359 0.0029036 0.0029036 0.0029036 0.0030118 0.00290868 0.00290404 0.00340143 0.00290598 0.0029036 0.00290373 0.00294217 0.0029036 0.00305632 0.00290363 0.00290365 0.0029036 0.00290398 0.0029036 0.00314081 0.00290359 0.0029036 0.00308238 0.0029036 0.0029036 0.0029036 0.0029036 0.00290363 0.00313328 0.00290442 0.00290359 0.0029036 0.00290359 0.0029036 0.00290359 0.00290359 134.412 0.00290361 0.00290377 0.00290387 0.00290359 0.0029042 0.0029036 0.00290359 0.00290585 0.0029036 0.0029036 0.00291072 0.00320166 0.0029036 0.00290359 0.00295309 48.8695 0.00290359 0.0029036 0.00380587 0.00290359 0.00290359 0.0029036 0.00290359 0.0029036 0.00304725 0.0029036 0.00290359 0.00290451 0.00296407 0.0029036 0.00290365 0.00290453 0.00290359 0.00291047 0.00293564 0.0029036 0.00290397 0.0029036 0.0029036 0.0029161 0.00291808 0.00326457 0.00298806 0.0029036 0.00290448 0.00296589 0.0029036 0.00290359 0.0029036 0.00290506 0.00293686 0.0029036 0.0029041 0.00290364 0.0029036 0.0029036 0.0029036 0.0029036 0.0029036 0.00291875 0.0029036 0.00290362 0.002926 0.00290359 0.00290359 0.00290359 0.00291324 0.0029036 0.0029036 0.00290361 0.00291255 64.136 0.0029036 0.00290362 0.00290415 0.0029036 0.00292883 0.00303781 0.0029036 0.00290359 0.00290359 0.00290654 0.00290912 0.0032898 0.00339759 0.00290954 0.00290573 0.0029036 0.0029036 0.0029036 0.0029056 0.00302729 0.0029036 0.0029036 0.00293618 0.0029036 0.0029039 0.0029036 0.00290373 0.00291064 0.00290487 0.00290359 0.00290365 0.00300926 0.0029036 0.0029036 0.0029036 0.00291459 0.0029036 0.00294228 0.0029036 0.0029036 0.00290384 0.0029036 0.00290359 0.0029036 0.0029036 0.0029036 0.00290359 0.00290359 0.0029036 0.00292233 0.00292062 0.00290373 0.00290368 0.00290364 0.0029036 0.00290366 0.00294436 0.0029036 0.00290372 0.0029036 0.0029036 0.00290359 0.0029036 0.00290735 0.0029036 0.00290401 37.4833 0.0029036 0.0029036 0.00290359 0.0029036 0.0029039 0.0029036 33.1008 0.0029036 0.00290371 0.00290434 0.00290359 0.0029036 0.00290359 0.0029036 0.00290359 0.00292517 0.0029036 0.0029036 496.722 0.00290364 0.00290359 0.00290361 0.00305309 0.00290518 0.0029036 0.00290359 0.00290359 0.00290574 0.00290429 0.0029036 0.0029036 0.0029036 0.00290359 0.00290364 0.00290359 0.0029036 0.00322311 0.00290359 0.00290359 0.0029036 0.00290362 0.00290359 0.00292821 0.00290359 0.00290414 0.00291152 0.00290361 0.00290374 93.3211 0.00290382 0.0029036 0.00290426 0.0029036 0.00290359 0.00290895 0.0029036 0.00290575 0.0029036 0.00290359 0.00290359 0.00302231 0.0029036 0.00291266 0.0029036 0.00290361 0.00294451 0.00290359 0.00290365 0.00290363 0.00290361 0.00290365 0.0029036 0.00290359 0.00292663 0.0029036 0.00290394 40.9623 0.0029036 0.00290607 0.00290363 0.00294493 0.00291306 0.00296644 0.0029036 0.0029036 0.00290359 0.00290379 0.00291282 0.00290643 0.0029036 0.00290393 0.00290409 0.0029036 0.0029036 0.0029036 0.00291995 0.00290365 0.00290359 0.0029041 0.00291147 0.00290412 0.0029036 0.00290608 0.0030551 0.0029036 0.0029036 0.00291509 0.0029036 0.0029036 0.0029036 0.00306276 0.0029036 0.00290372 0.00290929 0.00290359 0.00290463 0.00293334 0.00290367 0.00290364 0.00291074 0.0029036 0.00291128 0.0029036 0.0029036 0.0029036 0.0029036 0.00290379 0.0029036 0.00290398 0.00290361 0.00290996 0.00290556 0.00293039 0.00290528 0.00290884 0.00290379 0.00290359 119.047 0.0029036 0.00290359 0.00291001 13.3912 0.00371783 0.0029036 0.00290359 0.00292585 0.0029036 0.0029036 0.00290359 0.00290363 0.0029036 0.00290393 0.0029036 0.00290359 0.0029036 0.00290366 0.002904 0.0029036 0.00291627 0.00291178 0.0029036 0.0029036 0.0029036 0.00933229 0.0029036 0.00290359 0.0029233 0.00290632 0.0036701 0.0029036 0.00290359 0.00291404 0.00291298 0.0029036 0.0029036 0.0029036 0.00290684 0.00290584 0.00290371 0.0030446 0.0029036 0.0029036 0.00290359 0.0029036 0.00290359 0.00290378 0.00290359 0.0029036 0.00290392 0.00294298 0.00290388 0.00290359 0.0029036 0.00291124 0.0029036 0.0029036 0.00290649 0.0206461 0.00308769 0.00313588 0.0029036 0.0029036 0.00290359 0.0029036 0.00290359 0.00304751 0.0029036 0.00290359 0.00290359 0.00290359 0.00291618 0.0029036 0.00290868 0.00290375 0.0029036 0.00290362 0.00293817 0.00290424 0.0029242 0.00290359 0.0029382 0.0029036 0.0029036 0.00293174 0.00290755 0.0029036 0.00290359 0.00292306 0.0029036 0.00291306 0.00290388 0.00290359 0.0029036 0.0029036 0.00290502 0.00290395 0.00303539 0.0029036 0.00290362 0.0029036 0.0029036 0.00290359 0.00290362 0.0029036 0.00290878 0.0029036 0.0029036 0.00290393 0.00290359 0.00290359 0.00290363 0.00290359 0.00290359 0.0029036 0.00290598 0.00290795 0.0029036 0.00290363 0.00290359 0.0029036 0.0029036 0.00290359 0.0029086 0.00292478 0.00290359 0.00359685 0.0029036 0.00296432 0.0029036 0.0029036 0.00290378 0.0029036 0.00302682 0.00295003 0.00291758 0.0029036 0.00290384 0.00290359 0.00292708 0.00290359 0.00290361 0.0029461 0.0029036 0.00290368 0.00290757 0.00297136 0.0029036 675.124 0.00290359 0.00290365 0.00298456 0.00296283 0.00294706 0.0029036 0.0029036 0.00290446 0.0029036 2.3316 0.00290359 0.00293365 0.0029036 0.00291012 0.00292563 0.0029036 0.00290359 0.0029036 0.0029036 0.00291028 10.1608 0.00302985 0.00290359 0.0029036 0.00302687 0.00290361 0.00290476 0.00290359 0.00296552 0.00293578 0.0029036 0.00290367 0.0029036 0.00290359 0.00290997 0.00299193 0.00290408 0.00290359 0.00290359 0.0031964 0.0029059 0.00290359 0.0029166 160.723 0.00290359 0.00292012 0.0029036 0.0029036 0.00296425 0.0029036 0.0029037 0.00290359 0.0029036 0.0029083 0.00313248 0.00291593 0.00349953 0.00290784 0.0029036 0.00292566 0.00290361 0.00290366 0.0029036 0.00292102 19.5633 0.0029036 196.003 0.00290359 0.00293872 0.0029036 0.00290359 0.00294522 0.00290359 0.00290365 0.0029036 0.0029036 0.00290577 0.00290359 0.0029036 0.00290362 0.0029036 0.0029036 0.00291389 0.00299174 0.0029039 0.00290361 0.0029036 0.0029036 0.0029036 0.00290369 0.0029036 0.00290364 0.00290359 0.00296656 0.00323084 0.0029036 0.0029036 0.0029036 0.00290359 0.00290359 0.00298906 0.00290664 0.00290359 0.00290359 0.0457015 0.0029036 0.0029036 0.00290361 0.0029036 0.00291798 0.0029036 0.00290362 0.0029036 0.0029036 0.00290359 0.0029036 0.00300026 0.00301727 0.00299546 0.0029036 0.00290378 0.00290359 0.0029036 0.0029036 0.00291079 0.00290359 0.0029036 0.0029036 0.00290359 0.00322287 0.0029036 0.00290359 0.002904 0.0029036 0.00290359 0.00290654 0.0029036 0.00305893 0.0029036 0.00290364 0.00290362 0.0029036 0.0029036 0.0029036 0.00290382 0.0029036 0.0029036 0.00290392 0.00290359 0.0029036 0.0029036 0.00311744 0.00290728 0.0029036 0.00290875 0.00290552 0.0029036 0.00293942 0.0029036 0.00290359 0.00290359 0.0029036 0.0029036 0.00290394 0.0029036 0.0029036 0.0029036 0.00297276 0.0029036 0.0029036 0.00290553 0.00290359 0.00290359 0.00302464 0.0029036 0.0029036 0.00290388 0.0029037 0.0029036 0.00291023 0.0029036 0.0029036 0.00293293 0.0029772 0.00290397 0.00290359 0.0029036 0.0029036 0.00298422 0.0029036 0.00290359 0.00290362 0.0029036 0.0029036 0.00290359 0.00313913 0.00293809 0.00290359 0.00291432 0.0029036 0.0029036 0.0029401 0.0029036 0.00290886 0.00297992 0.0029036 0.00290382 0.00290366 0.0029036 0.0029036 0.00290359 0.00290359 0.00299044 0.00290551 0.00290359 0.00290359 0.00290501 0.00290363 0.00294454 0.00290458 0.00290365 0.00293071 0.00290743 0.00291685 0.0029036 0.0029036 0.00290359 0.00290359 0.00290361 0.0029036 0.0029036 0.0029036 0.00290383 0.00319954 0.0029036 0.0029036 0.00291783 0.00299551 0.0029036 0.0029036 0.0029036 0.00290359 0.00290476 0.0029036 0.0029036 0.00290533 0.00299743 0.0029036 0.00295323 0.0029036 0.00290368 0.00470584 0.00299801 0.00290359 0.0029036 0.00291212 0.0029036 0.00290441 0.0029036 0.0029036 0.00290368 0.00290371 0.00290735 0.00317834 0.00326362 0.0031292 0.00290376 0.0029036 0.0029036 0.00299807 0.00290359 0.00290361 0.00290646 0.00290637 0.00292753 0.00290802 0.0029036 0.0029176 0.00292746 0.00293442 0.0029036 0.00295185 0.0029036 0.0029036 0.0029036 0.00290482 0.00290359 0.00290359 0.0029037 0.00295953 0.00290359 0.00290359 0.0029036 0.00290544 0.0029036 0.00290369 0.0029036 0.00290359 9.35523 0.00290359 0.00291253 0.00297719 0.00290833 0.0029036 0.0029036 0.0029036 0.0029036 0.00290502 0.0033181 0.00291945 0.00292365 0.00290359 0.0029036 0.00290384 0.00290359 0.00290362 0.00290368 0.0029063 0.00350935 0.00324862 0.00290359 0.00290666 0.00290359 0.0029036 34.3515 0.00290362 0.00291241 0.00290369 0.00290874 0.00290951 0.00303005 0.0029036 48.6713 0.00294448 0.00293935 0.00290624 0.0029036 0.0029036 0.0029036 22.3924 0.00291322 0.00294126 0.00295361 0.00290957 0.00290359 0.0029036 0.0029036 0.00294013 0.00290365 0.00290367 0.0029036 0.0029036 0.0029036 380.475 0.0029036 43.7419 0.00299768 0.00320651 0.00412946 0.00290363 0.00305087 0.0029038 0.00290681 0.00290361 0.00294792 0.0029036 0.00290389 0.0029036 0.00290428 0.00291318 0.0081556 0.0029036 0.00290431 0.0029036 0.00290389 0.00290364 0.0029036 0.0029036 0.00291018 0.00290362 0.00290487 0.00290361 0.0029036 0.00335615 0.0029036 0.00291022 0.00291424 0.00290711 0.00290486 0.0029036 0.00292097 0.0029036 0.00290362 0.00290363 0.00290369 0.00290359 0.00296156 0.00290359 0.00290388 0.00293878 0.00294224 0.0029036 69.9142 0.0029062 0.00290361 0.00290359 0.00312284 0.0029036 0.00290359 0.0029038 0.0029036 0.0029122 0.00290994 11.9607 0.00291149 0.0029036 0.0035707 0.0029036 0.0029036 0.00290359 0.00292796 0.00290369 0.00290361 63.1616 0.0029036 0.0029036 0.0029036 0.00290359 0.0029036 0.0029036 0.00290359 0.0029036 0.00290359 0.0029036 0.00301103 0.00290431 0.0029036 0.0029036 0.00348085 0.00290403 36.5796 0.0029036 0.00290479 0.00290946 0.00290459 0.0029036 0.00290359 0.0029043 0.00290686 0.00310747 0.00290455 0.0029118 0.0029037 0.00294413 0.00351296 0.0029038 0.00297738 0.00290359 0.0029036 0.00290381 0.00290359 0.0029036 0.00294096 0.00290416 0.00290364 0.00290677 0.00290361 0.0029036 0.0029036 0.00290421 0.0029036 0.0029036 30.5287 0.00290609 0.00295382 0.0029036 0.00291558 0.0029036 0.00290361 0.00290556 0.0029036 0.00290359 0.0029036 0.00290361 0.0040203 0.0029036 0.00290359 0.00290416 0.0029036 0.00293075 0.00290359 0.0029036 0.00290375 0.00300079 0.0029036 0.00290359 0.0029036 0.00290366 0.00290359 0.0029036 0.0029036 0.0029036 0.00290413 0.0029036 0.00290359 0.0029036 0.00291809 0.0029036 0.00290981 0.0029036 58.111 0.00290359 0.00290359 0.0029039 0.00290363 0.00290658 0.00290359 0.0029036 0.0029036 0.00295461 0.00293539 0.0029036 0.00290364 0.00290913 0.0029036 0.0029036 0.00305087 0.00294227 0.00290375 0.0029036 0.0029036 0.00290697 0.00290615 0.00294225 0.0029036 0.0029516 0.00290363 0.00300422 0.00291357 0.0029036 0.00290713 0.108547 0.0029038 0.00290362 0.00290591 0.0029036 0.00294366 0.00290429 0.0029036 0.00290359 0.00290359 0.0029036 0.0029036 0.00295396 0.0029036 0.0029036 0.00290359 0.00290362 0.00293296 0.00291163 0.00290359 94.9 0.0029036 0.00290752 0.00290367 0.00290362 0.0029036 0.00290451 0.00290359 0.0029036 0.00290543 0.00291068 0.00291528 0.00354285 0.00290359 0.00290378 0.00296652 0.00290359 0.00290359 0.00290398 0.0029036 0.00290656 0.00290359 0.00290359 0.00291913 0.00290501 0.0029036 0.00290359 0.00302884 0.0029036 0.00292753 0.00290359 0.0029036 0.00290362 0.00293722 4.00572 0.00290458 0.0029036 0.00290366 0.00290359 0.00292419 0.0029036 0.0029036 0.0029036 0.00290476 0.00290359 0.0029036 0.00290359 0.00290359 0.00290376 0.00290359 0.0029036 0.0029036 0.0029036 0.0029036 0.00296013 0.00290359 0.0029036 0.0029036 0.00290658 27.0265 0.00295395 0.0029036 0.00290368 0.00291319 0.0029036 277.082 0.0029036 0.0029036 0.0029036 9.16334 0.00295216 112.549 0.00290359 0.00291868 0.00290442 0.0029036 0.00301784 0.0029036 0.00290393 0.00292633 0.00453327 0.00296201 0.0029184 0.00290359 0.00290359 0.00290362 0.00308974 0.00290723 0.0029036 0.801387 0.0029036 0.00290364 0.00290359 0.0029036 0.00300667 0.00290359 0.0029113 0.0029036 0.00290359 0.0029036 0.00290359 0.0029036 0.00290792 0.00290359 0.00290359 0.0029036 0.00290451 0.0029036 0.00290627 0.00292969 0.0029036 0.00290359 0.0029036 0.0029062 0.0029036 0.0029036 0.0029036 0.0029036 0.0029036 0.0029036 0.00290377 0.00290359 0.00290362 0.00290553 0.00290359 0.00290362 0.00290389 0.00290363 0.00290359 0.0029036 0.00290359 0.00293284 0.0029036 0.00296235 0.00290359 0.00308116 0.00290364 0.0029036 0.00290534 0.00290359 0.0029036 0.0029036 0.0029036 0.00292348 0.0029036 0.0029036 0.00292361 0.0029036 0.0029036 0.00327458 0.00290486 0.00292063 0.00290359 0.00292299 0.00290359 0.00301297 0.00290361 0.0029036 0.00291105 0.0029036 0.0029036 0.00290379 0.00298048 0.00290375 0.00354828 0.00296736 0.0029036 0.00290364 0.00290763 32.2488 0.0029036 0.00290359 0.00290495 0.00290359 0.00290359 0.00290359 0.0029036 0.00293486 0.00290359 0.00290372 0.00290359 0.0029036 0.0029036 0.00290363 0.00290763 0.00290359 0.00290359 0.00290573 0.00290363 0.0029036 0.00293916 0.00290359 0.0029036 0.0029036 0.0029036 0.00290439 0.0449781 0.00290368 0.00290366 0.0029036 0.0029036 0.00290374 0.00438296 0.0029036 0.00319878 0.00290767 0.00292047 0.00290359 0.00291496 0.0029036 0.00306608 0.0029036 0.0029036 0.0029036 0.00290466 0.00290359 0.0029036 0.00302463 0.00290359 0.00290359 0.00290404 0.00294706 0.0029036 0.00291704 0.00290372 0.00312528 0.0029036 0.00290366 0.00290361 0.0029036 0.00294043 0.00290359 0.00290361 0.00300026 0.00302087 0.00292574 0.0029036 0.00297844 0.00290368 0.0029036 0.00290836 0.00290433 0.00290488 0.00290362 0.00292813 0.00293768 0.00290361 0.0029385 0.0029036 0.00292421 0.0029036 0.0029441 0.0029036 0.0029036 0.0029036 0.0029036 0.0029036 42.8433 0.00290372 0.00292144 0.00290359 0.0029036 0.00294314 0.0029036 0.00290383 0.00292036 0.00296337 0.00290361 0.00290375 0.00301695 0.00290395 0.00290434 0.0029036 0.00290367 0.00290359 0.0029036 0.00290359 0.00290359 0.00448259 0.0029095 0.00293254 0.00290379 349.527 0.00291033 0.0029036 0.0029036 0.00290812 0.00290361 0.0029036 0.00295991 0.0029036 0.00290359 0.0029036 0.00290359 0.00290609 0.0029043 0.00314793 0.00312614 0.00290359 0.00290385 0.00290445 0.00324974 0.00291128 0.00302688 0.00290359 0.0029036 0.0029036 0.00294478 0.00294263 0.0029036 0.00290436 0.0029036 0.00290362 0.00290359 0.00290372 0.00292902 0.00291427 0.00294656 0.00290363 0.00291927 0.0029036 0.0029036 0.00293503 398.172 0.0029036 0.00290378 0.00291613 0.00290359 0.00295061 0.00290359 0.00290364 0.00291249 0.0029037 0.00292702 0.0029036 0.0029036 0.00290772 0.00290433 0.0029036 0.00290359 0.0029036 0.0029036 0.0029055 0.0029036 0.00290468 0.00291754 0.0029036 0.0029178 0.00290359 0.00291228 0.00290916 0.00292064 0.00290384 0.00349522 0.00290764 0.0029036 0.00290359 0.00290495 0.0029036 0.00290359 0.00290359 0.00290422 0.00290359 0.00293371 0.00291343 0.0029036 0.00291009 0.00291987 0.00292881 0.0029036 0.00290925 0.00290388 0.139408 0.00290456 0.00290483 0.0029036 0.00290374 0.00290363 0.00294408 0.00293564 0.00290359 35.8037 0.00290359 61.3479 0.00290359 0.0029036 0.00290362 0.00290496 0.0029036 0.00290363 0.00310524 0.00290359 0.00290361 0.00290377 0.0029036 0.00290455 0.00290401 0.00304395 0.00290359 0.00306614 0.00291766 0.0029036 0.002904 0.0029036 0.00290359 0.0029036 0.0029036 0.0029036 0.00291749 0.0029036 0.00290359 0.00290359 0.00312684 0.0029036 0.00290374 0.00290368 0.00290662 0.0029036 0.0029036 0.0029036 0.0029036 0.00292176 0.00290359 0.00290466 0.00292139 0.00290821 0.00290385 0.00290384 0.00290359 0.00290368 0.00290359 0.00291881 0.00290386 0.0029036 0.0029047 0.0029036 0.0029085 0.00290377 0.0029036 0.00290359 0.00290635 0.0029036 0.0029036 0.00290378 0.00292564 0.0029036 0.0029036 0.00295646 0.0029102 0.0029045 0.00290359 0.00298047 0.0029036 0.00328551 0.0029036 0.0029036 0.00290728 0.00300503 0.00290359 0.00290359 0.0029038 0.0029036 0.00290359 0.00290363 0.00290359 0.00290359 0.00290359 0.0029036 0.00381083 0.00290359 0.0029036 0.00290359 0.00290359 209.987 0.00290362 0.0029036 0.00290604 0.00290487 0.00290372 0.00290363 0.00308517 0.00290384 0.00290359 0.00292164 0.00343524 0.00291287 0.0029036 0.00290362 0.00298904 0.00290359 0.00291941 0.00294518 0.0029036 0.0029038 0.00290393 0.00290365 0.0029036 0.0029036 0.00290359 0.0029036 0.00290359 0.00293953 0.00290359 0.00290359 0.0029036 0.00290359 0.0029036 0.0029036 0.0029036 0.0029036 0.00290363 0.00290551 0.00290364 204.823 0.00290567 0.00290582 0.0029769 0.00290359 0.00295517 0.00290375 0.00293397 0.00290366 0.00320086 0.00290359 0.00290373 0.0029036 0.00290369 0.00291258 0.00290571 0.00366676 0.00291244 0.0029036 0.00291498 0.0029036 0.0029036 0.0029036 123.594 0.00291956 0.00290582 0.00290359 0.00290359 0.00297926 0.0029036 0.00300597 0.00290462 0.0029036 0.0029036 0.00290369 0.00290371 0.00293631 0.0029036 0.0029036 0.0029036 0.00290359 0.00301178 0.00297266 0.00291443 0.00290529 0.0029455 0.0029036 0.00292896 0.00291727 0.0029036 0.0029036 0.00290359 0.0029036 0.00290359 0.00290362 0.00290374 0.00290457 0.00298221 0.0029046 0.00290379 0.0029036 0.0029036 0.00290359 0.00290359 0.00290755 0.00290375 0.00310057 0.00290359 0.00290645 0.00290763 0.00290373 0.00290363 0.0029036 0.0029036 0.00290359 0.00291698 0.0029036 0.00290359 0.0029036 0.00290359 0.0029036 0.0029036 0.0286136 0.0029036 0.00290359 0.00290691 0.00298635 0.00291449 0.00290359 35.1802 0.00290359 0.0029036 0.00292922 0.00293479 0.00293924 0.00290515 0.00299148 0.0029042 0.00290408 0.0029036 0.0029036 0.00290359 0.0029036 0.0029036 0.00290671 0.0029036 0.00292217 0.00290365 0.00291517 0.00290391 0.00302106 0.00290515 0.00290359 0.0029036 0.00292209 0.00290359 0.00290359 0.0029036 0.00292162 0.00290359 0.0029037 0.00290695 0.00290359 0.00290359 0.0029036 0.00290403 0.0029036 0.00290364 0.0029036 0.0029036 0.0029036 0.0029036 0.00313509 0.0029036 0.0029036 0.0029036 0.00296824 0.00294388 0.0029036 0.0029036 0.0029036 0.0029378 0.0029036 0.00735751 0.00417439 0.0029036 0.00295245 0.00290459 0.00290365 0.00290359 53.1717 0.0029036 0.00290359 0.0029036 0.0029036 0.00290361 0.00301557 0.00292376 0.00290359 0.00290394 0.0029036 0.00290416 0.00396097 0.0029036 0.0029036 0.00310654 0.00299045 0.00336859 0.0029036 0.0029036 0.00290359 0.00295861 0.00290536 0.0029036 0.00290362 0.00291373 0.0029036 0.00290996 0.0029036 0.0029036 0.00290359 0.00290359 0.00292841 0.0029036 0.0029036 0.00290359 0.0029036 0.0029036 0.0029036 0.00308429 0.00290361 0.00290359 0.00290759 0.0029036 0.0029036 0.00290359 0.00290361 0.0029036 0.00290446 0.00290359 0.00290359 0.0029036 0.00464594 0.0029036 0.00290361 0.00290359 0.0029036 0.00290378 0.00292014 20.6544 0.00290359 0.00290387 0.0029036 0.00291288 0.00290367 0.00290359 0.0029036 0.00291086 0.0029036 0.00290423 0.00290359 0.0029036 0.00290359 0.00290369 0.00290359 0.0029036 0.00308964 0.00290384 0.00291748 0.0029036 0.0029036 0.00290359 0.00290359 0.00290371 0.00290509 0.00290359 0.00290359 0.00290394 0.00297538 0.00290366 0.0029036 0.00290359 0.00290458 0.00290605 0.0029036 0.00292265 0.0029036 0.00290363 0.0029036 0.00290359 0.00290368 0.0029036 0.0029036 0.00293094 0.00312619 0.00290359 0.0029036 0.0029036 0.00290359 0.0029036 0.00290918 53.1982 0.00292545 0.00290359 0.0029036 0.0029036 0.0029036 0.00290359 0.0029036 0.00290616 0.00290464 0.0029036 0.0029036 0.0029036 0.0029036 0.00290359 0.00293067 0.0029246 0.00290359 0.00290373 0.00290359 0.0029036 0.00293531 0.0029036 0.0029036 0.0029036 0.00292087 0.0029036 0.00290359 0.0029036 0.00290611 0.00290359 0.00290367 0.00290674 0.00290363 0.0029036 0.0029036 0.0029036 0.00291452 0.00290367 0.00290368 0.00366074 0.00290359 0.00290359 0.00290362 0.00290359 0.0029036 0.00292847 0.00290365 0.00290835 0.0029036 0.00290363 0.00296958 0.0029036 0.00293893 0.0029051 0.0029287 0.00292028 0.00293067 0.0029036 0.0029036 0.0029036 0.0029037 0.00292515 0.00290359 0.0029036 0.0029036 0.00290359 0.0029036 0.00290475 0.00294076 0.00291391 0.00290705 0.00420278 0.00301519 0.00301706 0.00290359 0.00290359 0.00290363 326.73 0.0029036 0.00290438 0.00290359 0.0029036 0.0029036 0.0029036 0.00290394 0.00290373 0.00296597 0.0029036 0.00290359 81.0804 0.00292286 0.0029036 0.00290359 123.891 0.00290359 0.00290548 0.00296335 0.00290447 0.00290367 0.0029039 0.002904 0.0029036 0.00292712 0.00290389 0.0029036 0.0029036 0.00290363 0.00327601 0.0029036 0.00290418 0.00321495 176.953 30.0197 0.00290388 0.00290359 0.00290375 0.0029036 0.00290665 0.00291996 0.0029036 0.00290361 0.00290384 0.00290361 0.00290411 0.00290364 0.0029036 0.00290361 0.00291492 0.0029036 0.0029036 0.00290603 0.00290377 0.00290359 162.57 0.00290359 0.0029036 0.00290359 0.00290384 0.0029036 0.0029036 0.0029036 0.00290824 0.00292431 0.0029036 0.00290359 0.00292069 0.0029036 0.00290359 0.0029322 0.00290359 0.0029036 0.0029036 0.00290364 0.00290394 0.00290611 0.0029036 0.00290462 0.00292184 0.00291675 0.00290359 0.0029036 0.0029036 0.00290368 0.0029516 0.0029036 0.0029036 0.00294455 0.0029036 21.5907 0.0029163 0.0029036 0.00290359 0.00290359 0.0029036 0.0029036 0.0029036 0.00296865 0.00290492 0.00290359 0.00295582 0.00290376 0.00290913 0.00291115 0.0029108 0.00290359 0.00290364 0.0029152 0.0029036 0.00292404 0.00291169 0.00290697 0.00290364 0.0029249 0.00290359 0.00290867 0.00290359 0.00290359 0.00291429 0.0029036 0.0029069 0.813475 0.00293753 0.00290359 168.914 0.0029036 0.00290365 0.00290364 0.00290359 0.0029036 0.00307947 0.00290359 0.0029036 0.0029036 0.00290434 0.0029036 0.00290364 0.00290359 0.0029182 0.00290359 0.00293128 0.0029193 0.0029036 0.00314466 0.00292592 0.0029206 0.00290366 0.0029036 0.0029038 0.0029036 0.00364582 0.0029036 0.00292842 0.0029036 0.00290359 0.0029036 0.00290442 0.00290436 0.00290359 0.0029036 0.0029036 0.00290378 0.0029132 0.00312983 0.0029036 0.0029036 0.0029036 0.0029036 0.00290367 0.00292622 0.0029036 0.00290359 0.0029036 0.00293545 0.00500321 0.00290359 0.00290359 0.00290361 0.00290359 0.0029036 0.00290359 0.002918 0.0029036 0.00290528 0.00290359 0.00290362 0.00314804 0.0029036 0.00290359 0.0263043 0.00290393 0.00290374 0.00290359 0.0029036 0.0029036 0.00290359 0.00290627 0.0029036 0.0029036 0.00290359 0.00290371 0.00290365 0.0029071 0.0029036 0.0029036 0.00290361 0.0029036 0.00290373 0.0029036 0.00290511 0.0029036 0.0029036 0.0029036 0.0029036 0.0029036 0.00290389 0.00293936 0.0029036 0.00290361 0.00290362 0.0029036 0.0029036 0.00290742 0.0029036 0.00350014 0.00290359 0.00290738 0.00291625 0.0029036 0.0029036 0.00291327 0.00290359 0.00290366 0.00290364 0.00302858 0.00290363 0.00290363 0.00292769 0.00304549 0.00290359 0.0031266 0.00304901 0.00290855 0.00290359 0.00290359 0.0029036 0.00554912 0.0029036 0.00294715 0.00290359 0.0029036 0.0029525 0.00290832 0.0029036 0.00290359 0.0029036 0.0029036 0.00290386 0.00290363 0.00291239 193.902 0.00290359 0.00290978 0.00292754 0.00317986 0.0029036 0.00290373 0.00290371 0.00290359 0.00290359 0.0029036 0.0029036 0.0029036 0.0029036 0.0029036 0.00290363 0.00290359 0.00290441 0.0029036 0.0029036 0.0029036 0.00290359 0.00290371 0.00290363 0.0029036 0.00314537 0.00291349 0.00290365 0.00292549 0.00290359 0.0029056 0.00290359 0.00290359 0.00291075 0.0029036 0.00290359 0.00290359 153.408 0.00290359 0.00303364 0.00290359 0.0029058 0.00290361 0.0029036 11.9606 0.00290362 0.0029036 0.00290432 0.00292227 0.00295214 0.0029036 0.00290359 17.0354 0.00290372 0.00290376 0.00290436 0.00291523 0.00293365 0.0029146 0.00290363 0.00290366 0.00290359 0.00303896 0.00291096 0.00305528 0.00290359 0.0029036 248.723 0.00290369 0.00290359 0.0029036 0.00300425 0.0029036 0.00292504 0.0029036 0.0029036 0.0029036 0.00293259 0.00290458 0.00290438 0.0029036 0.0029036 0.0029036 0.00291374 0.00290362 102.791 0.00290359 0.0029036 0.0029036 0.00468887 0.00290359 0.00293645 0.00290359 0.00291399 0.00291634 0.00290597 0.0029036 0.00290359 0.0029036 0.0029036 0.0029036 0.00300386 1.30337 0.00290359 0.00290669 0.0029036 0.00342091 0.00304637 0.00290867 0.00290359 0.00290685 0.0029036 0.00290361 0.0029036 0.0029036 0.0029036 0.00290359 0.0029036 0.00290938 0.00290359 0.00290359 0.0029036 0.00292266 0.00290359 0.0029036 0.00295371 0.00321273 0.00293745 0.00290361 0.0029036 0.00290363 0.00290359 0.0029036 0.0029036 0.00290359 0.00290362 0.0029138 61.2784 0.00311792 0.00290515 0.0029036 0.00290415 0.0029036 0.0029036 0.0029036 0.00290389 0.0029036 0.0029036 0.00290359 0.002906 0.00290414 0.0029036 0.00296819 0.00290359 0.00306242 0.0029036 0.00290377 0.00295118 76.7799 0.00290634 0.00290368 0.00301905 0.00339822 0.00290359 0.0029036 0.0029036 0.00290372 0.00349523 0.00290359 0.00351168 0.00290364 0.00290525 0.00290974 0.00290368 5.97389 0.00290359 0.00290763 0.0029036 0.00290359 0.0029036 0.00296803 0.0125131 0.0029036 0.00291805 0.0029036 0.00290647 0.0029036 0.0029041 0.0029036 0.00582719 0.00308576 0.00291731 0.00290359 0.0029072 0.0029036 0.00290361 0.00290359 0.00290359 0.00290359 0.00290374 0.00291797 0.00290767 0.0029036 0.00290362 0.00290563 213.275 0.0029036 0.0029386 0.00300252 0.00290361 0.0029036 0.00290361 0.00290359 0.00290359 0.00299108 0.0029036 0.0029036 0.00290374 0.00303893 0.0029036 0.0029036 0.00291652 0.0029066 0.0029707 0.0029036 0.0029036 0.0029659 0.00290359 0.0029036 0.00291412 0.00297527 0.0029036 0.00294545 0.00290499 0.00290391 0.0029036 0.00290359 0.0029036 0.0029036 0.0029036 0.00290696 0.00290513 0.0029036 0.140667 0.0029036 0.00290564 0.0029036 0.00290359 0.00290368 0.00290359 0.00295539 0.0029036 0.0029036 0.00290359 0.00290464 0.0029036 0.00296275 0.0029036 0.00296864 0.0029036 0.00290385 0.0029036 0.00291516 0.0029036 0.0029036 0.0029037 0.0029036 0.00290359 0.00304403 0.00290399 0.00290377 0.00554967 0.0029036 0.00290714 0.00290362 0.00290363 0.0029036 0.00290408 0.00290391 0.00346443 0.00292091 0.00296184 0.00290364 0.0029036 0.00290362 0.0029036 0.00290359 0.00290365 0.00290363 99.3074 0.00296769 0.00290446 0.0029036 0.00291407 0.00290359 0.00290362 0.00290366 0.00290738 0.00290368 0.00292969 0.0029036 0.00292063 0.00290364 0.00290384 0.00290414 0.0029036 0.00290361 0.0029036 0.00291033 0.0029036 0.00290359 0.00290359 0.0029036 0.0029036 2.38804 0.00294119 0.0029036 0.0029062 0.00290367 0.0029036 0.00290359 0.0029036 0.0029036 0.00294627 0.00290359 0.00290363 0.0029036 0.00290361 0.00291039 0.00290858 0.0029036 0.0029036 0.0029036 0.00290364 0.0036114 0.00290359 0.00290362 0.0029036 0.0029036 0.0029036 0.00297654 0.0029036 0.0029036 0.0029036 0.00309218 0.0029036 0.00295177 0.00291183 0.0029036 0.0029437 0.00294289 0.0029442 11.0857 0.0029851 0.0029036 0.00290863 0.0030377 0.00434081 0.00290359 0.00290359 0.00292723 0.00313984 0.0029044 0.00290359 0.00290359 0.0029036 0.00290359 0.00290359 0.00290361 0.0029036 0.00290359 0.0029036 0.00291874 0.00290419 0.00290368 0.0029036 0.00290362 24.5526 0.00290825 0.00290359 0.0029036 0.00294226 0.0029036 0.00290483 0.00290359 97.5013 0.00290359 0.00309437 0.0029036 0.00295915 0.0029089 0.00315215 0.00295442 0.0029036 0.00290362 0.0029036 0.00291103 0.00290359 0.00290359 0.00294429 0.00290359 0.0029036 0.0029036 0.0029036 0.00290377 0.00291716 0.00291524 0.00290359 0.0029036 0.00290363 0.0029036 0.00290359 0.00290453 0.0029036 0.0029036 0.0029036 0.0029036 0.0029036 0.0029036 0.0029036 0.00290556 0.0029036 0.00290461 0.00298492 0.00290359 0.00293505 0.00290783 0.00290371 0.00290446 0.00291324 0.00290359 0.0029036 0.00302708 0.00290359 0.00290378 9.14551 0.00294009 0.0029036 0.00290359 0.00293624 0.00290364 0.00367554 0.0029036 0.00291526 0.00293767 0.0029036 0.0029036 0.00290359 20.5364 0.00299755 51.1106 0.0029041 0.0029036 0.00290359 0.00290362 0.00292094 0.0029036 0.0029036 0.0029036 0.00290599 0.00291434 0.00290512 0.0029036 0.00290362 0.00290359 0.0029036 0.00291024 0.00290361 0.0029036 0.00297066 0.0032579 0.00290463 0.00290359 0.0029036 0.00290359 0.00290387 0.00290359 0.00290396 0.00290361 0.00295944 0.0029036 0.00290361 0.00292364 0.0029036 0.00298704 0.00290399 0.00290362 0.00295973 0.0029036 0.00321677 31.4312 0.00302232 0.00290367 0.00290359 0.00291656 0.0029036 0.0029036 0.00291785 0.00291482 0.00290359 0.00290368 0.0029036 0.0029036 0.00290359 0.00293557 0.00290366 257.664 0.00290361 0.0029036 0.00290359 0.0029036 0.00290359 0.00290359 0.0029036 0.00294777 0.00290365 0.0029036 0.00290374 0.00290359 0.00627345 0.00290364 0.00290691 0.0029036 0.00291708 62.0031 0.00290372 0.0029036 0.00291366 0.00443757 0.00291732 0.0029036 0.0029036 0.00302154 0.00297097 0.00290631 0.00290366 0.0029036 0.0029036 0.0029036 0.0029036 0.0029036 0.0029036 909.274 0.00290359 0.00476126 0.00290365 0.00290359 0.0029036 0.0029036 0.00290359 0.0029036 0.00290468 0.00290359 0.00292957 0.00290393 0.00290364 0.00299371 0.0029036 0.00290359 0.00290359 0.002904 0.0029036 0.0029036 0.0029036 0.00290359 0.00290359 0.00290359 0.00290359 0.00291709 0.00336098 0.00290365 0.00306388 0.0029152 0.00290757 0.0029036 0.00290362 0.0029036 14.7745 0.00295035 0.00290385 0.0029036 0.00295173 0.0029036 0.0029036 0.0029036 0.00290361 0.00292423 0.0029036 0.0029036 0.00306221 0.0029036 0.00290839 0.0029036 0.0029036 0.00290377 0.00299139 0.00293149 0.0029306 17.8103 0.00290359 0.00293552 0.0029036 0.0029036 0.00290359 0.00290361 0.00291213 0.00292487 0.00290362 0.00291328 0.00290571 0.00290749 0.00290362 0.00291035 0.00290686 0.00290365 0.00290359 0.00290359 0.00290359 0.0029036 0.0029036 0.00290458 0.00290361 0.00299593 0.00290359 0.00290359 0.00290374 0.00290438 0.00290383 0.00290359 0.00292527 0.0029036 325.971 0.00290692 0.0029036 0.00292553 0.00290359 0.00290461 0.00290613 0.00290451 0.0029036 0.00290368 0.0029036 0.0029036 0.00290844 0.00290359 0.0029036 0.0029036 0.00291598 0.00290378 0.00371983 0.00290362 0.0029036 0.0029036 0.00290362 260.341 0.00290359 0.0029036 0.0029036 0.0029036 0.00290373 0.00293381 0.0029254 0.0032694 0.0029036 0.00290402 0.00290359 0.00292847 0.00290908 0.0029036 0.00290369 0.00291688 71.0187 0.0030208 125.334 0.0029036 0.00290379 0.00290359 0.00306972 0.0029036 0.00290359 0.00290363 0.0029036 0.00308316 0.00291205 0.00290359 0.00292243 0.0029036 0.00291371 0.00296867 0.0029036 0.00290361 0.00290359 0.00290366 0.0029036 22.3922 0.00290389 0.0029036 0.00290359 0.0029036 0.0088956 0.00290486 0.00294152 0.0029057 0.00290359 0.00290367 0.0029036 0.0029036 0.0029036 0.00297092 0.0029036 0.0029036 0.00498558 0.0029036 0.00290359 0.00293878 0.0029036 0.0029036 0.00293923 0.0029036 0.00290362 0.0029036 0.0029036 0.0029036 0.00292903 0.0029036 0.00290359 0.00309448 45.0541 0.00290359 0.0029036 0.00290365 0.00290359 0.00290364 0.0029036 0.0029036 0.00379641 0.00296603 0.0029036 0.0029036 0.0029036 0.0029036 0.00296694 0.00301663 0.00324753 0.0029036 0.00290392 0.00290359 0.00290532 0.00290399 0.00290361 0.0029036 0.00290364 0.00290362 0.00290359 0.0029036 0.00290615 0.0029036 0.00290378 0.00300551 0.00292625 0.00290361 0.00302523 0.0029036 0.0029036 0.0029036 0.00290449 0.00290378 0.0029036 0.00290359 0.00290522 0.0029036 0.00290377 0.00290596 0.00290359 0.0029036 0.0029036 0.00303993 0.0029036 0.00291365 0.0029036 0.0029036 0.002904 0.00290366 0.00299134 0.0029036 0.00290376 0.00290359 0.00290362 0.0029036 0.00349192 0.00292217 0.00290359 0.0029036 0.00290405 0.0029036 0.0029036 0.00632899 0.00290359 0.00292639 0.00290359 0.00350014 0.00420228 0.0029328 0.0029036 0.0029036 0.0029036 0.00290758 0.0029964 0.00290359 0.00290359 0.00290401 0.00290397 0.00290774 18.7447 0.00290359 0.0029036 0.0029036 0.00290455 0.00290359 0.773706 0.00294048 0.00290359 0.0029036 0.00290359 0.00290919 0.00291713 0.00290363 0.0029036 0.00293397 0.00300823 0.00398932 0.00322114 0.0029036 0.0029036 0.0029036 0.0029036 0.0029036 0.00291909 0.00306119 0.0029036 0.00290578 0.00290359 0.0029036 0.0029036 0.00293287 0.0029036 0.0029036 0.0029164 0.00292169 0.00296679 0.0029036 0.00302529 0.00290543 0.00290702 0.00290364 0.00290359 0.0029036 0.00302302 0.0029036 0.00290873 0.00291138 0.00296376 0.0029036 0.0029036 0.00290463 0.00290364 0.00290359 0.0029292 0.00292329 0.00290361 0.0029036 0.0029036 0.00290359 0.0029036 0.0029036 0.0029036 0.0029036 0.0029059 0.00290376 0.00290674 0.00290396 0.00291986 0.00294849 0.00290359 0.00294326 0.0029232 0.00290359 0.00290366 0.00290362 0.00291648 0.00290359 0.00290359 0.00300074 0.0029036 0.00290372 0.00290359 0.0029503 0.00290359 0.0029036 0.00293812 0.00291661 0.0029036 0.0029036 0.00290495 0.00290359 0.0029036 0.0029038 0.00290359 0.00290359 0.00290435 0.00290359 0.0029036 0.0029036 0.00290997 0.0029036 0.00291681 0.0029036 0.00295371 0.00290359 0.00290392 0.00290361 0.0029036 0.00290359 0.00296728 0.00290359 0.00290378 0.00293209 0.0029036 0.0029036 0.00293915 0.002909 0.0029036 0.00290416 0.00290902 0.00290618 0.00290361 0.165688 0.0029036 0.00291991 0.00293501 0.0029036 0.00291436 0.0029036 0.0029045 0.00291712 0.0029036 0.0029036 0.00290366 0.00403529 0.00302468 0.00290424 9.22552 0.00290374 0.0029036 0.00293992 0.0029036 0.00290377 0.252186 0.00291482 11.2601 0.0029036 0.0029036 0.00290652 0.00290359 0.00290359 0.00290374 0.00290403 0.00290359 0.0029036 0.0029036 0.00308503 0.00290373 0.00290677 0.00290671 0.0029036 0.00290368 0.00317043 0.0029036 0.00290359 0.0029036 0.0029036 0.00290637 0.00290373 0.00290448 0.00290375 0.0029036 0.0029036 0.00351166 0.00294929 0.00290413 0.00290772 0.00290588 77.1189 0.0029036 0.00290359 0.00290365 0.0029036 22.0535 0.0029036 0.0029036 0.0029036 0.0029036 0.00290359 13.8749 0.0029036 0.0029036 0.00290389 0.00293951 0.00295161 0.00290372 0.00290369 0.00310164 0.0029036 0.0029036 0.00290369 0.00290368 0.00290418 0.00291325 0.00313383 0.0029036 0.0029036 0.0029036 0.00290359 0.00290384 0.00290359 0.00291118 0.00290395 0.0029078 0.0029036 0.00290359 0.00291515 0.0029036 0.00309144 0.0029036 0.00290359 0.0029036 0.00290539 0.00290365 0.00290947 0.00290371 0.00296049 0.00296676 0.0029036 0.0029036 0.0029036 0.0029069 0.0029036 107.405 0.00290359 0.0029233 0.0029036 0.00290825 0.00311453 0.00290359 0.0029036 0.00290368 0.00290363 0.00290393 0.0029036 0.0029036 0.00290359 0.00304889 0.00294673 0.0029036 0.00290359 0.00290361 0.0029036 0.0029036 0.00295721 0.00290362 0.00292027 0.00290359 0.00290414 0.0171305 0.00291939 0.00292799 0.0029036 0.0029036 0.00290359 0.00290931 0.0029036 0.00291306 0.00290366 0.00498567 0.00290359 0.0029036 0.0029036 0.00290363 0.00290734 0.00290359 0.00290417 0.00331217 0.0029036 0.0029036 0.0029036 0.00293134 0.00290414 0.0029036 0.00291722 0.00290364 0.00290466 0.0029036 0.00290378 0.00290359 0.0029036 0.00291619 0.00290363 0.0029036 0.0029036 0.00290359 0.00290439 0.00290364 0.00290732 0.00290368 0.00290361 0.00290484 0.00296155 0.00318418 0.00293538 0.00295023 0.0029036 0.00290366 0.00290374 0.0029277 0.00299544 0.00290359 0.00290794 0.00290359 0.00293223 0.0029036 0.00290389 0.00290359 0.00294264 0.00292127 0.0029036 0.00290361 0.0029036 0.00307367 0.00290361 0.0029036 0.0029036 0.0029036 0.00290366 0.00290359 0.00292122 0.0029036 0.0029036 0.00295287 0.00290361 0.0029036 0.00307367 230.692 0.00297022 0.0029036 0.0029036 0.0029036 0.00295265 0.00293608 0.00290361 0.0029036 0.0029036 0.0029036 0.0029036 0.0029036 0.00299167 0.0029036 0.00301983 0.00295418 0.00290359 0.0029036 0.00291039 0.00290359 0.00291131 0.00292734 0.0029036 0.0029036 0.00293444 0.00291999 0.00290607 0.0029036 0.0029036 0.00290359 0.0029036 0.00290382 0.00290414 0.0029036 0.0029036 0.00301402 0.0029036 0.00365297 0.00290359 0.00290371 0.0029036 0.00299506 0.00292412 0.00291359 0.0030473 0.0029036 0.00320902 0.00290377 0.00291503 0.00290359 0.00290359 0.00290559 0.00290708 0.00290375 0.00290393 0.0029036 0.0029036 0.0029036 0.00290361 0.00290359 0.0029036 0.00290371 0.00293581 0.00390174 0.00290359 0.00290368 0.0029036 0.00303215 0.0029036 0.0029036 0.00297819 0.0029036 0.0029036 0.00290361 0.0029036 0.00292432 0.00291182 0.00290361 0.0029036 0.00290359 0.0029036 0.0029036 0.00877533 0.0029036 0.00290392 0.0029036 0.00290863 0.00290359 0.00291147 0.0029036 0.00290664 0.0029036 0.0030007 0.00290399 0.00307563 0.0029036 0.0029036 0.00290414 0.0029036 0.00290359 0.00292815 0.0029036 0.00290362 0.0029036 0.00290361 0.00308538 0.00328234 0.0029036 0.00292891 0.00291202 71.6056 0.00290359 0.00290359 0.00290612 0.00290359 0.0029036 0.0029036 0.00290363 0.00291521 0.0029036 0.00290359 0.0029036 0.00292882 0.0029036 0.00290426 0.0029036 0.00314164 0.00290359 0.0029036 0.0029037 0.0029036 0.00292129 0.0029036 0.0029036 0.0029036 0.0029036 0.00290359 0.00290359 0.00292228 0.0029036 0.00290359 0.00301271 0.00292734 0.0029036 0.00294809 0.0029036 0.00290555 0.0029036 21.5268 0.00292821 0.00290359 3.51839 0.00291424 0.00290359 0.00292801 0.0029036 0.00291927 0.00338495 23.1108 0.00290359 0.0029036 0.00316475 0.0029036 0.00816177 0.00302858 0.00290397 0.00290374 0.0029036 0.00290637 0.00290359 0.00290554 0.0029036 0.00297984 0.00333602 0.0029036 0.0029036 0.00290362 0.00290365 0.00290359 0.0029036 0.00292557 0.00290359 0.00290359 0.0029363 91.4669 0.0029036 0.0029036 0.00290359 0.00290362 0.00290362 0.0029036 0.00290684 0.00290359 0.0029036 0.00302231 0.00290366 0.0029036 0.0029036 0.0038297 0.00290369 0.00290807 0.0029036 0.002906 0.0029036 0.00292854 0.00290359 0.00290364 0.0029085 0.002915 0.0029036 0.0029036 0.00290359 0.0029036 0.00291628 0.0029042 0.0029036 0.00290875 0.00290359 0.0029036 0.00290434 0.00290374 0.00291787 0.00290364 0.00302232 0.0029036 0.00290373 0.00291116 0.00290491 0.00299716 0.00290363 0.0029038 0.00290455 0.00291192 0.00291366 0.00290373 0.00290359 0.00329342 0.00290372 0.00290359 0.00290361 0.00290361 0.00291008 0.0029036 0.00290388 0.00290453 0.00290422 0.00290359 0.00290404 0.00290359 0.00290828 0.0029036 0.00291061 0.0029036 0.00290359 0.00290421 0.00567683 0.00290359 0.00303033 0.00290372 0.0029036 0.00294227 0.00296545 0.0029036 0.00421056 0.00290578 0.00290359 0.0029036 0.0029036 0.00292598 0.00290368 0.00290359 0.00290359 0.00290371 0.00290361 0.00290368 0.0029036 0.00290435 0.00290359 0.00294648 0.0029064 0.00292923 0.00290359 0.00290386 0.00345407 0.0029036 0.00290362 0.0029036 0.00290359 0.00293901 0.0029036 0.00290361 0.00300256 0.00290608 0.00290378 0.0029036 0.00313296 0.0029036 0.0029036 0.0029036 0.0029036 0.00290359 0.00292276 0.0029036 0.00290359 0.00293969 0.00290368 0.0029036 0.0029036 0.00290376 0.00290361 0.00290361 0.0029036 0.0029036 0.00291026 0.00293056 0.00297471 0.00324278 0.0029036 92.5527 0.00290359 0.00290359 0.00290362 0.00291043 62.2732 0.00297965 0.0030852 0.00294278 0.00290505 0.0029036 0.0029036 0.0029036 0.00290359 0.0029036 0.00293366 0.00290359 0.0029037 0.00291424 0.00295278 107.98 0.0029036 0.0029036 0.0029036 0.00291893 0.0029262 0.00290385 0.00290362 0.0029036 0.00290738 0.0029036 0.00290763 0.0030036 0.00290431 0.00291614 0.0029036 88.9589 0.00290359 0.0029036 0.0029036 0.00290359 0.0029036 0.0029036 0.00292136 0.00293352 0.0029036 0.00290361 0.00290412 0.0029036 0.0029036 0.00731149 0.00290548 0.00294331 0.0029036 0.00290373 0.0029036 0.00290359 0.00290359 0.0029036 217.324 0.00290633 0.0029036 0.0029036 0.00290468 0.0029036 0.00290377 0.00290361 0.0029036 0.00290363 0.00308565 0.00297504 0.00383701 0.0029036 0.0029036 0.0029036 0.00290774 0.00290399 0.00290359 0.00297182 0.00340478 0.0029036 0.0029036 0.00290359 0.00621389 0.00290844 0.0029036 0.00290388 0.00290595 0.0029036 0.00292721 0.0029036 0.0029036 0.00290412 0.0029036 0.00290359 0.0029036 0.0029996 0.003223 0.00290359 0.0029036 0.00290359 0.0029036 0.00292312 0.0029043 0.00290453 0.0029036 0.00294228 0.00290545 0.00290359 0.00292903 0.00297453 0.00295361 0.00290924 0.0029036 0.00290359 0.0029036 0.00291444 0.0029036 0.0029036 0.00290359 0.0029036 0.0029036 0.0029036 0.00292151 0.00290387 0.00295509 0.0029036 0.00290382 0.0029036 0.0029036 0.00291018 0.0029036 0.00290513 0.00290473 0.00297404 0.0029036 0.00290434 0.00290362 0.00290359 0.0029037 0.00290368 0.0029036 0.00290359 0.00290369 0.00290368 0.00290424 0.0029036 0.00290359 0.00292547 76.8223 0.00290372 0.00290385 0.0029036 0.0029036 0.0029406 0.00290359 0.00290361 0.00290359 0.00290359 0.00290361 0.0029036 0.00290359 0.00290378 0.00290366 0.00308904 0.00361111 0.0029036 0.00290455 0.0029036 0.00291848 0.00290367 0.00290542 0.0029036 0.00325065 0.00290359 0.00290364 0.00290359 0.00290359 0.00290359 0.0032132 0.00290359 0.00290359 0.0029036 0.0029057 0.0029036 202.08 0.00290359 0.0029036 0.00294555 0.00290359 0.0029036 0.00290359 0.0029036 0.0029036 0.00290359 113.613 0.00323841 0.00290378 0.00290359 0.0029036 0.00294915 0.00290359 0.00291458 0.0029036 0.00290645 0.00290369 0.0029036 0.0029036 0.00291122 0.0029041 0.00290361 0.00290359 0.00290464 0.00290407 0.0029036 0.00290364 0.0029036 0.00291325 0.00291959 41.1598 0.0029036 0.00290376 0.00293598 0.00292647 0.00291094 0.0029036 0.00290499 0.00290372 0.00290363 0.00290377 0.00292128 0.0029036 0.00297981 0.0029036 0.00290359 0.00290359 0.00290359 0.00290359 0.00303846 0.00302628 0.0029036 0.0029036 0.00293372 0.00290362 0.00291139 0.0029036 0.00299211 0.00290386 15.3509 0.00290372 0.00290359 0.00290427 0.0029036 0.0029036 0.00290361 0.00291263 0.00290442 0.00290924 0.00290702 0.0029036 0.00290747 0.00290359 0.00290396 0.00299205 0.00290607 0.00290373 0.00290419 0.00290359 0.00290372 0.00290359 0.00290375 0.00290359 0.0029036 0.00290359 0.0029036 0.00290397 0.00290364 0.00290359 0.00290359 0.0029036 0.00290359 0.00290364 0.00290359 0.0029036 0.0029036 0.00290762 564.088 0.00290549 0.00293716 0.00290365 0.00290588 0.00290359 0.00290365 0.00290368 0.00290359 0.0029036 0.00290359 0.00304976 0.00290359 0.0029036 0.0029036 0.0029036 0.0029036 0.00290359 0.00290359 0.00292078 468.172 0.00290359 0.00290492 0.00720396 0.0029036 0.00291062 0.00290389 0.00290362 0.00290432 0.00290365 0.00291656 0.00290639 0.00290359 0.0029036 0.0029036 0.0029036 0.00290495 0.00290681 0.00290507 0.00315188 0.0029036 0.0029036 0.0029036 0.0029265 0.0029036 0.00290359 0.00290359 0.00290497 103.313 0.0029036 0.0029036 0.0029046 0.0481865 0.00293026 0.0029037 0.00293517 0.00293164 0.0029036 0.00290363 0.00290381 0.00290511 0.002921 0.00290366 0.00291223 4.13132 15.9732 0.0029036 0.0033241 0.0029798 0.00298366 0.0029036 0.0029036 0.00290437 0.00290367 0.00290359 0.00298801 0.00290637 0.0029036 0.00290361 0.0029038 0.00290367 0.00292071 0.00290929 0.00292463 0.0029036 0.00293037 0.00290359 0.00290762 0.00290438 0.00294658 0.0029036 0.00293047 0.00290359 0.00290376 0.00290375 0.00292885 0.00292639 0.00294749 0.00295345 0.0029036 0.00292003 0.00290415 0.0029036 0.0029114 0.00290419 0.00290359 0.0029036 0.00292068 0.00295402 0.0029036 0.0029036 0.00290375 0.0029036 0.00290893 0.00290359 0.0029036 0.00290362 0.00290359 0.00290361 0.00292135 0.00290454 0.00290364 0.00290601 0.00290795 0.00290367 0.00290359 0.00290365 0.0029036 0.0029036 0.00293974 0.0029036 0.00290637 0.0029037 0.00290359 0.00290359 0.00297368 0.00290359 0.00291332 0.0029036 0.00290359 0.00293216 0.00290674 0.00290359 0.00328731 0.00291951 0.0029036 0.00290385 0.00290361 0.00290359 0.0029036 0.00296052 173.637 0.0029036 0.0029143 0.00296545 0.00291247 0.00296818 0.00297052 0.00311346 0.0029036 0.00290626 0.0029036 0.0029051 0.0029036 0.00290359 28.7507 0.00290364 0.00294948 0.00291825 0.00290691 0.00314036 0.00291806 0.00300727 0.00290457 0.00290359 0.00290359 0.0029036 0.00293174 0.00294247 0.00290359 0.0029036 0.00290359 0.00300558 0.0029036 0.0029036 0.0029036 0.00290359 0.00290359 0.00290393 0.00290362 0.0029036 0.00290392 0.00290359 0.0029036 0.00290359 0.00291509 0.0029036 0.0029036 13.3893 58.758 0.0029657 0.00290361 0.00290363 0.00290359 0.0029036 0.00290492 0.0029036 0.00290374 0.00290359 0.00302924 0.00290359 0.00290367 0.00290359 0.0029036 0.0029036 0.00290359 0.00297142 0.00290414 0.00295304 0.00321998 23.9479 0.00290375 0.00292515 0.00291593 0.00290359 0.0029036 0.00293051 0.0029036 0.0029036 0.0029036 0.0029047 0.0029036 0.00290359 0.00290359 0.00290359 0.00290359 0.0029036 0.0029036 0.00290694 0.0029036 0.0029036 0.0029036 0.0029036 0.0029062 0.00290359 0.0029036 71.373 0.00294076 0.0029036 0.0029036 0.00290364 0.0029036 0.00290359 0.00522442 0.00290365 0.00290366 0.00290689 0.00290688 60.9394 0.00291598 0.00294356 0.00290362 0.0029036 0.0029036 0.0029036 0.0029103 0.00290359 0.00351144 0.00314653 0.0029036 0.0029036 0.0029302 0.0029038 0.00290359 0.003342 0.00307924 0.00290385 0.00290394 0.00290967 0.0029036 0.0029036 0.0029036 0.00295583 0.00290371 0.00290432 0.0029036 0.0029036 0.00297364 0.0029037 0.00303274 0.00297429 0.0029036 0.00292383 0.00290359 0.00290359 0.00290359 0.0029036 0.00290584 0.00357794 0.0029036 0.00298638 0.00290359 0.00303837 0.0029036 0.00292677 0.00291337 0.00290362 0.0029036 0.0029036 0.0029036 0.00290359 0.00292947 0.002912 0.00310267 0.00290359 0.00290365 0.00290359 0.00290718 0.00290407 0.00290359 0.00297517 0.0029161 0.00291346 0.0029036 0.00290361 0.0029036 0.00290384 0.00291783 0.0031296 0.0029036 0.00290359 0.00290359 0.00291336 0.002954 0.00290462 0.00290359 0.00290359 0.00300053 43.7531 0.0029036 0.0029036 4.0264 0.00290366 0.00290359 0.00299587 0.00290363 0.0029036 261.548 0.0029036 0.0029036 0.0029036 0.00290409 0.00290359 0.0029036 0.0029036 0.00291443 0.00290766 0.0029036 0.00290363 0.00290373 0.00290534 0.0029036 0.00290581 0.0029036 0.00307366 0.0029036 0.00290359 0.00290359 0.00290508 0.00290359 0.00290359 0.00297537 0.0029036 0.00295385 0.00291239 0.0029036 0.0029036 0.00314522 0.00290359 0.0029036 0.00290434 0.0029036 10.0778 0.00290361 0.0029038 0.0029164 0.00290359 0.00290704 0.00291225 0.0029075 0.0029074 0.00290384 0.0029036 0.00290359 0.00290359 0.0029036 0.00291517 0.00290359 26.5513 0.00290364 0.0029036 0.00319954 0.00290423 0.00291874 0.00295317 0.00290359 0.00290568 0.00292147 0.661866 0.0029036 0.00290359 0.0029036 0.00290359 0.0029254 0.0029133 0.00290426 0.00299638 0.00290649 70.3284 0.00297638 13.2645 0.00290359 0.0029036 0.00290361 0.0029036 0.00291055 0.0029036 0.0029348 0.00290375 0.0029036 0.0029036 0.00290372 0.0029036 0.0029036 0.0029036 0.0029036 0.00290359 0.0029036 0.0029036 0.00290372 0.00293494 0.00290359 0.00291512 0.00290371 0.0029036 0.00290777 0.0029036 0.0029094 0.00290644 0.00290359 0.0029036 0.00290372 0.00292044 0.0029036 0.00290359 0.00295757 0.0029036 0.00290359 0.00290375 0.00290371 0.00291081 0.0029036 0.0029036 0.00290562 0.00290359 0.002913 0.00290359 0.00290359 0.00291321 0.00290359 0.00295966 0.00308602 0.00290396 0.0029036 0.0029036 0.0029036 0.0029036 0.00290802 33.1803 0.00290361 0.00290403 0.0029036 0.00292761 0.0029036 0.0029036 0.00314221 0.00290359 0.0029036 0.0029036 0.00290607 0.0029036 0.00313665 0.00290367 0.00291705 0.00290573 0.00293342 0.00290397 0.00841958 0.00290359 0.00291453 0.00290603 0.0029036 0.0029036 0.00292451 0.00295893 0.00290359 0.0029052 0.00290362 0.0029036 0.00291462 0.0029036 0.00290363 0.00290359 0.00290362 0.00290398 0.00290378 0.0029037 0.00291086 0.00290359 0.00290423 0.00293122 0.0029916 0.0029036 0.00291629 0.00290359 0.0029036 0.00290362 0.00291124 0.0029039 0.00302435 0.0029036 0.00290361 0.00290462 0.00290359 0.00302885 0.0029043 0.00290359 0.00295832 0.00290425 0.00290359 0.0029036 0.0029036 0.0029036 0.0029036 0.0029036 0.0029036 0.0029036 0.00295704 0.00290366 0.0029036 0.0029286 0.0029036 20.5845 0.00398287 0.0029036 0.00290416 0.0029036 0.0029036 0.00290359 0.0029036 0.00290359 0.0029036 0.00292545 0.0029036 0.00290359 0.00290366 0.00290368 0.00290359 0.00296307 0.00294813 0.00290363 0.00290399 0.0029036 0.00290359 0.0029036 0.0029036 0.0029036 0.466476 463.78 0.00290424 0.0029036 0.0029036 0.0029036 0.00290359 0.00301345 0.0029036 0.00290364 0.00308568 15.2837 0.00290359 0.0029036 0.00290384 0.0029337 0.00310372 0.00290365 0.00290359 0.00290361 0.00290414 0.00295905 0.0029036 0.00290359 0.00290359 0.0029036 0.00290394 0.00299314 1.6038 0.0029036 41.3201 0.0029047 10.7695 0.00305029 0.0029037 0.0029036 0.00290359 98.9199 0.0029036 0.00291383 0.0029036 0.00290359 0.00290669 0.00290378 0.00290468 0.00291279 0.0029036 0.00290362 0.00290359 0.0029036 0.0029036 0.00292088 0.0029036 0.0029036 0.00290529 0.00296309 0.0029036 0.0029036 0.00290621 0.00290362 0.0029036 0.00292665 0.0029036 0.0029036 0.0029036 0.00290606 0.0029036 0.0029036 0.00290361 0.0029036 0.00290364 0.00290365 0.00290359 0.0029202 0.0029036 0.00302232 0.00290359 0.00290359 0.00290359 0.0029036 0.00290377 0.0029036 0.00290367 0.00290359 1.97838 0.00290378 0.0029036 0.00290365 0.00290395 0.0029036 0.00319954 0.00290368 164.377 0.0029036 0.00290359 0.00290607 0.00290363 0.00290359 0.00290359 0.0029036 0.0029036 0.0029036 0.00290362 0.0029036 0.00293486 0.00290359 0.0029036 0.00290368 0.0029036 0.00290359 28.2679 0.00290359 0.00291083 0.0029036 0.0029036 0.0575933 0.00290359 0.0606395 0.00290375 0.00290359 0.0029039 0.0029036 0.0029036 0.0029036 0.00290359 0.0029036 0.00297989 0.00290396 0.00290359 0.00290359 0.00290923 0.0029036 0.00290359 0.00290359 0.00290493 0.00290359 0.00295151 0.00290458 0.0029036 0.00290372 451.25 0.00291757 0.00290396 0.00290394 0.0029036 0.0029036 0.00291852 0.00290439 0.0029036 0.00291096 0.00300277 0.00291344 0.0029036 0.00291092 0.00291062 0.00290362 0.0029036 0.0029036 0.0029036 0.00291961 0.0029036 0.00304656 0.00307747 0.00290515 0.00290364 0.0029113 0.00290359 0.00290359 0.0029036 0.00290359 0.00290359 0.00291051 0.00290383 0.00517117 0.00290359 0.00300769 0.00290359 0.0029036 0.00290808 0.00290359 0.00290438 0.0029036 0.0029036 0.00302998 0.00290379 0.0029036 0.0029036 0.0029036 0.0029036 0.00292095 0.0029036 0.0029036 0.00290368 0.00294597 0.0029036 0.00290512 0.00295514 0.00292618 0.00290369 0.0029036 0.0029036 0.0029036 0.00302544 0.00304167 0.0029036 0.00290359 0.00290383 0.00290606 0.00294242 0.00290359 0.00290359 0.00290359 0.00290363 0.00291998 0.00307527 0.00290362 0.00290365 0.0029036 0.00294269 0.0029036 0.0029036 0.0029036 0.0029036 0.00290359 0.00297691 0.0029036 0.00293101 0.0029036 0.0029036 0.00290863 0.00290359 0.00293839 0.00290363 0.0029036 0.00296626 0.00295452 0.00290359 0.0029036 0.00291987 0.00290361 0.0029056 0.00290359 0.00290968 0.0029036 0.00293596 0.0029036 0.00290359 1023.78 0.00291184 0.00290359 0.0029036 0.00290516 0.00290359 0.0029036 0.0029036 0.00290543 0.00299888 0.00290361 15.7071 0.00290578 0.0029036 0.00290683 0.00290359 0.00290359 0.0029036 0.00290371 73.7815 45.0977 0.0029036 0.00293409 0.00290788 0.0029036 0.0029176 0.00290359 0.00290359 0.0029036 0.00290361 0.049218 0.00290361 0.0029036 0.0029036 0.00290359 0.0029036 0.00290385 0.0029036 0.0029036 0.00290359 0.00290359 0.00290478 0.00308616 112.365 0.00290359 0.00291798 0.00308795 0.0029036 0.0029036 0.00290359 0.0029036 0.00291716 0.00322087 0.0029036 0.0029036 0.0029036 15.48 0.00292959 0.00291772 0.0029036 0.0029036 0.00303691 0.00290399 0.00290507 0.00504941 0.00290363 0.00290359 0.00290359 0.00291584 0.0029036 0.0029036 0.00296757 0.0029036 0.0029043 0.0029036 0.00305152 0.00290364 0.0029036 501.299 0.00293902 0.00290983 0.00290831 0.00290402 0.00292516 0.0029036 0.0029036 0.00290359 0.0029036 0.00307482 0.0029036 0.0029037 0.00291436 0.00290436 0.00290737 0.0029036 0.0029036 0.0029036 0.00290359 0.0029036 0.00299341 0.00290359 0.00290359 0.0029159 740.27 0.0029036 0.0029036 0.0029036 0.00379983 0.00290362 0.00290359 0.00290389 0.00291412 0.00290365 0.0029341 0.00290462 0.00290361 0.00293302 0.00290502 0.0029036 0.0029036 0.0029036 0.0029036 0.0029036 34.3075 0.0029036 0.00290375 0.00290465 0.0029036 0.00290376 0.00366919 0.0029036 0.00290414 0.002912 0.0029036 0.00290435 0.00294171 0.0029036 0.0029037 0.0029036 0.0029064 0.0029145 0.00290365 0.0029036 0.00290359 0.0029036 0.0029036 0.00290825 0.00294939 0.00290366 0.00290369 108.219 0.00291074 0.00300229 0.00290468 0.0029036 0.00290403 0.0029036 0.00290394 0.0029036 0.00290359 0.0029036 0.0029036 0.00294115 0.00290598 0.0029036 0.00298288 0.0029036 0.00293216 0.00290361 0.0029036 0.0029036 0.0029036 0.00290394 0.00290377 0.00290372 0.0029036 0.0029036 0.00290359 0.0029036 0.0029036 0.00292081 0.00290972 0.0029036 0.00293128 0.0029036 0.00290368 0.00290382 0.00298409 0.00290363 0.00290359 0.00290361 0.00290359 87.5961 0.00290359 0.00290386 0.0029036 0.00290375 0.00290362 0.00294836 0.00290359 0.0029036 0.00290366 0.00291334 0.0029036 0.0029123 0.003049 0.00290359 0.0029036 0.0029036 0.0029036 0.00290359 0.0029036 0.00290374 0.0029925 0.0029036 0.00290416 0.00290359 0.00290359 0.0029074 0.0029036 0.00376004 0.0029036 0.00292198 0.00290359 0.0029036 0.00290511 0.00290951 0.00290364 0.00309895 0.0029036 0.00291102 0.00296355 60.1237 0.00290359 0.00290362 0.0029036 0.00290842 0.00338175 0.00290361 0.00290359 0.00290363 0.0029036 0.0029036 0.0029036 0.0029036 0.0029466 0.00290387 0.0029036 0.00290359 0.00290359 0.00290359 0.0029036 0.00293306 0.00290377 0.00290362 0.00290398 0.0029036 0.00290368 0.0029036 0.00290359 0.00290413 0.00290361 0.00291419 0.0029036 0.00290359 0.00295428 0.00308765 0.0029036 0.0029036 0.00290656 0.00290407 0.0029036 0.00294796 0.0029036 0.0029036 0.00290416 0.00290896 0.00290359 0.0029036 0.0029036 0.00290359 0.0029036 53.2894 0.0029036 0.0029036 0.0029046 0.0029036 0.0030545 0.0029036 0.0029036 0.00291277 0.0029435 0.00291125 0.0029036 0.00293449 0.00295383 0.00297681 0.0029036 0.0029036 0.00290359 0.0029036 0.0029355 0.0029036 0.00305163 0.0029036 0.00295201 0.0029036 0.0029036 0.0029036 0.002906 0.00290362 0.0029036 0.0029036 0.00290359 0.0029036 0.0029036 0.0029036 0.00290366 0.00292922 0.0029036 0.00290441 0.00387955 0.00290386 0.0029036 0.0029036 0.0029036 0.00290362 0.00290379 0.00290364 0.0029036 0.0029036 0.00290637 0.0029036 0.0029391 20.8364 0.00290364 0.00290359 0.0029036 0.0029036 0.00290359 0.0029036 0.00290391 0.0029036 0.00292988 0.00294512 0.00290374 0.0029036 0.0029036 0.0029036 0.00290367 0.00582717 0.00290359 0.00290359 0.00290361 0.00300507 0.00290488 0.00290702 0.0029036 0.00292676 0.00290451 0.0029036 0.00290359 0.00290372 0.0030173 0.0029036 0.00290359 870.795 0.00290383 0.00372434 0.00292801 0.0029036 0.00290552 0.0029036 0.0029036 0.002927 0.00290359 0.00290359 0.00290374 11.0857 0.00290617 179.44 0.0029036 0.0029036 0.00293471 0.0029036 0.0029036 0.00290373 0.002904 0.0029036 0.00290767 0.0029036 0.00291151 0.0029036 0.00290364 0.0029036 0.0029036 0.00290359 0.00290359 0.0029036 0.0029036 0.00290495 0.00290375 0.0029036 0.00290359 0.00495525 0.0029036 0.00300644 0.0029036 0.0029378 0.0029036 0.0029036 0.00290374 0.00297084 0.00290409 0.0029036 0.0029036 0.00290359 0.00290383 0.00308777 0.00290466 0.00290359 0.0029036 0.0029036 0.00291118 0.00290441 0.00290564 0.00290414 0.00290359 0.00290366 55.0492 0.00308294 0.0029036 0.00294225 0.0029036 0.00292002 0.00296248 0.00290396 0.00292664 19.3013 0.0029036 0.0029036 0.00290359 0.00290359 0.00290652 0.00290463 0.00291822 0.0029036 0.0029036 56.4215 0.0029036 0.00290529 0.0029036 0.00294102 0.00290359 0.0029036 0.00290359 0.0029036 0.00290527 0.00290359 0.00290372 0.0029036 0.0029036 0.00317529 0.00290525 0.0029036 0.0029036 0.0029036 171.679 0.00334712 0.00291916 0.0029036 0.0029651 0.00290406 0.00361541 0.00290362 0.00297643 0.00290364 0.00498558 0.00291585 0.00290393 0.0029036 0.00290374 0.00290364 0.00320954 305.338 0.00292522 0.00290722 0.0029036 0.00290393 0.0029036 0.00290785 0.0029036 0.00290359 0.00306418 0.00328368 0.00291045 0.00290359 0.00308029 0.00290373 0.00300134 0.0029036 0.00292303 0.00290359 0.00290769 0.00290365 0.00290366 0.00290361 0.00290359 0.0029036 0.00290763 0.00293823 0.00290368 0.0029036 0.002912 0.00290359 0.00316236 0.00290359 0.0029036 0.0029036 0.0029037 0.00290359 0.00291718 0.00294433 0.0029036 0.00290365 0.00291466 0.0029036 0.0029036 0.0029036 0.0029036 0.00292437 0.00294285 0.0029036 0.0029036 0.00295368 0.0029036 0.0029036 0.00290687 0.00290446 0.00290361 0.00290372 0.0029038 0.00290369 2.01083 0.00290371 0.00290359 0.0029036 0.00290362 0.00290446 0.0029036 0.00290457 45.9367 0.00290368 0.0029036 0.0029036 0.0029036 0.0029036 0.00290359 0.00290728 0.0029036 0.00290359 0.0029036 0.00290361 0.00290359 0.0029036 0.00290359 0.0029036 31.3727 0.00291913 0.00291871 0.0029036 0.0029036 0.00292093 0.00290362 0.00292201 0.0029036 0.0029036 0.00290996 0.0029036 0.0029037 0.00290359 0.00292643 49.3147 0.00294946 0.0029036 0.00290393 0.00290359 0.00290366 0.0029036 0.0029036 0.00290397 0.00290359 0.00290362 67.4381 0.00291279 0.0029036 0.00290359 0.0029036 0.00297158 0.0029036 0.0029036 0.00290359 0.00290362 0.00298444 0.00290576 0.0029036 0.00290389 0.0029036 0.0029036 0.0029338 0.00290385 0.00290372 0.00307913 0.00290361 0.00290359 0.00290361 0.00290509 0.0029036 0.0029036 0.00300062 0.00329285 0.00307654 40.0697 0.00290475 0.00290375 0.00290507 0.00290501 0.0029036 0.0029036 0.00290359 0.0029036 0.00290751 0.00307563 0.00290363 0.00290364 0.0029036 0.00293981 0.00290972 0.00290389 0.00290485 0.0029036 0.00314348 0.00290576 0.0029036 0.0029036 0.0029036 0.0029036 0.00290363 0.00290366 0.00291224 0.0029036 0.00294429 0.0029036 0.0029036 0.00296261 0.00290369 0.0029036 0.0029036 0.00297007 0.00294151 0.0029036 0.0029036 0.00290364 0.0029036 0.0029036 0.0029036 0.0029036 0.0029036 0.0029036 0.00290389 0.0029036 0.00290372 0.00290946 0.00293478 0.00290379 0.00299675 0.0029036 0.00290359 0.00290381 0.00290359 0.0029036 0.00290359 0.0029036 0.00315355 0.00290359 0.0029042 0.00290359 0.00290359 0.0029036 0.0029036 0.0029036 0.00291468 165.146 0.0029036 0.00290365 0.0029036 0.00305155 0.00295786 0.0029036 0.0029036 10.2792 0.00290379 0.00290564 0.0029036 0.0029036 0.00295049 0.0029036 0.0029036 0.0029036 0.00290359 0.0029036 0.00295136 0.00290359 0.0029036 0.00290463 0.002953 0.00290359 0.0029036 0.0029036 0.0029036 0.00295858 0.0029036 0.0029036 0.0029036 0.00290362 0.0029036 0.00290364 0.0029036 0.0029036 0.00350675 754.209 0.00291429 0.00290566 0.00290359 0.0029036 0.0029036 0.0029036 0.0029036 0.00292654 0.0029036 4.31232 0.0029036 0.0029036 0.00290359 0.00308708 358.796 0.00290576 0.0029036 0.00290359 0.0029036 0.00290495 0.00293524 0.0029036 0.00290361 0.0029036 0.00290381 0.00290359 0.00290395 0.00300355 0.00290402 0.0029036 0.0029036 0.0029036 0.00290382 0.00290359 0.00290359 0.00290359 0.00290359 0.00291308 0.00291436 0.00295068 0.00290359 0.00290724 0.0029036 0.0029174 0.00290413 0.0029036 0.0029036 118.963 0.00292281 0.0029036 0.00290359 0.0029036 656.883 0.00290359 0.00290359 0.00299522 0.0029036 0.00309931 0.00290391 0.00674765 0.0029063 0.00290364 0.00290364 0.0029036 0.00290373 0.00290477 0.0029036 0.00291869 0.00290433 0.0029036 0.00290359 0.00290359 0.00290359 0.00290359 0.00290359 0.00290359 0.00291824 0.00292905 0.0029036 0.0029036 0.00290528 0.00290359 0.0029036 0.00290567 0.0029036 24.2442 0.00292484 0.00290364 0.00290842 0.0029036 0.0029036 0.00290372 0.0029036 0.0029036 0.0029036 0.0029036 0.00290359 0.0029036 0.00290743 0.0029036 0.0029041 0.0217482 0.00301067 0.0029036 0.00290364 0.00290359 0.0029036 63.0683 0.0034669 0.0029036 0.00290359 0.00290359 0.00290464 0.0029036 0.00290438 0.0029036 0.00290359 0.00290359 0.00290359 0.0029036 0.0029036 0.00297226 0.00290359 0.00294426 0.00290359 0.0029704 0.00290388 0.00292704 0.00294981 0.00290359 0.00290359 0.0029052 0.00293131 0.00290371 0.0029036 0.00317145 0.0029036 0.00290362 0.00290903 0.0029036 0.0029036 0.00290359 0.0029036 0.00292367 0.00291945 0.00290372 0.00290359 0.00294214 0.00290904 0.0029036 0.00299655 0.0029036 0.00290359 0.0029036 0.00308921 0.00290867 0.00290359 0.00290371 0.00364098 0.0029036 0.00290359 0.00290362 0.00290501 0.00291104 0.00290613 0.00290362 0.00296292 0.00290359 0.00290359 0.00293476 0.00290447 0.00290367 0.00290362 0.0029036 0.0029036 0.0029036 0.00290404 0.0029036 0.00290361 0.00290369 0.00290385 0.00290385 0.00290359 0.00290359 0.00300699 0.0029036 0.00290362 0.00290369 0.00319954 0.00295924 0.0029036 0.00290641 0.00290359 0.00290359 0.0029036 0.002904 0.00302608 0.00290368 0.0029211 0.0029036 0.0029036 0.0029036 0.00290362 0.00290663 0.0029036 0.00290359 0.00292812 0.00290361 0.00290359 0.00290872 0.00293027 0.00290359 0.00290359 0.00290372 0.00290372 0.0029131 0.00290361 0.00290386 0.00308573 0.0029036 0.00294414 0.00334143 0.00299937 0.00290367 0.00294038 0.00447357 0.00293759 0.00548754 0.0029036 0.00290361 0.00291449 49.3912 0.0029093 0.0029036 0.00290368 0.00296913 0.0029036 0.00290361 0.00290403 0.00294036 0.00292656 0.0029036 0.00293014 0.00290365 0.00320651 0.00296257 0.00294664 0.00290519 0.0029036 0.0029036 0.00290449 0.00290359 0.00293448 0.00291837 0.0029036 0.00291254 0.0029036 0.00290951 0.00290359 0.00295156 0.00290359 0.0030194 576.108 0.00305263 0.0029036 0.002933 0.00291701 0.00290952 0.0029036 0.0029176 0.0029036 0.0029036 0.00290359 0.00291563 0.0029036 0.00290563 0.0029036 0.00290371 0.0029036 0.0029036 0.00290359 16.2593 0.0030071 0.00296752 0.00291335 0.00290367 0.0029036 0.00290359 0.00295068 0.00291803 0.00290819 0.0029036 0.00290363 0.00290372 0.00290427 0.00292982 0.00298085 0.00290361 0.00290453 0.00290359 0.0029036 0.00290394 0.00291928 0.00290375 0.0029036 0.0029036 0.00290361 0.00290359 0.0029036 0.0029036 0.0029036 0.0029036 0.00290361 0.0029036 0.0029036 0.00301541 0.00301894 0.0029036 0.0029036 0.00290374 0.00290684 0.002904 0.0029036 0.00290365 0.0029036 0.00290359 0.0029036 19.9463 0.00290371 0.00290359 0.0029036 0.0029036 0.00306931 0.00401989 0.0029227 0.0029036 0.0029036 0.0029036 0.0029036 0.00290359 0.00294882 0.00290359 0.0029036 0.00296169 0.00290368 0.00290412 0.0029036 0.00290734 0.0029036 0.00582714 0.0029036 0.00291529 0.0029036 0.00290359 0.00290359 0.00290662 0.0029036 0.00303582 0.00290361 0.00290412 0.0029036 0.0029036 0.00290359 0.00290359 0.00290359 0.0029036 0.00290359 0.003119 0.00290388 0.0029036 0.0029066 0.0029036 0.00290359 0.00290359 0.00291773 0.00291579 0.0029036 0.00290359 0.00290379 0.00290368 0.00291226 0.00290379 0.00296545 0.00290383 0.00290359 0.0029036 0.0029036 0.00290365 0.0029036 0.00311231 0.00291692 0.00290359 0.00290359 0.0029036 0.00290359 0.00290359 0.00290365 0.0029036 0.00290502 0.0030378 0.00290364 0.0029036 0.00290378 0.0029272 0.0029036 0.00290359 0.00621359 113.068 0.00313637 0.0029036 0.00290363 0.0029036 0.0029036 0.0029048 0.00290359 0.0029036 0.00290369 0.00297414 0.00291217 0.0029036 0.00290657 0.0029068 0.00290365 0.00290375 0.0029036 0.00290396 0.00291298 0.0029036 0.0029036 0.0029036 0.0029036 0.813474 0.0029036 0.0029036 0.00290359 0.0029036 0.00290365 0.00290366 0.00290572 0.00290364 0.0029036 0.0029036 0.00290359 0.00291795 0.0029036 0.00290359 0.0029036 0.00290857 0.00290374 0.00290604 0.00290488 0.00290361 0.0029036 0.0029036 0.0029036 0.00290361 0.00290399 0.00290359 0.00290359 0.0029036 0.0029036 87.642 0.00290646 0.0029037 0.0029036 0.0029036 0.0029036 0.00290359 0.00292779 0.00290368 0.0029036 0.00290361 0.0029036 0.00290359 0.00290364 0.00310953 0.00291259 0.002909 0.0029036 0.0029036 0.0029036 0.00290359 0.0029036 0.00290569 0.00290431 0.0029036 0.00290563 0.00290359 0.00290364 0.00290361 0.0029036 0.339606 0.00290988 0.00292807 0.0029036 0.0029036 0.0029036 0.00366212 0.0029036 0.0029036 0.00290359 0.0029036 0.0029036 0.0029036 0.0029036 0.00301244 0.00290359 0.00290359 0.0029036 0.00290465 0.0029036 0.00290362 0.00290359 0.00290982 0.00290448 0.0029036 0.00299214 0.0029636 0.00291214 0.00290696 0.00290362 0.0029063 0.0029036 0.00292008 0.0029036 0.00291078 0.00292065 0.0029036 0.00290442 0.00290359 129.399 0.00294116 0.0029036 0.00290359 0.00297461 0.0029036 0.00318246 0.0029036 0.0029036 0.00290359 0.0029036 0.00290369 0.00290359 0.00290814 0.00290593 0.0029036 0.00292841 0.00290525 0.0029036 0.0029036 0.0029036 0.0029036 0.00290943 0.00291443 0.0029036 0.0113719 0.0029036 0.0029036 0.0029036 0.00290564 0.00290359 0.00290359 0.00290458 0.0029516 0.0029036 0.00299223 0.00290505 0.00290371 0.00290387 0.00291406 0.0029036 0.0029036 0.00290359 0.00290364 0.00290362 0.00290361 0.0029036 0.221861 0.00290364 0.00290372 0.00290364 0.00303435 0.0029036 0.00290366 0.00290363 0.00290359 0.00290877 0.0029036 0.00290359 0.00290362 0.00290359 0.0029036 0.0029036 0.00292512 0.0029036 0.00290376 0.00301213 0.0029036 0.00290391 0.00291699 0.002904 0.0029059 0.00290369 0.0029036 0.00290369 0.00296815 0.00290361 0.00291349 0.00290359 0.00290359 0.0029036 0.0029036 0.0238745 0.00296362 0.00290721 0.00302993 1.41062 0.00290372 0.0796921 0.0029036 0.0029036 0.00290359 0.0029036 0.00291409 0.0029098 0.00290359 0.00290359 0.00290957 0.00693846 0.00290359 0.0029036 0.00290555 0.0029036 0.0054103 0.00294301 0.0029036 0.00301247 0.0029036 0.0029036 0.00290362 0.00290532 0.00290364 0.00294242 0.00355968 0.00296866 0.00291845 0.0029036 0.120015 0.00293632 0.00295182 0.00297311 0.00292243 0.00290359 0.00328978 0.0029036 0.00290365 0.00290359 0.0029036 0.00290359 0.00290361 0.00290359 0.00290359 0.00292142 0.00290912 0.368086 0.00291409 0.0029036 0.0029062 0.00290516 0.0029036 0.0029036 0.00290367 0.0029036 0.0029036 0.00293544 0.00293574 0.0029091 0.0029036 0.00290359 0.00311948 0.0029036 0.00290363 0.00291484 0.00290364 0.0029037 0.00647452 0.00290359 0.00290359 0.00297966 0.00290359 0.00294232 0.00290359 0.00290368 0.00292326 0.00290359 0.0029036 0.00290383 0.0029036 0.00290388 0.00399942 0.0029036 0.00290486 0.0029036 0.0029036 0.00293822 0.00304203 0.00290364 0.00290372 0.0029036 0.0029036 0.00303156 0.00290907 0.00295176 0.00290383 0.0030051 0.00290376 0.0029036 0.00290359 0.00290394 0.00290367 0.00295397 0.0029036 0.00290365 0.0029036 0.00290359 0.00290726 0.00290632 0.00333665 58.5755 0.00307066 0.00290359 0.0029036 0.00291451 0.021032 0.0029036 0.0029036 0.00298404 0.00290402 0.00290359 0.0029036 0.00290359 0.00291868 0.00290359 0.00290432 0.0029036 0.0029036 6.56763 0.00290915 0.00290365 0.0029036 0.0029046 0.0029036 0.0029036 0.0029036 0.00290361 0.00302573 0.0029036 0.00291104 0.00290359 0.00290359 0.0029036 0.00290396 0.00290389 0.0029036 0.00290392 0.0029036 0.00290359 0.00311513 0.0029036 0.00290359 0.0029036 0.0029036 0.00290359 0.00290516 0.0029036 0.00290364 0.0029036 0.0029036 0.0029036 0.00290361 0.0029036 0.0029036 0.00292618 0.0029036 0.00290743 0.0029036 0.0029184 0.00300345 0.0029036 0.0029036 240.018 0.00290363 0.00298265 0.00290359 0.00293292 0.00290361 0.00290485 0.00290367 0.0029036 0.00290388 0.00290376 0.0029919 0.0029036 0.00290371 0.00290844 0.0029036 0.0029036 0.00290424 0.0029036 0.00290634 0.0029036 0.0029036 0.00290359 0.00290359 0.00290364 0.00294706 0.00291843 0.0029036 0.0029036 0.00290359 0.00290368 0.00290359 0.00293309 0.00290453 0.00290359 0.00290508 0.0029036 0.0029036 0.0029036 0.00290359 0.0029176 0.0029036 0.0029036 0.0029036 0.00290867 0.00290359 0.00290525 0.00290359 0.0029046 0.00290397 0.00290359 0.0029036 0.00290372 0.0029036 0.00290359 0.00290617 0.00290362 0.0029036 0.00296054 0.0029036 0.00290359 0.00292314 0.0029036 0.0029036 0.00308747 0.00290815 0.0029036 0.455119 0.0029036 0.00297129 0.00291204 0.00299255 0.00290359 0.00290359 0.00290365 0.0029037 0.00290361 0.00290359 0.00290359 0.00290367 0.0029036 0.00290412 0.0029756 0.00290777 0.0029036 0.00290359 0.00292013 0.0029036 0.00290368 0.00290361 0.00290373 0.0029036 0.0029036 0.00290359 0.0029036 0.0029036 0.00290381 0.0029036 0.00299108 0.00294707 0.00290363 0.00290359 0.00290676 0.00290359 0.00310695 0.00290359 0.0029036 0.00290487 0.0030008 0.00290359 0.00293191 0.0029036 0.00290359 0.00291565 0.00290862 0.0029036 0.0029036 0.00290359 0.00298227 0.00290359 0.0029036 0.0029036 0.00290406 0.0029036 0.00290359 0.00296423 0.00290359 0.0029036 0.0029036 0.00291298 0.00290359 29.7741 0.00290361 0.00290359 0.00290424 0.00290363 0.00290359 0.00304808 0.00291385 0.0029036 0.00290359 0.0029036 0.00290752 0.0455635 0.00290365 0.0029036 0.00291542 0.00290384 0.0029036 0.0029036 33.3264 0.00298788 0.17188 0.00290367 0.00291531 10.2795 0.00291052 0.002921 0.00290359 0.00290359 0.00290359 0.00290363 0.00290404 0.00290431 0.0029036 0.0029036 0.00290359 0.00290359 0.00290359 0.0029036 0.00290451 0.00291307 15.2637 0.0029036 0.0029036 0.0029036 0.00293868 0.0029172 0.00293133 0.00290363 0.0029036 0.00295638 0.00290359 0.00290362 1971.72 0.0029036 0.00293582 0.00290359 0.00290359 0.00290359 0.00290501 0.00310757 0.00290372 0.00291251 0.0029036 0.00290751 0.00290359 0.00290952 0.00290829 0.0029036 0.00290359 0.00295035 0.0029036 0.0029036 0.0029036 0.0029036 0.0029036 0.0029036 0.00296977 0.00290495 0.00290359 0.00300617 0.00350269 0.0029036 0.0029036 0.00290359 0.0029036 0.0029164 0.00290359 0.00290359 0.00290361 0.0029036 0.00290359 0.00290756 0.00290359 0.00290359 0.00290359 0.00377724 0.00290359 0.0029036 0.0029036 0.0029036 0.00290366 0.0029036 0.00290435 0.00290857 0.0029036 0.00290365 0.0029036 0.00290359 0.00293558 2128.17 0.0029036 0.0029036 0.00290359 0.00290359 0.0029036 0.00290361 0.00290473 0.00290633 0.0032673 0.0029036 0.0029036 0.0037631 0.00290359 0.00290784 0.00291484 0.0029114 0.00300501 0.00295577 72.7763 0.00291727 0.00290927 0.00290361 0.00315017 0.00290829 0.0029036 0.00290381 0.0029036 0.0029036 0.00292688 0.0029036 0.00290374 0.0029036 0.00290359 0.0029036 0.00290359 0.00290975 0.00290361 0.00381758 0.00290707 0.0029036 34.4189 0.00290359 0.00290508 0.0029036 0.00291918 0.00290359 0.00301687 0.00295937 0.00290544 0.00290359 0.0029036 0.00290362 0.00291932 0.00291631 0.00290359 0.0029036 0.00290359 0.0029036 0.0029036 0.0029036 0.00290359 0.00290359 0.00290359 0.0029036 0.0029036 0.00290359 0.0029036 0.0029036 0.00291504 0.0029036 0.0029036 0.00290359 0.0029036 0.00290961 0.00351176 0.00328402 0.00290359 0.00290359 0.00302441 0.0029036 0.00290359 0.00291892 0.00290378 80.2791 19.1109 0.00292537 0.00290359 0.00290389 0.00290359 0.0029036 0.00290475 0.00290816 0.0029361 0.00290482 0.0029036 0.00290359 0.0029036 0.00290431 0.00290529 0.0100917 0.0029036 0.0029036 0.00314405 0.00290546 0.0029036 0.00290365 0.00290376 0.0029036 0.00290359 0.0029036 0.00366298 0.0029038 0.00291225 0.0029036 25.4018 0.00290385 0.0029036 50.595 0.0029038 0.00290405 0.00301116 0.0029036 0.00292989 0.00290359 0.00290369 0.0029036 0.00290712 0.00290378 0.00293732 0.0029036 0.00319831 0.0029036 0.0029036 0.00290359 0.00290359 0.0029036 0.0029036 0.00290476 0.00290359 0.00290861 0.00290359 0.00292982 0.0029036 0.0029036 0.0029036 0.00290406 0.00290373 0.00291161 0.0029036 0.00290423 0.00290359 0.0029036 0.0029036 0.0029036 0.00290854 0.0029036 0.00290519 0.00302408 0.00292712 0.00290391 0.0029172 0.00290359 0.00290359 0.00293677 0.0029036 0.00290371 0.0029538 222.685 0.00296051 0.00290874 0.0029036 0.00290359 0.00290754 0.00290369 0.00290361 0.0029036 0.00290384 0.00290374 0.00336998 0.00296164 0.0029036 0.0029037 0.0029036 0.00290359 0.00290359 0.0029036 0.00290359 0.0029036 0.0029036 0.0029036 0.0029036 0.00290359 0.0462148 0.0029461 0.00311788 0.0029036 0.00299055 0.0029036 0.00290391 0.00290359 0.00290419 0.00290373 0.0029036 0.00290359 0.00293703 0.00291132 0.00290421 0.00290359 0.00290986 0.00291115 0.00290376 0.0031292 0.00290384 0.0029036 0.00290404 0.00290366 0.00305867 0.00290369 0.00290961 0.00290359 0.0029036 348.626 0.00290376 0.00290734 0.00290436 0.00290426 0.0029036 0.00292264 0.0029036 0.00299122 0.0029036 0.0029036 0.00290359 0.00290396 0.00290359 0.00290359 0.00290362 0.00290409 0.0029036 0.0029036 0.00290359 0.00290984 0.0029036 0.00292128 0.00290359 0.00296333 0.00290826 0.00290493 0.00293445 0.00290389 0.00290359 0.00291664 0.00290359 0.0029293 0.0029042 0.00292819 0.00295041 0.0029036 0.00295064 0.00290517 0.00290916 0.0029038 0.00290643 0.00290528 0.00290372 0.00290462 0.00291635 0.0029169 0.0029036 0.0029036 0.0029036 0.00290359 0.00290359 0.0029036 0.00290359 0.00294264 47.552 0.00290365 0.00290359 0.00292572 0.00292636 0.00292333 0.00290359 0.0029036 0.00290372 0.0029377 0.00290471 0.0029036 0.0029036 0.00290359 0.00296754 63.7751 0.00302298 0.00290359 0.00290359 0.0029036 0.00292032 0.00290377 0.0029036 0.00296184 0.00290386 0.00290377 0.00290913 0.0029036 37.7743 0.00293024 43.7242 0.00290359 0.00293584 0.0029036 0.0029036 0.0029036 0.00346861 9.36786 0.0029036 0.00290362 0.67129 0.00290359 0.00290367 25.7011 0.0029036 0.00290964 0.00290359 0.0029036 0.0029036 0.00292596 0.00361102 0.0029036 0.00293186 0.00290359 0.00292151 0.0029036 0.00290359 0.0029036 0.0029036 0.00290378 0.0029036 0.00290359 0.00290359 0.00290549 0.0029036 0.00290359 0.0029036 0.00290511 0.00298538 0.0029036 0.00290419 0.0029036 65.1608 0.00292239 0.00290581 0.00290765 0.00291532 0.0029036 0.00290362 0.0029036 0.00290629 0.0029036 0.002905 0.0029036 0.00290486 0.00294871 0.0029036 0.00290368 0.0029036 0.00293138 0.0029036 0.00290359 0.00290372 0.0029036 0.00294895 0.00297483 0.00317945 0.00302618 0.0029036 0.0029036 0.0029036 0.206795 0.0029276 0.0029036 0.00291296 0.00290423 0.00290375 0.00290359 0.0029036 0.00293975 0.00301787 0.00290359 0.00290849 0.00290368 0.00290359 0.0029049 0.00315852 0.00292678 0.00294404 0.0029036 0.00292269 0.00290383 0.00290359 0.00290478 0.0029036 0.0029036 0.00290359 0.00290359 0.00318978 0.00290359 0.0029036 0.00293449 0.00290359 0.0029036 0.00290673 227.943 0.00290366 0.0029036 0.00290359 0.00366651 0.00322326 0.0029036 0.00290591 0.00290414 0.0029036 0.0029036 0.0029036 0.00290526 0.00290361 0.00360606 0.00299816 0.00292125 0.0029036 0.00290455 0.0029036 0.00290365 0.0029036 0.00290359 0.00290359 0.0029036 0.0029036 0.00290362 0.00294002 0.0029036 0.00291304 0.0029036 0.00290369 0.0029036 0.0029036 0.0029036 0.0029036 0.00292443 0.00291408 0.00290484 0.00290359 0.00290359 0.00290359 0.00290359 0.0029036 0.00290359 0.00290361 0.00290429 0.0029036 0.0029036 0.00293006 0.0029036 0.0029036 0.00290359 0.00290361 0.00290755 230.506 0.00291498 0.00290359 0.0029566 0.0029036 0.00291174 0.00290422 0.0029036 0.0029036 0.00290359 0.00290364 0.00290996 0.00350276 0.0029036 55.5749 0.00290367 0.0029036 0.0029036 0.0029036 0.0029036 0.00290359 0.00290362 0.00309984 0.00291123 0.00290359 0.00294726 0.0029036 0.00290432 0.002904 0.00299163 0.00290361 0.00290421 33.1803 0.00405942 0.0029036 0.00293738 0.00291139 0.00291731 0.0029036 0.00290359 0.0029036 0.00291714 0.0029036 0.0029036 0.0029036 0.00290359 0.00290454 0.0029036 0.00290367 0.00290359 0.0029036 0.00290374 0.00309334 0.00290368 0.0029036 0.00290359 0.00291298 0.0029036 0.0029036 0.0029036 0.00290359 0.00290359 0.00290364 0.00290427 129.71 0.0029036 0.00294052 0.0029724 0.00290365 0.0029036 0.00290359 0.00290359 0.00290826 0.00290359 0.00290359 0.00292538 0.00290369 0.00290361 0.00290984 0.0029036 0.00290363 0.00292889 0.00290364 0.0077646 0.0029036 117.604 0.0029036 0.0029036 0.0029036 0.0029036 0.0029036 0.00290361 0.00290361 0.0029036 0.0029036 0.0029036 0.00290368 0.00290359 0.00290359 0.0029036 0.0029036 538.013 0.0029036 0.0029036 0.0029036 0.0029036 0.00290361 0.0029036 0.0029036 0.00387998 0.00291762 0.00290359 0.00290359 0.00290366 0.0029036 0.00290447 0.0029036 0.0029036 0.00290359 0.0359635 0.0029036 0.00290615 0.0029036 0.0029036 0.00297626 0.0029036 0.00290359 0.00290359 0.0029036 0.0029764 0.00290359 0.0029036 0.0029036 0.00290362 0.00290359 0.00290369 0.00290364 0.00293772 0.0029036 0.0029036 0.0029036 0.00290359 22.0121 0.0029994 11.9605 0.0029036 0.00290359 0.00290553 0.0029036 0.00298235 0.00290387 0.0029036 0.0029036 0.0029036 0.0029036 0.00290359 0.00291631 0.0029036 0.0029036 0.0029036 0.0029038 0.0029036 0.00290476 0.0029036 0.00296003 0.00291747 0.0029036 0.00290359 0.0029036 0.0029036 0.00290361 0.0029292 0.0029036 0.00305086 0.0153248 0.00300828 0.00291745 0.00290765 0.0029036 0.0029036 0.0029036 0.00290787 0.00293556 0.00310523 0.00290359 0.0029037 0.00290359 0.0029036 0.00290359 0.0029036 0.00290373 0.0029036 0.00290374 0.00316004 0.00290359 0.00294409 0.00290415 0.00450053 0.00290359 0.00290372 8.78895 0.00290359 0.00291128 0.0029036 0.00290359 0.0029036 0.00290359 0.00290359 0.00290359 0.00290359 0.00290362 0.0029036 0.00290359 0.00310184 0.00290364 0.0029036 0.00290359 0.0029036 0.00290359 0.00290359 0.00290677 0.00290359 0.00295215 0.00290361 0.00290359 0.00307271 0.0029036 0.0029036 0.00291233 0.0029036 0.0029036 0.00294823 0.00290366 0.00290359 0.0029036 0.002917 0.00290359 0.00290359 0.00290391 0.00290359 0.00290359 0.00290363 0.00290541 0.00290501 0.00290363 0.00294514 0.00290359 0.00290359 0.0029036 0.00290361 0.00290366 0.00290359 0.00290359 0.00290359 0.00301022 0.00291154 0.00297097 0.0029036 0.0029036 0.0029036 0.00292556 0.00292364 0.00894128 0.00290427 0.00290374 0.00290359 0.00295187 0.00309956 0.0029238 0.0029036 0.00290361 0.0029041 0.00295411 0.00290359 0.00290497 0.0029036 0.0029036 0.0029036 0.0029036 0.0029114 0.00333431 0.00290359 84.6322 0.00290368 0.00290372 0.0029037 0.0029036 0.00290359 0.00290517 0.00298771 0.00290365 0.00290359 0.00290369 0.0029036 0.00290361 0.00296157 0.00290359 0.00290359 0.00291374 0.00290377 0.00296458 0.0029036 0.00290421 0.00342393 0.00290371 0.00291881 0.00290422 0.0029036 0.0029036 0.0029036 0.0029036 0.0029036 0.00297966 0.002904 0.0029036 0.00290359 0.00290359 0.0029038 0.00290361 0.0029038 0.00296788 0.00294377 0.00293626 0.00294632 0.0029036 0.00290949 0.00290359 0.00294334 0.0029036 0.0029036 0.00294442 0.00290368 0.00302602 0.0029036 0.0029038 0.00295023 0.0029036 0.00290417 0.0029036 0.0029036 0.0029037 0.00290359 601.11 0.00290364 0.00290852 0.00290359 0.00290359 0.00290359 0.00290366 0.0029036 0.00326225 0.0029036 0.0029036 0.00290359 0.00290361 0.00290359 0.0029042 0.0029036 0.00293862 0.00305161 0.0029036 0.00290365 0.00290422 0.0029036 0.0029047 244.006 0.00290361 0.0029036 0.0029036 0.0029036 0.00290359 0.0029036 0.104829 0.00290375 0.0029036 153.014 0.00290359 0.00311201 0.00290367 0.00301879 0.00290369 0.0029036 0.00295985 0.00290377 0.00291683 0.00290359 0.00290359 0.00290401 0.00290362 0.00290359 0.00290359 0.00777928 0.00292108 0.00299943 0.0030016 0.00291071 0.0029036 0.00290389 0.00298489 0.0029036 0.0029036 0.00290361 0.0029036 0.00290359 0.00290438 0.00290359 0.0029036 0.00290359 0.0029036 0.0029036 0.00290359 0.00292343 0.0029036 0.0029036 0.0029037 0.0029036 0.0029036 0.00290397 0.00291317 0.0029036 0.00290359 0.00290359 0.00290359 33.3181 0.00290359 0.00294615 0.00290359 23.4185 0.00290416 0.00292064 0.00292512 0.0029036 0.00293284 0.00290406 0.00294919 0.00290818 0.0029036 0.0030561 0.0029282 0.00290359 0.0029036 0.00290372 0.00290359 0.00290359 0.00290835 0.00290359 0.0029036 0.00290507 0.0029039 0.00293465 0.00427332 0.00290359 0.00290359 0.0029036 0.00290359 0.0029036 0.00290374 0.0029036 0.00290368 0.00291286 0.0029036 0.00290566 0.00290617 0.00290362 0.0029036 0.00290367 0.00498557 0.0029036 0.00290438 0.00291178 0.00320382 0.00291894 0.00291039 0.0029036 0.0029036 0.00298648 0.0029036 0.00290368 0.0029036 0.0029036 0.0029036 0.0029036 0.00291605 0.0029036 0.00290359 0.0029036 0.00297987 0.0029036 0.00290359 0.00290426 0.00319983 0.0029037 0.00291061 0.00290363 0.00294896 0.00290363 0.00291026 0.00292444 0.0029036 0.0029036 0.00290361 0.00290365 0.00290359 0.00295918 0.00290359 0.00290365 0.00290359 0.00290359 59.151 0.00290378 0.0029036 0.0029036 0.00290359 0.00290365 0.00293203 0.00295303 0.00290361 0.00290361 0.00290369 0.0029435 0.0029036 0.0029036 0.00292921 0.0029036 0.00290363 0.0029036 0.00320373 0.0029036 0.0029036 0.00301047 0.0029036 0.0029036 0.0029036 0.0029036 0.0029036 0.0029036 0.00290359 0.00290397 0.00290359 0.00290378 0.0029036 0.0029036 0.0029036 0.00290369 0.0029036 0.00290359 0.00290359 0.0029036 0.00648213 0.00290364 0.00290361 0.00290418 0.00290359 0.00290363 0.00293089 0.00295138 0.00290633 0.00295187 0.00290359 0.00295161 0.0029036 0.00290359 0.00291736 15.388 0.00290359 0.0029036 0.00290365 0.00290401 0.00290391 0.00290359 0.00313297 0.00296354 0.00291617 0.00290433 0.0029036 0.00290392 42.4934 0.00306645 0.0029036 0.0029036 0.00290359 0.00290361 0.00290369 0.00290359 0.00290359 0.0029036 106.883 0.00290359 0.0029038 0.0029042 0.00314 0.00290359 0.00290359 0.00290431 0.0029036 0.0029036 0.00290359 0.00297097 0.00290392 0.00290359 0.0029036 0.0029036 0.0029036 0.00291921 0.0029036 0.00291743 0.00290359 0.00290715 0.0029036 0.0029036 0.00290359 0.00290359 0.00295167 0.00290491 0.0029036 0.00294039 143.267 0.0029036 0.0029036 0.00293111 0.0029036 0.0029036 0.0029036 0.0029036 0.00291047 0.00290392 0.00290427 0.00290361 0.0029036 0.00290361 0.0029036 0.00290359 0.0029036 0.00290361 0.0029383 0.00294021 0.00633118 0.0029036 0.0029036 0.00290374 0.00290376 0.00291467 0.00290426 0.00290361 0.00290696 0.00290751 0.0029036 0.00290472 0.00290365 0.00290362 0.0029036 0.00293308 0.00290359 0.00290359 0.00319954 0.00290361 0.0029036 0.00290359 0.00291084 0.00290364 0.00290359 0.0185621 0.00335939 0.0029036 0.00294225 0.0029036 0.00290795 0.0029036 0.00290364 0.00290359 0.0029036 0.00293787 0.00290391 0.0029036 0.00290361 0.00290369 0.0029036 0.00315651 0.00290359 0.00293191 0.00290654 0.0030508 0.0029036 0.0029036 0.262988 0.0029036 0.00290359 0.00307078 0.0029036 0.00290366 0.0029036 0.0029036 0.0029036 84.5256 0.0029036 0.00291404 0.00290359 0.00291492 0.0029036 0.0029036 0.00290846 0.0029036 0.0029036 0.0029036 0.00290359 0.00302905 0.00290637 0.00294658 0.0029036 0.0029036 0.00290399 0.00291436 0.0029036 0.00290574 0.0029036 0.0029036 0.00290359 0.00291532 0.00290362 0.0029036 0.0029044 0.00290361 0.0029036 0.00294365 0.00290427 0.0029036 0.00311035 0.0029036 0.00296191 0.0029036 0.0029036 0.00296378 0.00290372 0.00290359 0.00290359 0.0029036 0.0029036 0.00290359 0.00290359 0.00290401 0.0029036 0.00292415 0.0029036 0.0029036 258.764 0.00290523 0.00290553 142.573 0.00290359 0.0029036 0.00290393 0.00290668 0.00290359 0.00290419 0.0029036 0.00297505 0.0029036 0.00290359 0.0029036 0.0029036 0.0029036 0.00290359 0.00292241 0.00290361 0.0029036 0.00311787 0.00290517 0.0029036 0.00291027 0.0029036 0.0029036 0.0029036 0.0029036 0.0029037 0.00290359 0.00290359 0.0029036 0.00290362 0.00290979 0.0029036 0.00291141 0.00290359 0.00290359 0.00290359 0.00290365 0.00290697 0.00295059 0.00290486 0.0029047 0.0029036 0.0029036 0.00290769 0.0029036 0.00294802 0.0029036 0.0029036 0.00290371 0.00290359 0.0029036 0.00290403 0.0029036 0.0029036 0.00290395 0.0029042 0.0029036 0.00307756 0.00290359 0.0029036 0.00290949 0.00290361 0.0029037 0.0029036 0.00294763 0.00290359 0.00290474 0.00295605 0.0029338 0.00290574 0.00312134 0.00290365 0.00290363 0.00313793 0.0029036 0.0029036 0.00291179 199.59 0.00293027 0.00290387 0.0029036 0.0029036 0.00982731 20.3475 0.00291651 0.00290361 0.00290359 32.0406 0.00290369 0.00290367 0.00292824 0.00290359 0.0029036 0.00290359 0.0029036 0.00290359 0.00290359 0.00290804 0.00290359 0.0029036 0.0029036 0.00290359 0.0029036 0.00290454 0.0029036 0.00290361 0.00293387 0.0029036 0.00290362 0.00290359 0.0029036 0.00294354 0.0029036 30.2131 0.00293518 0.0029036 0.00290359 0.0029036 0.0029036 0.0029036 0.00290689 0.00290361 0.00292311 0.00290361 0.0029036 0.00290526 0.00290369 0.0029036 0.00307901 0.00290561 0.0029036 0.00290822 0.00290414 0.00290396 0.00290364 0.00290368 0.0029036 0.00290383 0.00290367 0.0029036 0.00451862 0.00290364 0.0029036 0.0029036 169.04 0.00292499 0.0029036 0.00302328 0.00290774 0.00290359 0.00290359 0.0029036 0.0029036 0.0029036 0.00294114 34.9793 0.00291009 0.00291982 0.00308454 56.1456 0.00290848 0.00290361 0.00290369 0.0029036 0.00297545 0.0029036 0.0029036 0.00290426 0.00290361 0.0029036 0.00290359 0.0029036 0.0029036 0.00349837 0.00290474 0.0029036 0.0029036 0.00300268 0.0029036 0.00291874 0.00290359 0.0029036 0.00290387 0.00296307 316.714 0.00294037 0.00290391 0.00290359 0.0029036 0.00290427 0.00290359 0.0029036 0.00290383 0.00304955 0.00290359 0.00290367 0.00295963 0.00290415 0.00290359 0.00297505 0.00290361 0.00290368 0.0029036 0.0029036 0.0029036 0.00291054 0.00293165 0.0029036 0.0029036 0.00290362 0.00290359 0.0029036 0.00290359 0.00293342 0.00290388 0.00290359 0.00290359 0.0029036 0.002955 0.00291974 0.0029036 0.00290359 0.00290539 0.0029036 28.3314 0.0029036 0.00290724 0.0029036 0.0029036 0.00290359 0.0029036 0.00291367 0.0029036 0.0029036 0.00292504 0.0029088 0.00290643 0.00290366 0.0029036 0.0029036 0.0029036 0.0029036 0.0029036 0.00290372 0.00290406 0.00350016 0.00290359 0.0029036 0.00290359 0.00290769 0.0030008 0.00290359 0.00290359 0.00295378 0.00290369 0.0029036 0.0029036 0.00296653 0.00290359 0.00293572 0.00290369 0.0029036 0.00291521 0.00290359 0.00292101 0.0029036 0.00290359 0.0029036 0.00291287 0.00294345 0.00294878 0.0029036 0.002908 47.0999 0.0029036 0.0029036 0.00290359 0.0029273 0.0029036 0.00293809 0.00292321 0.00290578 0.0029036 0.00290425 0.00290359 0.0029036 0.00290359 0.0029036 0.0029228 0.0029036 0.00291142 0.00303686 0.00290359 0.00291064 0.00291586 0.00306798 0.00306288 0.0029036 0.0029036 0.00290363 0.00290359 0.00290381 0.0029036 0.0029346 0.0029081 0.0029036 0.00290374 0.00290359 0.00297208 0.00302784 0.0029036 0.0279717 0.00290401 0.00291378 0.00294624 0.00290402 0.00290359 0.0029036 0.00290359 0.00290889 0.00305093 0.00451783 0.00295176 0.0029036 0.0029036 0.00290359 0.00292104 0.00291467 0.0029036 0.00302888 0.00667992 0.00290363 0.0029036 0.00290359 0.00291824 0.0029036 0.00290369 0.00290947 0.0029036 0.00290359 0.00290359 27.2904 0.00290359 51.5049 0.00290359 0.00291097 0.00290382 0.0029036 0.00300419 0.00290359 0.0029036 0.0029036 0.0029036 0.0029036 0.00290634 0.0029036 0.00291254 0.0029036 0.00293411 0.00293811 0.00290359 0.00290359 0.00294789 0.0029036 0.00290359 0.0029036 0.00290659 51.6498 0.0029036 0.00290359 0.0029036 0.0029036 0.00303199 0.00290369 0.0029036 0.002904 0.0029036 78.0774 0.0029036 0.00297377 0.0029036 0.0029036 0.0029036 0.00290385 0.0029036 0.0029036 0.00290434 0.0029036 0.00299375 0.00290359 0.00290359 0.0029036 0.00290359 0.0029036 0.0029036 0.0029036 0.00290361 0.00290385 29.4437 0.0029036 0.0029036 0.0029913 0.00290369 0.0029036 0.00290359 0.00290359 0.0029036 0.00290361 0.0029036 0.00290839 0.0029036 0.0029036 0.0029036 29.3644 0.00290361 93.3849 0.00290378 0.00306297 0.0029036 0.00292415 0.00294154 0.00290496 0.0029036 0.00290359 0.00290361 0.0029044 0.00290366 0.00299195 0.00291516 0.00292876 0.0029036 0.00290383 0.0029036 0.0029036 0.00302683 0.0029036 0.00290359 0.00291816 0.00290361 0.00290359 0.0029036 0.00290714 0.0029036 0.00292792 0.0029036 0.00290359 0.00290359 0.00290359 0.002905 0.00290754 49.8054 0.0029036 0.0029036 0.00292722 0.00290721 0.00621321 0.00328878 0.0029036 0.00290362 0.0029036 0.0029036 0.00290359 0.00290359 0.00290359 0.00290373 0.0029036 0.00290365 0.0029036 0.00297097 0.00290916 0.0029036 0.00566145 0.00290429 37.0318 0.0029036 60.7686 0.0029176 0.0029036 0.0029036 0.00290359 0.0029037 0.00290359 0.0029036 0.0029036 0.00293382 0.00290385 0.00290359 0.00290646 0.00290359 0.00294429 0.00294779 0.0029036 0.0029036 0.00290359 0.00291881 0.00291187 0.0029064 0.00290396 0.0029036 0.0029036 0.00290497 0.00292495 0.0029036 0.0029036 0.00291014 0.00290437 0.0029036 0.0029036 0.00290359 0.00290359 0.0029036 0.0029036 0.00290359 0.0029036 0.0029036 0.0029036 0.00290393 0.00290359 0.00290363 0.00290403 0.0029036 0.0029036 0.00290373 0.0029036 0.00290359 0.00294227 0.00291664 0.0029036 0.00290361 0.00291069 0.00290636 0.0029037 0.00290361 0.0029036 0.00297854 0.0029036 0.0029252 0.0029036 0.00290485 0.00309021 0.0029036 34.8957 0.00290691 0.0029036 0.0029036 0.00290359 0.00290362 0.00294891 0.00290537 0.00290375 0.0029036 0.00292665 0.00290419 0.00301695 0.0029036 0.00291247 0.00290359 0.0029055 0.00290361 0.0029036 0.00290361 0.00290504 0.00290365 0.00290365 0.00290359 0.00290385 0.0029036 0.0029036 0.00290375 0.00302311 0.0221449 0.0029036 0.00290375 0.0029036 0.0029145 0.0029036 0.0029036 0.00290389 0.0029036 0.00290699 0.0029066 0.00291001 0.0029036 0.00290365 0.0029036 0.0029036 0.00290361 0.0029036 0.0029036 0.0029036 0.00290363 0.00302891 0.0029036 0.00290367 0.0029036 0.00290371 0.00290365 0.0029168 0.00290359 0.00290361 0.00290359 0.00290537 0.00290359 30.5262 0.0029036 0.00290705 0.00292167 0.00294694 0.00306315 0.00294749 0.00290565 0.0029036 0.00290385 0.00290422 0.00290361 0.00290359 0.0029036 0.0029036 0.00317669 491.724 0.0029036 0.00290359 0.00290359 0.0029036 0.00290377 0.00290359 0.00292582 0.0029036 0.00290359 0.00290373 0.0029263 0.00290359 0.00290563 0.0029036 0.00290367 0.00293934 0.00290366 0.0029036 0.00619579 0.00292326 0.00291007 0.00290611 0.00290359 0.00292666 0.00291111 0.00290361 0.00295411 0.00290363 0.0029036 0.00290367 0.0029036 0.00290367 0.00291083 0.00290359 0.0029037 0.00290359 0.0029036 0.0029036 0.0029036 0.00295023 0.0029037 0.0029036 0.0029036 0.00290479 0.00290555 0.00290813 0.0029036 0.00290378 0.0029036 0.00290364 0.00290359 0.00291905 0.0029036 0.00290359 0.00291591 0.00290359 0.0029036 0.0029036 0.00290763 0.00290487 0.0029036 0.0029036 0.00290359 0.0029036 0.00290359 0.00296543 0.0029036 0.00290359 0.00292383 0.0029036 0.00290359 0.00294359 0.00290398 0.0029036 0.00290359 0.00290359 0.0029036 0.0029247 0.00290359 0.00291672 0.00310659 0.00290359 0.00290359 0.00290996 0.0029036 0.0029036 0.0029036 0.00292702 0.00290367 0.00290393 0.00290359 0.00290359 0.00290359 0.00290425 0.0029036 0.00292786 0.00290381 0.00310523 0.00290359 0.0029036 0.0029036 37.4577 0.00290359 0.0029036 0.00291592 0.0029036 0.00290367 0.0029091 0.0029036 0.00290393 0.00290359 0.00290359 0.00292273 0.0029036 0.00290377 0.0029036 0.00290361 0.00290399 0.00290362 0.00294867 0.00290359 0.00293647 0.0029036 0.0029036 103.865 0.00290367 0.00290359 0.0029038 0.00290359 0.00290404 0.00291593 0.00294741 0.00316823 0.00291883 0.0029036 0.0029036 0.0029036 0.00290359 0.0029036 0.0029764 0.00290653 0.00290359 0.0029036 0.00290501 0.0029036 0.00290375 0.00291772 0.00291782 0.00290359 0.0029036 0.00291601 0.0029036 0.0029036 0.00290374 0.0029036 0.00292683 0.00290831 0.0029036 0.00290359 0.00290427 0.00290392 2.93846 55.0087 0.00290359 9.14549 0.0037475 0.00290399 0.00290359 0.00292481 0.00290362 0.00290383 0.0029036 0.0029036 0.00290369 0.00291815 0.00290372 0.00290359 0.00292089 0.0029038 0.00290364 66.3647 0.00291971 0.00290566 0.00298149 0.0029036 0.00304318 0.0029036 0.00290369 0.0029036 0.00290359 0.00290359 0.0029036 0.00290368 0.0029036 0.0029039 0.0029036 0.00291239 0.00293949 0.0029036 0.0029036 0.00290359 0.00290359 0.00290456 0.00290728 0.0029036 0.00308966 0.0029036 0.0029036 0.0029036 0.0029036 0.00290359 0.00290609 0.00290359 0.00297219 0.00290456 0.0029036 0.0029036 0.00290359 0.00290959 0.0029036 0.00290364 0.00290359 0.00290719 0.0029036 0.00290359 0.00290413 0.0029036 0.0029036 0.0034953 0.00290423 0.003904 0.00290867 0.00290359 0.0029036 0.00290741 0.00290359 0.110947 0.00290945 0.0029036 0.0029036 0.0029036 0.0029036 0.00290624 0.00290359 0.0029036 0.00290361 0.00290359 0.00290359 0.00290381 0.0029036 0.00319563 0.00290359 0.00290364 0.00290359 0.0029036 0.0031075 0.00290359 0.00290515 0.00293006 988.048 0.00291201 0.00290362 0.00290366 0.00290359 0.00290359 0.0029036 0.00304352 0.00312424 0.0029036 0.0029036 0.00290753 0.00290452 0.00301022 0.0029036 0.0029036 0.00290359 0.0029036 0.0257038 27.7593 0.0029036 0.00290849 0.00290415 0.00290359 0.00290387 0.00290359 0.0029036 0.00290359 0.0029036 0.0029036 0.0029036 0.00290359 0.00290491 0.00290376 0.0029036 0.0029036 0.00293011 0.0029036 0.0029036 0.00290359 0.00290378 0.0029043 0.00293601 0.00290359 0.00290359 0.00290417 0.00290359 14.825 0.0029036 0.00294162 0.0029114 0.00291714 0.00302261 0.00290363 0.0029036 0.0216192 0.0029036 0.00290361 0.0029036 0.0029036 0.00290359 0.00298049 0.0029036 0.0029036 0.0029036 0.0029036 0.00290362 0.00296374 0.00290957 0.00291179 0.00302811 0.0029036 0.0029036 0.00290359 0.00290401 0.00290362 0.00290364 0.0029036 0.00312508 0.00298765 0.00290361 0.0029184 0.00290666 0.00290359 0.00290901 0.00290705 0.0029036 0.0063528 0.0029036 0.00291094 0.0029036 485.569 0.00292014 0.00290364 0.00290359 0.00290364 0.0029036 0.0029036 70.1454 0.00290359 0.00290359 0.00290359 0.00290852 0.00290442 0.00294258 0.0029036 0.00290383 0.00290954 0.0029036 0.0029036 0.00290488 0.0029036 0.0029036 0.0029036 0.00290362 0.00293775 0.0029036 0.00290835 0.00290359 0.00290359 0.0029036 0.0029036 0.00290359 0.00290359 0.0029038 0.0029052 0.00290362 0.00290359 0.00297742 0.00290733 0.00290378 0.0029036 0.00290359 0.00290359 0.00294472 0.0029195 0.0029036 0.00290359 0.00290382 0.00290396 0.0029036 0.00290359 0.00290362 0.0029036 0.00292423 0.00290359 0.00290365 0.00291382 0.00290359 0.00290363 0.0029036 0.00291027 0.0029036 0.0029036 0.00295814 0.0029036 0.0029036 0.00310445 0.0029036 0.00290366 0.00292841 0.00292753 0.0029036 0.00319824 0.00290782 0.0029036 0.0029036 0.00290705 0.00290393 0.00303433 0.00290359 0.00290359 0.0029036 0.00291534 0.0029036 0.00290359 0.00290736 0.0029036 0.00290359 0.0029036 0.0029036 0.0029036 0.00290359 0.0029036 0.0029036 0.00290498 0.00290371 0.00290359 0.00290364 0.00294091 0.0029036 0.00290805 0.0029036 0.00290499 0.0029036 0.0029036 0.00290362 0.00290359 0.0029643 0.0029036 0.0029036 363.281 0.00290361 0.00290384 0.0029036 0.00335507 0.00290392 0.00290558 0.00290359 0.00302148 0.00290403 16.9259 0.0029036 0.00292483 0.00290369 0.00300586 0.0029036 0.0029036 0.0029644 0.00290361 0.00290365 0.00290367 0.0029036 0.00290861 0.00302464 0.00292915 0.00291431 0.00291676 0.0029036 0.00290973 0.0029036 0.00290359 0.00294027 0.00290359 0.0029036 0.0029036 0.00297639 0.0029036 0.00290359 0.00290361 0.00290465 0.00290359 0.00290359 0.00290364 0.0029036 0.00293778 0.00290738 0.00290359 0.00290505 0.00290364 0.0029036 0.00290385 0.00290516 0.0039307 0.00290364 0.00297656 0.0029036 0.00290359 0.0029036 0.0029036 0.00290472 0.00290402 0.0029036 0.00290426 0.00291239 0.00290359 0.00290362 0.0029036 0.00293409 0.0029036 0.0029036 0.00290359 0.00290415 0.00290359 0.0029036 0.0029036 0.00290359 0.0029036 0.00290359 0.0036519 24.1166 0.00290411 0.0029036 0.00290359 0.0029036 0.0029036 0.00291376 0.00291106 0.0029036 0.0029036 0.0029036 124.494 0.0030104 0.00290359 0.00291188 0.0029036 0.0029036 0.00290836 0.0029036 0.0029036 0.00290398 0.00290361 0.00290948 0.00290425 0.00290366 0.00296585 0.00290359 0.00290381 0.00290362 0.0029036 0.00293934 0.00290365 0.0029215 0.0029036 0.00296762 0.00290359 0.00292423 0.0029039 78.6071 0.00312004 0.00290359 0.00292949 0.00290471 0.00364971 0.00291347 0.0029036 0.00290368 0.0029036 0.0029036 0.00291582 0.0029036 0.00292667 0.00290475 0.00290365 0.0129629 0.0029036 0.0029036 0.00290402 0.00290359 0.00290393 0.00290359 0.0029036 0.00290897 7.62699 0.00290361 0.00292669 0.00290849 0.00294191 0.0029041 0.0029036 0.00290381 0.00290359 0.00290372 0.00290378 0.00290359 0.00290359 0.00290361 0.00323658 0.0029036 0.0029036 0.00297977 0.00291426 0.00290363 0.00290359 0.0029036 0.00290361 0.0029203 0.0029036 0.0029036 0.00290359 0.00290359 0.00291115 0.00335448 0.0029169 0.00293879 0.0029036 0.00290685 0.002917 0.0029036 0.0029119 0.00290359 0.0029036 0.00290359 0.00290359 0.0029036 0.00290387 0.0029036 0.00290359 0.00292068 0.0029037 0.00290359 0.0029036 0.0029036 0.0029036 0.00290359 0.0029036 0.0029036 0.0031624 0.00290359 0.0029036 0.0029036 0.00307249 0.0029036 0.00291376 0.00290991 0.00290378 0.00290359 0.00304878 0.00293121 0.00290373 0.00291033 0.00290359 0.0029036 0.00290361 0.00290682 0.00290359 0.002979 0.00290371 0.00292545 0.0029036 125.246 0.00290359 0.00291149 0.0029036 0.00290428 0.00290359 0.0029036 0.0029036 0.0029036 0.0029036 0.0029036 0.00290748 0.00319414 0.00290378 0.0029036 0.0029036 0.00291959 0.00290359 0.00290359 0.00290359 0.00302855 0.0029036 0.0029036 0.0029036 0.00290359 0.00290454 0.00298753 0.00295963 0.0029036 0.0029036 0.0029036 0.00290581 0.00291976 3.15325 0.00296816 0.0029036 0.00290359 0.00300031 0.0029036 0.0029036 0.00315207 0.00290379 0.0029036 0.0029036 0.00290359 0.0029036 0.00290359 0.0029036 0.00291739 0.0029036 0.00290359 0.0029036 0.0029036 0.0029036 0.0029036 0.0029036 0.00295438 0.0029036 0.0029036 0.00290359 0.00290359 0.00290402 0.0029036 0.00295089 0.0029036 0.0029036 0.00291953 0.0029036 0.00290359 0.00293674 0.0029036 0.00290461 0.00290383 0.00290869 0.0029036 0.0379185 0.00291135 0.00290366 0.00290359 0.00290551 0.0029049 0.00290364 0.00290373 0.0029036 0.0029036 0.00290752 0.0029036 0.0029036 0.0029036 0.0029036 0.0029036 0.00290359 0.00307853 0.0029036 0.00290696 0.0029037 0.0029036 0.00290375 0.0029036 0.00290359 0.00290366 0.00290383 0.0029036 0.00290689 0.00291457 0.00290359 0.00292497 0.0029057 0.00290484 0.00290579 0.0029036 0.00292078 0.00290359 0.00290652 0.00308914 91.2466 0.00290586 0.00290362 0.0029036 0.00290646 0.00300858 0.0029036 0.0029036 0.00290359 0.00290359 0.00290359 0.00290651 0.0029036 0.00291858 0.0029227 0.00290451 0.00293634 0.00299439 0.00290365 0.00293739 0.00298045 0.00351198 0.0029036 0.00290359 0.0029354 0.0029039 0.00327586 0.0029036 0.00290361 0.00290359 0.00290363 0.0029036 0.0029036 0.0029036 0.0029036 0.0029036 0.00290811 0.0029036 0.00290366 0.0029036 0.00290359 0.0029231 0.0029036 0.00294757 0.0029156 0.00290754 0.00290359 0.00290432 0.0029036 0.0029036 0.00290367 0.00305931 0.00293115 0.0029036 0.0029036 0.0029036 205.478 0.00291772 0.0029036 0.0029036 0.00290359 0.0029036 0.0032551 0.0029036 0.0029036 0.00291059 0.00290359 0.00290364 0.0029043 0.0029036 0.0029036 0.00290425 0.00332715 0.00290359 0.00290361 0.0031415 0.0029036 0.00308963 0.00290359 20.0718 0.0029036 0.0029646 0.0029036 0.0029036 0.0029036 0.00290422 0.00291183 0.00291495 0.00298655 0.00290395 0.0029036 0.0029036 0.00290737 0.0029036 0.0029036 0.00290373 0.0029036 0.0029036 0.0029036 0.0029036 0.0029036 0.00290473 0.0029036 0.0029036 0.00295946 0.0029036 0.00401311 0.0029036 0.00290359 0.0029041 0.00324699 0.00315483 0.00294357 0.00290361 0.00290359 0.0029036 0.0029036 0.00290618 0.0029036 0.00291251 0.00290364 0.00290359 0.00290363 0.0029036 0.00292232 37.7896 0.00294901 0.00290359 0.00292674 0.00290378 0.00290365 0.00290471 0.00290368 0.0029036 0.00290543 0.00290728 0.00290359 0.00290391 0.0029036 0.002936 0.00290359 0.00294725 0.00291919 0.00290498 0.0029036 0.00290359 0.00293382 0.00290363 0.003457 0.0029036 0.0029036 0.00290359 0.00295651 0.0029036 0.00299926 0.0029036 0.00290359 0.0029036 0.00290832 0.0029036 0.0029036 0.00290407 0.00290381 0.0029036 0.00290359 0.00290359 0.00290371 0.00290366 0.0029036 0.00290557 0.00290359 0.00290359 0.0029036 0.00290359 0.0029036 0.0029036 0.00291359 0.00291126 0.0029186 0.00290737 0.0029036 0.00290359 0.0029036 0.00301084 0.00290432 0.00291215 98.0464 0.00309469 0.00335624 0.00290373 23.8194 0.0029036 0.00290363 0.0029036 0.00290792 0.00290364 0.00302068 101.594 0.0029036 0.00292691 0.00290359 0.00300927 0.0029036 0.0029036 0.00290359 0.00290394 0.00290359 0.00290899 0.00290359 0.00290403 0.0029036 0.00290363 0.0029036 0.00291718 0.00291941 0.0029036 0.0029036 0.00290361 0.0029036 0.0029036 0.0029036 0.0185927 0.00290359 0.0029036 0.0029036 0.0029036 0.0029036 0.00291731 0.00290359 0.0029036 0.00290359 0.0029037 0.0029036 0.0029036 0.00294004 0.00290365 0.0029169 0.0029036 0.0029036 0.0029036 0.0029036 0.00290399 0.00290361 0.00291116 0.00290714 0.00308075 0.0029036 0.00290359 0.00290474 0.00290895 0.00291141 0.0029036 0.00345394 0.00293539 0.0029036 0.00290475 0.0029036 0.00290363 0.00290361 0.00291465 0.00292293 0.00291477 0.0029036 0.00291128 0.0029036 0.00291991 0.00291164 0.00290367 0.0029036 159.455 12.5693 0.0029036 0.0029036 0.00306149 0.00290365 0.0029036 0.00290359 0.00290402 0.00291763 0.00290359 0.00290364 0.00293913 0.00292311 0.00301607 0.0029036 0.0029191 0.00290625 0.00290362 0.0029036 0.00290359 0.0029036 0.00290366 0.00290385 0.00298879 0.00290359 0.0029117 574.961 0.00292536 0.00290364 65.3006 0.0029036 0.00290362 0.0029036 0.00293484 0.0029036 0.00304084 0.00290359 0.00291163 0.00290359 0.00290359 0.00400267 0.0029036 0.0029036 0.00307148 0.00290359 0.0029036 0.00357886 0.00290364 0.00292473 0.0029036 0.00290366 0.00290382 0.0029036 0.00292272 0.0029036 0.00293725 0.0029036 0.0029036 0.00291095 0.00294555 0.00290359 0.0029036 0.0029036 0.0029036 0.0029036 0.00292554 0.0029036 0.00290384 0.00290667 0.00290365 0.0029036 0.0029036 0.0029036 0.00290362 0.00290382 0.00290379 250.593 0.00293291 0.00290398 0.00293997 0.00290364 0.0029036 0.00290359 0.00290359 0.0029038 0.0029036 0.00290519 0.0029036 0.00290364 30.094 0.00290359 0.00300706 0.00290369 0.00293957 0.0029036 0.00290359 0.00290359 0.0029036 0.00290359 0.00290364 0.0029036 0.00291191 0.00290501 0.00290425 0.00290359 0.00290359 0.0029036 0.00290362 0.0029036 0.0029036 51.8939 0.00290362 0.00294187 0.0029036 0.00290359 0.00292725 0.0029036 0.00290366 0.00294887 0.00467892 0.0029036 0.00290359 0.0029036 0.0029036 0.00290359 0.00294358 0.00290359 0.0029036 0.00290363 0.0029036 0.0029036 0.0029667 0.0029036 0.00290726 0.0029036 0.00305895 0.00292677 0.00291972 0.00290386 0.00290571 0.00290359 0.0029036 0.0029036 0.00293865 0.00290363 0.00290499 0.00290643 0.0029036 0.0029036 0.00295083 0.0029036 0.00292045 0.00291609 0.0029036 0.00300439 0.0029036 0.0029036 0.00290359 0.00294473 0.0029036 0.00290359 0.00290997 0.00290359 0.00290359 0.00291568 0.0029036 0.0029036 0.00306144 0.00314979 0.00290364 0.0029057 0.00290359 0.00290819 0.00290359 0.00290405 0.00299886 0.0029036 0.0029036 0.00296541 0.0029036 0.0029036 0.00295523 0.00292678 0.0029036 0.00290359 0.0029292 0.00290372 0.0029036 0.0029036 0.00291183 0.00293461 0.00290359 0.00290359 0.00290379 0.0029036 0.00291552 0.0029037 0.0029543 0.00290359 0.0029036 0.0029036 0.0029036 0.0029036 0.0029144 0.00290362 0.00290728 0.0029036 0.0029036 0.0029036 0.0029036 0.00290369 0.00645484 0.00298676 0.0029036 0.0029036 0.0029036 0.00290416 0.0029036 0.00314857 0.00290637 0.00291149 0.00290359 0.0029036 0.00291432 0.00292353 0.00290359 0.00290359 0.00290549 0.0029036 0.00290359 0.00291412 0.00290359 0.00290359 0.00291403 0.00290395 0.00290634 0.00290359 0.0029036 0.00290361 0.00290362 0.00290365 0.00311307 0.00290367 0.0029036 0.00290693 0.00290359 4.33264 0.00290593 0.00293461 0.002914 0.00435849 0.00290399 0.0029036 13.4466 0.00290359 0.00290359 0.0029036 0.00290359 0.00290359 0.00290359 0.00291064 0.0029036 0.002905 0.0029036 0.0029036 0.00290359 0.00290833 0.00290454 0.00290383 0.0029036 0.00293975 0.00293005 0.00291108 0.00293686 0.00297718 0.0029036 0.00292991 0.0029036 0.00290408 0.00290359 0.0029036 0.00290365 0.00290359 0.00290359 0.0029036 0.0029036 0.00290365 0.00290359 0.00290359 0.0029046 0.00298768 0.00292331 0.00290593 0.00290359 0.0029036 0.0029036 0.00290383 0.00305089 0.0029036 0.0029036 0.00290359 0.00302816 9.14555 0.00290375 0.0029036 0.00290366 46.5356 0.0029036 0.00290444 0.0029036 0.00290359 0.0029036 0.00290583 0.00290376 0.00290381 0.0029036 0.0029151 0.00303297 0.00290359 0.00290359 0.0029036 0.00290359 0.00290359 0.00290359 0.00293059 0.00291817 0.0029036 0.00290436 0.0029036 0.0029036 0.00290359 0.0029036 0.0029036 0.00290359 0.0029036 0.0029036 0.0029036 0.00290481 0.00294028 0.0029036 0.00305112 0.0029036 0.0029041 0.00304201 0.00290417 0.0029036 0.0029036 0.0029044 0.0029036 0.0029036 424.988 0.00290426 0.0029036 0.0029036 0.00290364 0.0029036 0.0029036 0.0029036 0.0029036 0.0029055 0.00290383 0.00290359 0.00290362 0.0029036 0.00290368 0.00290586 0.00290359 0.0029036 33.1804 0.0029036 0.00290419 0.00292639 0.0029036 0.0029036 0.00290389 0.00290359 0.00290374 0.0029036 0.0029036 0.00290359 0.0029036 0.00290359 0.00298149 0.0029036 0.00290359 0.00292392 0.00290361 0.00290475 0.00290362 0.00290365 0.00290551 0.00290371 0.00291587 0.0029036 0.0029036 23.4185 0.00290359 0.00290481 0.00290359 0.0029036 0.00290377 0.00290359 0.00290389 0.0029036 0.00290361 0.00290394 0.00290359 0.0029036 0.0029036 0.0029036 0.00290401 0.00290359 0.00291465 0.00290912 0.00290359 0.0029036 0.00294725 0.00290406 0.0029619 0.00295761 0.00293626 0.0029036 0.00292018 41.4438 0.00290382 0.0029036 0.00290359 0.0029036 0.00296363 0.00290359 0.0029036 0.00290388 0.0029036 0.0030195 0.00290359 0.00290364 0.0029036 0.0029036 0.0029036 0.0029037 0.0029036 0.00290367 0.00331248 0.00290363 0.00301744 0.00293333 0.0029036 0.00294224 0.0029036 0.0029036 0.0029036 0.00290359 0.00290359 0.00290369 0.00290415 0.0029036 0.00290637 0.00290432 0.00290543 0.0029036 0.00293496 0.00290648 0.00290359 0.00290359 0.00294453 0.00299736 0.00291443 0.00290376 0.00290359 0.00290359 0.0029036 0.00335988 0.00291591 0.00290406 0.00294251 0.00290359 0.0029037 0.00290753 0.00290374 0.0029036 0.00290364 0.0029036 0.0029036 0.00348587 0.0029036 0.00290472 0.00290391 0.0029543 0.0029049 0.00292369 0.00290755 0.00290361 0.0029036 0.0029036 0.00293261 0.00290364 0.0245909 0.0029036 23.4185 0.00290359 0.00290359 0.0029358 0.00290359 0.00290359 0.0029036 0.00298203 0.00290518 0.0029036 0.00371174 0.0029036 0.00290359 0.00291462 0.0029036 0.00290559 0.00293501 0.00290359 0.0029037 0.0029036 0.0029045 0.00290378 0.00290368 0.0029036 0.00291457 0.00290359 0.0029036 0.00290359 0.0029036 0.00291603 0.00290374 0.00290359 0.00291518 0.00290359 0.00291115 0.0029036 0.00290359 0.00290359 0.0029036 0.00290488 0.0029036 0.00290764 0.00290633 0.00290386 0.0029036 0.00290361 0.00298423 0.00290679 0.00290659 0.00290359 0.00290528 0.00290365 0.0030054 0.0029036 0.0029036 0.0029036 0.00292222 0.00290972 0.0029036 0.0029036 0.00291371 0.0205849 0.0029036 0.0029036 0.00290369 0.00290359 0.0029036 0.00290363 0.00300075 0.0029036 0.00290404 0.00292346 0.00290361 0.00291164 0.00290391 34.2041 0.00317047 0.00766084 0.00290409 0.0029036 0.00290363 0.00290359 0.0029048 0.00290667 0.0029036 156.158 0.00290385 0.00290359 0.00290405 0.0029036 0.00290359 0.00290359 0.0029036 0.0029036 0.0029036 0.0029036 0.00291084 0.00290359 0.00300481 0.0029036 0.00290365 0.00290359 0.0029036 0.00290431 0.00290361 0.00299994 0.00299839 0.00290359 0.0029036 0.0029036 0.00296878 0.00303329 27.9027 0.0029036 0.00290362 0.00290359 0.00290359 0.00307847 0.0029036 0.00290363 0.00290359 0.00297545 0.00457361 0.0029036 0.00290507 0.0029036 0.0029036 0.00290363 0.00290359 0.00290359 0.00315146 0.0029036 0.0029036 0.0029036 0.00290368 0.00290392 0.00290383 0.0029036 0.0029036 0.00290359 0.0029036 0.00290539 0.00292263 0.00290359 0.00290365 0.00290359 0.00290365 0.00290362 0.00294188 0.00290359 0.00290493 0.00302509 0.00290359 0.00290626 0.00290359 0.00290359 0.00294922 0.00290359 0.00290359 0.00290551 0.00290359 20.1431 0.0029052 0.00291094 0.00290359 0.00290359 0.0029036 0.00290359 0.00290359 0.00290359 0.0029036 0.00290359 0.0029036 0.0029036 0.0029037 0.0029036 0.00290359 0.00290367 0.00291365 0.0029036 0.0029036 0.00290426 0.00291739 0.0029036 0.00290877 0.0029036 0.0029036 0.0029036 0.00290364 0.00307367 0.0029036 0.00290364 0.00290908 0.00290365 0.00290359 0.0029036 0.00290403 0.00315724 0.00290455 0.00290367 0.00290359 0.00290359 0.00290359 0.0029041 0.0029036 0.00292418 0.00298822 0.00290772 38.3053 0.00290359 0.0029036 0.00290359 0.00290359 0.00290359 54.2739 0.00290359 0.0029043 0.0029036 0.00291496 0.00290359 0.278762 0.0029036 0.0029036 0.0029036 0.0029725 0.0029036 0.00290495 0.0826429 0.00290359 0.00291467 0.0029036 0.0029036 0.00290754 0.00354735 0.00290364 0.00290372 0.0029036 0.00290359 0.00290359 0.00290457 0.00290729 0.0029036 0.00290359 0.0029036 0.00292234 0.00290359 0.00290359 0.00290421 0.00290576 0.00290359 0.00290359 0.00296114 0.00290571 0.0029036 0.0029036 0.0029781 0.00290359 0.00291701 0.00290438 0.0029036 0.0029036 0.0029036 0.00290363 0.0029036 0.0029036 0.00293045 0.0029036 0.0029036 0.0029036 0.0029036 0.00290398 0.00290794 0.0029045 0.0029036 0.00290707 0.00290359 0.00290359 0.0029036 54.5831 0.0029036 0.00290359 0.00290361 0.0029036 0.0029036 0.0029036 0.00290359 0.0029036 0.00290359 0.0029036 0.00290359 0.0029036 0.00290608 0.00290361 0.0029097 0.00290418 0.0029036 0.00290405 0.00293484 0.00290359 0.00293162 0.0029121 0.0029036 0.0029036 0.00290359 0.0029036 0.0029036 0.0029036 19.5625 0.0029036 0.00294444 0.00290468 0.00290359 0.00290444 60.3995 0.00334752 0.002906 0.00296989 0.00294547 0.00290359 0.0029036 0.00290359 0.00290431 0.00291518 0.0029036 0.00328912 0.00291759 0.00290359 0.00293578 0.0029036 0.00290367 0.00290359 0.00290359 0.0029036 0.0029036 0.00292144 758.332 0.00290361 0.00303154 0.00290733 0.00293698 0.0029036 0.0029036 0.00292588 0.0029036 0.00290971 0.00290366 0.00290525 0.00290359 0.00290359 0.00293696 0.0029036 0.0029036 0.00290359 0.0029036 0.0029036 0.00290363 0.00403173 0.0029036 0.0029036 0.00290433 0.0029036 0.00291496 0.00296872 0.00290361 0.00290359 0.00300565 0.0029036 0.0792321 0.0029036 0.0029036 0.00290408 0.0029036 0.0029036 0.00290359 0.00290359 0.00290359 0.00290385 0.00293451 0.00290359 0.00543874 0.00290361 0.0029036 0.0029036 0.0029036 0.0029036 0.00290431 0.0029036 0.00292228 0.00290406 0.0029036 0.00290405 0.0029036 0.00290363 0.00291156 0.00290368 0.0029036 0.00290532 0.00291047 0.00290575 0.00294362 0.0029036 0.00306178 0.00290488 0.00293513 0.00290592 0.00290582 0.0029036 0.00293954 0.00290359 0.00290359 0.0029036 0.00290359 0.0029036 0.0029036 0.0029036 0.0029042 0.00290359 0.00292587 0.00290448 0.0029036 0.00291154 0.00290359 0.0029036 0.0029036 0.00290359 0.00292703 0.00290446 0.0029036 0.0029079 0.0029037 0.0029036 0.0029036 0.00290391 0.00292921 0.00290367 0.00290359 0.00290364 0.0029036 0.0029036 0.00290362 0.00290359 0.00290359 0.00290359 0.0029036 0.00290359 0.0029036 0.00290372 0.00291097 0.00290359 0.00295005 0.00294004 0.00290368 0.0029036 0.00290361 0.00290359 58.3118 0.00290376 0.00290359 0.00290369 0.0029036 0.0029036 0.00309087 0.00290359 0.00290361 0.0029036 0.00290371 0.00291887 0.00290359 0.00290359 0.00292063 0.00290359 0.00290359 0.0029036 0.00290727 0.0133887 0.00290359 0.00290359 0.00292085 0.00290605 0.00291675 0.0029036 0.00290506 0.00291734 0.00290367 0.0029036 0.0029036 0.00290396 0.0029036 0.00334404 0.0029036 0.0029036 0.0029036 0.00292865 0.00290976 0.00290359 0.00290364 0.00292591 0.00290375 0.0036116 0.00290371 0.00291482 0.00290359 0.00294671 0.00290364 0.0029036 0.0029036 0.00296165 0.0029036 0.00290412 0.00295489 0.0029036 0.0029036 0.00290502 0.0029036 0.0029036 0.00299623 0.00336294 0.0029036 0.0029036 0.00297097 0.0029036 0.00290366 0.00290446 0.00290359 0.00290366 0.0029036 0.0029036 0.0029036 0.00290359 0.00290359 0.00290359 0.0029036 0.0029036 0.00291741 0.00291009 0.0029129 0.00292281 0.00290367 0.0029036 0.0029036 0.0029036 203.103 0.00290471 0.0029036 0.0029036 0.00291234 0.00319954 0.00292347 0.0029036 0.00290512 0.0029036 0.00290366 0.0029036 0.0029036 0.00290438 0.00290386 0.0029225 0.00290456 0.00290359 0.00293559 0.0029036 0.00290501 0.00290364 0.00297812 0.0029036 0.00290359 0.0029036 34.284 0.00290361 0.0029036 0.00290359 0.0029036 0.00290403 0.00290363 0.0029036 0.0029036 0.00292458 0.0029036 0.00290511 0.0029036 0.0029036 0.00290359 0.00290439 0.00290365 0.0029036 0.00290368 0.0029036 0.0029036 0.00290597 0.0029036 0.00290359 0.0029875 0.0029036 0.0029036 0.00290364 0.00290361 0.0029036 376.874 0.00293415 0.0029036 0.0029036 0.00290359 0.0030147 0.00290561 0.0029036 0.0029036 0.00290359 0.00290422 0.00290569 0.0029036 0.00299266 0.0029036 74.1799 0.0029036 0.00290359 0.00290572 0.0029036 0.00290359 0.00291176 0.00292045 0.0029036 0.00290444 0.00290483 0.00290363 0.00291021 0.0029036 0.0029036 0.00290488 0.00291342 0.0029036 0.00290359 0.0029036 0.0029036 0.00290359 0.00290462 0.0029036 0.00290359 0.0029036 0.0029038 0.00291484 0.0029067 0.00292958 0.00290359 0.00290359 0.0029036 0.0029036 0.0029036 0.00290362 0.00292496 0.00292667 0.00290922 0.00322061 0.0029036 0.00292332 0.00319048 0.00291038 0.00291111 0.00290359 0.00308008 0.00290365 0.00290384 0.00290359 0.00290758 0.00290368 75.799 0.00290769 0.0029036 0.00293376 0.00290378 19.9526 0.0029036 0.00291115 0.0029036 0.0029036 0.00290359 0.0029036 0.00290362 0.0029225 0.00298165 0.00290359 0.0029036 0.0029036 0.00300782 0.0029036 121.604 0.0029036 0.00290359 0.0029036 0.0029036 0.00290367 0.00290388 0.0029036 0.00295764 0.00290627 0.00290415 0.00411081 0.0029145 0.00290704 0.0029036 0.0029036 0.0029036 0.0029036 0.00290934 0.0029036 277.613 0.0029036 0.0029036 0.0029036 0.00290359 0.0029036 0.0029036 0.00290359 0.00290445 0.00291163 0.00290361 0.00290359 35.7363 0.0029036 0.0029037 0.0029036 0.0029036 0.0029036 0.0029036 0.00290359 0.00290377 0.00291007 0.0029036 0.0029639 0.00290359 0.00304027 0.0029036 0.00313823 252.583 0.00296875 0.00290359 0.0029036 0.00290359 0.00290361 0.00290372 0.0029036 0.00290359 0.00290368 0.0029036 0.0029036 0.00290361 0.00290411 0.00301308 0.0029036 0.0029036 0.00290359 0.0029036 42.908 0.0029036 0.00290514 0.0029036 0.0029036 0.0029037 0.00290391 0.00298466 0.0029036 0.00293007 0.0029279 0.00291435 0.0029036 0.00290514 0.00290375 0.00290362 0.00294225 0.0029036 0.0029036 0.00290359 0.00290359 0.00290683 0.00290359 0.0029036 0.00290361 0.0029036 0.0029036 0.00292216 0.00291374 0.00296005 0.00290442 0.0029041 0.00290359 0.0029036 0.00290359 0.00296226 0.0029036 0.00290359 0.00290359 0.00290359 0.0029036 0.00293683 0.00290359 0.00290541 0.0029036 0.0029036 0.00290359 0.00290359 0.00290375 0.00309954 0.0029036 0.00290359 0.0029036 0.00290359 0.0029036 0.00291168 0.00290359 0.0029036 0.00290359 0.00290539 0.0029036 0.00290359 0.00290359 0.00345143 0.0029036 0.00290359 0.0029036 0.00290359 0.0029036 0.00290475 0.0029036 0.0029036 0.0029036 0.0029036 0.0029036 0.0029036 0.00290362 0.0029292 0.00290364 0.00290359 0.00336252 0.00290447 0.00290364 0.00291617 0.00290623 0.00290359 0.0029036 0.0029036 0.0029036 0.00290362 0.0029036 0.00290385 0.0029036 0.0029036 0.0029036 184.047 0.00306183 0.00290359 0.00294567 0.0029036 0.0138246 0.0029036 0.0029036 0.00290366 0.00290359 0.0029036 0.00291605 0.00290372 0.0029036 0.00290359 0.00317214 0.00291195 0.00290359 0.00290359 0.00300534 0.00290361 0.0029036 0.00290453 0.0029036 0.0029036 0.00290403 0.00290638 0.0029036 0.00291361 0.00290369 0.00312205 0.0029037 0.00291085 0.00290813 0.0029036 0.00290381 0.00290361 0.0029036 0.0029036 0.00290381 0.00290359 0.00290427 0.00291809 591.949 0.0029036 0.0029036 0.00290359 0.0029036 0.0029036 0.0029036 0.0029037 0.0029036 0.00290359 0.00291297 0.00290878 0.00290364 0.00291853 0.0029036 0.0029036 0.0029036 0.0029036 0.0029036 0.0029036 0.00290482 0.0029036 0.00290362 0.00293343 0.00305379 0.0029036 0.0029036 0.00305087 0.0029036 0.00490517 0.00290359 0.00320345 0.0029036 0.0029051 0.00290398 0.00290361 0.00290359 0.00290687 0.00290359 0.0029036 0.00290476 0.00310797 0.00290391 0.00290359 0.00290359 0.00290359 0.00290809 0.00290359 0.0029036 0.00303691 0.0029036 0.00290359 0.0029036 0.00290359 0.0030184 0.00290359 0.00315919 0.0029036 0.00293382 276.067 0.0029036 0.00290495 0.00290359 8.02309 7.09262 0.0029036 0.0029111 0.00308377 0.00293555 0.00290362 0.00290359 0.00290826 0.00290361 0.00290365 0.002905 0.00290367 0.00300664 51.8095 0.0029036 0.00290359 0.0029036 0.0029037 0.00290359 0.00290364 0.0029036 0.0029036 149.152 0.00290359 0.00290362 0.00290359 0.0029036 0.0029036 0.0029036 0.00290463 0.00290359 0.0029036 0.00290359 0.00290455 0.00290362 0.00297496 0.00293794 0.00290359 0.0031894 0.0029036 0.00291483
1 1 5,1 1,20601.1,0.00225264 0.00224795 0.0024907 0.00225052 0.00224795 0.00224795 0.00224797 0.00230552 0.00224795 0.00225363 0.00226738 0.00224795 0.00224878 0.00226108 0.00241606 0.00224795 0.00224795 0.00224795 0.00225509 0.0022483 0.00225534 0.00224795 0.00224799 0.00224804 0.00224795 0.00224801 466.002 0.00227732 0.00224795 0.00224795 0.00224795 0.00224795 0.00224795 0.00225074 0.00224803 0.00224795 0.00224796 0.00224795 0.00226016 0.00224795 0.00224795 0.00235993 0.00224852 0.00224795 0.0024538 0.00225523 0.00227181 0.00227295 0.00244624 0.00224795 0.00224795 0.00224795 0.00224825 0.0022483 0.00224797 0.00224795 0.00224795 0.00224939 0.00224795 0.00225501 0.00225165 0.00224795 0.0022485 0.00224795 0.00224795 0.00224795 0.00225104 0.00232618 0.00224962 0.0022523 0.00226706 0.00225184 0.00227214 0.00225488 0.00225009 0.00224886 0.00228818 0.00224795 0.00224795 0.002249 0.00229509 0.00224795 0.00224795 0.00224821 0.0022936 0.00224795 0.00224795 0.00224795 0.00224795 0.00224795 0.00225376 0.00224795 0.00224795 0.00224795 0.00224795 0.00224795 0.00224795 252.705 0.00224795 0.0022516 0.00224839 0.00228769 0.00224796 0.00224802 0.00224795 0.00224864 0.00224795 0.00224795 0.00224795 0.00225233 0.00227172 0.00224837 0.00224798 148.482 0.00256636 0.00224795 0.00225361 0.00224795 0.00224796 0.00224795 0.00224796 0.00277354 0.00224795 0.00224907 0.00224795 0.00224795 0.00224795 0.00224872 0.00224796 0.00224803 0.00225354 0.00224798 0.00224795 0.00224796 0.0022542 0.00238056 0.0022531 0.00225429 0.00226381 0.00224795 0.00224795 0.00225231 0.00224795 0.00224795 0.00224809 0.00231417 0.00224796 0.00224795 0.00224802 0.00224836 0.00225247 0.00224795 0.00224803 0.00230075 0.00224797 0.00224795 0.00225496 0.00224795 0.00224802 0.00224796 0.00224795 14.1097 0.00224813 0.00224798 0.00225643 0.00224795 0.00225868 0.00224816 0.00224795 0.00224795 0.00224798 0.00224795 0.00225465 0.00224795 0.00224834 0.00224796 0.00224795 0.00224796 0.00224826 0.00224795 0.00224795 0.00228816 0.00231643 41.5183 0.00225069 0.00226511 0.00225529 0.00225783 0.00230479 0.00224795 0.00230547 0.00224795 0.00224795 0.00224795 0.00225858 0.00225126 0.0022527 0.00224796 0.00224795 0.00224795 0.00224796 0.00224795 0.00224799 0.00224796 0.00224804 0.00224795 0.00225941 0.00224795 0.00225508 0.00224795 0.00224795 0.00224795 0.00224798 0.00225082 0.00224899 0.00224795 0.00224795 0.00228009 0.00237413 0.00224823 0.002248 0.00225865 0.00224914 0.00224795 0.00225432 0.00240745 0.00225688 0.00224795 0.00224795 39.3961 0.00225356 129.343 0.00227328 0.00224795 0.00444527 0.00224799 0.00224795 0.00224795 0.00224795 0.00226619 0.00224795 0.00237335 0.00224797 0.00224795 0.00224795 0.00224795 0.00224795 0.00224998 0.00224795 0.00224796 0.00224799 0.00224805 0.0022543 0.00224795 0.00224795 0.00224865 0.00225052 0.00225374 0.00224795 0.00224795 0.00226646 0.00224796 0.00224795 0.00225032 0.00224795 0.00227701 0.00224795 0.00226996 0.00224824 0.00224934 0.00224806 0.002248 0.00224862 0.00224795 0.00224804 0.00225453 0.00224795 0.002248 0.00224795 0.00224795 0.00234578 0.00225433 0.00224795 0.00224803 0.00224809 0.00224795 0.00225074 0.00229428 0.00252837 0.0022481 0.00227143 0.0023084 0.00224802 0.00224907 0.00224804 0.00224795 0.00225409 0.00225166 0.00224836 0.00224795 0.00227643 0.00224822 0.00225912 0.00224795 0.00224795 0.00224959 0.00225571 0.00225142 0.00224795 0.0022494 0.00249508 0.00228319 0.0022552 0.00224795 0.00224795 177.45 0.00224795 0.00224795 0.00224795 0.00224795 0.00224795 0.00224795 0.00224941 0.00224798 0.00224835 0.00227269 0.00230911 0.00224795 0.00224795 0.00226225 0.00224795 0.00224796 0.00224972 0.00224998 0.00225347 0.00224795 0.00504763 0.00224795 0.0022483 0.00224802 0.00228193 0.00224795 0.00225242 0.00224828 0.00224795 0.00224795 0.00224795 0.00224796 0.00224796 0.00224795 0.00224795 0.00224795 0.00224863 0.00386674 0.00224799 0.00224795 0.00224891 0.00224795 0.00225183 0.00224795 0.00225888 0.00224799 0.00227636 0.00224795 0.00224808 0.00226366 0.00224805 0.00224795 0.00224795 0.00224795 0.00224795 0.00225073 0.00264342 0.00225698 1024.24 0.00224796 0.00224795 0.00224795 0.00224795 0.00224795 0.00224795 0.00224826 0.00224797 0.00224795 0.00226417 0.00281387 0.00227111 0.0022481 0.00249885 0.00224796 0.00224799 0.00224795 0.0022901 0.00234213 0.00224795 0.00224795 0.00224795 0.00225452 0.00224795 0.00224795 0.00247195 0.00224799 0.00224797 0.00224815 0.00224809 0.00224891 0.00227623 0.00224795 0.00224858 0.00224836 0.00227225 0.00224798 0.00224795 0.00224795 0.00224831 9.31413 0.00224795 0.00230653 0.00224795 0.00224795 0.00225376 0.00224801 0.00224838 0.00238235 0.00224984 0.00224797 0.00224795 0.00224855 0.00225924 0.00224795 0.00224795 0.00224797 0.00234889 0.00224795 0.00224795 0.0022535 0.00224795 0.00224808 0.00224795 0.00224795 0.00224795 0.00224795 0.024478 0.00226318 0.00224799 0.00224795 0.00224905 0.00225047 0.00224795 0.00224824 0.00225136 0.0023493 0.00224795 0.00224829 0.00224796 0.00224944 0.00224795 0.00224795 0.00224837 0.00224797 0.00234706 0.00224795 0.00240056 0.00224795 0.00227564 0.0025137 0.00224795 0.00225802 0.002248 0.00224795 0.00224795 0.00225333 0.00224795 0.00224795 0.00224795 0.00224795 0.00224925 0.00224803 0.00224795 0.00224795 0.00224805 0.00225342 0.00224799 0.00224795 0.00224795 0.00225181 0.00224797 0.00237708 0.00224795 0.00224809 0.00224849 0.00226984 0.0022484 0.00224943 0.00224795 0.00224795 0.00227029 0.00227894 0.00224796 0.00224795 0.00226612 0.00224795 0.00233319 0.00229338 0.0022534 0.00229003 0.00225541 0.0022504 0.00224874 0.00224795 0.00224796 0.00224795 0.00225223 0.00224795 0.00224795 0.00224795 0.00224842 0.00225279 0.00225023 0.00227191 0.00224796 0.00233053 0.00227914 0.00224795 0.00224795 0.00229925 0.00224796 0.00224841 0.00224797 0.00224856 0.00225404 0.00224866 0.00224795 0.00224853 0.00224853 0.0022551 0.00224795 0.00224795 0.00230262 0.00224795 0.00224795 0.00224795 0.00224801 0.00224837 0.00237343 0.00224795 0.00224795 0.00224795 0.00224795 0.00224795 0.00224795 0.00224795 0.00224796 0.00224796 0.00224795 0.00242489 0.00225796 0.00224795 0.475914 0.00226419 0.00224795 0.00224795 0.00224795 0.00224795 0.00224795 0.00237408 0.00224795 0.00224795 0.0024264 0.00224795 0.00224795 0.00224795 0.00224795 0.00229544 0.002249 0.00224966 0.00225414 0.00225701 0.00224795 0.00224795 0.00225855 0.00432665 0.00224795 0.00224795 0.00224801 0.00224822 0.00243666 0.00229447 0.00224808 0.00225063 0.00255495 0.00224797 0.00225999 0.373583 0.00360652 0.00224795 0.00224795 0.00224915 0.002248 0.0022518 0.00224795 0.00228959 0.00224938 0.00225393 0.00224795 0.00225858 0.00224824 0.00224795 0.00224795 0.00224796 0.00224795 0.00225185 0.00224801 0.00225033 0.00224802 0.00226168 0.00225173 0.00224795 0.00224795 0.002248 0.00224795 0.00224795 0.00224795 0.00224795 0.00225315 0.00224807 0.00225183 0.00224797 0.00224795 0.00224798 0.00224795 0.00224804 0.00224796 0.00231733 0.00224795 0.00225027 0.00224796 0.00318601 0.00224795 0.00224795 0.00224795 0.00225012 0.00229306 0.00224899 0.00224857 0.00234666 0.00225776 0.00224801 0.00224795 0.00224844 0.00224795 0.00241719 0.00224897 0.00225226 0.00224795 0.00229326 0.00224795 0.00225195 0.00224795 0.00224795 0.00224801 0.00224795 0.00228431 0.00224795 0.00224795 0.00225388 0.00226716 0.00224795 0.00226559 0.00224809 0.00224795 0.00227515 0.00225709 0.00228348 0.00224795 0.00225173 0.00224795 0.00225517 0.00226756 0.00224797 0.00224795 0.00233087 0.0022516 0.0022658 0.00254207 0.00224795 0.00224795 0.00226042 0.00224795 0.00230943 0.00228153 0.00224795 0.00224807 0.00224796 0.00224798 0.00224795 0.002248 0.00224795 0.00224795 0.002248 0.00224795 0.00224831 0.00224881 0.00224795 0.00225148 0.00224795 0.00226153 0.00224795 0.00224985 0.0022519 0.00225566 0.00224801 0.00224795 0.00224795 0.00224795 0.00224796 61.1605 0.00224877 0.00224795 0.00224795 0.00224795 0.00225925 0.00224795 0.00224795 0.00226255 0.00224928 0.002248 0.00224795 0.00224795 0.00224814 0.002248 0.00224795 0.00224795 0.00224795 0.00230514 0.00245725 0.00226133 1.10671 0.0022542 0.00224963 0.00224795 0.00232531 0.00224795 0.00224795 0.00224797 71.3582 0.00224796 0.00224795 0.00224925 0.0022606 0.00228178 0.00224795 0.00229722 31.3554 0.00224918 0.00225139 0.00224816 0.00224796 0.00224795 0.00226553 0.00237653 0.00224795 0.00224795 0.00224795 0.00224797 0.00224795 0.00224795 0.00398754 0.00224795 0.00224804 0.00224975 0.00224795 0.00224795 0.00225481 0.00225901 0.00224795 0.00225852 0.00224795 0.00224795 0.00224795 0.00224795 0.00224798 0.00225245 0.00224795 0.00224795 0.00224795 0.00224795 0.00230486 0.00224795 0.00224795 0.00224803 0.00224795 0.00224795 0.00224795 0.00224795 0.00224798 0.00224795 0.00224844 0.00224795 0.00224795 0.00224795 0.00226021 0.00224795 0.00224795 0.00224795 0.00224795 0.00224795 0.00224795 0.00224799 0.00224795 0.00224795 0.00250447 0.00225407 0.00224795 0.00226868 0.00228889 0.00225049 0.00224795 0.00224795 0.00224863 0.00224795 0.00225103 0.00224795 0.00224881 0.00224799 0.00228011 0.00224795 0.00224795 0.00224795 0.00224795 0.00224795 0.00224795 0.00224795 0.00224798 0.00224803 0.00224795 0.00226175 0.00224795 0.00224795 25.7194 0.00224795 41.1427 0.00224795 0.00227756 0.00230804 0.0022506 0.00224796 0.00224795 0.00224795 0.00227224 0.00224795 0.00224886 0.00224795 0.00224795 0.00224795 0.00224798 0.00226362 14.8128 0.00224795 0.00225162 0.00224795 0.00224796 0.00224795 0.00224866 0.00224798 0.00291511 0.00224795 0.00224796 0.0023846 0.00224939 0.00224795 0.00224796 0.00224795 0.00224795 0.00224796 0.0022749 0.00224795 0.00225871 0.00224803 0.00227747 0.00224799 0.00225685 0.00224796 0.00224795 0.00224795 0.00237356 0.00224795 0.00224795 0.00224822 0.00385928 0.00224795 0.00230633 0.00224795 0.00224913 0.00224795 0.00224808 0.00224797 0.00224807 0.00224795 0.00224795 0.00224999 0.00224795 37.049 0.00224795 0.00224795 0.00225242 0.00297679 0.00224795 0.00224795 0.00224795 0.00225577 0.00224795 30.3591 0.00224795 0.00224795 0.00224795 0.00227015 51.7898 0.00224795 0.00224806 0.00227236 0.00224803 0.00228491 0.00224795 0.00762646 0.00224795 0.00234801 0.00224823 0.00232515 0.00230011 0.00224795 0.00225554 0.00224795 51.0765 0.00230157 0.0022671 0.00224798 0.00225606 0.00224805 0.00224795 108.846 0.00233511 0.00224795 0.00225513 0.00224801 0.00224795 0.00224795 0.00224795 0.00224795 0.00224795 0.00224927 0.00224795 0.00224827 0.00224795 0.00224795 0.00224795 44.621 0.00225054 0.00224795 0.00224795 0.00224795 0.00225603 0.00225132 0.00224795 0.00226579 0.00224795 0.00225962 0.00224859 0.00232493 0.00232215 0.00224795 0.00224795 0.00224795 0.00236198 0.00224795 0.00224811 0.00225455 0.00224805 0.00224795 0.0022487 997.599 0.00224795 0.00224859 0.00224941 0.00225509 0.00224795 0.00224796 0.00227212 0.00225141 0.00225133 0.0022562 0.0022483 0.00232735 0.00229056 0.00224795 0.00224795 0.00224795 0.00224795 0.00224809 0.00224795 0.00225105 0.00224795 0.00226061 0.00224795 0.00224799 0.00224795 0.00224796 0.00224876 0.00224795 0.00224808 0.0022481 0.00224795 0.002248 0.00224795 0.00224795 0.00224795 0.00224795 0.00224806 0.0022489 0.00224795 0.00224795 59.9661 0.00224797 0.00224795 0.00224796 0.00224809 0.00225823 0.00245614 0.00225459 0.00224795 0.0022619 0.00224887 0.002248 0.00224861 0.00224795 0.00224805 0.00224795 0.00224795 0.00225385 0.00224795 0.00224795 0.00224824 0.00227236 0.0024192 38.777 0.00225205 0.00229617 0.00224798 0.00224976 0.00224795 0.00224795 0.00224795 0.00224795 0.00224915 0.00224795 0.00224796 0.00224795 0.00233067 0.0022491 0.00224795 0.00224795 0.00224795 0.00224795 0.00224796 0.00224796 0.00225136 0.00224795 0.00224795 0.00224818 0.00230444 0.00235882 0.00224797 0.0022483 0.00224795 0.00224795 0.00233996 0.00243831 0.002248 0.00227509 0.00227894 0.00224795 0.00224863 0.0026506 0.002248 0.00225478 0.00226052 0.00224795 0.00224795 0.00224954 0.00225331 0.00224795 0.00224795 0.00224795 0.00224795 0.00234525 0.00226985 0.00224795 0.00224795 0.00224795 0.00224795 0.00225063 0.00226177 0.00226179 0.00224795 0.00224802 0.00226676 0.0022713 224.867 0.00228623 0.00224948 0.00224795 58.2472 0.00224795 0.00224796 0.00224795 0.00224802 0.00225533 0.00224795 0.00227372 0.0022571 0.00226512 0.00224795 0.00224795 0.00224795 85.1957 0.00224795 19.1932 0.00224795 0.00224795 0.00224833 0.00224795 0.00224798 0.00267126 0.00229234 0.00224832 0.00224796 0.00224795 0.00230513 0.00226475 0.00224795 0.00224851 0.00224795 0.00224795 0.00224795 0.00224828 0.00229208 0.00225039 0.00225441 0.00224845 0.00224795 0.208153 0.00224965 0.00227315 0.00224795 0.00224795 0.00224795 0.00261682 0.00226795 0.00224795 0.00224795 94.8054 0.0022548 0.00224795 0.00224795 0.00224795 0.00224795 0.00224938 0.00224795 0.00224795 0.0022692 0.00224795 0.00224801 0.00224795 0.00224795 0.00224795 0.00225386 0.00224795 0.00224795 0.00224803 0.00225066 0.00224795 0.00226318 0.0022602 0.00224993 0.0022487 0.00224795 0.00224799 211.912 0.00224796 0.00224795 0.00224795 0.0023152 0.00227714 0.00232353 0.00224795 0.00224795 0.00226116 0.00224974 0.00224795 0.00224795 0.00224796 0.00224836 0.00224795 0.00224795 0.00227372 0.00224796 0.00225041 0.00225164 0.00224796 84.9287 0.00224795 65.3854 0.00224796 0.00224795 0.00224795 0.00224795 0.00225047 0.00224829 0.00224795 0.00224799 0.00225064 0.0022782 0.00224795 0.00224796 0.00224795 0.00242769 0.00224808 0.00224795 43.9866 0.00224795 0.00224795 0.00225513 0.00224795 0.00227376 0.00224796 0.00227016 0.00225023 0.00225068 0.00227954 0.00224797 0.00381285 0.00224795 0.00224795 0.00224795 0.00224797 0.00226433 0.00224894 0.00224795 0.00232563 0.002248 0.00225011 0.0023472 0.00224799 19.2533 0.00225248 0.00224796 0.00225257 0.00226717 0.00224798 0.00224795 0.00224795 0.00287567 0.00224795 0.00224795 0.00225773 26.5547 0.00224796 0.00225027 0.00224795 0.00224795 0.00227894 0.00228922 0.00224795 0.00224801 58.6693 0.00231209 0.00227525 0.00224795 0.00233276 0.00224796 0.00238018 0.00224795 0.00224795 0.00224795 0.00224795 0.00224796 0.00224795 0.00232993 0.00224795 0.00224801 0.00224795 18.718 0.00224795 0.00224819 69.6844 0.0022539 0.00224809 0.00224795 51.0904 0.00224795 0.00226365 8.15697 0.00225482 0.00224795 0.00224795 0.00224795 0.00224798 0.00224991 0.00224979 0.00224795 86.4807 0.00225027 0.00224795 0.00225294 0.00224795 0.00224796 23.1815 134.99 0.00227302 0.00224882 0.0023112 0.00224795 0.00224795 0.00231782 0.00224795 0.00226333 0.00224799 0.00224795 0.00224796 0.00224797 0.00225572 0.00228653 0.00224795 0.00229273 0.00225167 0.00224943 99.8564 0.00321253 0.00230257 0.00224795 12.7613 0.00227036 0.00224795 0.00224795 0.00250776 0.0022849 0.00224795 0.00224795 0.00312713 0.00224795 10.8742 0.00225102 0.00224795 0.00346379 0.00224797 0.0022606 0.00225075 0.00225775 0.00224795 0.00224802 0.00224795 0.00224795 0.00225689 0.00224795 0.0023055 0.00232169 0.00224795 0.00224795 0.00228459 0.00224795 0.00224795 29.2456 0.00224795 0.00235344 0.00224795 0.0283829 0.00224811 0.00226805 0.00224795 0.00297717 0.00224795 0.00224795 0.00226049 103.036 0.00224797 0.00224795 0.00224795 0.00233207 0.00224808 0.00224809 0.00224826 0.00225151 0.00225842 0.00224795 0.00224795 0.00224795 0.00224795 0.00227002 0.00224835 54.5417 0.00225068 0.00224795 0.00225309 0.00225232 0.00224795 0.00224886 0.00224795 0.00229237 0.00224809 0.0022489 0.00224795 0.00228752 271.319 0.00224808 0.00241234 0.00226766 0.00224798 0.00224963 0.00224795 0.00224796 0.00224795 0.00224795 0.00224795 0.00224795 0.00224795 0.00224795 0.002248 0.00241728 0.00224795 0.00225138 0.00228306 0.00224795 0.00224795 0.00224911 0.00226113 0.00224795 0.00224796 0.00224795 0.00224802 0.00224795 0.00430808 0.00224795 0.00224795 0.00224942 0.00225456 0.00224795 0.0022482 0.00224945 0.00224796 0.00224795 0.00224795 0.00229125 0.00224795 0.00224795 0.00349461 0.00234834 0.00224795 0.00224795 0.00224795 0.00224796 0.00224795 0.00224795 0.00229476 0.00228018 0.00224797 0.00230184 134.505 0.0022484 0.00224798 0.0022481 0.00224797 0.00225763 0.00224795 0.00225934 0.00224795 0.002248 0.00224796 0.0022703 0.00224795 0.00224804 0.00224828 0.00224795 0.00224795 0.00228858 0.00226592 0.00233376 0.00224797 0.00225074 0.00224795 0.00224795 0.00224804 0.00224795 0.00224795 0.00224795 0.0022525 0.00225512 0.00224803 0.00224795 0.00224798 0.00247815 64.2129 0.00224795 0.00224795 0.00224795 0.00225962 0.00224803 0.00224801 0.00224795 0.00224795 0.00225928 0.00224795 0.00224798 0.00224814 0.00227046 0.00224795 0.00224796 0.00224795 0.00225191 0.00224795 0.00224797 0.00224798 0.00229216 0.00224842 0.00224796 0.00224795 0.00224795 0.00224819 0.0022893 0.00230709 0.0022506 0.00224796 0.00226526 0.00224881 0.00224796 0.00224806 0.00224795 0.00231814 0.00225083 0.00224795 0.00224834 0.00225047 0.00224933 0.00224795 0.00227588 0.00224795 0.00231775 0.00230809 0.00225768 0.00224801 0.00224797 0.00224842 0.00224795 0.00224796 0.00224799 0.00224809 0.00225028 0.00224795 0.00224795 0.00224795 0.00227887 0.00224795 0.00224796 0.00224795 0.00228693 0.00246485 0.00224795 0.00224795 0.00224795 0.00225101 0.00227128 0.00227409 0.00229497 0.00225259 0.00235217 0.00224795 0.00224795 0.00224795 0.0029541 0.0022532 0.00224795 0.00230864 0.00224795 0.00225426 0.00233331 0.00224795 0.00224795 0.00224799 0.00225277 0.00224983 0.00224795 0.00237783 0.00238889 0.00224795 0.00224795 0.00224795 0.00224797 0.00226069 0.00224795 0.00259232 0.00224796 0.00224796 0.00225875 0.00224795 0.00224795 204.603 0.00225102 0.00224833 0.00224795 0.0022491 0.00224795 0.00224964 0.00232427 0.00224799 0.00224795 0.00224795 0.002256 0.00224795 0.00225066 0.00224918 0.00224795 0.00224795 0.00224795 0.00224795 0.00224795 0.00224795 0.00224795 0.00225072 0.00224795 0.00224795 0.00224795 0.00224795 0.00224809 0.00224795 0.00260562 0.00224795 0.00224795 0.00225646 0.00225004 0.00224795 0.00224799 0.00224796 0.00224795 0.00224801 0.00227214 0.00224818 0.00224807 0.00224795 0.00224795 0.00225107 0.00224795 7.11433 0.00224795 74.1479 0.00226731 0.00224795 0.002248 0.00224795 0.00224809 0.00246439 0.00224795 0.00224795 0.00224795 0.00224795 0.00225932 0.00224795 0.00224906 0.00224834 0.002248 0.00225023 0.00224795 0.00224799 0.00227573 0.00225136 0.00225376 0.00224795 0.00224795 0.00225161 0.00224795 0.00224798 0.00224795 0.00228069 0.00224795 0.336697 0.00224798 0.00226227 0.00224795 0.00226768 81.3322 20.4067 0.00224795 0.00224796 0.00224854 0.00224797 0.00224795 0.00225098 0.00224795 0.0022497 0.00226447 0.00224795 0.00231543 0.00224795 0.00224989 0.00224795 0.00228834 0.00241012 0.00224795 0.00224796 0.00244488 0.00224795 0.00240312 0.00224795 0.00227807 0.00224795 0.0298985 0.00225178 0.00224795 0.00224807 0.00225482 0.00224795 0.002248 0.00224795 0.00224795 0.00225247 0.00228275 0.00224795 0.00225102 0.00225168 0.00224859 0.00226229 0.00224795 0.00224801 0.00226772 0.00224824 0.00224795 0.00224982 0.00224795 0.00225351 0.00224795 0.00735315 0.00227899 0.00224795 0.00224795 0.0047026 0.00224795 0.00224795 0.002248 0.00224842 0.00224805 0.00226982 0.00224795 0.0190057 0.00224795 0.00224795 0.00224795 0.00224811 0.00224795 0.00224796 0.00224795 0.00225242 0.00224795 0.00229139 0.00224795 0.00226258 171.59 0.00224805 0.00224795 0.00224803 0.00224929 0.00224906 0.00224795 0.00224795 0.00224797 0.00225294 0.00235848 0.00224808 0.00237224 0.00253525 0.00224993 0.00224795 0.00224816 0.00256908 0.00224795 0.00224796 0.00226877 0.00224795 0.00224795 0.00224795 121.036 0.00224795 0.0022541 0.00226183 0.002248 0.00224795 0.00232564 0.00224795 0.00224837 0.00224795 22.6259 0.00224864 0.00225113 0.0022513 0.00227473 0.00226121 0.002248 0.00224891 0.00224795 0.00226376 0.00224795 0.00224795 0.00227159 0.00224807 0.00224795 0.00231843 0.00224795 0.00225037 0.00224795 0.00224795 0.0022537 0.00224965 0.00225006 0.00225137 0.00224795 0.00224801 0.00235899 0.00227002 0.00224795 0.00224798 0.00224796 0.00224795 51.9465 0.00224799 0.00224795 0.00224868 0.00224795 28.8076 0.00224795 0.00224809 0.0030102 0.00228039 0.00224795 0.00224795 0.00224797 0.00224795 0.00224795 0.00225215 0.00224795 0.0022483 0.00224795 0.00225759 0.00224795 0.00224795 0.0022481 0.00224795 0.00224795 0.00224795 0.00224795 0.00224795 0.00225069 0.00224795 0.00235279 0.00228803 0.00229424 0.00224803 0.00235539 0.00224868 0.00224795 0.00226177 0.00224984 0.00224795 0.00224811 0.00226314 0.00226341 0.00224795 0.00224795 0.00224836 0.00225561 0.00267744 0.00224795 0.00224795 0.00238083 0.00224795 0.00224862 0.00224795 0.00224795 0.00224795 0.00224803 0.00225211 0.00224869 0.00224795 0.00224795 0.00224795 0.00224795 0.00224795 0.00224804 54.0205 0.00224795 0.00224961 0.00224795 0.00224795 0.00224795 0.00224795 0.00224808 0.00224795 0.00224815 0.00224912 0.00224795 0.00224795 0.00224795 0.00224795 0.00224795 0.00224796 0.00228642 0.00224795 0.00224801 0.00224899 0.00224795 0.00224795 0.00225356 0.00225359 0.00224861 0.00224879 0.00225798 0.00224797 0.00224828 0.0022513 43.7929 0.00224802 0.00224852 0.00225843 0.00224795 0.00224795 0.00224981 0.0026017 0.00224795 0.00226728 0.00225296 0.00224795 0.00224798 0.00224806 0.00224795 0.00224795 0.00227328 0.00226328 0.00226184 0.00224817 0.00224798 0.00224795 19.3173 0.00224795 0.00225659 0.00224795 0.00224795 0.00225414 0.00224795 0.00225076 0.00225188 0.00227054 0.00224795 0.00225832 0.00225123 0.00224796 0.00225466 0.00224797 0.0022662 0.00224795 0.00224795 0.00224795 0.00242025 0.00224795 0.00224795 0.00251953 0.00225035 0.002249 0.00224795 0.00224795 0.00224795 0.00224976 0.00238635 0.00224852 0.00224801 0.00227345 0.00224833 0.00224828 0.00224847 0.00228063 0.00224851 0.00224795 0.00225267 0.00224795 171.156 0.00236313 0.00224795 0.0022608 0.0039588 0.00224795 0.00224795 0.00224802 0.0022539 0.00225268 0.00224809 0.00224795 0.0022916 0.0022513 0.0022492 0.0022587 0.00224795 0.00225948 0.00224863 124.877 0.00225592 0.00224795 285.814 0.00226049 0.00224795 0.00224795 0.00224795 0.00224802 0.00228605 0.00224889 0.00224818 0.00230428 0.00224797 0.00224795 0.00225065 0.00224843 0.00224795 0.00251191 0.00224795 0.00224795 0.00224795 0.00225217 0.00224795 0.00225881 0.00224795 0.00224807 0.00225765 0.00225218 0.00228049 0.00224852 0.0022497 0.00224795 0.00224795 0.00226165 0.00224795 0.00224797 0.00224795 0.00234949 0.0022954 0.00224839 0.00224795 0.00225404 0.00225414 0.00224829 0.00224795 0.00224819 0.0022484 0.00224795 0.00224884 0.00224796 0.00224795 0.00224795 0.002248 0.00224795 0.00244511 0.00227207 0.00228838 0.00224795 0.00224795 114.936 0.00224795 0.00224812 0.00495541 0.00224795 0.00224795 0.00224795 0.002248 0.00237149 81.6735 0.00224831 0.00224795 0.00224806 0.00224795 0.00224795 0.00226154 0.00225312 20.6143 0.00224839 0.00224795 0.00225137 0.00225168 0.00224795 0.00224795 0.00224795 0.00224795 0.00226055 0.00224795 0.00224795 0.00224795 0.00239235 0.00232116 0.0022483 0.00225304 0.00227694 0.00224795 0.00224796 0.00224807 0.00226107 0.00224795 0.00224863 0.00224795 0.00224804 0.00224795 0.00281823 0.00224795 0.00224816 164.357 0.00232657 0.002248 0.00224795 0.00225545 0.00224799 0.00226568 0.00226023 0.00224797 0.00224853 0.002248 0.00226606 0.00225182 0.00227372 0.00224795 0.00229086 0.00224795 0.00240534 0.00224795 0.00230558 0.00224795 0.00224795 0.00224924 0.00225183 0.00238815 0.00225139 0.00224811 0.00224795 0.00224795 0.00224795 0.00224826 0.00230433 0.00224844 0.00225145 0.00224795 0.00224817 0.00226851 0.00224795 0.00224795 0.00224795 0.00227342 0.00224796 0.00224795 0.00225555 0.00224795 0.00224797 0.00224795 0.00224805 0.00224959 0.00227841 0.00224795 0.00224795 0.00224795 0.00224795 0.00224885 0.00224795 0.00224795 0.00225061 0.00225498 0.00224795 0.00224799 0.00229201 0.00224795 0.00226159 0.00224795 0.00225454 0.00224795 0.00224888 0.00224797 0.00226804 0.00226717 0.00224795 0.00229791 0.00224795 0.00225699 0.00224795 0.00225981 0.00224798 0.00224795 0.00224839 0.00227238 0.00224856 0.00224795 0.00225808 0.0023249 0.00224798 0.00224836 0.00224795 0.00224795 0.00224795 0.00380575 0.002248 0.00224799 0.00224795 0.00225853 0.00224795 0.00224795 0.00224795 0.00224852 0.00229237 0.00224886 0.00224795 0.00224795 0.00224795 0.00224964 0.00224795 0.00224795 0.00224795 0.00224824 0.00224807 0.00224795 0.00224842 0.00224796 0.00226426 0.00224797 0.00224795 0.00224804 0.00495532 0.00224795 0.00224811 0.00224795 0.00224795 0.00224795 0.00224795 0.00224796 0.00225397 0.00224795 0.00224838 0.00224795 0.00224803 0.00224795 0.00224825 0.00224804 0.00225603 0.00224795 0.00224795 0.00224795 0.00224796 0.00224795 0.00224795 0.00224795 0.00224795 0.00224805 0.00224795 0.00224795 0.0022482 0.00240882 415.943 0.00224819 0.00224822 0.002248 0.00225071 0.00224795 0.00224795 0.00224795 0.00224795 0.00224904 0.00224795 0.00224874 0.00224801 0.00224795 0.00224795 0.00224795 0.00224795 0.00225956 0.0022496 0.00224796 0.00224796 0.00224795 0.00224795 0.00224795 0.00224795 0.00229771 0.00224795 0.00224866 0.0022528 0.00224795 0.00224795 0.00224797 0.00224796 0.00224795 0.00237215 0.00224795 29.2665 0.0023089 0.00226465 0.00224795 0.00230391 0.00229149 0.00224795 0.00236934 0.00224795 0.00224797 0.00225189 0.00228132 0.00225233 0.00228353 0.00224795 0.00224795 0.00224822 0.00224795 0.00224847 0.00224798 0.00235315 0.00224795 0.00226794 0.00224913 0.00224822 0.00224838 0.00224795 0.00224797 0.00227388 0.00224795 0.00228976 0.00224795 0.00224801 0.00225579 0.00224795 0.00224795 0.00224795 40.317 0.00224956 0.00224795 0.00224795 0.00228108 0.00224982 0.00224795 0.00224795 0.00229462 0.00224795 0.00224797 0.00224795 0.00224795 0.00224795 0.0023613 0.00224798 0.00224795 0.00225401 0.0022481 0.00224855 0.00227744 0.00236745 0.00224795 0.0022569 0.00224795 0.00231561 0.00224832 0.00238054 0.00224809 0.00224795 0.0022572 0.00224795 0.00224893 0.00224795 0.00224795 0.00224795 0.00224795 0.00232681 0.00224795 0.00224795 0.00229252 0.00224795 0.00224795 0.00224798 0.00226918 0.00226865 0.00226101 0.00227787 0.269477 52.084 0.00226869 0.00233026 0.00224795 0.00224795 0.00224802 0.00224795 0.0022561 0.00224795 0.002248 0.00224856 0.00224795 0.00224806 0.00224796 0.00224857 0.00224795 0.00224795 0.00224831 0.0024838 0.00224795 0.00238401 0.00226645 0.00224892 0.00224823 0.00224888 0.00224888 0.00228865 0.00224795 0.00224795 0.00224795 0.00224797 0.00224795 0.00224795 0.00224795 0.00228663 40.5239 0.00238808 0.00224795 0.00224796 0.00224851 0.00225021 0.00224802 0.00224795 0.00224795 0.00224826 0.00224795 0.00224796 0.00224795 0.00224795 0.00224825 0.00224795 0.00225138 0.00224795 0.00225128 0.00243208 0.0022481 0.00224795 0.00224795 0.00224795 0.00224813 0.00224795 0.00224855 0.00224795 0.00224795 0.00225633 0.00225341 0.00224795 0.00245287 0.00224809 0.00224795 0.00224795 0.00224795 0.00224875 0.00224852 0.00224795 0.00224797 0.00224802 0.00225756 0.00230984 0.00224795 0.00224795 0.00232064 0.00224805 0.00224795 0.00224795 0.00224795 0.00224795 0.00224796 0.00224795 0.00224816 0.00224795 0.0022518 0.00224796 0.00224795 0.00224795 0.00224802 0.00225238 0.00224835 0.00224838 0.00225101 0.00224795 0.00230294 0.00224795 0.00224795 0.00224798 0.00224795 0.00228913 0.00224795 0.00225196 0.00224795 0.00225482 0.00228612 0.00224795 0.00224795 0.00224795 0.0022481 0.00224795 0.0022486 0.00225571 0.00260401 0.00224795 0.0022481 0.00225498 0.00224795 0.00224795 0.00224796 0.00238947 0.00224847 0.00224813 0.00224795 0.00225802 0.00225713 0.00224797 0.00225435 0.00224795 0.00228563 0.00225155 0.00224796 0.00224795 0.00224816 0.00224795 0.00225643 0.0022817 0.00224795 0.00224795 0.00236417 0.00224795 0.00256329 0.00224795 0.00226234 0.00224825 0.00224795 0.002249 0.00224795 0.00224795 0.00225105 0.00224795 0.00224795 0.00224836 0.00226368 0.00224803 0.00224795 0.00224814 0.00224909 0.00224795 0.00226415 0.00224795 0.00224795 0.00227603 0.00224795 0.00224795 0.00245233 0.00230891 0.00224883 0.00224825 0.00224795 0.00224818 0.00224795 0.00239976 0.00224828 0.00224795 0.00226536 0.00224795 0.00224812 0.0022496 0.00224795 0.00224795 0.00226654 0.00224795 0.00224817 0.00228366 0.00224795 0.00225131 0.00224795 0.00225022 0.00224795 0.00224795 0.00224853 0.00225137 0.00224795 0.00225339 0.00224795 0.00224802 0.00224823 0.00224795 0.00226031 0.00224795 0.00224795 0.00224822 0.00224795 0.00224834 0.00225752 0.00224795 0.00224795 50.8527 0.00224795 0.00224795 0.0022505 0.00224795 0.00224795 0.00225459 0.00224795 0.00225748 0.00237778 0.00228778 0.00224925 0.00224813 0.00224795 0.00224805 0.00224796 0.00224795 0.00224795 0.00224905 0.00224795 0.00224925 0.00224795 0.00224795 0.00224796 0.00226403 222.017 0.00224795 0.00224821 0.00224795 0.00236313 0.00225443 0.00224795 0.00224795 0.00225378 0.00224892 0.00225797 0.00224796 0.00224795 0.00224795 0.00224812 0.00224901 0.00224795 0.00224795 0.00224797 0.00225463 0.00224795 0.00224795 0.00231725 0.00224795 0.00227186 0.00224795 0.00231282 0.0022524 0.00224795 0.00224795 0.00224809 0.00224795 0.00224801 0.00229267 0.00224795 0.00224852 0.00224795 0.00224795 0.0022556 0.00224795 0.00224795 0.00224837 0.00224795 0.00224795 0.00224795 0.00225776 0.002248 0.00225102 0.00224795 0.00224795 0.00224796 0.00224795 3.6463 0.00224795 0.00224795 0.00224796 0.00224834 0.00224795 0.00224795 74.8586 0.00225003 0.00224795 0.00224795 0.00224922 0.00224796 0.00224855 0.00224795 0.00224795 0.00224795 0.00224795 0.00224795 0.00224795 0.002294 0.00224795 0.00224795 0.00225513 0.00224795 0.00225007 0.00224795 0.00224795 0.00224809 0.00224795 0.00225416 0.00225339 0.00224797 0.00224795 0.00224795 0.00235602 0.00224795 0.00225652 0.00229412 0.00226235 0.00224804 0.00224795 12.7188 0.00225157 0.00234744 0.00224795 0.00224795 0.00224795 0.00224795 0.00224936 0.00224795 0.00226173 0.00224797 0.00237327 0.00224798 29.1479 0.00224795 0.00224795 0.00225347 0.00224848 0.00229274 0.00224795 0.00225599 0.00224815 0.00224795 0.00224818 0.00224805 0.00224795 0.00224802 0.00224805 0.00224799 0.00224814 0.00224795 0.00230225 0.00224873 0.00225529 0.00224841 0.00224795 20.9172 0.00225176 0.00224811 0.00245738 0.00224796 0.00224795 0.00224822 0.00232765 0.00224795 0.00225411 0.00224797 0.00224795 0.00225131 0.00224797 0.00224795 0.00224795 0.00224822 0.00225524 0.00224795 0.00224796 0.00234485 0.0023424 0.00224796 0.00224795 0.00226765 0.00224795 0.00224795 0.00224795 0.00225147 0.00225878 0.00224795 0.00224962 0.00226125 0.00226023 0.00224795 0.00224795 0.00224795 0.00224795 0.00224795 0.00224797 0.00224795 0.00252398 0.00224795 0.00225995 0.00224795 0.00226267 0.00224795 0.00224798 0.00224795 0.00224865 0.00224795 0.00227508 0.00224795 0.002248 0.00224795 0.00224795 0.00224795 0.00224795 0.00224796 0.00224796 0.00224795 0.00225392 0.00238061 0.00225617 0.00224819 0.00224795 0.00224817 0.00224795 22.5329 0.00224815 0.00224795 0.00224795 0.00224798 0.00231608 0.00224795 0.0022481 0.00224796 0.00224795 0.00224795 0.00225858 0.00225521 0.0022704 0.00224982 0.00224795 0.00224795 0.00224795 0.00224856 0.00224805 0.00227988 0.00224815 0.00224839 0.00224795 0.00226308 0.00224817 0.00225416 0.00486698 0.00235902 0.00225682 0.00224798 0.00224797 0.00224826 0.00224799 0.00225442 0.00224811 0.0022641 0.00224799 0.00224795 0.00225737 0.00224796 0.00224796 0.00225406 0.00225639 0.00224795 0.00224798 0.00225415 0.00224795 0.00224795 0.00224795 33.873 0.00224795 0.00224905 0.00224795 0.00224795 0.00226441 0.00224795 0.00224795 0.0022501 0.00224795 0.00224795 0.0132449 0.00224795 0.00224795 0.00230174 0.00224795 0.00224795 0.00224806 38.2878 0.0022484 0.00224795 0.00224795 0.00224795 0.00224795 0.00224803 0.00224795 0.00224796 0.00224798 0.00224795 0.00224798 0.00224795 0.00224795 0.00224795 0.0022925 0.00224797 0.00224799 0.00224795 0.00224795 0.00224795 18.5766 0.00224795 26.3119 0.00224796 0.0022516 0.00225434 0.00224795 0.00224844 0.00224795 0.00232295 0.00224796 0.00224795 0.00228204 0.00224795 0.00224795 0.00224795 0.00226127 0.00224796 0.00224795 0.00224795 0.00224795 0.00224795 0.00225474 0.00224795 0.00224795 0.00224795 0.00224804 0.00224796 0.00224795 0.00237296 0.00231641 0.00224795 0.00231715 0.00224795 0.00224795 0.0022494 0.00224795 0.0022502 77.8248 0.00224795 0.00225986 120.361 0.00225016 0.00224795 0.00226061 0.00224795 0.00224795 0.00224795 0.00224795 0.00224797 0.00224797 0.00224796 0.00224795 0.00224795 71.3017 0.00224795 0.0022749 0.00227073 0.00224795 360.823 0.00225136 0.00224795 58.8904 0.00224797 0.00224795 0.00224799 0.00225008 0.00224795 0.00224863 0.00224795 0.00224842 0.00224795 0.00224795 0.00224795 0.00224795 0.00224796 0.00224795 0.00224795 0.00224807 0.00224795 0.00224805 0.00226935 0.00224795 0.14794 0.00224795 0.00224814 0.00224806 0.00225435 0.00225587 0.00224795 0.00224795 0.00225635 0.00224889 0.00236665 0.00230102 0.00224795 0.00224795 0.00228341 0.00224798 0.00224835 0.00224795 0.00224796 0.0022861 0.00303771 0.00225664 0.00224795 0.00228615 0.00224796 0.00224795 0.0022544 0.0022533 0.00224795 0.00224795 0.00224806 0.00224796 0.00224795 0.00224807 0.00224795 0.00224795 0.00224809 0.00224982 0.00225631 0.00224924 0.00224795 0.00225498 0.00224795 0.00231975 0.00224795 0.0022781 0.00224795 0.00224795 0.00224795 0.00224796 0.002257 0.00224797 0.00224795 0.00225054 0.00224795 0.00224802 0.00224795 0.00224804 0.00225062 0.00224838 0.00224798 0.00226698 0.00224795 0.00224826 0.00225241 0.00224795 0.00224795 0.0022657 0.00224815 0.00224795 0.00228616 0.0022494 0.00224941 0.00224795 0.00224795 0.00224797 0.0023352 0.00224795 0.00224806 0.00224795 0.00224795 0.00224795 0.00224795 0.002248 0.00224795 0.00226168 0.00224795 0.00225702 0.00243328 47.4407 0.00225075 0.00227154 0.00226663 0.00228339 0.0022485 0.0023671 0.00224945 0.00225083 0.00224797 0.00224795 0.00224844 0.00226224 0.00224871 0.00225803 15.3811 0.00224795 0.00224795 0.00224809 0.00225405 0.00224927 0.00224821 0.00224795 0.00231833 0.00224797 0.00224796 0.00230411 0.00224795 0.00225706 0.00225769 0.0022487 0.002248 0.00227312 0.00227329 0.00224795 0.00225695 0.00227953 0.00224795 0.00224795 0.00225832 0.00225701 0.00224802 0.00224806 0.00224795 0.00224795 0.00224803 0.00224795 0.00224795 0.00233554 0.00226444 0.00224795 0.00224795 0.00224802 0.00224796 0.00224795 0.00227762 0.00224796 0.00239548 0.00224802 0.00224795 0.00224795 0.002248 0.00225259 0.00225019 0.00224795 0.00250142 0.00224795 0.00232017 0.00225356 0.00224796 0.00224795 0.00229625 0.00224795 0.00224795 0.00224826 0.00224795 0.00226368 0.00224855 0.00224795 0.00224795 0.00224825 0.00224795 0.00224797 0.00224802 0.00224843 0.00224795 0.00235812 0.00225544 0.00224795 0.00224795 0.00224924 0.00224795 0.00224795 0.00224798 0.00224795 0.00226907 0.00224797 0.00236272 0.00224795 0.00224795 0.00224795 0.00224795 0.00224816 0.00227921 0.00226673 0.00224795 0.00224795 0.00234002 0.00224896 0.00226986 0.00225106 0.00224795 0.00224877 0.00224795 0.00224795 0.00224895 0.00224795 0.00224795 0.00224795 0.00224797 0.0022483 0.00224795 0.00224796 0.00271493 0.00224797 0.00226333 0.00224795 0.00224817 0.00226212 0.00224799 0.00224796 0.00224795 0.00224795 0.00238539 0.00224795 0.0022481 0.00224796 0.00225463 0.00225262 0.00224796 0.00224795 0.00224795 0.0022492 0.00224795 0.00224863 0.00226073 0.00224795 0.00226148 0.00224795 0.00228976 0.00224795 0.00224795 0.00224795 0.00224795 0.00224795 0.00224916 0.0022485 0.00224795 0.00279181 96.7139 0.00224795 0.00224795 0.00231386 0.00225556 0.00224972 0.00224795 0.00224799 0.00224795 0.00227203 0.00224795 0.00224795 0.00224795 0.00226173 62.1179 0.00224795 0.00224867 0.00225638 0.00224796 0.00224796 0.00224823 0.00228712 0.0022659 0.00224795 0.00224795 0.00224912 0.00224815 0.00224795 0.00224801 0.00224795 0.00224795 0.00224844 0.00224795 0.00224795 0.00224807 0.00224796 0.00224858 0.00225447 0.00228006 0.00225467 0.00224802 0.00236312 0.00224795 0.00224795 0.00225671 0.00225101 40.1664 0.00224857 0.00224855 0.00224943 0.00224806 0.00224795 43.908 0.00224795 0.00226053 0.00224795 0.00224839 0.00224877 0.00224968 0.002248 0.00224844 0.00224795 0.00225012 0.00224795 0.00224795 0.00225462 0.00224795 0.0022613 0.00228199 0.00224795 0.00224795 0.00224795 0.00224795 0.00224796 0.00225096 0.00239731 0.002248 0.00226033 0.00226023 0.00224855 0.00224795 0.00224796 0.00224837 0.00224813 0.00224802 0.00232484 0.00226011 0.00224795 48.9743 0.00227087 0.00225394 0.00224796 0.00224795 0.00224795 0.00231596 0.00234245 0.00224796 0.00224795 0.00224795 0.00224795 0.00224795 0.00224795 0.0022796 0.00224795 0.00224795 0.00224799 0.00224823 0.00225031 0.00224795 0.00224795 0.00224795 0.00227009 0.00224796 0.00224909 0.00224796 0.00229279 0.00225331 0.00224795 0.00224795 0.00224795 0.00224795 0.00224798 0.00224795 0.00224927 0.00224911 0.00224804 0.00224796 0.00243719 0.00224795 0.00224809 0.00225516 0.00224795 0.00225437 0.00224796 0.00224795 0.0022525 0.00225053 0.00224806 0.00224796 0.00224806 0.00224795 0.00224795 0.00236573 0.00226154 0.00224797 0.00224795 0.00224795 0.00224959 0.00224796 0.002248 0.00224932 0.00224796 0.00224795 0.00226185 0.00224805 0.00224876 0.00224795 0.00224795 0.00224795 0.00224795 0.00224795 0.00224795 0.00224797 0.00224795 0.00225136 0.00224795 0.00224795 0.00224795 0.0022529 0.00224829 0.00278273 0.00224855 0.00224822 0.00224795 0.00224801 0.0022509 0.00224795 0.00224795 0.00224801 0.00229501 0.00224795 0.00224795 0.00226118 0.00224795 0.00225186 0.00224795 0.00224819 0.00224833 0.00224795 0.00224795 0.00225319 0.00227807 0.00224803 0.00224795 0.00224796 0.00224808 0.00224795 0.00228613 0.0022573 0.00224809 0.0022693 0.00224795 0.00227349 0.00225221 110.723 0.00224805 0.00226196 0.00224809 0.00224932 0.0153163 0.00224795 0.00224876 0.00224795 0.00224795 0.002249 0.00224809 0.00224795 0.00224795 0.00224795 0.00224801 0.00224978 0.00235759 0.00224795 0.00224849 0.00224796 0.00224795 0.0046791 0.00224795 0.00240229 0.00262269 0.00224795 0.00224963 0.00237414 0.00224829 0.00230277 0.00224828 0.00224862 0.00224795 0.00224815 0.00259443 0.00224799 0.00224795 0.00225652 0.00224802 0.00224795 0.00224795 0.00224803 0.00225044 0.00232844 0.00224795 0.00224795 0.00224823 0.00235953 0.00224795 0.00225085 0.00224795 0.00229709 0.00224795 0.00224795 0.00224818 0.00224941 0.00224795 0.00224795 0.00225779 0.00224802 0.00224795 0.00225284 0.00224799 0.00224795 0.00232617 18.7045 0.00224795 0.00224796 0.00224795 0.00224795 0.00224795 0.00224865 0.00224795 0.00224795 0.00224795 0.00224796 219.998 4.44165 0.00224795 0.00224795 0.00224795 0.00224795 0.00229276 0.00224834 0.00225155 0.00224797 0.00225638 0.00224795 0.00224795 0.00224795 0.00224795 0.00224799 0.00224837 0.00224804 0.00224795 0.00224795 0.00224795 0.00226243 0.00224795 0.00224795 0.00225012 0.00330359 0.0022483 0.00227828 0.00224795 0.00224795 0.00224796 0.00226108 14.1664 0.00224812 0.00225631 0.00225539 0.002248 0.00224795 0.00224795 0.00224795 0.002248 0.00225365 0.00224795 0.00225222 0.00224795 0.00224795 0.0024104 29.1592 0.00229452 0.00224806 0.00226264 0.00224795 0.00224804 0.00224795 0.00224829 0.00224827 57.2514 0.00226024 0.00241619 0.00224795 0.00224797 0.00224795 0.00224817 0.00228047 0.00225033 0.00224795 0.00224795 0.00224795 0.00224795 20.105 0.00224795 0.00224795 0.00224803 0.00228377 0.00224796 0.00224802 0.00224802 0.00225534 0.002249 0.00224795 0.00224795 0.00224795 0.00229217 0.00225105 0.00224855 0.00228621 0.00224832 0.00224857 0.00224795 0.00286797 0.00224795 0.00224795 0.00224795 0.00224895 0.00224795 0.00224883 0.00236438 0.00224795 0.0022629 0.00224795 0.00224798 0.00224795 0.00224795 0.00224795 0.00228003 0.00230444 0.00224795 0.00224795 0.00224795 0.00228724 0.00224798 0.00224941 0.00224796 0.00224795 0.00224848 0.00224795 0.00225401 0.00224795 0.00225697 0.0023044 0.00224795 0.0022489 0.00225451 0.00224795 0.00224795 0.00226012 0.00248957 0.00226464 0.00225886 0.002248 0.00227464 0.00224812 0.00225967 0.00224796 0.00224822 0.00226796 0.00224796 0.00224796 0.00225291 0.00224796 0.00224795 0.00224804 0.00224795 97.2864 0.00224795 0.00224862 0.00227532 0.00224795 0.00224806 0.00224795 0.00224795 0.00224795 0.00224795 0.00224826 0.00224795 0.00228562 0.00225252 0.00224795 0.00224795 0.00224821 0.00224795 0.00224795 0.00224854 0.00224857 0.00227969 0.00224795 0.00224795 0.00224795 0.00224795 0.00225158 0.00224796 0.00224795 0.00224795 0.00224839 0.00224795 0.00224796 0.00224795 0.00224795 0.00224795 0.00224795 0.00224801 0.00226351 0.00226199 0.00224795 0.00225028 0.00224795 0.00224795 0.00224795 0.00224795 0.00224795 0.0022504 0.00224795 0.00224795 16.3044 0.00224795 0.00228966 0.00225548 0.00224795 0.00224797 0.00224795 0.00224795 0.00224964 0.00224795 67.5542 0.00224795 0.00224796 0.00226001 0.00225194 0.00224795 0.00232759 24.4305 13.8464 0.00224795 0.00224795 0.00226525 0.00224795 0.00227964 0.00224806 0.00230369 0.00224795 0.00239989 0.002248 0.00225762 0.00382597 0.00224795 0.00224795 0.002248 0.00224843 0.00225412 0.00224795 0.00224881 0.00367769 0.00224917 98.4451 0.00224795 0.00230239 0.00226128 0.00224796 0.00224863 0.00224795 0.00224796 0.00224899 0.00224795 0.00224838 0.0023029 0.00232328 0.00231484 65.8995 0.0022511 0.00224795 0.00224841 0.00224795 0.00224795 0.00224795 0.00224796 0.00225198 0.00224797 0.00225241 0.00224795 0.00224862 0.00224795 0.00224799 0.00224796 0.00226935 0.00928791 0.00224795 0.00224795 0.00224844 41.1248 0.00224795 0.00224826 0.00224796 0.00225802 0.00224795 0.00225266 0.00224795 0.0105403 0.00224801 0.00224795 21.7509 0.00224879 0.0024378 0.00224868 0.00225645 0.00224795 0.00224795 0.00224852 0.00224795 0.00224829 0.00224795 0.00224795 0.00231387 0.00232108 0.002248 55.6452 0.00224795 0.00224853 0.00224808 0.00224795 0.00224801 0.0022667 0.00224795 0.00227166 0.00224795 0.00224795 0.00236276 0.0022497 0.0022494 0.00224795 0.00224795 0.00224796 0.00224821 0.00224796 0.00224801 0.00360473 0.00456446 0.00227431 0.0022501 0.00224795 0.00224795 0.00224795 0.00235878 0.00224795 0.00224795 0.00224819 0.00226001 0.00226715 0.00224795 0.00224812 0.00224799 0.00224795 0.00224795 0.00224795 0.00225514 0.00224805 0.00224795 0.00224795 0.00225059 0.00224797 0.00224795 0.00224796 0.00224795 0.00224795 0.00224795 0.00224795 0.00224795 0.00228958 0.00224795 0.00224795 0.00224796 0.00224795 0.00224795 0.00224842 0.00224795 0.00224795 0.00224805 0.00224831 44.0278 0.00224795 0.00224827 0.00224795 11.0589 11.3854 0.00224795 0.00224795 352.672 0.00224821 0.00225105 0.00224795 0.00225592 0.0022691 0.00224811 0.00224795 0.00225064 0.00224797 0.00224866 0.00224795 0.00230424 0.00224795 0.00224795 0.00224797 0.00224921 0.414112 0.00225489 0.00264419 0.0022922 0.00224795 0.00224797 0.00224795 0.00224795 0.00224795 0.00224795 0.00224795 0.00227552 0.00224795 0.00224795 0.00224897 0.00224798 0.00224837 0.00224795 0.00233051 0.00227954 0.00224795 0.00224795 0.00224795 0.0022691 0.00262915 0.00224795 0.00226089 0.00224836 0.00225989 0.00224795 0.00224795 0.00224808 0.00224795 0.00224795 0.00226821 0.00227145 0.00224795 0.00224796 0.00224811 0.00224832 0.00224797 0.00224795 0.00241071 0.00224795 0.00224795 0.00224799 0.00946321 0.00224795 0.00225752 0.00226699 0.00224795 0.00224863 0.00224812 0.00224795 0.00228226 0.00232493 0.00224796 0.00249594 0.00224831 0.00224795 0.00225578 0.00224795 0.00225074 0.00224939 0.002248 0.00224795 0.00224795 0.00226128 0.00224823 0.00224798 0.00224795 0.00224795 0.00224795 0.00224807 0.00224826 0.00224795 2.06701 0.00224808 0.00224795 0.00224998 0.00224795 0.00224822 0.0022626 0.00224819 0.00224872 0.0025767 0.00225251 0.00226064 0.00224884 0.00224795 0.0022653 0.00224795 0.00224795 0.00224832 0.00225032 0.00225129 0.00224841 0.00225001 0.00224795 0.00224795 0.00224803 0.00224795 0.00224795 0.00224829 0.00224795 0.00224801 0.00225503 16.1386 0.00224795 0.00224795 0.00224795 0.00224863 0.00224795 0.00224795 19.2627 0.00224795 0.00224981 0.00224797 0.00226198 0.002248 0.00224808 0.0022788 0.00224796 0.00224822 0.00224795 0.00224795 0.00224817 0.00224795 0.00224795 0.00228167 0.00224854 0.00225125 0.0023598 0.00225757 0.00224801 0.00235683 0.00225796 0.002248 0.002248 0.00224978 0.00224799 0.00224795 0.00224795 0.00224799 0.00228073 0.00224865 0.00239814 0.00228933 0.00224795 0.00227914 0.00227577 0.00224795 0.00224854 0.00224795 0.00224843 0.00224838 0.00224987 0.00225076 0.00230484 0.00225068 0.00224795 0.00224804 0.00224796 0.00224795 0.00226136 0.0022488 111.058 0.00230786 0.00224795 14.6665 0.00224795 0.00224796 0.00233863 0.00224799 0.0024268 0.00241599 0.00224795 0.00225095 297.545 0.00224953 0.00224795 0.00227711 0.00224795 0.00224795 0.00224795 0.00224795 0.00224795 0.00224795 0.00257094 0.00224795 0.00224898 0.00225749 0.0023544 0.00235927 0.00224795 0.00224795 0.00224795 0.00224798 0.00301824 0.00224795 0.00226663 0.00225906 0.00224795 0.00224795 0.00224795 0.00224795 0.00319479 0.0022597 0.00224805 0.00230318 0.00224795 0.00224795 0.00224795 0.00224803 0.00225255 0.00369548 0.00224795 0.00224795 0.00224795 0.00251708 0.00224802 0.00224795 0.00224795 0.00224802 0.00224795 653.403 0.00230365 0.00227635 0.00229884 0.00224795 0.00224795 0.00224797 0.00224801 0.00224796 0.00224795 45.4244 0.00224811 0.00224947 0.00224795 0.00225909 0.00228977 0.00224795 0.00224795 0.00225761 0.00224795 0.00239215 79.5234 0.00224804 0.00224795 0.00224865 0.00224831 0.00224836 0.00224795 0.00224821 0.00224802 0.00224795 0.00224823 0.00233901 0.00224798 0.00224883 0.00224795 0.00224962 0.00224929 0.00224795 0.00224795 0.00226584 0.00224795 0.002427 0.00224795 0.00226717 0.00228567 0.00230367 0.00224795 0.00232936 0.00224941 0.00224795 0.00247449 0.00224797 0.00224795 0.00224795 0.00224802 0.00225308 0.00224804 0.002248 0.00224795 0.00258391 0.00232587 0.00224795 0.00224795 0.002248 0.00224797 0.00227894 0.00224796 0.00226954 106.629 0.002259 0.00224916 0.00224796 0.00225558 0.00225245 0.00226511 0.00224795 0.725039 0.00224806 0.00224929 0.00224816 0.00224808 0.00224838 0.00234544 0.00224997 0.00224825 0.00224823 0.00225425 0.00228496 0.00241773 0.0022496 0.00225051 0.00225299 0.00224795 0.00224856 0.00235491 0.00224795 0.0022486 0.00224795 0.00224909 0.00224795 0.00226602 0.00224795 0.00224795 0.00224795 0.00224796 0.00224796 0.00225067 0.00224899 0.00241694 0.00224795 0.00225388 0.00225405 0.00224795 0.00224795 0.00224795 0.00224795 0.00224929 0.00224795 0.00226791 0.00224795 0.00224795 0.00224814 0.00224795 0.00224795 0.00224804 0.00224795 0.00224795 0.00224809 0.00224858 0.00224893 0.00224795 0.00224795 35.2957 0.00224797 0.00229589 0.00224849 0.00224795 0.00224795 0.00224795 0.00224956 0.00224795 0.00224795 25.6814 0.00224795 98.4112 0.00224795 0.00224795 0.00224795 0.00224815 0.00224795 0.00224795 0.00224795 0.00224795 0.00224795 0.00224795 0.00224795 0.00224796 0.00224795 0.00224812 0.00224941 0.00224795 0.00252831 0.002273 0.00224795 0.00224795 0.00224795 0.00435495 0.00224795 0.00228728 0.0022551 0.00224795 0.00224803 0.00224795 0.00224795 0.00228158 0.00224795 0.00225952 0.00224832 0.0023101 0.00224981 0.00229098 0.00229232 0.00224808 0.00224806 0.00224806 0.00224804 0.00224795 0.00224796 0.00224795 0.00224796 0.00224795 0.00224795 0.00224795 0.00224795 0.00225572 0.00224795 0.00224893 0.00224797 0.00224795 0.00224795 0.00224796 0.0022629 0.0022503 0.00224797 0.00224851 0.00224923 0.00224795 0.00256139 0.00224832 0.00224795 0.00255862 0.00224835 0.00224801 0.00224795 0.00224795 0.002248 0.00224795 0.00224795 0.00224795 0.00225656 0.00224795 0.00225287 0.00224879 0.0022498 0.00224795 0.00224795 0.00224868 0.0022481 0.00224795 0.002248 0.00231866 66.0304 0.00224795 0.00224797 0.00224906 0.00224909 0.00224795 0.00224795 0.00229224 0.0022484 0.00224796 0.00224795 0.00224882 0.00224796 0.00224795 0.00224795 0.00224795 0.00224796 0.00224795 0.00227652 0.00224795 0.00224795 0.00224841 0.00224799 0.00226021 0.00224795 0.00224795 0.00224795 0.00224795 0.00224824 0.00225046 0.00224796 0.00224795 0.00226034 0.00224795 0.00224795 0.00224808 0.00224795 0.00256114 0.00224795 0.00224813 0.00224805 0.00224802 0.00228943 0.00224795 0.00229784 0.00229153 0.00226069 0.00225254 0.00224918 0.00253478 0.00233002 0.00224801 0.00228388 0.00224795 25.7496 0.00224795 0.00225802 0.00224795 0.00224795 0.00224795 0.00225625 0.00225546 0.00226478 0.00225491 0.00224795 0.00224885 0.00229 0.00224795 0.00224796 0.00224802 0.00225452 0.0022741 251.126 0.00224795 0.00224923 0.00225105 0.00224795 0.00224798 0.00224806 0.0029477 0.00227614 0.00224806 0.00224797 0.00224795 0.00281106 0.00224795 0.00224805 187.356 0.0022896 0.00224838 0.0023118 0.00224795 0.00224806 0.00224795 0.0022518 0.00226117 0.00224804 0.00227433 0.00224795 0.00234273 0.002248 0.0022945 0.00224795 0.00230456 0.00224795 0.00224795 0.00224795 0.00224795 0.00230943 0.00224795 0.00224795 0.00224795 0.00225992 0.00224795 0.00224796 0.00224795 0.00224795 0.00224795 0.00224798 0.002248 83.2731 0.00224795 0.00224795 0.00224804 0.00224795 0.00224795 0.00224795 0.002248 0.0022876 0.00224796 0.00224795 0.00224795 0.00224821 0.00224795 0.00226888 0.00224977 0.00224796 0.00225892 0.00228883 0.00224795 0.00224795 0.00229164 0.00224802 0.00224795 0.00224795 0.00225091 0.00224795 0.00231225 248.253 0.00224805 0.00224795 0.00224795 0.00224795 0.00224797 0.00422061 0.00224795 0.00224796 0.00224796 0.00224795 0.00224798 0.00224796 0.00224795 0.00224797 0.00224891 0.00224795 0.00224799 0.00224806 0.00224795 0.002253 0.00224797 0.00224795 0.00224858 0.00224806 0.00224821 0.00232396 0.00224807 0.00226635 0.00224795 0.00239909 0.00224795 0.00224795 0.0043312 0.00224795 0.00226475 0.00224795 0.00225351 0.00224795 0.00224795 0.00224809 0.00224796 0.00224795 0.00224795 0.00224881 0.00224801 0.00224808 0.0022856 0.00225864 0.00224795 0.00224795 0.00224795 0.00225041 0.00231901 0.00303394 0.00228341 0.00224862 0.00224796 0.00224795 0.00224797 0.00244954 0.00224811 0.00225959 0.00224795 0.00227623 0.00224795 0.00225572 0.0022482 0.00224795 0.00224799 0.00226365 0.00224795 0.00229034 0.00225051 0.00224809 0.00224795 0.00226591 0.00224804 0.00224826 0.00261445 0.00229262 0.00224795 0.00227553 0.00224798 0.00224795 0.00224797 0.00225546 0.00224798 0.00232017 0.00224799 0.00224795 0.00225797 0.00224795 0.00227108 0.00224795 0.00227626 0.00234925 0.00226314 0.00224798 0.00224795 0.00224795 0.00225157 0.00225086 0.00224851 0.00231272 0.00224897 0.00276656 0.00224795 0.00226815 0.00224797 0.00225562 0.00225507 0.00224795 0.00224795 0.0022609 0.00225114 0.00226086 0.00224795 210.201 0.00224795 0.00224795 0.00224796 0.00240318 0.00224833 0.00225135 0.00224795 0.00225043 0.00224795 0.00224795 0.00230695 0.00224795 0.00224796 0.00224795 0.00224895 0.00224964 0.00224795 0.00224795 0.00224795 0.00224795 0.00224795 0.00224795 0.00224795 0.00224795 0.00224795 0.0236774 0.0022481 12.6403 0.00224876 0.00281684 0.00224795 0.00229771 0.00224833 0.00224795 0.00224994 0.00224801 0.00224883 0.00224795 0.00224798 0.00225011 0.00224795 0.00224795 0.00224795 0.00224795 0.00225954 0.00224812 0.00281089 655.039 1.49706 0.00224795 0.00255643 0.00224795 0.00225405 0.00224808 0.00224795 0.00227153 0.00224795 0.00224795 0.00224795 0.00224795 0.00225923 13.9196 0.00225331 0.00224795 0.00224795 0.00224799 0.00224798 0.00224795 0.00226356 0.00224808 0.00225561 0.00225039 0.00224812 0.00224801 0.00224959 0.00224795 0.00224795 0.00224795 0.00224795 112.829 0.00224795 0.00226393 0.00224795 0.00224795 0.00224795 0.00259235 0.00224795 0.00224837 0.00226975 0.00291561 0.00224795 0.00225605 0.00224831 0.002248 0.00224838 0.00224795 0.00224795 0.00225072 0.00224795 2.70887 0.00224802 0.00224795 0.00231306 0.00235013 0.00225528 0.00224799 0.00224795 0.0022486 0.00228098 0.00224796 65.1801 0.00224901 0.00224796 0.00226087 0.00225879 0.00225118 13.4474 0.00225035 0.00228297 0.00224795 0.00227954 0.00224795 0.00225578 0.00224798 0.00224795 0.00224795 0.00232104 0.00227963 0.00224795 0.00224795 0.00224918 0.00224795 0.0022483 0.0023164 0.00230043 0.00224795 0.00225948 0.00225014 0.00224796 0.00224867 0.0101847 0.00224795 0.00224798 0.00224795 0.0022496 0.00224853 0.00224795 0.00224795 0.00224795 0.00225179 0.0022526 0.00224796 0.0022657 0.00224795 0.00224795 0.00224795 0.002255 0.00224804 0.00224795 0.00224799 0.00224795 0.00224795 0.00224795 0.00224795 32.9912 0.00228591 0.00224795 0.00224795 0.00227317 0.00224795 0.00224795 0.00225061 0.00224806 0.00225773 0.00224795 0.00224795 0.00224795 0.00230762 0.00224795 0.00233597 0.00224795 0.00224798 0.00226537 0.00243602 0.00227427 0.00224801 0.00224795 0.0022483 190.098 0.00224795 0.00224795 0.00224951 0.00224867 0.00238095 0.00224795 0.00224795 0.00226125 0.00224795 0.00225126 0.00224795 0.00224795 0.00224795 0.00225514 0.00229269 0.00224797 0.00224795 0.00224795 0.00224798 0.00224888 0.00224795 0.00224795 0.00224795 0.00224795 0.00225494 0.00224806 0.00224795 0.00224795 0.00224841 0.00224958 0.002248 0.00224795 0.00224805 0.00225613 0.00224795 0.00224795 0.00225576 0.00224796 0.00224796 0.00224852 0.00224795 0.00225094 0.00224805 0.00224844 0.00224895 0.00224796 0.00224795 0.00224795 0.00224795 0.00225796 0.0022481 0.002248 0.00224796 0.00224809 0.0022487 0.00224795 0.00224795 0.00224795 0.00224796 0.00234267 0.00224795 0.00224797 0.00224795 0.00224795 0.00224802 0.00224795 0.00244627 0.00224795 0.00224795 0.00224796 0.00224795 0.00224797 0.00227476 0.00224795 0.00224795 0.00224795 0.00224795 0.00232587 0.00229503 0.00224795 57.3222 0.00224795 0.00224901 0.00224795 0.00224795 0.00224795 0.00224795 0.00224795 0.002282 0.00224795 0.00249534 0.00224913 0.00224795 0.00225122 0.00224795 0.00225639 0.002248 0.00224796 0.00227372 0.00246822 0.00224795 0.00225923 0.00224795 0.00224798 0.00224795 0.00224795 0.00224795 0.00224795 0.00224795 0.00224795 0.00228725 0.00224795 0.00224795 0.00224797 0.00224795 0.00224796 0.00224795 0.00225861 0.00224795 0.00224795 0.00224795 0.00224848 0.00224795 0.00224799 0.00224795 0.00247069 9.00434 0.00224795 0.00224798 0.00224865 0.00224795 0.00227951 0.00224867 0.00225559 0.00301991 0.00236243 0.00224903 0.00302772 0.00224807 0.00224795 0.00224795 0.00224795 0.00227285 0.00224795 0.00225253 0.00224795 0.00224795 0.00224898 0.00224795 0.00224897 0.00224856 0.00224795 0.00225109 0.00224804 0.00224809 0.00227251 0.00224795 0.00224795 0.00231016 0.00224795 0.00224805 0.00224795 0.00255346 0.00224795 0.00224795 0.00224795 0.00234879 0.00224795 0.00225243 0.00224795 0.00224795 0.00226352 0.00224795 0.00224795 0.00224795 0.00224799 0.00224961 0.00224799 0.00224854 0.00224795 0.00224795 0.00224795 0.00228268 32.7915 0.00235999 0.00224795 0.00224795 0.00224795 0.00224795 0.00231079 0.00224795 0.00225209 0.00224795 0.00224795 0.00225036 0.002248 0.00224795 0.00224802 0.00228926 12.7469 0.00228067 0.00225099 0.00225018 0.0022481 0.00224837 0.00224795 0.00224795 0.00224795 0.00225056 0.00224795 0.00224795 0.00224796 0.00231464 0.00317791 0.00224795 0.00224795 0.00224802 0.00224796 0.002248 0.00225269 0.00224795 0.00224947 0.00224815 0.00224797 0.00224889 0.00224795 72.1646 0.00224795 0.00224888 0.00224795 0.0022546 27.6526 0.00231476 0.00224795 0.0022484 10.602 0.00224795 0.00224813 0.00224795 0.00224795 0.00225385 0.00230586 0.00225982 0.00230456 0.00224838 0.00224808 0.00224795 0.00224826 0.00224796 0.00224809 0.00723608 0.00234008 0.00230693 0.00224795 0.00224811 0.00225719 0.00224795 0.00240882 0.00224795 0.00224821 0.00224795 0.00225701 0.00224795 0.00252966 0.00224825 0.00224795 0.00227372 0.00224795 0.002255 0.00224954 0.00224858 0.00225131 0.00224795 0.00224795 3.96074 0.00225716 0.002248 0.00224795 0.00225641 0.00224795 0.00229852 0.00224795 0.00224801 0.0023036 0.00224795 0.00224795 0.00224799 0.00224795 0.002248 0.00227765 0.00225319 0.00224795 0.00224795 0.00430808 0.00224799 0.00224807 0.00224858 0.00224884 0.00224795 0.00224795 0.00224809 0.00224813 0.00241913 0.00224796 0.00242742 0.430574 0.00224795 0.00231475 0.00224795 0.00225169 0.00224795 0.00224864 68.5752 0.00226631 0.00224795 0.00231681 27.9175 0.00224795 0.00224795 0.00224835 0.00224908 0.00227511 0.00230514 0.00224796 0.00224795 0.00224795 0.00224795 0.00225405 0.00225118 0.00224797 39.5353 0.00225091 0.0022969 0.00224795 0.00224795 0.00224795 0.00224795 0.00225162 0.00224797 0.00226909 0.00224795 0.00224795 0.00224805 0.00225658 0.00224795 0.00224795 52.97 0.00224795 0.00224799 0.0022502 0.00224795 0.00224795 0.00231679 0.00224795 0.00225355 0.002248 0.00225689 0.00225171 0.00224795 0.00225105 0.00230306 0.00224795 0.00224795 0.00224833 0.00224809 0.0022569 0.00224796 0.00224795 0.00224795 0.00224832 0.00224795 0.00224796 0.00224795 0.00224815 0.00224809 0.00295312 0.00224795 0.00224829 0.00224795 0.00226423 0.00225524 0.00237715 0.00224795 0.00235054 0.00230227 0.00224795 0.00224803 0.00226658 0.00224795 0.00224963 0.00224795 0.00224795 0.0022531 0.00227648 0.00224795 0.00224795 0.00225886 0.00224795 0.00248434 0.00224796 0.00225655 0.00261434 0.00224915 0.00224795 0.00224795 0.00225078 0.00225301 0.00224795 0.00225083 0.00224795 0.00225122 0.00245734 0.00224795 0.00224795 0.00224795 0.00224795 0.00226448 0.00224795 0.00224795 0.00225231 0.00246351 0.00224795 0.00224795 0.00228708 0.00224795 0.00224798 0.00224795 0.00224795 0.00224795 0.00225257 0.00256683 0.00224831 0.00224808 0.00224802 0.00224811 0.00227625 0.00224795 0.00224795 0.00224795 0.00231909 0.00241273 0.00227218 0.00225396 0.00225 0.00225356 0.00227132 0.00224824 0.00225896 0.00224795 0.00227808 0.00224868 0.00227865 0.00226777 0.00227086 0.00224795 0.00224804 0.00225247 0.00224795 0.00224795 0.00224795 0.00430808 0.00224795 0.00258893 0.00224795 0.00224795 0.00226415 27.6527 0.00224987 0.00224795 0.00225329 0.00224805 40.836 0.00225629 0.00224795 94.9278 0.00224803 0.00224891 0.00224795 0.00224795 0.00224795 0.00224803 0.00224795 0.00224795 0.0022516 0.00224795 0.00275202 19.271 152.439 0.00224795 0.00239661 0.00228727 0.00225586 0.00224795 0.00224803 0.00389059 0.00224795 0.00225826 0.00224795 0.00229391 0.00284897 0.00224796 0.00226808 0.0188082 0.00224795 0.00224807 0.00224882 0.00224795 0.00229046 0.00224795 0.00224795 0.00224797 0.00224795 0.00224795 0.00224798 0.00224796 0.00224795 0.00224795 0.00224795 0.00280916 0.00231761 0.00224795 0.00224795 0.00226988 0.00225612 0.00224801 0.00224795 0.00224795 0.00224858 0.00247389 0.00229298 0.00224799 0.00224795 0.00226223 79.7875 0.0022501 0.00224928 0.00225279 0.00224817 0.00224795 0.00227214 0.00226318 0.00224795 0.00225665 0.00224795 0.00224913 0.00224802 0.00224798 0.00224799 0.00224795 0.00224806 0.00224795 5.78088 0.00224795 112.833 0.00224796 0.00226284 0.00224796 0.00224796 0.00224795 0.00226168 0.00224796 0.00224797 0.00224795 0.00224795 0.00228036 0.00224795 0.00224795 0.00224796 0.00224804 0.00224795 0.002248 0.00224795 159.79 0.00224817 0.00224938 0.00224796 0.00224812 0.00224795 0.00224795 0.00225134 0.00224955 0.00224795 0.00224798 0.00224868 0.00224795 80.5678 0.002262 0.00224795 65.3141 0.00224795 0.00224795 0.00224796 0.00225775 0.00224795 0.00224795 0.00224795 0.00224847 0.00224795 0.00224795 0.00225481 0.00224795 0.00224795 0.00232684 0.00224795 0.00351636 0.00233514 0.00224795 0.00225612 0.00225844 0.00224795 0.00224795 0.00224795 0.00224795 0.00229342 0.00224795 0.00225541 0.00224796 0.0022486 0.00224795 0.00228795 0.00224807 0.00224795 0.00224796 0.00224832 0.00224795 0.00224795 0.00224795 0.00224795 0.00224795 0.00224795 0.00224795 174.871 0.00224795 0.00224807 0.0022843 0.00245172 0.00227039 0.0022525 0.00224795 0.00225041 0.00277229 0.00224795 0.00224795 0.00226013 0.00224795 0.00224795 0.0022495 0.00232311 0.00224796 0.00224796 0.00233063 0.00227252 0.00224835 0.00266178 0.00224804 0.00226448 0.00227608 0.00224795 0.00224795 0.00225337 0.00224822 0.00224795 0.00228976 0.00225775 0.00224795 0.00430808 0.00224795 27.8865 0.00226379 0.00224798 0.00225544 0.00241546 0.00224796 0.00224796 0.00237777 0.00224796 0.00224795 0.00224795 0.00224795 0.002248 0.00225167 0.00224795 0.00224795 0.00224992 0.00238095 0.00224795 0.00225001 0.00224795 0.002248 0.00224797 90.5379 0.00224797 0.00224795 0.00224795 0.00226758 0.00225041 0.00225177 0.00224795 0.0022483 0.00224795 0.00224795 0.00224795 0.00224795 0.00224795 0.00227076 0.00237476 0.00224795 0.00224795 0.00224935 0.00224795 0.00224795 0.00224795 0.002292 0.00228139 0.00224879 0.0022635 0.00224795 0.00224795 0.00224795 0.00263272 0.00227144 0.00224795 0.00231435 0.00224822 0.00229088 283.929 0.00224795 0.00232313 0.00224795 0.00224795 0.00224795 0.00224795 0.00224804 0.00224795 0.00224795 0.00224795 0.00224796 0.00224992 14.0032 0.00224795 0.00224795 0.00224795 0.00227496 0.00224795 0.00224795 0.0403497 100.532 0.00224795 0.00224795 0.00224795 0.00229584 0.00224795 0.00244687 0.00224896 0.00225254 0.00224795 0.00224795 0.00224796 0.00224795 0.00225618 0.00227565 0.00224811 0.00224795 0.00224803 0.00224796 0.00224796 0.0022484 0.00224795 106.958 0.00224806 0.00225166 0.00225252 0.00224971 0.00227372 0.00232016 0.00224795 0.00224795 0.00224827 0.00224795 0.00224883 0.00227575 0.00224795 0.00224798 1.43388 0.00224795 0.00224795 0.00224795 0.00224869 0.00225411 60.118 0.00224795 0.00324803 0.00225447 0.00224809 0.00224795 0.00225172 0.00247138 0.00242475 0.00229139 0.00224795 0.00224798 0.00224795 0.00224798 0.00224797 0.00224853 0.00224795 0.00247562 0.00224795 0.00224795 0.00227 0.00224819 0.00226036 0.00224795 0.00225212 0.00224795 0.00224795 0.00224795 0.00224795 25.3979 0.00224795 0.00224795 0.00225687 0.00224825 0.00224795 0.00247815 0.00224795 0.00224795 0.00224795 0.00224795 0.00224795 0.00225653 151.322 0.00224795 0.00224795 0.00224795 0.00224828 0.00224795 0.00224905 0.00224994 0.00225109 0.00224795 0.00224796 0.00225136 0.00225016 0.00224795 0.00240169 0.00224821 0.00225531 0.00224795 0.00224795 16.5491 0.00228862 0.00224866 0.00224795 0.00224809 0.00224795 0.00224795 0.00230816 0.00224795 0.00224799 0.00224795 0.00224824 0.00224796 0.00236313 0.00226315 0.00224801 0.00224851 0.00224799 0.00224929 0.00224795 0.00224795 0.00224795 0.00224796 0.00224795 0.00224795 0.0024676 58.6394 62.7324 0.00224795 0.00224795 0.00225353 0.00224795 0.00224806 0.00226908 0.00224795 0.00225174 133.754 0.00224798 0.00224795 0.00224795 0.00224795 0.00224795 0.00224795 76.8885 0.00224795 0.00224795 0.00281298 315.062 0.00225086 0.00224795 0.00224795 0.00228727 0.00229787 0.0022485 0.00224797 0.00253131 0.00224984 0.00227199 0.00234108 0.00224795 0.00225454 0.00224795 0.00224795 0.00224816 0.00224795 0.00224796 0.00224802 0.00224795 0.00224795 0.00224795 0.00234111 0.00224795 0.00224795 0.0022617 0.00224864 0.00224796 0.00224795 0.00224795 0.00226378 0.00229196 0.00224801 0.00224795 0.00231485 0.00224839 0.00224797 0.00224846 0.00224875 0.00224795 0.00226691 0.00226112 0.00224795 0.00224976 0.00226056 0.00224795 0.00224795 0.00224795 0.00224802 0.00225803 0.00224795 0.00224795 0.00225734 0.00225074 84.8251 0.00224795 0.00224797 0.00224908 0.00332218 0.00224821 0.00225103 0.00224796 0.00224795 0.00224795 0.00224795 0.00226311 0.00224796 0.00225562 0.00224795 0.00224795 38.0306 0.00224795 0.00224997 0.00232775 0.00224797 0.00227543 0.00224795 0.00225084 0.00224795 0.0022726 0.00232914 0.00224795 0.00224796 0.00224795 0.00224795 0.00224795 0.00226448 0.00224795 0.00224795 0.00224821 0.0022481 0.00231815 0.00224795 0.00224795 0.00224795 0.00224796 0.00225369 0.00225732 0.00225572 0.00224795 0.00224795 0.00224795 0.00224837 0.00224803 0.00224795 0.00224795 0.00225924 0.00224829 0.00224795 0.00224795 0.0022482 0.00226784 0.00224796 0.00231356 0.00224801 0.00224795 113.298 0.00225612 0.00224823 0.00228945 0.00224795 0.0022949 0.00224911 0.00226063 0.00226875 0.00495522 0.00225224 0.00224812 0.0022705 19.8946 0.00224795 0.00224802 0.0022481 0.00224795 0.00224795 0.00227435 0.00227861 0.00301435 0.00224795 0.00224795 0.00224795 0.00224795 0.00224795 0.00224802 0.00224795 0.00224795 0.00224795 0.00224795 0.00224795 0.00224795 0.00224795 0.002271 0.00386396 0.00245519 0.00224795 0.00225713 0.00224795 0.00227789 0.00224795 0.00224795 0.00224795 0.00231469 0.00224795 0.00231082 0.00224795 0.0022488 0.00226161 0.00224795 0.00224796 0.00226644 0.00224796 0.00225139 0.00224795 108.159 0.00224795 0.00224795 0.00225108 0.00224795 0.00224795 0.00230724 0.00224795 0.0022656 0.00224795 0.00225335 0.00224795 0.00232644 0.00224795 0.00226289 0.00224795 0.00227083 0.00224818 0.00224923 0.0277479 0.00225019 0.00225764 0.00224806 0.00224795 0.0022489 0.00224795 0.00224795 0.00224812 0.00224795 0.00224968 0.00224795 0.00224795 0.00224795 0.00224795 64.4277 0.00228599 0.00224795 0.0022584 0.00224795 0.00224795 0.00224795 0.00224796 0.00224795 0.00224795 0.00225255 0.00224795 0.00224795 0.00224795 0.00224795 0.00224796 0.00225983 0.00226413 0.00224797 0.00224796 0.00224795 0.00224954 0.00224795 0.00224795 0.00224796 0.00224799 0.00224795 0.00224795 0.00228419 0.00224795 0.00227858 0.00224813 0.00224796 0.00227859 0.00224795 0.00224795 0.00224795 0.00225834 0.00224798 0.00224796 0.00224795 0.00224797 0.00224795 0.00224795 0.00224812 0.00224795 0.00230954 0.00224795 0.00224795 0.00224795 0.00224795 0.00225645 0.00224795 0.00224924 0.00224813 0.00224795 0.00234907 0.00224795 0.00224795 0.00224795 0.00224795 0.00224795 0.00224795 0.00224795 0.00225846 387.736 0.00224795 0.00236672 0.00224796 0.00224798 0.00224797 0.00224829 0.00224795 0.00224994 0.00229499 0.00224803 0.00224795 0.00224796 0.00224842 0.00227175 0.00224795 0.00224795 0.00224795 0.00224799 0.00224796 0.00224819 0.00224796 0.00227478 0.00224795 0.00224827 0.00224795 514.755 0.00224795 0.00227343 0.00224981 0.00224795 0.00224883 0.00224795 0.00224795 0.00238772 0.00224797 0.00224795 0.00224814 0.00224795 37.2208 0.00225413 0.00224795 0.00224856 0.00224803 0.00224795 0.00228545 0.00224795 0.00224795 0.00224795 0.00226225 0.00224873 0.00224795 0.00228319 0.00228924 0.00224795 0.00225286 0.00224795 0.00224795 0.00224795 0.00226662 0.00224795 0.00224802 0.00224795 0.00224795 0.00252052 0.00226031 0.00226152 0.00231541 0.00226136 0.00224795 0.00224795 0.00225427 0.00224801 0.00224795 0.00224795 0.0022682 0.00226507 0.00226605 0.00225737 0.002248 0.00224795 0.00228888 0.00225571 0.00225004 0.00227589 0.00224796 0.00224893 0.00224795 0.00224795 0.00224795 0.00227314 0.00224841 0.00224795 0.00229533 0.00224795 0.00224798 0.00224795 0.00224795 0.00228592 0.00229341 0.00224809 0.00224885 0.00225071 0.00225265 0.00225027 0.00224795 0.00224795 0.00224797 0.00224837 0.00226099 0.00224835 0.00224795 0.00224795 0.00224823 0.00224795 0.00224795 0.00224795 0.00224797 0.00224826 0.00224808 0.00224795 0.00224795 0.00224804 0.00224795 0.00229254 0.00225847 0.00233451 0.00227228 0.00224795 0.00224795 0.00232041 0.00224795 0.0022545 0.00230882 0.00224795 0.00224879 0.0022799 0.00230049 0.00224795 0.00224795 0.00224795 0.00224795 0.00224795 0.00224795 0.00224962 0.00225659 0.00224795 0.00225051 0.00224795 0.00225441 0.00224795 0.00224835 0.00232922 0.00241483 0.00224795 0.00228637 0.00224824 0.00237294 0.00225671 0.00224795 0.00234769 178.253 0.00229252 0.00224805 0.00231008 0.00224827 0.00224798 0.00224935 0.00224801 0.00224827 0.00224795 0.00224795 52.5771 0.00224795 0.00224801 0.00224795 0.00247931 0.00225141 0.00231071 0.00224795 66.7146 0.0022481 0.00227406 0.00224795 0.00224795 0.00224795 0.00225078 0.00224848 0.00224961 0.0025826 0.00224813 0.00224795 0.00224795 0.00224795 0.00224795 0.00224795 0.00234055 0.00225339 0.00224795 0.00224795 0.00224936 0.00224795 0.00224838 0.00224795 0.00224795 0.00224795 0.00224795 0.00224909 0.00247794 0.00224795 0.00225902 0.00227047 0.00227367 0.00225136 0.00224795 0.00224817 0.00224806 0.00224829 0.00224795 0.00224795 0.00227565 0.00224796 0.00224796 0.00226762 0.002248 0.00224796 0.0022788 0.0022769 0.00224795 0.00224795 0.00224874 0.00224795 0.00224795 0.00224798 0.00225263 0.00224822 0.002248 0.00228254 0.0022491 155.756 0.00224796 0.00225158 0.00224795 0.00224795 0.00246726 0.00224795 35.9456 0.00224795 0.00224795 0.00224795 0.00224795 0.0022486 0.00230912 0.00227372 0.00224818 0.00224862 0.00228499 0.00224795 0.00224795 0.00224796 0.00224796 0.00229571 0.00224803 0.00224795 0.00225869 0.00224795 0.00224855 0.00225023 0.00224795 0.00224818 0.00224801 0.00224795 0.00224827 0.00224795 0.00224795 0.00225601 0.00224795 0.00225385 0.0022602 0.00224861 0.00224795 0.00224815 0.00224795 0.00231521 0.00224795 0.00224795 0.00224795 0.00224795 0.00224795 0.00230456 0.00224796 0.00247752 0.00224801 0.00224797 0.00224795 0.00228797 0.00224797 0.00227954 0.00224795 0.00224795 0.0028001 0.00224795 0.00224795 0.00227511 0.00224819 0.00224798 0.00224795 0.00224907 0.00224797 0.00231765 0.00224795 0.00224795 0.00224795 0.002248 0.00224795 0.00224804 0.00224795 0.00228991 0.00224795 0.00244639 0.00224795 0.00224795 0.00224795 0.00224795 0.00224795 0.0022777 0.00224795 0.00224795 0.00224795 0.00224795 0.00224795 0.00224795 0.00224795 0.00224795 0.00237163 0.00224795 0.00224795 0.00224795 0.00224795 0.00224938 0.00224799 0.00227089 0.00224985 0.0022483 0.00229405 0.00224824 0.00224795 0.00225035 0.00224795 0.00224797 0.00224796 0.00224795 0.00224941 0.00224836 0.00227426 0.00225351 0.00238953 0.00224795 0.00231017 0.00224797 0.00227749 0.00224795 0.00224804 0.00224795 0.00224795 0.00224795 0.00224798 0.00226491 0.00224814 0.00224798 0.00224795 0.00224795 0.00224827 0.00224795 0.00231481 0.00224795 0.0022545 0.00224795 0.00224795 0.00224795 0.00224801 0.00230247 0.00224795 41.5068 0.00224795 0.00224802 0.00224813 0.00224863 0.00224795 0.0023339 0.00224795 16.3888 0.00224795 0.00224795 0.00224799 0.00236951 0.00227618 0.002248 0.00224798 0.00224817 0.00224795 0.00224796 0.00225385 0.00224852 0.00228167 0.00224795 0.00224795 0.00224795 0.00225158 0.00224795 0.00231522 0.00224802 0.00224826 0.00224795 0.00224796 0.00224795 0.00224795 0.00224795 0.0022494 0.00224795 0.00224911 147.185 0.00244003 0.00224886 0.00228361 0.00226282 0.00224795 38.007 236.032 0.00354991 0.00226572 0.00224795 0.00224795 0.00224803 175.33 0.00247017 0.00224795 0.0022497 0.00224795 0.00224878 0.00224795 0.00224841 0.00259063 0.00224801 0.00229201 0.00225069 0.00224944 0.00224798 0.00224795 0.00225987 0.002248 0.0022499 0.00224867 0.00224795 0.00224795 0.00224801 0.00224795 0.00224832 0.00224951 0.00225038 0.00224826 0.00224795 0.0022536 0.00224795 0.00224795 0.00228996 0.00225035 0.00224795 0.00224795 0.00224795 0.00232657 0.00226341 0.00224796 0.00224812 0.00450945 0.00224881 0.00224798 0.00224819 0.0022961 0.00240213 0.00224852 0.00224795 0.00224795 0.00224795 0.00224854 0.00230779 0.00224812 0.00224808 0.00224795 0.00226798 0.00224795 0.00224795 0.00224795 0.00230064 0.00224805 0.00224796 0.00224795 0.00224795 0.00225622 0.00224795 0.00224807 0.00224799 0.00224796 0.00224913 0.00232017 0.00227441 0.00225109 0.00224815 0.00226062 0.00224796 19.7282 0.00224795 0.00224795 0.00224795 0.00224795 0.00224897 0.00230961 0.00224817 0.00224798 0.00224795 0.00225111 0.00224795 0.00224808 0.00224795 50.1406 0.00224795 0.00245013 0.00224795 0.00224795 0.00224795 0.002248 0.00224807 0.00224799 0.00224795 0.00224805 0.00226424 0.00224795 0.00233598 0.0022482 0.00224796 0.00224795 0.00224802 0.00224795 0.0192804 0.00225297 0.00224884 0.00224796 0.0024757 0.00239972 0.00225414 0.00224795 0.00225262 0.00224796 166.947 0.00224825 0.00224797 0.00224795 0.00227144 0.00248743 0.00224795 0.00224807 0.00224829 0.00224797 0.00224795 0.00231384 0.0022572 0.00224795 0.00224803 0.00224796 0.00225032 0.00225052 0.00224796 0.00225086 0.00225617 0.00231767 0.00224795 0.002248 0.00224798 0.00224795 0.00224795 0.0025611 0.00228671 0.00224795 0.00224796 0.00225308 0.00236566 0.00224795 0.00227985 0.00224795 59.2882 0.00225818 0.00224795 0.00224795 0.00224858 0.00225573 0.002248 23.3426 0.0022527 0.00224795 0.00224795 0.00224795 0.00224795 0.00224797 0.00224804 0.00224805 0.00227853 0.00224807 0.00224796 0.002248 0.00224823 0.00224796 0.00224801 0.00224955 0.00226098 0.00224829 0.002273 0.00224795 0.00224795 0.00224795 0.00224834 0.00224795 0.00224795 0.00224863 0.00224795 0.00227098 0.00224952 0.00224795 0.00226664 0.00224849 0.00224795 0.00224795 0.00224795 0.00227938 0.00228422 0.00224797 0.00224796 0.00224795 0.00224795 0.00228624 0.00224795 0.0022794 0.00228613 0.002248 0.00229504 0.00232951 0.00224795 0.00224795 0.00224795 0.00225187 0.00224799 0.00224797 2.69689 0.00224795 0.00224818 0.00224798 0.00228581 0.00224796 0.00226239 0.00224813 0.00224795 0.00224795 0.00224795 0.00224795 0.00225393 0.00225007 0.00224795 0.00224795 0.002249 0.00227594 0.00238634 0.00227866 0.00224796 0.00224847 0.00224812 0.00224816 0.00224795 0.00224795 0.00224795 0.00224941 0.00224817 0.00224831 0.00226604 0.00224795 0.00224802 0.002248 0.00224795 0.00224795 0.0022481 0.00224806 0.00224795 0.00224799 0.00231922 0.00233498 0.00353877 0.00224795 0.00226682 0.00224795 0.0022516 0.00224795 0.00224807 0.00224795 0.00225324 0.00224994 0.00224872 0.00245982 0.00224817 0.00224994 0.00225201 0.0022844 0.00229939 0.0022482 0.00224795 0.00224906 0.00227501 0.00224795 0.00224795 0.00224827 0.00239661 0.00224795 0.00224806 0.00224795 0.00226523 0.00224795 0.00479007 0.00225213 0.00224795 0.00231014 0.00224795 0.00224795 0.00224798 0.00224795 0.00224835 0.00224795 0.00224795 0.00225271 0.00244574 0.00224827 0.00225111 0.00224795 0.0022658 0.00224821 0.00230694 0.0034238 0.00224817 0.00224802 0.00224795 0.00224795 0.00224795 0.00225469 0.002248 0.00224929 0.00308058 0.00225709 0.002248 0.00224803 0.00224795 0.00225341 0.00224883 0.00224795 0.00225127 0.00224818 0.00227787 0.00224795 0.00224795 0.00224795 0.00224795 0.00225593 0.00227212 0.00235184 0.00225275 0.00224795 0.00224795 0.00224798 0.00261101 0.0022548 0.00262346 0.00224795 0.00224795 0.00224916 0.00224828 0.00224795 0.00226831 0.00224803 0.00224799 0.00224804 0.00224821 0.00224809 0.00224795 0.00224795 0.00224797 15.9217 0.00224796 0.00224948 0.00225713 0.00225089 0.00327213 0.00224795 0.00225385 0.00224814 0.00224889 0.0022483 0.00224795 0.00224795 0.00224795 0.00224803 0.00254476 0.00224873 0.00224795 0.0022499 0.00224795 0.00231039 0.00227587 0.00224795 0.00224795 0.00224925 0.00224795 0.00224997 0.00224795 0.00224795 0.00225876 0.00227399 0.00224824 0.0022582 0.00224795 0.00224795 0.00224795 0.00224795 0.00224795 0.00225434 0.00224801 0.00224795 0.00225507 0.00225517 0.00233554 0.00224801 0.00224796 0.00224799 0.00224797 0.00241004 0.00224884 0.00224795 0.00224795 0.00224795 0.00224795 0.00224795 0.0022716 0.00224795 0.0022586 0.00224795 0.00224795 0.00224795 0.00225165 0.00224804 0.00224795 0.00224795 0.00224796 0.00224795 0.0022592 0.00224795 0.0022511 0.00224983 0.00224802 0.00224801 0.00224815 0.00224795 0.00224797 0.00224795 0.00224795 0.00224915 0.00224795 0.00224795 0.00224798 0.00235644 0.00224811 0.0022494 0.00224795 0.00224806 0.00224795 0.00224795 0.00224796 0.00224799 0.00224797 0.00229 0.0022904 0.00224795 0.00231241 0.00224795 0.00224797 0.00224795 0.00224795 0.00224798 0.00224795 0.00224796 0.00224829 0.00224798 0.00226322 0.00224795 0.00227453 0.00224795 0.00224795 0.00224795 0.00224795 0.00224795 0.00224795 0.00224795 0.00224795 0.00224795 0.00224843 0.00224795 0.00224795 0.00224795 0.00224821 0.00225216 0.00224795 0.00253136 0.00231123 0.00224795 0.00230186 0.00224813 0.00224798 0.00224855 0.00224795 35.1015 0.00224795 0.00224795 0.00231627 0.00224795 0.00224806 0.00225208 0.0022497 0.0023975 0.00224795 0.0025584 0.00231249 0.00224866 0.00224795 0.00303043 0.00224802 0.00224796 0.00224795 0.00225181 0.00225692 0.00224797 0.00224864 0.00224795 0.00227272 0.00224795 0.00225369 0.00225687 0.00232328 0.00224795 46.9038 0.00224795 0.00224795 0.00231872 0.00224795 0.00231213 0.00229799 0.00224795 0.00224795 0.00225159 0.00224869 0.00224795 0.00224795 0.00224795 0.00227075 0.00227299 0.00224798 0.00225756 0.00224805 0.00224795 0.00224804 0.0523321 0.00224795 0.00227 0.00224877 0.00224795 0.002248 0.00224795 0.00224796 0.00224795 0.00224811 0.00224795 0.00224795 0.00227515 0.00224795 0.00226405 0.00224795 0.00224795 0.00224795 0.00224795 0.00224903 0.00225372 0.00666817 0.00224795 0.00225912 0.00224836 0.00225139 0.00224795 0.00239721 0.00224795 0.00225438 0.00224795 0.00224795 0.00224801 0.00224795 0.00229003 0.00240685 0.00224795 0.00224943 0.00224797 0.00224799 0.00224938 0.0022593 0.00224795 0.00224795 0.00224795 0.00224795 0.00224795 0.00224799 0.00294 0.00228508 0.00224797 0.00224795 0.00224795 0.00230664 0.00224795 0.00224858 0.00224813 0.00234494 0.00224795 0.00224795 0.00224795 0.00237202 0.00224795 0.00224795 0.00224809 0.00224795 0.00224797 0.00224795 0.00224795 0.00235957 0.00224795 0.00224795 0.00224795 0.00224796 0.00224795 0.00224795 0.00278455 0.00224799 0.00224796 0.00224795 0.00224795 0.00224796 0.00224863 0.00224795 0.00224795 0.00224797 172.56 0.00224837 0.00224795 0.00224798 0.00256744 0.00224795 0.00224795 0.00224795 0.00226532 0.00224795 0.00224795 0.00224822 0.00224803 8.20218 0.0022872 0.00225316 0.00224795 0.00224795 0.00224795 0.00224798 0.00224795 0.00225119 0.00374396 0.00226721 0.00224795 0.00224795 0.00224796 0.00225175 0.00225202 0.00224844 0.00251695 0.00432854 0.00224795 19.2263 0.00224795 0.00224795 0.00224795 0.00345162 0.00224795 0.00224796 0.00224801 0.00224798 0.00224796 0.00224795 0.00224798 0.00224795 0.00224795 0.00225767 0.00224795 0.00224795 0.00224795 0.00225237 0.00224795 0.00224795 0.00226367 0.00224796 0.00224804 0.00224811 0.00252822 0.00224795 0.00224796 0.00224795 0.00224795 0.00228029 0.00224799 0.00224799 0.00224827 0.00225203 0.00225706 0.00225225 0.00224795 0.00224796 0.00224796 0.00228521 0.00236707 0.002248 0.00225636 0.00224795 0.00228232 0.00224795 0.00224795 0.0022545 0.00225056 0.00224795 0.00224798 0.00225802 0.00224795 0.00224795 0.00224975 0.00224795 0.00235053 0.00224795 0.00224797 0.00226501 0.00224795 0.00224795 0.002248 0.00224797 0.00225643 0.00224795 0.00224795 0.00226851 0.00225639 0.00224795 0.00225161 0.00224817 0.00224795 0.00224894 0.00224797 0.00224982 0.00224944 0.432023 0.00224795 0.00224795 0.00224795 0.00224807 0.00224795 0.00224795 0.00224796 0.00226881 0.00224802 0.00224795 0.00226587 0.00225988 0.00224795 0.00224819 0.00224795 0.00224858 0.00224795 0.00224795 0.00224941 0.00224812 0.0022531 0.00224796 0.00224795 0.00224796 0.00224795 0.00224795 0.00224795 0.00224799 0.00224795 0.00224939 0.00224796 0.00224795 0.00224795 0.00224902 0.00358254 0.00224795 0.00224795 0.00225249 0.00227464 0.002248 0.00225262 0.00224801 0.00226089 0.00237707 0.00226765 0.00261251 0.00224845 0.00225102 0.00224795 0.00224795 0.00224795 0.00224795 0.00237423 0.00235446 0.00226118 0.00224795 0.00224795 0.00224806 0.00224795 0.002248 0.00232146 0.00235278 0.00224795 660.515 0.00224795 0.00224795 0.00224795 0.00224824 0.00226901 0.00225236 0.00224795 0.00224825 0.0022656 0.00224795 0.00224795 0.00224795 24.6343 0.00224818 0.00248421 0.00232019 0.00224795 0.00224795 0.00224795 0.00224795 0.00232785 23.4927 0.00224795 0.00224809 0.00224845 0.00231415 0.00224795 0.00224795 0.00225081 0.00224852 0.00224796 0.00224795 0.00226716 0.00224813 0.00224795 0.00224795 0.00224799 0.00224993 0.00224795 0.00225141 0.00224877 0.00226276 0.00224795 0.00226374 0.00224795 0.00225235 0.00225687 0.00224795 0.00224795 0.00224799 0.00224795 0.00224795 86.9436 0.00224795 0.00224797 0.002248 0.00224853 0.002248 0.00224935 0.00224795 0.00224795 0.00225007 0.00224795 0.00224795 0.00227568 0.00224799 0.00224795 0.00225079 0.00224795 0.00224795 0.00229591 0.00255759 0.00225017 0.00254435 0.00232669 0.00224795 0.00225896 0.00224795 0.00224796 0.00224915 0.00240688 0.00228112 0.00224795 0.00224795 0.00224795 0.00225829 0.00224795 0.00256194 0.00224795 0.00224795 0.00224846 0.00224795 0.00224804 0.00225514 0.00225314 0.00224795 83.8563 0.00224795 0.00224872 0.00226656 0.00225371 0.00224795 0.00224795 5.36415 0.00224795 0.00224824 0.00495545 0.00224824 132.144 0.00224795 0.00225146 0.00226672 0.00224812 84.4003 0.00224806 0.00224795 0.00224795 0.00225958 0.0022909 0.00254977 0.00224795 0.00230385 0.00226844 0.00224795 0.00224797 0.00229767 0.00224795 0.00224795 0.0023516 0.00226192 0.00224795 0.00224796 100.948 0.00278106 0.00224795 0.00235232 0.00224903 0.00224795 0.00224795 0.00484686 0.00224795 0.00225106 0.00224795 0.00224795 0.00224795 0.0022483 0.00225446 258.598 0.00227787 0.00226626 0.00224795 0.00224795 0.00224795 0.00224795 0.00224795 0.00224812 0.00224795 0.00226902 0.00224802 0.00224795 0.00224795 0.00226207 0.00225995 0.00224795 0.00224795 0.00224887 0.00224795 0.00229375 0.00224795 0.00224831 0.00226621 0.00224795 0.00224795 0.00224836 195.171 0.00224859 0.00224795 0.00224795 0.00224798 0.0022482 0.00224805 0.00224798 0.00224795 0.00224802 0.00224795 0.00224869 0.00227689 0.00224795 0.00224843 0.0022482 0.00227168 0.00224801 0.00229447 0.169664 0.00224798 0.00224796 0.00224795 0.00224796 0.00224795 0.00238928 0.00225133 0.00224795 0.0023089 0.00235462 0.00224795 0.00232283 0.00224795 0.00224795 0.00224831 0.00224795 0.00226408 0.00224796 0.00224795 0.00224796 0.00225862 0.00229783 0.00225313 0.00224795 0.00224798 0.00224796 0.00224795 0.00224806 0.00225096 0.00224795 0.00224829 0.00235085 0.00224803 0.00225128 0.00224796 38.3548 0.00224798 0.00224795 0.00224795 0.00224795 0.00225057 0.00233501 0.00224951 0.00224795 0.00224854 0.002248 0.00224795 0.00224795 0.00224796 0.00225509 0.00224795 0.00224795 0.00225209 0.00224832 0.00225268 0.00230674 0.00225392 0.00224934 0.00224847 0.00224795 0.00224795 0.00224795 0.00225156 0.00225 0.00225129 0.00224795 0.00224795 0.00225245 0.00225153 0.00224795 0.00228585 62.9398 0.00224795 0.00224801 0.00224801 0.00224795 0.00228578 37.8812 0.00224796 0.00224795 0.00224859 0.00224795 0.00224802 0.00224795 0.00224795 0.00224795 0.00314464 0.00224795 0.00224811 0.00224795 0.00224795 0.00224809 0.00227647 0.00224798 0.00224956 0.00224795 0.00225197 0.00224795 0.00224798 0.00224795 0.00224889 0.00224804 0.00224834 0.00224798 0.00225184 0.00224795 0.00224795 0.00228669 0.00224795 0.00224805 0.00224795 0.00224795 0.00224795 0.00233456 0.0022752 0.00225044 0.00224795 0.00224796 0.00225192 0.00246257 0.00224795 0.00224795 19.265 0.00224824 0.00224795 0.00224798 0.00224795 0.00227043 0.00224811 0.00224804 0.00226448 0.0022561 0.00225553 0.00225052 0.00224938 0.00226292 0.00225146 0.00225105 0.00224795 0.0022824 0.00224795 0.00224825 0.00224816 0.00224795 0.00488045 0.00225179 0.00224795 0.00224795 0.00224795 0.00224795 0.00227857 0.00224798 0.00224795 0.00226254 0.00224795 0.00227672 0.00225264 0.00224795 0.00224851 0.00224795 0.00225446 0.00224833 0.00224796 0.00224795 0.00224808 0.00224795 0.00224795 0.00224795 0.00224795 0.00224795 0.00225168 0.0022481 0.00229524 0.00224795 0.00238839 0.00225286 0.00224795 0.00224887 0.00224795 0.00224795 0.00224795 0.00226481 0.00224807 0.00224795 0.00224795 0.00224795 0.00224795 0.00224795 0.00224819 0.00224796 0.00224829 0.00224795 0.00224799 0.00224795 0.00267753 0.00224795 0.00232266 0.00227193 0.00225155 0.00224795 0.00224795 0.00224795 0.00224804 0.00224795 0.00224795 0.00224795 0.00224796 0.00224795 0.00224999 0.00224795 0.00234847 0.00225857 0.00224796 0.00224795 0.00224795 0.00225998 0.00224806 0.00224795 0.00224797 0.00225004 0.00224795 368.948 0.00224795 0.00224795 0.00231855 0.00224795 0.00224795 0.00224795 0.00224796 0.00224959 0.00226563 0.00224795 0.00224795 0.0023518 0.00224855 0.00224837 0.00226698 0.00226576 0.00224796 0.00224879 0.00224799 0.00224795 0.00224796 0.002248 0.00224826 0.00224795 0.00225004 0.00224795 0.00225561 0.00224959 0.00224819 0.00224795 0.00227507 0.00224795 0.00224795 0.00224795 0.00224795 0.00224795 0.00224795 0.00224795 0.00230245 0.00224795 0.00224795 0.00235094 0.00224805 0.00224795 0.00224795 0.00226574 0.00224795 0.00224795 233.66 0.00226967 0.00224795 0.00224795 0.00224795 0.00224795 0.00224823 0.00225104 0.00224796 0.002248 0.00224801 0.00224795 0.00224795 0.00224797 0.00224795 0.00224795 0.0022672 0.00224795 0.00224795 0.00225935 0.00224796 0.00224795 0.00224795 0.00224939 0.00224795 0.00224799 64.088 0.00225443 0.00224795 0.00224795 0.00224795 0.00225162 0.00225168 0.00224795 0.00224795 0.00224795 0.00224795 0.00227631 0.00224795 0.00224795 0.00226894 0.00225247 0.00230135 0.00224796 0.00224796 0.00224839 0.00224795 0.00224795 0.00224798 0.00224801 0.00228732 0.00225385 0.00225475 0.00224795 0.00224984 0.00224795 0.00225052 0.00224922 0.00224796 0.00225573 0.00280335 0.00224795 0.00236685 0.00224795 0.00224796 0.00224795 0.00224795 0.00230504 0.00224871 0.00224825 0.00225746 0.00226099 0.00225003 0.00226463 0.00224795 0.00225484 191.484 0.00224795 0.00225189 0.00231626 0.00226591 0.00224824 0.00224795 0.00229502 0.00227039 0.00224795 19.3239 0.00248976 0.00224795 0.00224954 0.00224818 0.0022699 0.00224803 0.00224795 0.00224814 0.00224871 0.00225714 0.00226878 0.00224795 0.00224974 0.00224795 0.00224868 0.00224861 0.00224795 0.00224795 0.00226773 0.00225798 0.00224795 0.00224795 0.00224795 0.00224795 0.00224879 0.00227575 0.00224795 0.00226756 0.00224795 0.00224795 0.00224809 0.00225757 0.00229159 0.00224797 0.00224795 0.00224795 0.0023305 0.00224805 0.00225138 0.00224795 0.00224795 0.00224799 0.00224795 0.00225149 0.00224795 0.00224795 0.00224795 0.00224795 0.00226381 0.00224796 0.00224796 0.00224805 0.00224802 0.00224795 0.00224799 0.00230673 0.00224795 0.00224809 0.00224796 0.00224795 0.00224795 0.00224795 0.00224795 0.00225592 0.00224795 0.00225638 0.00231764 0.00224795 0.00224795 0.00226664 0.00225573 0.00224796 0.00224795 0.00224809 0.0022527 0.00224795 0.00235684 0.00224795 0.00224795 0.00225267 0.00224795 0.00224795 0.00227669 0.0022503 0.00224795 0.00335382 0.00224795 0.00224796 0.00224795 0.00224795 0.00224795 0.00224795 0.00224795 0.00224795 0.00224795 0.00225181 0.00355048 0.00224795 0.00224803 0.00224795 0.00226632 0.00235958 0.00224823 0.00224795 0.00224795 0.00225052 0.00224796 0.00224796 0.00224795 0.00224795 0.00225607 0.00224795 0.00224795 0.00224804 0.00224795 0.00225563 0.00224879 0.00224796 0.00225445 0.00224881 0.00224905 0.00224795 0.00224795 0.00224796 0.00234285 0.00224795 0.00225344 0.00225842 0.00224941 0.00228694 98.8821 0.00224927 0.00224795 0.00224805 0.00224795 0.00234335 0.00226035 0.00224795 0.0023065 0.00232179 0.00224802 0.00227565 0.00224795 0.00224795 0.00224795 0.00224797 0.00234443 0.00224795 0.00224795 0.00224795 0.00224795 0.00224795 0.0499822 0.00224796 0.00224795 0.00224797 0.00225955 0.00224795 0.00233738 0.00224795 0.00224795 0.00224795 0.00230443 0.00230901 0.00224795 0.00224796 0.00224796 0.0022656 0.00232288 0.00225076 0.00224795 0.00224795 0.00224795 0.00224795 0.00225363 0.00224795 0.00224795 0.00224872 0.00224796 0.00224795 0.00224998 0.00224795 0.00224795 0.00224795 0.00224795 0.00224917 56.5944 0.00224797 0.00256071 0.00224795 0.00225034 196.265 0.00229037 0.00224802 0.00224796 0.00225092 0.00224796 0.00224845 0.00263657 0.00224795 0.00224795 0.00225019 0.00227767 0.00225309 0.00225166 0.00245446 0.00224826 0.00224795 0.00224795 0.00224795 0.00224897 0.00237539 0.00224795 0.00224795 0.00224795 0.00224796 0.00224795 0.00224795 0.00224798 0.00224795 0.00224796 0.00225266 0.00228691 0.00224795 0.00224795 0.00226822 0.00224796 0.00225899 0.00224795 0.00224795 0.00230989 0.00225385 0.00225001 0.00224795 0.00224796 0.00224795 0.00235765 0.00229781 0.00224796 0.00224795 0.00224795 0.00224798 0.00229299 0.00224798 0.00224795 78.3969 0.00237708 0.00224795 0.00224829 0.00224795 0.00224795 0.00224795 0.00224812 0.00224796 0.00224856 0.00226978 0.00224795 0.00224797 0.00224795 0.00226412 0.00225013 0.00224795 0.00224795 0.00229888 0.00224795 0.00224795 0.00226509 0.00225097 0.00224993 0.00258507 0.0022488 0.00224799 0.00224795 0.00224795 0.00224796 0.00225143 0.00234285 0.00224795 0.00224811 245.273 0.00224795 0.00224795 0.00224795 0.00224796 0.00224795 0.00224875 0.00232968 0.00224795 0.00224838 0.00224795 0.00224804 0.00233143 0.00224828 0.00225565 0.00225373 89.4905 0.00224795 0.00224795 0.00225054 0.00232311 0.00287166 0.00227116 0.00224863 0.00225029 0.00224798 0.00227675 8.64695 0.00224798 0.00224795 0.00225686 0.00224796 0.00224806 0.002277 0.00224795 344.718 0.00225407 0.00240286 0.00224795 0.00224796 0.00226119 0.00236602 0.00224795 0.00224796 0.00255562 0.00225802 0.00224795 0.00224796 0.00224795 0.00224795 0.00224812 0.00229527 0.00224796 0.00224799 0.00224795 0.00224795 0.00224798 0.00225564 0.00224795 0.00227224 0.00227119 0.00224795 0.00224833 0.00228235 0.00224795 0.00225213 0.00224795 0.00224795 0.00228042 0.00224809 0.00224795 0.00224806 0.00224795 0.00224795 0.00228522 0.00224801 0.00224795 0.00224795 0.00224795 0.00224795 0.0023217 0.00224828 0.00224795 0.00224795 0.00227562 0.00224815 0.00226078 0.00227201 94.3458 0.00226326 0.00224913 0.00224805 0.00224825 0.00224796 0.00224795 0.00225551 0.00495544 0.00224795 50.4425 0.00224795 0.00224795 0.00224795 0.00224829 0.00225515 0.002266 0.00224874 0.00224796 0.00937801 0.00224795 0.00224795 226.454 0.00224795 0.00224795 0.00224795 0.00224806 0.00225146 0.00224806 0.00224795 0.00224796 31.0934 0.00224795 0.00224795 0.00224814 0.00224795 0.00231071 0.00224967 0.00224795 0.00226336 0.00224795 0.00226562 0.00285933 0.00224795 0.00225908 0.00224884 0.00228202 0.00224795 0.00225416 0.002248 0.00224795 0.00224795 0.00225076 0.00225597 0.00224827 0.00224795 0.00226124 0.00230994 0.00224795 0.0022518 0.00224884 0.00224795 0.00228088 0.00224795 0.00224795 0.00225051 0.00224795 0.00224795 263.284 0.00224805 0.00224929 0.0022515 0.00225524 0.00225026 0.00224795 0.00271667 0.00224795 0.00224795 0.00224836 0.00224795 0.00224797 0.00224795 0.00226484 0.00224795 0.00226213 0.0022726 0.00224812 0.00224795 0.00225041 0.00224796 0.00224796 0.00224796 0.00224795 0.0022481 0.00227307 122.783 0.00224865 0.00225407 0.00224795 0.00224934 0.00225311 0.00224795 0.00224797 0.00224795 0.00224871 0.00224795 0.00224797 0.00225002 0.00224975 0.00226844 0.00225487 0.00224795 70.1848 0.00224795 0.00224795 0.00224795 0.00224795 0.00227898 0.00224808 0.00224795 0.00232825 0.00224795 0.00227819 0.00233804 0.00249737 0.00224796 0.00224795 0.00235573 0.00224795 0.00233169 0.00224796 0.00224796 0.00234536 0.00225576 0.00224795 87.5251 0.00228451 0.00224875 0.00226473 0.00238639 0.00224795 0.00224795 0.00224795 0.00224795 0.00224795 0.00227675 0.00225761 0.00224795 0.00224836 0.00224795 0.0024188 0.00225128 0.00224809 0.00224795 0.0022488 0.00224795 0.00224795 0.00224795 0.00224795 0.00224795 0.00224826 0.002248 0.00225831 0.00224795 0.00235275 0.00224795 0.00224795 0.00224795 0.00224795 0.00233254 0.00224795 0.00224824 0.00224795 0.00230111 0.002248 0.00224795 0.00229466 0.0022481 0.00224798 0.00224795 0.00224795 0.0022489 0.00224795 0.00225047 0.0022879 0.002248 0.00224926 0.00232634 0.00224927 0.00224795 0.00224795 0.00224795 0.00225956 0.00224797 0.00224956 0.00225166 0.00224795 0.00381123 0.00224795 0.00224796 46.1807 0.00239676 0.00224795 0.00224795 0.00224838 0.00224795 0.00224795 0.0022516 0.00224806 0.00224796 0.00224795 0.00224953 0.00224795 0.00224795 0.00225093 0.00224807 0.0023806 0.00230306 0.00224795 0.00224811 0.00224796 0.00224802 0.0025541 0.00224795 0.00224795 0.00224795 0.00224806 0.00224795 0.00224799 0.00225342 0.00224795 0.00224795 0.00224802 0.00224795 0.00224795 0.00224797 0.00237803 0.00224803 0.00224795 0.00224795 0.00243324 0.00224969 0.00224795 6.90632 0.00224798 0.00224795 0.00224851 0.00224795 0.00224878 0.00224796 0.00224795 0.00224796 0.00224795 0.0022481 0.00224798 0.00224795 0.00225151 0.00224795 0.00224802 0.00224795 0.00224795 20.4733 0.00224795 0.00226328 0.00224826 0.00224803 0.00224795 0.00224795 0.00224795 0.00224795 0.00224795 0.00225417 0.00224805 0.00224795 0.00224989 0.00225202 0.00224795 0.00228303 0.00229285 0.00259829 0.00224795 0.00224808 0.00224799 0.00224795 0.00224796 0.00224795 0.00224799 0.00224795 0.00224795 0.002248 0.0022482 0.00224795 0.00225156 0.00415344 1.03469 0.00232629 0.00224795 0.00224796 0.00224804 0.00224802 0.00224796 0.00227135 0.00224798 0.00224795 0.00224795 0.00224795 0.00225241 0.00224795 0.00224795 0.00225005 0.00224795 0.00224804 0.00224795 0.00224795 0.00225913 0.00226319 0.00225462 0.00230716 0.00224795 0.00283416 0.00224796 0.002248 0.00224795 0.00224795 0.00224959 0.00224795 31.2908 0.00226839 0.00224796 0.0022792 0.00224795 0.00224797 0.00224795 0.00224795 0.00224796 169.962 0.00225258 0.00226085 0.00224795 0.0022486 0.00224959 0.00224795 0.00224869 0.00224797 0.00224795 0.00224795 0.002478 0.00224837 41.1254 0.00226065 0.00229928 0.00224795 0.0022768 0.0022799 0.00224796 0.00224795 0.002249 0.00224795 0.00224795 0.00224798 0.00224795 0.00224795 19.1675 0.00224795 0.00224795 0.0022687 0.00229041 0.0022901 0.00224861 0.00224874 0.00224795 0.00224805 0.00224795 0.00224795 0.00225093 0.00224795 0.00224795 0.0022512 0.00224795 0.00224795 0.00224795 0.00224795 0.0022833 0.00228854 0.00224795 0.00224795 0.00245985 0.00224795 0.00224795 0.00224795 0.00224795 0.00224795 58.3915 0.00226293 0.00224795 0.00224799 0.00224797 0.00224876 0.00226215 0.00224795 0.00225802 0.0022488 0.00224833 0.00225671 0.00224795 0.00224845 0.00224797 0.00242475 0.00224795 0.00224795 0.00224807 0.00224833 0.00224795 0.002319 0.00240455 0.00226651 0.00224947 0.00224966 0.0583313 444.137 0.00233059 0.00226703 0.00224795 0.0022733 0.00225087 0.00224798 0.00224795 0.00229398 0.00230744 0.00224795 0.00225418 51.8816 0.00225083 0.00224795 0.00224795 0.00224795 0.00224795 0.00224795 0.00224796 0.00224881 0.00227439 0.00224795 0.00224886 0.00224795 0.00224795 0.00224796 0.00224797 46.9942 0.00224799 0.00224795 0.00224799 0.00225231 0.00224806 0.002248 0.0022548 0.00224795 0.00225374 0.00224795 28.087 0.00224808 0.00284158 0.00224795 0.00433029 0.00224817 0.00364688 0.00224795 0.00224796 0.00231419 0.00224796 0.00224795 0.00224795 43.9707 0.00224795 0.00224795 0.00224802 0.00224795 0.00230134 0.0022521 0.00224795 0.00224802 0.00224795 0.00225866 0.00224795 0.00224795 0.00225094 0.00224802 0.00224797 0.00224914 0.00224795 0.00224795 0.00224795 0.00224804 0.00224797 0.00224795 0.00224801 0.00224795 0.00224795 0.00232494 0.00225805 0.00224795 0.00224795 0.00224882 0.00224801 0.0042921 0.00224795 0.00224806 0.00224795 0.00224816 0.00224795 0.00224811 0.00225605 0.00224795 0.0023044 0.00224796 0.00224795 12.7375 0.00224795 0.00224795 0.00224828 0.00224884 0.00224842 0.00224795 0.00235844 0.00227149 0.00224808 0.00224795 0.00227954 0.00224795 0.00224795 0.00224795 0.00224795 108.145 0.00225078 0.00224795 0.00232328 0.00225426 0.00225164 0.00224803 0.0022484 0.00226669 0.00224795 0.00225083 0.00224806 0.00224799 0.00225043 0.00224795 0.00225253 0.00224797 0.00224804 0.00224795 0.00226079 0.00224795 0.00224795 0.00224795 0.00224795 0.00224798 0.00224833 0.00224795 0.00224796 0.00224795 0.00224901 0.00224795 0.00224795 0.00224831 0.00224837 0.00226696 0.00251139 0.00224797 0.00224795 0.00229153 0.00225802 0.00224798 0.00224795 0.00225073 0.00226371 0.0022488 0.00224795 0.00224795 0.00229419 0.00224795 0.00224797 0.00225339 0.00225009 0.00224795 0.0022808 126.264 0.00224795 0.00225368 0.00224795 0.00263004 0.00224795 0.00226703 0.00224803 0.00226128 0.00243497 0.00224795 0.00224795 0.00225344 0.00224795 0.00224795 0.00237295 0.00235617 0.00232657 0.00224795 0.00224795 0.00224798 0.00224795 0.00225205 0.00224795 0.00224795 0.00224795 0.00224795 0.00225611 0.00224809 0.00224795 0.00224795 0.00224944 0.0022552 0.00224825 0.0022501 0.00224804 0.00224795 0.00224799 0.00225057 0.00225802 0.00224795 0.00225147 0.00224795 0.00224795 0.00224919 142.202 0.00227467 0.00227954 0.00224795 0.00231759 0.00224795 0.00225517 0.00232719 0.00224797 0.00236678 0.00224818 0.00224907 0.00224795 0.00224795 0.00224795 0.00252266 0.00224795 0.00224795 0.00224795 0.00224795 0.00225849 0.00233896 0.00224795 0.00224804 0.00228113 0.0023006 0.00281292 0.00224795 0.0022592 0.00224827 0.00224795 0.00224795 0.00224801 0.00224797 0.00224795 0.00224796 0.00224795 0.00224795 0.00224795 0.00224803 0.00224795 0.00224795 0.00224795 0.00224795 0.00224795 0.00230233 0.00224798 0.00224798 0.00224796 111.884 0.00224805 0.00224797 0.00224921 0.00231162 0.0023359 0.00225071 0.00225274 0.00224795 0.00226683 0.00224801 0.00224808 0.00224795 44.1377 0.00224795 0.00224831 0.00224795 0.00224795 0.00224797 0.00225528 0.00224795 0.00224795 0.00224795 0.00224795 0.00231896 0.00224806 0.0024401 0.00225239 0.00225605 0.00229718 0.00331941 0.00224795 0.00224795 0.00224795 0.00224805 0.00224795 0.00224795 0.00224795 0.00224795 0.00234894 0.00224843 0.00226843 0.00224795 0.00225457 0.00224795 0.00224811 0.00226053 0.00225156 0.00224818 0.00224795 0.00226153 0.00224795 0.00228553 80.0884 0.00224797 0.00224795 0.00225656 0.00225346 0.00224795 0.00224795 0.00224796 0.00243869 60.0645 0.00224813 0.00224795 0.00224795 0.00224795 0.00224795 67.0589 0.0023089 0.00224796 0.00224795 0.00224795 0.00224795 0.00224799 0.00228814 0.00225366 0.00224833 0.0022827 0.00225153 0.00224795 0.00224795 0.00224795 14.4565 0.00224837 0.00236624 0.00225522 0.00224795 0.00224795 0.0022508 0.00235693 0.00224795 0.002248 0.00224861 0.00233776 0.00227329 0.00226212 0.00224795 0.00224798 0.00225648 0.00224795 0.00224795 0.00224795 0.00224798 0.00224803 0.00227611 0.00224814 0.0313369 0.00224795 0.00224795 0.00224795 0.00226961 0.00224795 0.00224841 0.00224796 322.043 0.00227257 0.00224795 0.00224795 0.00224795 0.00224799 0.00224795 0.00224821 0.00239163 0.00224795 0.00224795 0.00224837 0.00224796 0.00224795 0.0024634 0.0022508 0.00224795 0.00225418 0.0022529 0.00225525 0.002248 0.00224802 0.00224795 0.00247841 0.00224822 0.00226405 0.00224795 0.00224795 0.00224812 32.3582 0.00224803 0.00224795 0.0022483 0.00224799 0.00226001 0.00224799 0.00224795 0.00224795 0.00224795 0.00224795 0.00224795 0.00224795 0.00224795 0.00225116 0.00224798 0.00224795 0.00224828 65.1538 0.00224795 0.00263283 0.00249421 0.00224795 0.00224808 0.002248 0.00224831 0.00224795 0.00226991 0.00225487 0.00224795 0.00224796 0.00224795 0.00225073 0.00224809 0.00225091 0.00224795 0.002267 0.00224795 0.00232015 0.00224795 0.00224796 0.0022568 0.00224867 0.002254 0.00224891 0.00224806 0.00224969 0.00224795 0.00224795 0.00224795 0.00224973 0.00224795 0.00233849 0.00224795 190.563 0.00227954 0.00224799 0.00224795 0.00224799 0.00224821 0.00225536 0.00459857 0.00236672 0.00224795 0.00225226 0.00225052 0.00224797 0.00224799 0.00226165 0.0022481 0.00250475 0.00224795 0.0022554 0.00224795 0.00247433 0.00224821 0.00225093 0.00224795 0.00224805 0.00224795 0.00224795 22.4162 0.00224795 0.00224795 0.00224972 0.00224795 0.00224865 0.00227771 0.00224795 0.00224795 0.00224795 0.00226815 0.00224799 0.00224803 0.00287396 0.00224795 0.00224795 0.00225372 0.00224795 0.00224795 0.00224795 0.00224933 0.00224811 0.00224799 0.00226129 0.00224796 0.00224795 0.00224795 0.00225526 0.00224795 0.0023327 0.00224795 0.00225176 0.00224795 0.00224795 0.00224795 0.00224891 0.00224795 0.00224795 0.00224841 0.00226159 0.00224795 0.00224893 0.00233823 104.336 0.00225131 0.00230509 0.00224841 0.00224795 0.00224795 0.00224795 0.00224801 0.00224808 0.0022846 0.00224795 170.541 0.00232066 0.00225558 0.00224795 0.00225502 0.002249 0.00256493 0.00224798 0.00224795 0.002248 138.576 0.00225961 0.00227839 0.00224795 0.00225145 0.00224796 0.00226529 0.00224795 0.00224842 0.00240553 0.00224795 0.00225051 0.00224796 0.00224796 0.00224887 0.0022548 0.0022547 0.00224988 0.00224797 0.00224831 0.00224814 0.00225649 0.00224795 0.00225307 0.00224795 0.00224822 0.00224797 0.00224796 0.00224795 0.00229794 0.00224916 0.00226001 507.397 0.00224801 0.00224795 0.00227613 0.00224795 0.00224798 0.00224795 0.00230953 0.00226063 0.00224795 0.00224795 0.00224795 0.00224795 0.00224795 0.00224795 0.00224795 0.00224799 0.00224795 0.00224796 0.00224795 0.00435247 0.00224795 0.00224795 0.0022587 0.00224797 0.00225227 0.00227231 0.00225659 0.00225821 0.00224795 0.00224795 0.00224795 0.00224796 0.00224795 0.00224795 0.0022481 0.00224795 0.00225273 0.00224795 0.00224795 0.00687759 0.00224795 0.00224957 0.00231765 0.00224835 0.00225634 0.00236422 0.00224795 0.00224795 0.00224795 0.00224796 0.00224795 0.00226405 0.00224795 0.00225557 0.00224795 0.00224795 0.00225451 0.00224798 0.00224795 0.002248 0.00226905 0.00225889 0.00225842 0.00225142 0.00224795 0.00224795 0.00224795 0.00256982 0.00224795 0.00224795 0.00224796 0.00224795 0.00226589 0.0023003 0.00224796 0.00224795 0.00224801 32.1575 0.00231392 0.00225886 0.00224974 0.00227669 0.00224795 18.2593 0.00224795 0.0022555 0.00227392 0.00231519 0.0022481 0.00224795 0.00224842 0.00224795 0.00234502 0.00224795 0.00224809 0.00224795 0.00224801 0.00228659 0.00224795 0.00226706 0.00224828 0.00224795 0.0029704 0.00224795 0.00224795 0.00224832 0.00224797 0.00228879 0.00234018 0.00224934 0.00225468 0.00240883 0.00224797 0.00224799 0.00225287 0.00224796 0.00228618 0.00224795 0.00224796 0.00224795 0.00224795 0.00226074 0.00224795 0.00241926 0.00227623 0.0022489 0.00225058 0.0023249 0.00225208 0.0022518 0.00224795 0.002248 0.00224795 67.8472 0.00224799 0.00226252 0.00229575 0.00224796 0.00225116 0.00224795 21.0816 0.00224796 0.00231117 0.0022655 0.00224795 0.00225076 0.00224957 0.00224802 0.00224795 0.00226471 0.00225708 0.00224795 0.00225761 0.0022758 69.515 0.00224795 0.00224903 0.00224795 0.00225101 0.00224821 0.00224796 0.00226334 0.00225257 0.00224795 0.00224795 0.00224796 0.00244319 0.0022481 0.00225813 0.00224795 0.00224795 0.00224795 0.00853739 0.00229612 0.00225016 0.00224799 0.00224795 0.00224856 0.0022833 0.00224795 0.00224795 0.00225118 0.00224858 122.584 0.00224795 0.00224795 0.00232847 0.00224795 0.00224795 0.00224795 0.002849 0.00224795 0.00224795 0.00226085 0.0029532 0.00224795 0.00224796 0.00224795 101.765 0.00224966 0.00224951 8.37273 0.00224795 0.00224795 0.00224795 0.00226079 0.00224797 0.00224795 0.00224797 0.00224795 148.119 0.00224795 0.00224795 0.00224795 0.00224945 0.00224795 0.00224795 0.00224797 0.00224803 0.00226215 0.00224823 0.00224795 0.00231678 0.00224813 0.00230018 0.00226368 0.00224998 0.00226852 0.00224802 0.00224796 0.00224795 0.00225351 0.00224795 0.00224827 0.00600606 0.00224795 0.00224937 0.00224795 0.00224796 0.0022501 0.00224795 0.00224795 0.00228524 0.00232297 0.00225377 0.00226931 0.00224795 0.00224795 0.00224795 0.00224844 0.00224795 0.00229736 0.00224795 0.00231391 0.00224799 0.00224796 0.00224795 0.00224795 0.00224795 0.00224821 0.00229004 0.00224987 0.00225072 0.00224796 0.00224795 0.00224795 0.00228515 0.00224795 101.506 0.00224795 0.00224795 0.00224795 0.00226251 0.00228212 0.00224795 0.00228193 0.00224795 0.00229857 0.00225107 0.00224795 0.00224795 0.00224807 514.402 0.00224795 0.00231088 0.00224795 0.00224795 0.00232141 0.00224795 0.00224916 0.00224797 0.00224795 0.00235337 0.00229482 0.00224996 0.002248 0.00224795 0.0023144 0.00224795 0.00224795 0.00228169 0.00224799 0.00224795 0.00224822 0.00224797 0.00225249 0.00224795 0.00224795 0.00224795 0.00224857 0.00224795 0.00225249 0.00224795 0.00226343 0.00224795 0.00224795 0.0022609 0.00224795 0.00256701 0.00224795 0.00224795 0.00224795 0.00225776 0.00224795 0.00229777 0.00224795 0.00224798 7.02055 0.00224795 0.00224798 0.00224795 0.00224795 0.00224795 0.00224795 0.00224795 0.00224795 0.00231295 0.00224795 0.00225468 0.00225097 0.00224795 0.00224795 0.00224795 0.00224795 0.00224795 0.00225955 0.00224795 0.00227017 0.00224795 0.00225534 0.00224805 0.00225116 0.00224795 0.00224837 0.00224796 0.00224795 0.00224814 0.00224836 0.00239114 0.00224797 0.00224795 0.00224825 0.00224795 74.0394 0.00224795 0.00224861 0.00224795 0.00226781 0.00224798 0.00225199 0.00224795 0.00247033 0.00224796 0.00225045 0.00224795 0.00232777 0.00224795 0.00268268 0.00225254 0.00225269 0.00224795 0.00224795 0.00228624 0.00224796 0.00224795 0.00224797 0.00224797 0.00224795 0.00227941 0.00225455 0.00224795 0.00224795 0.00224795 0.00224795 0.00224795 0.00226352 0.00224795 0.00224796 0.00225409 0.0022659 0.00224795 0.00224795 0.00225067 0.00224845 0.00224795 0.00225009 0.00236524 4.6154 0.00225755 0.00224795 0.0022507 0.00224795 0.00224808 0.00225256 0.00224798 0.00224795 0.00224795 0.00226276 0.00225288 0.00224802 0.00224795 0.00224795 0.00224795 0.00224807 0.00224795 0.00226302 0.00224795 10.9385 0.00224795 0.00224875 0.00225232 0.00225766 0.00224795 0.00224795 0.00225982 0.00224868 0.00229065 0.00224795 0.00229685 0.00224812 0.00228346 0.00224795 0.00224833 0.00224795 0.00224795 0.00224795 0.00224795 0.00224801 0.00228661 0.00225501 0.00224795 0.00224893 0.00225218 0.00224803 108.659 0.00224795 0.0025281 0.00224795 0.00224795 0.00224795 0.00224796 0.00224795 0.00224795 0.00228301 0.00224801 0.00225015 0.00224795 0.00225262 0.00225003 0.00236312 0.00225846 0.00224826 0.00225839 0.00226168 0.00224914 0.00224795 0.00224888 0.00224795 0.00224795 0.00224796 0.00224813 0.00224795 0.00224832 0.00224795 35.5098 0.00224795 0.00233107 0.00228732 0.00224795 0.00284897 0.00224795 0.00224795 0.00224816 0.00224795 0.00224795 0.00224801 0.00224795 0.00224795 0.00224795 0.00224795 0.00226198 0.00224795 0.00224795 0.00279203 0.00224811 0.0022512 0.002248 0.00224976 0.00235128 0.00224795 0.00224795 0.00224795 0.00224795 0.00224795 0.00224795 0.00225284 0.00224795 0.00224809 0.00224808 0.00224815 0.00224795 0.00233183 0.00225782 0.00224941 0.00225425 0.00230014 0.00224795 0.00227113 0.00224852 0.00224939 0.00224864 0.00228934 0.00224795 0.00224864 0.00224795 0.00224796 0.00224891 0.00226062 0.00224795 0.00224795 0.00224795 0.00236714 0.00224795 0.00224795 0.00224795 0.00224806 100.258 0.00224795 0.00224795 0.00224796 0.00224795 0.00225131 0.00224795 0.00228029 0.00224795 0.00224795 0.00225627 0.00224796 0.00224795 0.00224795 0.00224795 0.00224795 0.00224898 0.002256 0.00224795 0.00234137 0.00224795 0.0022526 0.00224836 0.00224795 0.00224795 0.00224795 0.00224795 0.00224795 0.00224797 0.00224795 0.00224795 0.00224795 0.00225067 0.00224795 0.00224796 0.00224795 0.00224795 0.00225591 0.00227976 0.00224795 0.00228093 0.002248 0.00224795 0.00224795 0.00224803 0.00224795 0.00227638 0.00224795 0.00224795 0.00224795 0.00230002 0.00224795 0.383922 0.00224795 0.00224795 0.00224795 0.00226281 0.00224909 0.00224795 0.00224942 0.00225015 0.00224795 0.00224795 0.00224875 0.00227431 0.00228374 0.00224874 0.00224797 0.00226531 0.00224798 0.00224795 0.00226127 0.00224808 0.00224795 0.00224795 0.00224796 0.00225411 0.00226987 0.00224795 0.00224812 0.00225049 87.751 0.00245654 0.0457242 0.00224795 0.00224797 0.00224799 0.00232619 0.00229817 0.00225057 0.00228183 0.00301819 0.00226865 0.00224795 0.00224795 0.00246624 0.00225127 0.00224795 0.00224795 0.00224818 0.00225044 0.00225215 0.00224797 0.00224795 0.00225299 0.00226296 0.00239192 0.00224795 0.00224795 0.00224857 0.00238303 0.00224795 0.0022495 0.00224795 0.00224795 0.00225394 0.00224795 0.00230765 0.00224795 0.00227144 0.00225016 0.00224833 0.00224796 0.00225461 0.00224795 0.00230752 0.00226926 0.00224795 0.0022932 0.00224795 0.00224795 0.00224795 0.00224795 0.00224795 0.00237459 0.00224795 0.00224795 0.00224796 0.00224795 0.00224795 0.00237294 0.00224795 0.00225074 0.00224901 0.00224795 0.00228578 0.00224921 0.00225012 0.0022516 0.00225643 181.083 0.00224795 0.00228073 0.00224795 0.00225019 0.00225326 0.00231873 0.00225671 0.00224795 0.00224795 0.00224796 0.00224795 0.00224795 0.00225202 0.00224795 0.00226076 0.00224798 0.00228089 0.00224796 0.00225242 0.0022576 0.00225088 0.00224795 0.00224798 0.00224795 0.00224816 0.00224795 0.00224795 0.00224795 0.00224903 0.00225576 0.00224795 0.00224798 0.00224795 0.00224797 0.00224795 0.00226663 0.00224865 0.00232813 0.00224814 0.00224795 0.00224799 0.00224795 0.00225204 0.00224795 0.00224795 0.00224921 0.00224795 0.00224795 0.002248 0.00224795 0.00224795 0.00224906 0.00230774 0.00228916 0.00224795 0.00231806 0.00224795 0.00231387 0.00228138 0.00224795 0.00224799 0.00285759 0.00225169 0.00224795 0.00227239 24.2903 0.00231887 0.00224991 0.00224795 0.00224795 0.00224795 0.00224795 0.00224838 0.00224802 0.00224795 0.00224795 0.00229871 0.00224795 0.00224795 0.00227889 0.00224795 0.00224795 0.00224823 0.00224795 0.00225636 0.00224824 0.00224795 0.00224795 0.00225752 0.00224798 0.00224795 0.00224795 0.00226214 0.0022481 0.00227372 0.00224795 0.0022538 0.00224795 0.00225223 0.00224795 0.00231294 0.00224795 0.00224813 0.00224795 0.00224795 0.00224795 0.00224796 0.00224795 507.176 0.0022572 0.00224795 0.00233213 0.00225151 0.0022482 0.00224797 0.00224796 0.00224795 0.00225376 0.00224795 157.589 0.00224795 0.00224846 0.00224795 0.00225005 0.00225554 0.00224795 0.00224795 0.00224795 0.00224795 0.00226053 0.00233678 0.00242278 0.0022649 0.00224797 0.00230493 0.00224851 0.00430808 0.0022922 0.00224795 0.00224795 0.00224795 0.00226165 0.00374406 0.00224796 0.00231578 0.00232742 0.00224801 0.00225779 0.00224802 0.00244797 0.00224795 0.00224795 0.00224798 0.00225233 0.00224837 0.00224795 0.00281414 0.00224803 0.00224795 41.4673 0.00224797 0.00227295 0.00224796 0.00224847 0.00224795 0.00224819 0.00224795 0.00224795 36.7964 0.00224795 0.0022482 0.00224801 0.00224795 0.00225792 0.00224795 0.00248458 0.00227125 0.00224825 0.00224819 0.00224795 0.00226016 0.00224795 0.00224795 0.00225292 0.00224796 0.00224795 0.002248 0.00224817 0.0022494 0.00224863 0.00224857 0.00224795 0.00224795 0.00224795 0.0023295 0.295229 0.00224795 0.00224838 0.00224795 0.00224798 0.00224795 0.00224795 0.00224795 0.00224795 0.00224795 0.00224795 0.00226753 0.00224795 0.00224795 0.00224796 0.00224795 0.00224795 0.00224795 0.00224795 0.00228342 0.00224795 0.00225632 0.00225839 0.00224807 0.0022792 0.00224796 0.00224797 0.00224795 0.00224795 0.00224795 0.00224838 0.00229443 0.00224801 0.00224795 0.00225074 0.00224993 0.0022484 0.00231333 0.00225191 0.00224795 0.00224802 0.00224795 0.00224795 0.00224799 0.00224795 0.00224871 0.00224795 0.00224795 0.00224796 488.759 0.00224795 0.00225978 0.00226371 0.00224891 0.00224795 0.00229411 0.00224795 0.00224795 0.00224795 84.2869 0.00229077 0.00880377 0.00225097 0.00224795 0.00236602 0.00244625 0.00224795 0.00227946 0.00496973 54.6973 0.00225669 0.00224889 0.00224795 0.00224795 0.00224797 0.00224795 0.00545846 0.0022671 0.00234131 0.00224795 0.00224796 0.00224795 0.00232706 0.00224795 0.00224886 0.00291761 0.00224795 0.00224839 0.00224795 0.00225604 0.00224797 0.00224795 123.37 0.00224795 184.168 0.00224795 0.00224795 84.2775 0.0022696 0.00224795 0.00224815 0.00224836 0.00224795 0.00224933 0.00226058 0.00224838 0.00224795 0.00224795 0.00224795 0.00224817 0.00224795 0.00224795 0.00272096 0.00224804 0.00225563 0.00224796 0.00224796 0.00224797 0.00234697 0.00224795 0.00224795 0.00224912 0.00224795 0.00224795 0.00224795 0.00224795 0.00226346 18.1088 0.00250713 0.00224795 0.00225319 0.00224808 0.00224795 0.00224801 0.00224795 0.00226714 0.00224795 0.00224795 0.00230002 0.00224996 0.00224795 0.00224795 0.00224795 0.00235877 23.6733 0.00224852 0.0022484 0.00224916 0.00224798 0.00224795 0.00224795 0.00244272 0.00224795 0.00224795 0.00224797 0.00224797 0.00242162 0.00226885 0.00226688 0.002248 0.00226908 0.00224805 0.00224797 0.00224795 0.00224922 0.00224795 0.00224795 0.00224795 0.0022497 0.00224802 0.0022642 0.00224797 0.00224795 0.00224795 0.00224797 0.00224813 0.00224795 0.0022482 0.002279 0.00228785 0.00224795 0.00224795 0.00224795 0.00230006 0.00230523 16.602 0.00224795 0.00224795 0.00224795 0.00224795 0.00224795 0.00432339 0.00224795 0.00224795 0.00224795 0.00225065 0.00225595 15.6214 0.00225053 241.069 0.00224795 0.00243646 0.00226724 0.00224824 0.00224797 0.00224795 0.00224795 0.00224835 0.00224898 0.00224795 0.00246151 0.002248 0.00224858 0.00224795 0.00224795 0.00224795 0.00224795 0.00224795 0.00225134 0.00224795 0.00224797 0.00224795 0.00224795 0.00224795 0.00226058 0.00224797 0.00224824 0.00224795 0.00224796 0.00235406 0.00225832 0.00224795 0.00227514 0.00241479 0.00292168 0.00225016 0.00224795 0.00224795 0.00224796 0.00224795 0.00224795 0.00224799 0.00225056 0.00224795 0.00224795 79.2981 0.00224817 0.00224795 0.00224846 0.00224835 0.00224795 0.002248 16.4564 0.00224795 0.00224795 0.00224795 0.00224795 0.00225056 0.00224795 0.00224795 0.00224795 0.002264 0.00260607 0.00224795 0.00224838 0.00225454 0.00245916 0.00224802 19.1932 0.00224795 0.00224795 5.67906 0.00225396 0.00224795 0.00225641 0.00224795 0.00227529 0.00224822 0.00224795 0.00224795 0.00224795 0.00224795 0.00224795 0.00225023 0.00224805 0.00224795 0.00224795 0.00224795 122.037 0.00231944 0.00224795 0.00224795 0.00224795 0.00224846 0.00224795 0.00224795 0.00224795 0.00224795 0.00224795 0.00224795 0.00225121 0.00229129 0.00224795 0.00224795 0.00226553 0.002248 0.00224795 0.00224797 0.00226166 0.00224795 0.00225947 0.00227548 0.00224795 0.00225859 0.00224806 0.00224796 0.00224795 0.00250946 0.00225387 0.00232397 0.00227079 0.00224795 0.00224795 0.00224795 0.00224882 0.0022512 0.00224795 0.00224796 0.00224795 0.00224795 0.00224801 0.00224795 0.00226366 0.00224795 0.00237361 0.00224906 0.00224795 0.00224795 0.00224798 0.00224795 0.00225462 0.00224795 0.00224801 0.00224796 0.00224795 0.00224799 0.00224795 0.00225218 0.00224795 0.00224795 0.00224795 6.00004 0.00225413 0.00225086 0.00227449 0.00224795 0.00225253 0.00224795 0.00238065 0.00224795 0.00224822 0.00225875 0.00224795 0.00225302 0.00224795 0.00224796 0.00224795 0.00224795 0.00227141 0.00224795 0.00230787 0.00224867 0.00226256 0.00224795 0.00225114 108.292 0.00224904 0.00224795 0.00230332 0.00224806 0.00224795 0.00224806 0.00224796 0.00225018 0.00224795 30.1799 0.002269 0.00224795 0.00224867 0.00225027 0.00226659 0.00224804 0.00224795 0.00224947 0.00224795 0.00224795 0.00224795 0.00232625 0.00224815 0.00224795 0.00228156 0.00224795 0.00230921 0.00227894 0.00224795 0.00224795 0.00224801 0.00224884 0.00284206 0.00224795 0.0022591 0.00226749 0.00224795 0.00224795 0.00224795 0.002248 0.00224869 0.00228672 8.37449 0.00224795 0.00229041 0.00225877 0.00224801 0.00224795 0.00224795 0.00224798 0.00224795 25.4791 0.00224971 0.00224795 0.00267013 0.00224798 0.00224795 0.00224795 199.029 0.00224795 0.00224795 0.00224808 0.00224795 0.00225954 0.00225071 0.00224929 0.00224795 0.00224795 0.00224795 0.00224795 0.00224795 0.00224795 0.00224795 0.00224796 0.0022576 0.00224795 0.00224795 0.00224795 0.00224795 0.00224795 0.00224795 0.00225657 0.00224795 0.00228661 79.7118 0.00224806 0.00224942 0.00224795 0.00234122 0.00224822 0.00224795 170.347 0.00224795 0.00224795 0.00224796 0.00224815 0.00229983 0.00232319 0.00224795 0.00224817 0.00225822 0.00224811 0.00224795 0.00226457 0.00226953 0.00224803 0.00224828 0.00224795 0.0022484 0.00224795 0.00370377 0.00224795 0.00224795 0.00224857 0.00224954 0.00224797 0.00224795 0.00224797 0.00224806 0.00226725 0.0022487 0.00226448 0.00224795 0.00224795 0.00224798 0.00227446 297.42 0.00224796 0.00224797 0.00224805 0.00224814 0.00224795 0.00227536 0.560545 0.00224811 0.00224816 0.00224833 0.00224795 0.00224797 0.00224795 0.00225031 0.00224815 0.00237881 0.00224795 0.00224795 0.00224797 0.00224795 0.00229574 0.00225177 0.00224795 0.00228112 0.00224795 0.00224795 0.00224796 4.91426 0.00224795 0.00224795 0.0022928 0.00225023 0.00233331 0.00224998 0.00250035 0.00224796 0.00224805 0.00224795 0.00225362 0.00224795 0.00891652 0.00224797 0.00224795 0.00663833 0.00226136 0.00224797 0.00227329 0.00228821 0.00224795 0.00224795 0.00224796 0.00224795 0.00224796 0.00224795 0.00234682 0.00224795 0.00224795 0.00224795 0.00224802 0.00224795 0.00224796 0.00224795 0.00224833 0.00224795 0.00224795 0.00224795 0.00224795 0.00224795 0.00224795 0.00224799 0.00224795 0.00224817 0.00245375 0.00225516 0.00224795 0.00224797 0.00224795 0.00225421 0.00224795 281.713 0.00224795 0.00229299 0.00224795 0.135361 0.00236338 0.00227705 0.00224817 0.00224795 0.00224795 0.00398041 0.00224795 0.00224795 0.00224815 0.0022493 0.0022481 0.00224856 0.00224801 0.00224795 0.00224795 0.00227136 0.00227139 0.00224795 0.00224795 0.0022498 0.00227647 0.00226155 0.00224796 0.00224795 0.00234143 0.00224795 0.00224799 0.0022568 0.00224949 0.00225222 0.00225264 0.00224795 0.00226165 0.00224795 0.0022521 0.00224795 0.0022548 0.00224795 0.00224795 0.00224795 0.00224795 0.00225254 0.00224797 0.0022484 0.00225414 224.047 0.00224795 0.00228565 0.00225343 0.00224795 0.00224795 0.00225258 0.00224795 0.00224795 0.00224795 0.00224795 0.00225146 0.00224865 0.00224795 0.00226013 0.00224803 0.00224796 0.00224795 0.0022481 0.00224796 0.00224811 0.00224795 0.00224795 0.00224795 108.047 0.00224813 0.00224795 0.00226248 0.00226949 0.00224795 0.00224802 0.00226168 0.00225105 0.00224795 0.00224947 0.00252318 0.00224795 0.00224795 0.00224795 0.00224804 0.00228879 0.00224795 0.00225257 0.00225603 0.00224795 0.00224795 0.00224795 0.00224982 0.00224795 0.00224795 0.00224795 0.00230379 0.00225717 0.00224795 0.00224795 0.00226298 0.00224916 0.00224796 0.00224799 0.00259077 0.00224795 0.00224796 0.00224795 0.00224969 0.137156 0.00228751 0.00224795 0.00224795 0.00224795 0.00224795 0.00224795 0.00224795 0.00224795 0.00226713 0.00224796 0.00225071 0.00224795 0.00224808 0.00225045 0.00224795 0.00224795 0.00224818 0.00224795 0.00224818 0.00224795 0.00224982 0.00224795 0.00224795 0.00224795 0.00226551 0.00224795 0.00228638 0.00224798 0.00234863 0.00224809 0.00243964 0.00224795 0.00224795 0.00224796 0.00224795 0.00224795 0.00225322 0.00224795 0.00231613 0.00224795 0.00227011 0.00224796 0.00224859 0.0022486 0.00224795 0.00224795 0.00225419 0.00224795 0.00224795 0.00224796 0.00224796 157.961 0.00224795 0.00224795 28.4491 0.00225175 0.00224822 0.00224795 0.00225513 0.00224801 0.00224842 0.00224795 0.00224795 0.00228246 0.00224795 0.00224795 0.00224795 0.00224795 0.0022548 0.00224795 25.995 0.00229424 0.00248251 0.00224795 0.00224795 0.002256 0.00224825 0.00224796 0.00224795 0.00224795 0.00224795 0.0128757 0.00225038 0.00231683 80.9914 0.00261794 0.00225141 0.00224795 0.00225532 0.00227015 0.00224836 0.00231742 0.00224795 0.00224795 0.00230121 0.00224908 0.00225395 0.0022617 0.00224795 0.00224796 0.00224795 0.00224795 0.00224803 0.002248 0.00225014 0.0027218 0.00231541 0.00224799 0.00226254 13.9627 0.00224795 0.00224895 0.00224809 0.00224795 0.00224795 0.00224795 0.00224796 0.0022489 0.00348861 0.00224795 0.002248 0.00224795 0.00224795 0.00224817 0.00225052 0.00225013 0.00224795 55.6955 0.00224796 40.8266 0.00224796 0.00224806 0.00224796 0.00224795 0.00224795 0.00224798 0.0022525 0.00224796 30.272 0.00224795 0.00224795 0.00225105 0.00224795 0.00224795 0.00224795 0.00481016 0.00224796 0.00224795 0.00225013 0.0022764 0.00224797 0.00224795 0.00224795 0.00225038 0.00224796 0.00224795 0.00227583 0.00224876 0.00224795 0.00224795 0.00224973 0.00224854 0.00224795 0.00224803 0.00224795 0.00224798 0.00224795 137.007 0.00224795 0.00224967 0.00228306 0.00224795 0.0022491 0.00233807 0.00224795 0.00224795 0.00225083 0.00224795 0.00224795 0.00224795 0.00225692 0.00224795 0.00224795 0.00224795 0.0022536 0.0380632 0.00224795 0.00229326 0.00224795 0.00224795 0.00224795 0.00224988 0.00224795 0.00224795 0.00224795 0.00224795 0.00250781 0.00229368 0.00224798 0.00224795 0.00228074 0.00224795 0.0024739 0.00224795 0.00224795 0.002248 0.00224983 0.00224795 0.00226558 0.00224795 0.00224795 0.00259176 0.0022482 0.00224881 0.00225108 0.00224795 0.002248 0.00224795 0.00224803 0.00224801 0.00224856 0.00224803 964.951 0.00224795 0.00224801 0.00224938 0.0022551 0.00224854 0.00224795 0.00224795 0.00224795 0.00224795 0.00224795 0.00224796 0.00225508 0.00224795 0.00224795 0.00228455 0.00224795 0.00224795 0.00224795 0.00224795 0.00224796 0.00224799 0.00224795 0.00224832 0.00224795 0.00224796 0.00224795 0.00225303 0.00224813 0.00225675 0.00229199 0.00225515 0.00224795 0.00243376 0.00229274 0.00224795 0.00224795 0.00226273 0.00225459 0.00224811 0.00224795 0.00226211 0.00228085 0.00225036 0.00224796 0.00224797 0.00225406 0.00224795 0.00224807 0.00224795 0.00224795 0.00225157 75.747 0.00224795 0.00227871 0.00224803 0.00224795 0.00228888 0.00230659 0.00224795 0.00224795 0.00224795 0.00495501 0.00224795 0.00227694 0.00224797 0.00224795 0.00224795 0.00224809 0.00224795 0.00224854 0.00225121 0.00224795 0.00224795 0.00224795 0.00224795 0.00224965 0.240488 0.00225431 0.00224795 0.00224797 0.00224796 0.00226587 0.00224796 0.00224795 0.00224795 0.00224795 0.00239615 0.00224795 0.00224795 0.00224795 0.00224879 0.00225185 0.00224795 0.00224795 0.00224795 0.00224795 0.00225309 0.00224795 0.00224815 0.00224795 0.00224795 0.00228934 0.00224804 0.00224795 0.00224797 0.00228766 0.00227674 0.00224836 0.00224795 0.00224795 0.0022921 0.00224795 0.00224795 0.00224795 0.00224795 0.00224795 0.00224795 0.00224795 0.002248 0.00224795 0.00224795 0.00231416 14.8423 0.00224795 0.00224795 0.00224798 0.00224795 0.00224795 0.002248 34.0371 0.00225822 40.8617 0.00234344 0.002248 0.00244915 0.00225159 0.00224795 0.00251145 0.00224795 0.00224795 0.00224795 0.00224795 0.00224807 0.00224795 0.00224795 0.00230485 0.00224805 0.00224795 0.00224795 0.00225875 0.00224795 0.00224795 0.00225085 0.00226137 0.00224795 636.99 0.00225726 0.00224885 0.00224943 0.00233608 0.00224798 0.00224909 0.00265865 0.00226472 0.00224809 0.00224795 0.0022691 0.00224795 0.00236075 0.00224795 0.00224803 0.00225586 0.002284 0.00224795 0.00225389 0.00224795 0.00224863 99.3037 0.00224822 0.00228694 0.0161605 0.00224796 0.00224795 0.00228311 0.00226469 0.00225193 0.00224832 0.00224795 0.00224801 0.00225632 0.0022532 0.00224798 0.00224911 0.00224795 0.00224795 0.00224795 0.00224795 0.00224832 0.00224801 0.00225312 0.00225425 0.00229514 0.00224799 0.00224795 0.00224795 0.00226303 0.00225015 0.0022481 0.00224796 0.0022539 0.00226767 0.00225035 0.00224798 0.00224798 262.103 0.00224835 0.00225463 0.00224824 0.00225387 0.00224795 0.00225459 36.11 0.00224795 0.0022726 0.00224796 0.00242564 0.00224795 0.00224795 0.00225116 0.00225816 0.00226523 0.00224795 0.0022487 0.00224795 0.00224795 0.00224797 0.00224928 0.00224795 39.4953 0.00224803 0.00224829 0.00225213 0.00224795 0.00224795 0.00224795 0.00224795 0.00224798 0.00245771 0.00224795 0.00224795 0.00224795 0.00224795 0.00456279 0.0022494 0.00224795 0.00224795 0.00224795 0.00224807 0.00224795 0.00224795 0.00224795 0.00225812 0.00224796 0.00227138 0.00224804 0.00224795 0.00224795 0.00224795 0.00224873 0.00224795 0.00224796 0.00224795 0.00226291 0.00224815 0.855757 0.00224796 0.00224795 0.00224822 0.00224795 0.00224795 0.00229531 0.00224795 0.00224795 0.00224795 0.00226621 0.00224795 0.00224795 0.00224795 0.00224795 0.00224795 0.00224853 0.00224795 0.00224816 0.00224795 0.00227342 0.00224795 0.00227039 0.00224796 0.00224801 0.00226504 0.00247171 0.00224796 0.00224795 0.00224803 0.00224795 0.00224795 0.00224795 0.00224795 0.00225124 0.0024517 0.00225515 0.00226717 0.00224796 0.00224795 0.00224798 0.00227682 0.0022532 0.002248 0.00224795 0.00237958 0.00224795 0.00224795 0.00225957 0.00224795 0.00224795 0.00224795 0.00225982 0.00224795 0.00234328 0.00224795 0.00224795 0.00286187 0.00224795 0.00224806 0.00224795 0.00224795 0.00224795 0.00224796 0.00224795 0.00227589 39.7636 0.00224795 0.00224795 0.00224796 0.00224795 0.00224795 0.00224796 0.00224952 0.00224795 0.00226621 0.00224795 0.00224795 0.002248 0.00225061 0.00224795 0.00224844 0.00224795 0.00224837 0.00224796 0.00224795 0.00225562 0.00224795 0.00224795 0.00224796 0.00224795 0.00224803 0.00224795 0.00224795 0.00224795 0.00224795 0.00225822 0.00224795 0.00224795 0.00224795 0.00226257 0.00224795 0.00224796 0.00225133 0.00224795 0.00226518 0.00229809 0.00224795 0.00224811 0.00224823 0.00268972 0.00227084 0.002251 0.00228827 0.00224799 0.00224807 0.00224795 0.00224795 0.00224796 0.00225309 0.00224795 0.00224922 0.00224795 0.0023211 0.00225819 0.00224795 0.00224795 0.0022498 0.00224795 0.00226661 0.00224795 0.00224795 0.00224816 0.00224795 0.00224795 0.00224855 0.00224795 0.002248 0.00224795 0.00263711 130.147 0.00224795 0.00224795 0.00239661 0.00224795 0.00224795 0.00224805 0.00224796 0.00224795 0.00224809 0.00224795 0.00224795 0.00225042 0.00224798 0.00224795 0.00233591 0.00224795 0.00224795 0.00224815 0.00224802 0.00224795 0.00224795 0.00224796 0.00224808 0.00224796 0.00224795 0.002248 0.00225074 0.00224795 0.002282 0.00224795 0.00224795 106.055 0.00225269 0.00225751 50.3643 0.00224795 0.00224799 0.00224795 0.00224796 0.00224864 0.00224795 0.00239637 0.0022626 0.00224799 0.00225054 0.0022534 0.00225664 0.00224805 0.00224795 0.00224795 0.00225069 0.00226049 0.00224796 0.00224795 0.00224795 0.00224795 0.00224795 0.00228293 0.00224795 0.00224795 0.00227627 0.00227109 0.00224795 0.00227683 0.00225674 0.00225475 0.0022643 0.00226022 0.00231317 0.00227733 0.00224798 0.00224812 0.00224798 0.00224795 19.256 0.00224807 0.00224816 0.00225399 0.00224795 0.00225823 0.00224807 0.00224795 0.00224795 0.00228607 0.00224795 0.00224795 0.0022898 0.00224795 0.00224795 0.00224795 0.00224795 0.00224795 0.00224795 0.002248 0.00224796 0.00224795 0.00224795 49.7804 5.66007 0.00227569 0.002329 0.0022649 0.00225598 0.00224795 0.00224795 0.00248007 0.00224795 0.00224795 0.00224795 0.00226396 0.00224795 0.0022508 0.00224844 0.00228421 0.00224795 0.00224795 0.00226914 0.00224795 0.00236312 0.002248 0.00224795 0.00224814 0.00225501 0.00224795 0.00224795 0.00225145 0.00224896 0.00225241 0.00226577 0.00226174 0.00225072 0.00224795 0.00224795 0.00226238 0.00228666 0.00224799 0.00224847 0.00224795 0.00224798 0.0022481 0.00230654 0.00225749 0.00224795 0.00224795 0.00224795 0.00224796 0.00228547 0.00224795 0.00224849 0.00224795 0.00224795 0.00224835 0.00227343 0.00224888 0.00228794 0.002248 0.00224795 0.00224815 0.00225845 0.00224804 0.00225292 0.00224836 0.00225059 0.00224801 0.00224795 0.00224795 0.00224798 0.00224795 0.00240327 0.00224795 0.00224796 0.00224795 0.00224842 0.002248 0.00224795 0.00224805 0.00225803 0.00224805 0.00225283 0.00224795 0.00237835 0.00225034 0.00224795 0.00224983 0.00224795 4.38806 0.00225256 0.00224801 0.00224838 0.00224856 0.00227138 0.00224795 0.00224795 0.00230753 0.00224796 0.00224795 0.00224795 0.00224805 185.092 0.00224795 0.00224795 0.00224795 0.00233535 0.00224795 0.00224795 0.0022481 0.00225042 0.0024224 0.00226287 0.00224795 0.00224795 0.00227607 0.00224887 0.00226563 0.00224795 0.00274924 0.00224798 0.00224795 0.00224795 0.0022722 0.00224852 0.00224796 0.00224857 0.00224795 0.00225105 0.00224803 0.00224796 0.00224924 0.00224797 0.00224893 0.00224795 0.00225017 0.00224796 0.00224798 0.00224795 0.00224828 0.00224874 0.0022482 0.00225353 0.00227231 0.00224795 0.00224795 0.00224861 0.00224795 0.00226094 0.00224857 0.00224795 0.00224795 0.00224795 0.00224795 0.0022484 0.00224796 0.00225361 0.00224796 0.0033942 0.00224795 55.685 0.00225409 0.00225026 0.00230672 0.0111482 0.00224795 0.00224795 0.00224795 0.00224814 191.266 0.00224795 0.00224848 0.00224795 0.00224795 0.00232338 0.002299 0.00224961 0.00224844 47.3814 0.00227391 0.00225319 0.00227022 0.00224988 0.00232715 51.7276 0.00224795 0.00224795 0.00224795 0.00237997 0.00225132 0.00224795 0.00225061 0.00226196 0.00224962 0.00224795 0.00224795 0.00234031 0.00224795 0.00224828 0.00224795 0.00224795 0.0022481 0.00227417 0.00224798 173.54 0.00224795 0.00224991 0.00224795 0.00225081 0.00231009 0.00224795 0.002248 0.00224809 0.00224798 0.00225568 0.00224795 0.00224795 0.00224816 0.00224795 0.00224861 0.00226182 0.00225145 0.00224795 0.002248 0.00251135 0.00224981 0.00224795 0.00224795 0.00224795 0.00224938 0.00224795 0.00224795 0.00227724 0.00224831 0.00225224 0.00224795 0.00224796 0.00224795 0.00224795 0.00224795 0.0117212 0.00224804 0.00224795 0.00227194 0.00224803 0.00224998 0.00228496 0.00224795 0.00224839 0.00224884 0.00229623 0.00230776 0.00224795 0.00224807 0.00230388 0.00233409 214.069 75.6991 0.00224795 0.00224795 0.00224795 0.00224796 0.0024273 0.00224795 0.00225468 0.00224865 0.00224795 0.00224795 0.00229397 0.00224811 0.00250944 0.00224809 0.00224836 0.0024158 0.00225668 0.00331636 0.00226384 0.00224795 0.00225393 0.0022498 0.00224795 0.00224795 0.00224844 0.00225116 0.00224795 0.00224978 0.00224856 0.00224795 0.00224795 0.00224795 0.00224796 0.00224795 0.00224795 0.00224796 0.00224795 0.00224809 0.00224819 0.00224795 0.00224795 0.00225085 0.00224825 0.00224795 0.00226274 0.00225252 0.00224795 0.00224831 0.00224795 0.00224795 0.00224795 0.00227195 0.0022483 0.00225773 0.00224809 0.00224795 0.00224795 0.00227125 0.0022571 0.00235423 0.00224823 0.00224795 0.00224795 0.00226212 0.00225467 0.00224804 0.00228492 0.00224795 0.00224795 0.00226008 0.00225155 0.00224795 0.00243963 0.00224955 0.00224795 0.00224796 0.00224814 0.00224811 0.00224795 0.00224919 0.00224819 0.00224795 0.002248 0.00224795 0.00225574 0.00224795 0.00224842 0.00224796 0.00229822 0.00224812 0.00224795 0.00224795 0.00225813 0.00224795 0.0022481 0.00224795 0.00224795 0.00224805 0.00225039 0.002248 0.0022521 0.00224796 0.00225114 0.00224795 0.00224795 0.00224833 0.00224795 0.00224795 0.00224795 0.0022546 0.00224795 0.00224795 0.00224795 0.00227136 0.00224795 0.00224795 0.00225298 0.00230826 0.00224795 0.0022485 0.0022512 0.00226346 0.00224795 0.00226052 0.00226704 0.00224823 0.00224795 0.00224804 0.00224795 0.00224795 0.00224879 0.0022515 0.00224798 0.00224902 0.00224795 0.00224798 0.00224903 0.00225008 0.00224795 119.049 0.00224795 0.00238458 0.00224795 0.00224802 0.00224872 0.00224795 0.00224816 0.00224795 149.621 0.00225068 0.00224795 0.00224797 0.00224795 0.00256637 0.00224796 0.00224795 0.00224934 0.0022664 0.00225902 0.00224795 0.00224835 0.00226335 0.00224795 0.00228414 0.00224821 0.00225596 0.00224797 0.00224795 0.00224795 0.00224795 0.00248306 0.00224806 0.00224876 0.00225303 0.00224811 0.00224795 0.00224795 0.00225248 0.00224846 0.00224795 0.00224795 0.00224795 0.00244612 0.00224813 0.00226186 0.00224795 0.00224796 0.00224795 0.00225055 0.00226103 0.00224795 0.0023131 0.00224795 0.00224795 0.00224795 0.00224795 0.00224795 0.00238357 0.00241602 0.00247817 0.00224797 0.00227743 0.00224869 0.00225153 0.00224795 0.00224795 0.00225163 0.00224795 0.00224799 0.00224855 0.00224796 0.00224795 0.00232247 0.00224795 0.00224994 46.2523 64.9423 0.00224796 0.00225279 0.00229394 0.00224795 0.00224795 0.00224795 0.00227106 0.00284592 0.00224797 0.00224795 0.00224795 0.00224906 0.00224795 0.00224796 0.00224795 0.00225049 0.00224795 797.218 0.00229376 26.6372 0.00274602 0.00249362 0.00224795 0.00224977 0.00225359 0.00225308 0.00225421 0.00224795 0.00224804 0.00224795 0.00224795 0.00224795 0.00224795 0.00224857 0.00224795 0.00224826 0.00224795 0.00224796 0.00224796 0.00238004 0.00224795 0.00224795 0.00224972 0.00226898 0.00224886 0.00224795 0.00224804 0.00224795 0.00225044 0.00224795 0.00224799 0.00224795 0.00224797 0.00247925 0.00226734 0.00224796 0.00224916 0.00224795 0.00231776 0.00224796 0.00224795 0.00224805 0.00224795 0.00224802 0.00224795 0.00224796 0.00224811 0.00224795 0.00224803 0.00224798 0.00224795 0.00224795 0.00228968 0.00224795 0.00224801 0.00224795 0.00224795 0.00224795 165.623 0.00224819 0.00224795 0.00224796 0.0023161 0.00232582 0.00224796 0.00225412 0.00225074 0.00225017 0.00224805 0.00224795 0.00224795 262.784 0.00224936 0.00224825 0.00224795 0.00225898 0.00225828 0.00225164 0.00224796 0.00224873 0.00224796 0.00224795 0.00225605 0.00226345 0.00224795 0.00225551 0.00224795 0.00224795 0.00224795 0.00224808 0.00224845 0.002362 0.00224795 0.002248 0.00224817 0.00224795 0.0022483 0.00228031 0.00224795 0.00226287 0.00224891 0.00224797 0.00224797 0.0022481 0.00224795 0.00224956 0.00228491 0.0022494 0.00224797 0.00224795 0.00227108 0.00224795 0.00224806 0.00227784 0.00224795 0.00238456 0.00224815 0.00227149 0.00224796 0.00224857 0.00225047 0.00224795 0.00224796 0.00225191 0.00224805 0.00224795 0.002248 0.00224805 0.0022489 0.00236494 0.00228896 0.00224797 0.00224795 0.00226972 0.00224795 0.00224795 0.00225822 0.00224875 0.00225196 0.00224795 0.00224795 0.00224796 0.00224795 0.00224795 0.00245737 0.00224795 0.00224795 0.00224846 0.00224795 0.00224795 0.002248 0.00224795 0.00225898 0.00228414 0.00224797 0.00230135 0.00224795 9.2582 0.00225203 0.00243291 0.00224795 0.00777415 0.00224795 0.00224795 0.00224795 0.00349828 0.00224795 0.0022846 0.00224795 0.00224795 0.00224795 0.00224807 0.00226241 0.00224795 0.00224799 0.00226045 0.00224795 0.00224795 0.00224795 0.00224798 0.00224831 0.00224795 0.00225008 0.00224795 0.00224796 0.00277265 0.00224795 0.00224795 0.00224795 0.00224796 0.00224795 0.00225259 0.00227974 0.00224795 0.00224799 0.00225069 0.00224795 34.3959 0.00224795 0.00227721 0.00224795 0.00224795 0.00233128 0.00224795 0.00226287 0.00224807 2.62252 0.00226603 0.00234417 0.00224795 0.0030687 0.00224913 0.00224795 0.00233463 0.00224795 0.00224795 0.00224795 0.00225054 0.00228778 0.00224795 0.00237733 0.00245285 0.00224795 0.00250734 0.00224796 0.00224795 0.00224805 0.00224858 0.00224815 0.00224795 0.00224822 0.00225322 0.00224795 0.00225407 0.00224795 0.00224795 0.0022514 0.00224795 0.00224795 0.00231173 0.00224797 0.00263286 0.00224903 0.0135261 0.00224942 0.00224878 0.00224795 0.00236588 0.00225409 0.00224796 0.00227849 0.00230658 0.00224795 0.00226052 65.1361 0.00224805 0.00224808 0.00225049 0.00224795 0.00227745 0.00226815 0.00225591 0.00236513 0.00224799 0.00224802 0.00225319 0.00224945 0.00224795 0.00225046 0.00224795 0.00226844 0.00224796 0.00224914 0.00507773 0.00224795 0.00224795 0.00228861 0.00224795 0.00225421 0.00229654 0.00224795 0.00224795 0.00225868 0.00224799 0.00225584 0.00225339 0.00224795 0.00224796 0.0022696 0.00225783 0.00224795 0.00326072 0.00227792 0.00230654 0.00224795 0.00225463 0.00224795 0.00224821 0.0022527 0.00224795 0.00224795 0.00224795 0.00227452 0.00224801 0.00224823 0.00224806 0.00224795 0.00224795 0.00225277 0.00225201 0.00224797 0.00234359 0.00224795 0.00224795 0.00224892 0.00224795 0.00225725 0.00270581 0.00224804 0.00224795 0.00224795 0.00225474 0.00224938 0.00224795 0.00224807 0.00224795 0.00225886 0.00234174 0.00230585 0.00226406 0.00226994 0.00224796 0.00224795 0.0023634 0.00243744 0.00224814 0.00225566 0.00225006 0.00224795 0.00224795 0.00224795 0.00224795 0.00224795 0.00224881 0.00224795 0.00233037 0.00224795 0.00224832 0.0022787 0.00228616 0.00224795 0.00224796 0.00231427 0.00226608 0.00224795 0.00224812 0.00226328 0.00225274 0.00224937 0.00224795 0.00224795 0.00225814 0.00224795 0.00225486 0.00224802 0.00226057 0.00224827 0.00224795 0.00224795 0.00224953 0.002248 0.00224807 0.00224795 0.00224795 0.00224899 0.00226566 0.00224795 0.00224795 0.00224795 0.00227587 0.00224795 0.00224795 0.00224795 0.00224795 0.00224795 0.0023395 0.00224804 0.00225243 0.00224795 0.00225174 0.00224795 0.00224795 0.00224795 0.00224842 0.00224795 0.00224853 0.0022589 0.00350446 0.00224806 0.00229358 0.00232435 0.00227817 0.00224795 0.00251137 0.00224795 41.4774 0.00224868 0.00224798 0.00224795 0.00224795 0.00224795 0.00224795 0.00224842 0.00228847 0.00224869 0.00224799 0.00228553 0.00224795 0.00224795 0.00224795 0.00224795 0.00225447 0.00224795 0.00226489 0.00224843 0.00224848 0.00263425 0.399641 0.00224808 0.00224795 0.00224811 0.00225492 0.00269619 0.00225227 0.00224795 0.00238047 0.00224795 0.00224795 0.00224798 0.00224796 0.00224803 0.00225509 0.00225208 0.00224795 0.00224795 0.0022508 0.00224797 0.00224795 0.0370041 0.00224795 0.00224906 0.00224799 0.00224795 0.00224812 0.00224795 0.00224795 0.00224795 0.00232019 0.00224795 0.00224795 0.00224795 0.00224799 0.00224858 0.00226657 0.00225453 0.00224795 0.00225319 0.00224795 0.00290245 0.0023036 0.00224797 0.00224795 0.00228356 0.00224795 0.002248 0.00224795 0.00224795 0.00224795 0.00224795 0.00232202 0.00224796 0.00224812 0.00227247 0.00292742 473.415 0.00224795 0.00224953 0.00225353 0.00253077 0.00224795 0.00224795 0.00225203 0.00224795 0.00224866 0.00224976 0.00224795 0.00225023 0.00224985 0.00224795 0.00224795 0.0244893 0.00224795 0.00224795 0.00227409 0.00224795 0.00225066 0.00224795 0.00224952 0.00224821 0.00224795 0.00224795 0.00224812 0.00224795 0.00226542 0.00224804 0.00224797 0.00224795 0.00224804 0.00224795 0.00225892 0.00224795 0.00224803 0.00234959 0.00224958 0.00224795 0.00224795 0.002248 0.00224795 0.00224795 0.00224795 0.00225831 0.00224795 0.00224795 0.00224795 0.00224795 0.00224795 0.00224796 0.00224795 0.00224803 0.002248 0.00224795 0.00224795 0.00224795 0.00224795 0.00224795 0.00224795 0.00224822 0.00224796 0.00224795 0.002248 0.00231754 0.00224795 12.4652 0.00224997 0.00224814 0.00224795 0.00225161 0.00224795 0.00224795 0.00224796 0.00225964 0.00225697 0.00224795 0.00225823 0.00225136 0.00224795 0.00227863 215.81 0.00235059 0.0022633 0.00224795 13.6626 0.00224796 0.00225262 0.00224795 0.00224797 0.00224795 0.00227245 48.2717 0.00224795 0.00224795 0.00224795 0.0022497 0.00224958 0.00224795 0.00224795 0.00224795 0.00226094 0.00224803 0.00225269 0.00319542 0.00224795 0.00224795 0.00224804 0.00229291 0.0022484 23.8404 0.00226602 0.00225939 0.00228855 0.00229767 0.00224795 0.00224802 0.00224795 0.00224795 0.00224795 0.00224796 0.00224909 0.00224795 0.00228617 0.00224795 0.00224795 0.00224812 0.00225218 0.00224801 0.00229608 0.00224795 0.00224795 0.00228889 0.00224821 0.00226178 0.00228693 0.0023509 0.00225386 0.00225187 0.00228359 0.00224808 0.00226805 0.00225003 0.00224795 0.002248 0.0023164 0.00224795 0.00224795 0.00225028 0.00224796 0.00224795 0.00226164 0.00224795 0.00224795 0.00224795 0.00224795 0.00224795 0.00224795 0.00224795 0.00224795 0.00224795 0.00224858 0.00224795 0.00257927 0.00224797 0.00224796 0.00227479 0.00224795 0.00224795 0.00225437 29.4162 0.00225177 0.00227329 0.00224795 0.002248 0.00250324 0.00224795 0.00225575 0.00224795 0.00230776 0.00224795 0.00224883 0.0023018 0.00225345 0.00224795 0.00224806 0.00224795 0.00224795 0.00224795 0.00232619 0.00224838 0.00224795 0.00224795 0.00225146 0.00224813 0.00224799 0.00225664 0.0022528 0.00224816 0.00224795 25.995 0.00224795 0.00228458 0.00224797 0.00232684 0.00225677 0.00224795 0.00224795 54.5903 0.00226348 0.00226613 0.00224795 0.00224795 0.00224795 0.00225529 0.00224795 0.00224972 0.00227372 0.00236941 0.00237334 0.00224795 0.00224795 0.0022565 0.0022492 0.00224795 0.00224858 0.00224795 0.00224795 0.00224798 0.00224795 0.00224795 0.00224795 0.00224795 0.00230362 0.00224873 0.00224797 0.00224829 0.00227517 0.00224795 0.00224795 0.00224795 0.00224799 0.00224795 0.00224799 0.00225089 0.00224795 0.00224795 0.00224795 0.00224795 0.00225207 0.00224795 222.927 0.00226239 0.00224795 0.00224795 38.3133 0.00224799 0.00224796 0.00224803 0.00224795 0.00246638 0.00224795 0.00226235 0.00224856 0.0022487 0.0022508 0.00447079 0.00224795 0.00369637 0.00224803 0.00247711 0.00225896 0.00224813 0.00224795 0.00227053 0.00224795 0.00236644 0.00224795 0.00224963 0.00224795 0.00224795 0.00226106 0.00224795 0.00224795 0.00224795 0.00224842 0.00224809 0.00224795 0.00225803 0.00224837 0.00224795 0.00224811 0.00224795 0.00225676 0.00225414 0.00226802 0.00230334 0.00224795 0.00225161 0.00224804 0.00224795 154.473 0.00224798 0.0024283 0.00303618 0.00224795 0.00224795 0.00224903 0.00224808 0.00224811 0.00228138 0.00224795 0.00242446 0.002273 0.00227036 0.00224795 0.00225092 0.00227381 0.00238466 0.00224795 0.0023756 0.00224796 0.00228558 0.0022515 0.00224803 0.0022483 0.00224795 0.00224795 0.00224795 0.00224795 0.00224795 0.00230243 0.00224797 0.00225432 0.00224795 0.00224796 0.00224795 0.00224795 0.00224808 0.00231471 0.00224795 0.00224795 0.00227954 0.00243131 0.0023734 0.00226657 0.00232292 0.00225417 0.00225163 0.00224795 82.3717 0.00225021 0.00224795 0.00224795 0.00284897 0.00226708 0.00224795 0.00225657 0.00225367 0.00224795 0.00224795 0.00224795 0.00224969 0.00224795 0.00224969 0.00224966 0.00224795 0.00224799 0.00224795 0.00224795 0.00224803 0.00224795 0.00224795 0.00227252 6.30012 0.00224795 0.00227906 0.00225897 0.00224795 0.00224802 0.00224795 15.565 0.00227252 0.00224795 0.00224795 0.00225941 0.00225706 0.00224795 0.00225849 0.00224795 0.00224795 0.00224984 0.00224795 0.00224805 0.00231239 0.00229745 0.00225934 0.00224795 0.0022507 0.00224795 0.00224795 0.00224799 0.00224796 0.00224795 0.00251256 0.00224795 0.00234898 0.00224801 0.00224795 0.00224795 0.00224795 0.00224795 0.00224818 0.00224795 0.00224795 0.00224795 0.00226301 0.00231504 355.638 0.00224795 0.00224801 0.00224795 0.00224795 0.00224795 0.00224795 0.00300232 0.00225777 0.00224795 0.00224864 0.00224845 0.00224803 0.00224795 0.00229817 0.00224795 0.00224795 0.00224796 0.00224795 0.00224795 0.00227022 0.00224795 0.00224802 0.00225712 0.00224795 0.00224796 0.00224795 0.00224812 0.00224795 0.00228154 0.00224795 0.00224795 0.00224795 0.00225091 0.00236206 0.00224816 0.00224795 0.00224797 0.00224795 0.00231813 0.00229085 36.5437 0.00224801 0.00225878 0.00224795 0.00224805 266.073 0.00224845 0.00232421 0.00224952 0.00224795 0.00225096 0.00224795 0.0023964 0.00224795 0.00228299 0.00224796 0.00224796 8.05223 0.00224795 0.00224795 0.00225776 0.00224927 0.00224795 0.00224815 0.00224795 0.00225391 0.00224796 0.00225318 0.00224795 0.00249327 0.00224795 0.00228275 0.00224795 0.00224795 0.00224797 0.00224795 0.00224795 0.00224797 0.00225528 0.00224795 0.00225672 0.00224795 0.00224796 0.00249762 0.00224795 0.0022972 0.00224795 0.00225006 0.00224795 0.00225622 0.00224858 0.00224795 0.00225927 0.00224798 0.00224795 0.00224796 0.0496162 0.00224916 0.00226719 0.00230694 0.00224796 0.00224796 0.00224795 0.00224796 0.00225191 0.00224795 0.00230569 0.00225323 0.00224945 0.00224795 0.00224955 0.00227204 0.00229477 0.0022536 0.00224795 0.00224795 0.00226151 0.00224795 0.00224795 0.00224795 0.00239052 0.00224795 0.00224806 0.00224795 0.00224795 0.00224796 0.00228568 66.0605 0.00224795 0.00224795 0.00226664 0.00224795 0.00224795 0.00224797 0.00224795 49.3618 0.002334 0.00225494 0.00225211 0.00225603 0.00225399 0.00224977 0.00227003 0.00224795 0.00235348 0.00432675 0.00224795 0.00230539 0.00224795 0.00224795 0.00386121 0.0022489 0.00224795 43.7132 0.00224795 0.00228896 0.00224797 0.00224795 19.3421 0.00226213 0.00227225 0.00224819 0.00224797 0.00235124 0.00224797 0.00224795 0.00224795 0.00224795 0.00224795 0.00227283 0.00225634 0.0249403 0.00224817 0.00224795 0.00224795 0.00241498 0.00225105 0.0022514 0.00224795 0.00224843 76.2085 0.00224795 0.00224914 0.00224795 0.00225835 0.00224795 0.00226959 0.00224795 0.00224874 0.00224795 0.00224795 0.00224799 0.00237736 0.00224863 0.00224795 0.00224795 0.00224795 0.00224796 0.00224795 0.00224795 0.00224805 0.00224795 0.00230058 0.00224882 0.00225102 0.00224795 0.00224806 0.00224795 0.00224864 0.00224811 0.00224795 0.00224824 0.00224795 0.00224795 0.00224795 0.00224802 83.7831 0.00224795 0.00224795 0.00224803 0.00224795 0.00224935 0.00224896 0.0022806 0.00224795 0.00224795 0.00239725 0.00224795 0.00224795 0.00225032 0.00226345 0.00224815 0.00228026 0.00226628 294.444 0.00224802 0.00226423 0.00242641 0.00224795 0.00224851 0.00224795 0.00224795 0.00224802 0.00224852 0.00224795 0.00226147 0.00224811 0.00224795 0.00224795 0.00229128 0.00224795 0.00231656 0.00224795 0.00224795 0.00224806 0.00224795 0.002248 0.00224795 0.00224795 0.00224795 0.00224795 0.00228337 0.00242224 0.00229254 0.00224795 0.00225273 0.00224795 0.00231595 0.00240738 0.00224795 0.00224795 0.00224795 0.00224795 0.00224795 0.00226181 1518.39 0.00227144 0.00224795 0.00224795 0.00224854 0.00224795 0.00225694 0.00229413 0.00224796 0.00232556 0.00224795 0.00224795 0.00224805 0.00225348 0.00224795 0.00224879 0.00224795 0.00251417 0.00226365 0.00224795 0.00225226 0.00945369 0.00224796 0.00224795 0.00224795 0.00224795 0.00224795 0.00224835 0.00224795 0.00224795 0.0022749 0.00226531 0.00224795 0.00224795 0.00224798 0.0022481 0.00224795 0.00224795 0.0022601 0.00225398 0.00224795 297.303 0.00224795 0.00238068 0.00225469 0.00257983 0.00224843 65.3579 0.00224795 51.5887 0.00225927 0.00224795 0.00224795 0.00224795 0.00224795 0.00224806 0.00224795 0.00224811 0.00235462 0.00234001 0.00224795 0.00225876 0.00225615 0.00224795 0.00224795 0.00225073 0.00224795 0.00224798 0.00224796 0.00224812 0.00224795 0.00224797 0.00224795 0.00224865 0.00224795 0.00224801 0.00224795 0.00224795 0.00229978 0.00224795 0.00228439 0.00224795 0.00227595 0.00239942 0.00224795 0.00225006 0.00224795 0.00226494 0.00224795 0.00226476 0.00224795 0.0023065 0.00224801 0.00224823 0.00224829 0.00224795 0.00224797 0.00224799 0.00224795 0.00224795 440.067 0.0022597 0.0022483 0.00249306 0.00224795 0.00225326 0.00224795 0.00224795 0.00224795 0.00224863 0.00224795 0.00224806 0.00224795 0.00224795 0.00224795 0.00224981 0.00224806 0.00224795 0.00224797 0.00231322 0.00224795 0.00224796 0.00231488 0.00226502 0.00224795 249.029 0.00224795 0.00224795 0.00224795 0.00225293 0.00229725 0.00224795 0.00224795 0.00224795 0.00224795 0.00225187 0.00224795 0.00224795 0.00224799 0.00225408 0.00228207 0.00224795 0.00224795 0.00432381 0.00226662 0.00224937 0.00235734 0.00224795 0.00224906 0.0022593 0.00224797 0.00224795 0.00227341 0.00224795 0.00232185 0.00224795 0.00224795 0.00224798 0.00228847 0.00225186 0.00224795 0.00224809 0.00224795 0.00224795 0.0022481 0.00225336 0.00224806 0.00224795 0.00224795 0.00224806 0.00430675 0.00224795 0.00225431 0.00224797 0.00224804 0.00224795 0.00224798 0.00224795 0.0193966 0.00224812 0.00224795 0.00224795 0.00224795 0.00224795 0.00224875 0.00224808 0.002267 0.00224823 0.00224795 0.00226926 0.00225546 0.00224795 103.399 0.00232382 0.00227372 0.0022484 0.00224795 0.00231797 0.00224795 0.00226168 0.00226816 0.00225086 0.00224916 0.00224795 0.00224795 0.00224795 0.00228043 114.956 0.00225385 0.00227615 0.00224795 0.00224801 0.00224795 0.00224835 0.00225212 0.00227329 0.00224795 74.3762 0.00224795 0.00224796 0.00224795 0.00225076 0.00224795 0.00224795 0.00225849 0.00224811 0.00224795 0.00236135 0.00224795 0.00226144 0.00224795 0.00224795 0.00231857 0.00224795 0.00224795 0.0022866 0.00224801 0.00224854 0.00224838 0.00224807 0.00225407 0.00224795 0.00224796 0.00248461 0.00224795 0.00224795 0.00224795 0.00225335 0.00227248 0.00224795 0.00224796 0.00225383 0.00224796 0.00224795 0.00224795 0.00225411 0.00226839 0.00224811 0.00224795 0.00224801 0.00226919 0.00228483 0.00225863 0.00252831 0.00235522 0.00224802 0.00225206 0.00227966 0.0022508 0.00246128 13.3422 0.00224814 0.00224917 0.00224795 0.00224796 0.00224795 0.00224795 0.00224795 0.00224795 0.00224795 0.00224797 0.0022481 0.00224795 0.00224795 0.00224795 0.00224795 0.00224795 0.00224797 0.00243021 0.00224973 0.00225463 0.00225094 0.00224797 0.00225874 102.675 0.00224799 0.00236262 0.00227681 0.00231636 0.00224799 0.00229787 0.00224795 0.00224936 0.00224795 0.00224795 0.00224795 0.00224795 0.00224832 0.00224795 0.00224795 0.00224796 0.002248 0.061951 0.00227143 0.00225086 0.00224798 0.00224795 0.00224831 0.0164605 0.00224795 0.00224795 14.5214 0.00226086 0.00224795 0.00224795 39.1295 0.00224805 0.00240203 0.00224795 0.00224795 0.00224795 0.00224795 0.00224795 0.00224819 0.00224837 0.00250166 0.002248 0.00225596 0.00225772 0.00224795 0.00224836 0.00224795 0.00224801 0.00225107 0.00224795 0.00224795 0.00224795 0.00224797 0.00224795 0.00224807 0.00224854 0.002248 0.00224822 0.00227503 0.00248588 0.00225802 0.00224943 0.00224795 0.00224795 0.00224797 0.00225648 0.00224839 0.00224797 0.00225295 0.00224795 0.00227584 0.00224795 0.00225781 0.00224795 0.00224795 0.00224795 0.00224795 0.00224795 0.00224795 0.0022575 0.00229628 0.00232466 0.002248 0.0022483 0.00225278 0.00224795 0.002248 0.00224795 0.00224795 0.00224798 66.6064 0.00227185 0.00225019 0.00224795 0.00224795 0.00224796 0.00225977 0.00224795 0.00228249 0.00227123 0.00224796 0.00224801 0.00224795 0.00224795 0.002248 0.00224795 0.00227005 0.00224795 0.002248 0.00224795 0.00224795 0.00224915 0.00225172 0.00224795 0.00224802 0.00224796 0.00224795 0.00224796 0.00224797 0.00224848 0.00224795 0.00224923 0.00225085 0.00225234 0.00227228 0.00224795 0.00224807 0.00225451 0.00224795 0.00224795 0.00224808 0.00224795 0.00264365 0.00224802 0.00231843 0.00224795 0.00224795 0.00224795 0.00224795 0.00224795 0.0022702 0.00224795 0.00225938 0.00224994 0.00224833 0.00224795 0.00225778 0.00224795 0.00229057 0.00224795 0.00224798 0.00224795 0.00225105 0.00224795 0.00224795 0.00313032 0.00224795 0.00224795 0.00224795 32.1701 0.00224824 0.00226208 0.00224799 0.00224795 0.00224795 63.4568 0.00224796 27.3001 0.00226738 0.00224795 0.00225192 0.00224795 0.00228812 0.00224904 0.00224795 0.00224798 0.00224795 0.00244688 0.00224833 0.00224795 0.00225995 0.00225419 0.00224918 0.00224795 0.00224795 0.00227037 0.00225104 0.00224842 0.00228123 0.00225153 0.00225006 0.00224799 0.00232278 0.00228103 0.00224795 0.00226136 0.00224823 0.00224795 0.00235303 0.00224884 0.00227289 0.00224795 0.00224796 0.00225001 0.00224795 0.00225938 0.00225988 0.00224795 0.00224795 0.00224795 0.00225729 0.00224795 0.00235054 0.00243442 0.00224795 0.00224808 0.00224795 0.00224796 0.00224795 0.00227265 0.00224795 0.00224795 0.00224795 0.00224795 0.00224856 0.00224795 0.00224863 0.00225176 0.00224818 0.00224795 0.00226085 0.00224795 0.00244958 0.00224795 0.00224795 0.00224795 0.00224795 0.00224795 0.00224795 0.00224803 0.00225708 0.00224795 0.00227489 0.00224795 0.0022753 0.00224795 0.00224797 0.00224795 0.00224795 0.00224797 0.00224795 0.0022884 0.00224795 0.00274605 0.00251604 0.00224795 0.00224802 8.80938 0.00224795 0.00224795 0.00238634 0.00224795 0.00224796 0.00224795 0.00224822 0.00225163 0.00224807 0.00224795 0.00224796 0.00224795 0.00224795 0.00224796 0.00224795 0.00224795 0.00224795 0.00224795 0.00224795 0.00226373 0.00224812 0.00225605 0.00225198 0.00224795 0.00277592 0.00228524 0.00230192 0.00224795 0.00224795 0.00224795 115.674 0.00224795 0.00224815 162.771 11.2098 0.00224796 0.00224795 0.00225347 0.00225034 0.00224795 0.00224795 0.00224795 0.00224796 0.0022638 0.00224823 0.00224795 0.00225091 0.00224811 0.00224795 0.00224795 0.00224795 0.00224795 0.00224795 0.00225167 0.00225802 0.00225891 0.00224795 0.002248 0.00224795 0.00224795 0.00234007 0.00224874 0.00225498 0.00224803 0.00224795 0.00224795 13.9522 0.00228029 0.00236313 0.00684997 0.00224812 0.00224947 0.00224795 0.00225559 0.00225051 0.00224812 0.00228493 0.00224795 0.00224795 0.00224795 0.00226203 0.00224795 0.00224795 0.00224802 0.00224795 0.00224795 0.00251314 0.00224875 0.00224796 0.00224795 0.00224796 0.00227184 0.00224795 0.00224795 0.00224795 0.00225743 0.00224795 0.00225302 0.00224795 0.00226652 0.00224811 0.00224795 0.00226821 0.00230318 0.00224795 0.0022481 0.00224934 0.00235194 0.00224795 15.3234 0.00299507 0.00224806 0.00224795 0.00232679 0.00225566 0.00224795 0.00229718 0.00225706 0.00271879 0.00224795 0.00224795 0.00231116 0.00252253 0.00224795 0.00224795 0.00224814 0.00226104 0.00224797 0.00227954 67.3069 0.00224795 0.00224795 0.00224795 0.00224795 0.00287492 0.00224796 0.00224795 0.00224795 0.0022483 0.00224899 0.00226848 0.00224846 0.00224795 0.00226945 0.00224795 0.00224819 0.00735325 0.00226565 0.00229549 0.00224795 0.00227104 0.0022486 0.00245192 0.00224795 0.00225045 0.00224795 0.00235679 0.00224796 0.00228779 0.00224795 0.00224795 0.00224959 291.365 0.00224795 0.00224795 0.00224795 0.00224795 0.00224809 0.00224795 0.00224795 0.00224852 0.00225812 0.00224797 0.00224795 0.00225437 0.00224858 0.00224863 0.00241905 0.00224798 0.00224852 0.00224812 0.0024204 0.00224806 0.00225674 0.002248 0.00224795 0.00224795 0.00224797 126.007 0.00224795 0.00224795 0.00224807 0.00224795 0.00225919 0.00224798 0.00235739 0.00224807 0.00224795 0.00225107 0.00224795 0.00224795 172.589 165.57 0.00225316 144.555 0.00227418 0.00225175 0.00224836 0.00224795 0.00224795 0.00224795 0.00224795 0.0022482 0.00224795 0.00225223 0.00224795 0.00224795 0.0022496 0.00226664 0.00224798 0.00224795 0.00224835 67.0683 0.00224812 0.00224795 0.00224795 0.00224798 0.00224882 0.00224795 0.00224795 0.00224795 0.00224796 0.00224797 0.00224802 0.00241604 0.00224823 0.00278207 8.04459 0.00261978 0.00224795 0.00226084 0.00224799 0.00224795 0.00224842 0.00225021 0.00236312 0.00224796 0.00224795 0.00225096 0.0022599 0.00224852 0.00224795 0.00224877 0.00268547 0.00224795 0.00224795 0.00224799 0.00227954 0.00224796 0.00224801 0.00224821 0.002248 21.0085 0.00224884 0.00225233 0.00224795 0.00224795 31.6937 0.00224795 0.00225306 0.00224795 0.00224797 0.00224795 0.0022556 0.00224795 0.00234444 103.734 0.00224795 0.00228508 0.00225535 0.00224806 34.9487 0.00235456 0.020776 0.00225578 0.00224838 0.00224795 0.00224795 0.00224805 0.00224795 0.00224795 0.00224872 0.00224795 0.00224795 0.00224795 0.00232978 0.00224798 0.00253678 0.00224824 0.00224795 0.00224941 0.00224896 0.00224795 0.00224923 0.00224795 0.00225269 0.00232406 0.00224795 0.00225065 0.00232016 177.981 0.00228584 0.00224855 0.00224795 0.00225094 0.00224795 0.00224795 55.9645 0.00225014 0.00224795 0.0023206 0.00224808 0.00224796 0.00224799 0.00224795 0.00230337 0.00224795 0.00224809 0.00224795 0.00242441 0.00245699 0.00226043 0.0022481 0.00224799 0.00225562 0.00225545 0.00224795 0.00225126 0.00226244 0.00224795 0.00225639 0.00224795 0.00237689 0.00224795 0.00224795 0.00225541 0.00224795 0.00224795 0.00226828 0.00224795 0.00224907 0.00224795 0.00229061 0.0023653 0.00224795 0.00224795 0.00224799 0.00224795 0.00224795 0.00224795 0.00225261 0.00224903 0.00224795 0.00224795 0.00224795 0.00224795 0.00224802 0.00224795 0.00224806 0.00224795 0.00224797 0.00224807 0.00224795 0.00224795 0.00224795 0.00225354 0.00224795 0.00224795 0.00224799 0.0028109 0.00230051 0.00224795 0.00224802 0.00230008 0.00227377 0.00224795 0.00224795 0.00224795 0.00233449 0.00224795 0.00231262 0.00225407 0.00224795 0.00224795 0.00224795 0.00224796 0.00224795 0.00224795 0.00224795 0.00224795 0.00224808 0.00224795 0.00225468 0.00230548 0.00224795 0.00228885 0.00224795 0.00225721 0.00224795 0.00226345 0.00225054 0.00224795 0.00224795 0.00226284 0.00224795 0.00225071 0.00224797 0.00224795 0.00224795 0.00224795 0.00225989 0.00224795 0.00224795 0.00224795 0.00226622 0.00224795 0.00225053 0.00229167 0.00226909 0.00224795 0.00224795 0.00224795 0.00224917 0.00225698 0.00225027 0.00229048 0.00225505 0.00224799 0.00225499 0.00225308 0.00224795 0.00298329 0.00225162 0.00224795 0.00224795 0.00224795 0.00225325 0.00229626 0.00233074 0.00224795 0.00224795 0.00224795 0.00224797 0.00224795 0.00224799 0.00224795 0.00224795 0.00226735 0.00226963 0.00224795 0.00224795 0.00224795 0.00225645 0.00224804 0.00224795 0.00224806 0.00224795 0.0022485 0.00224931 0.00240906 0.00224795 0.00224795 0.00224795 0.00225203 0.00239661 0.00224795 0.00224795 0.0026571 0.00224795 0.00230683 0.00224796 0.00224795 0.00225346 0.00224795 0.00378125 0.00224795 0.00224795 0.00224807 0.00274011 0.0022697 0.00224795 0.00224795 0.00224795 0.00224797 0.00224795 0.00224821 0.00224795 0.00240938 0.00224795 0.00224795 60.1041 0.00224805 0.00224826 0.00224795 0.00224795 0.00224828 0.00226215 0.00227302 0.00224795 0.00224795 0.00224798 0.00224917 0.00224795 0.00224799 0.00224795 0.00224795 0.00224795 0.00224994 0.00224795 0.00224827 0.00225042 0.00224795 0.00224805 0.00224799 0.00224796 0.00224796 0.00224828 0.00225019 0.00224801 0.00225676 0.00224795 0.00224799 0.00224795 0.00224925 0.00231251 0.00227231 0.00225375 0.00225117 0.00250607 0.00224802 0.00225198 0.00224795 0.00224795 0.00224795 0.00224795 0.00224795 0.00224844 0.00225024 0.00224814 0.00224995 0.0022483 0.00224795 0.00226305 0.00224795 0.00224822 0.00225073 0.00225034 0.00224795 0.00224795 0.00225681 0.00224807 0.00227244 0.00231993 0.00224795 0.00227696 0.00229769 0.00224795 0.00224796 0.00224803 0.00256146 0.00225511 0.00225329 0.00224795 0.00251339 0.00224795 0.00227506 0.00224795 0.00227948 0.00224797 0.00224807 0.00224795 0.00224821 0.00225836 40.1444 0.00224799 0.00231983 0.00224795 0.00225369 0.00231322 0.00224876 0.00224795 0.00224847 0.00224795 0.00224795 0.0022508 0.00224919 0.00224811 0.00224795 0.00234007 0.00240791 0.00224798 0.00224797 0.00224795 0.00224795 0.00224795 0.0022489 0.00225393 0.00229447 0.00224795 0.00224795 0.00224795 0.00284146 0.00224795 0.00224795 0.00224799 0.00224814 0.00224795 292.884 0.00224795 0.00224795 0.00224795 0.00232016 0.00224795 0.00263545 0.00224801 0.00225663 0.00224795 0.00226293 0.00227218 0.00224795 0.00224795 0.00224795 0.0022977 0.00224947 0.00224795 0.00224795 0.00224796 0.00247014 0.00224859 0.00225117 0.00224795 0.00225436 0.00224797 0.00224795 0.00224795 0.002248 0.00224795 0.00224795 0.00224795 0.00224795 0.00224918 0.00224795 0.00235333 0.00225916 0.00224803 0.00301647 0.00224797 0.00224796 0.00225635 0.00224795 0.0022496 0.00224802 0.00224795 0.00224795 0.00224795 213.952 0.00231471 0.00226699 0.002248 0.00268134 0.00224795 0.00224797 0.00224829 0.00224795 0.00224795 0.00224797 0.00235501 0.00224907 0.00227331 0.00225123 0.00224795 0.00224795 0.00224795 0.00224868 0.0022497 0.00227954 0.00224795 0.00224796 0.00224798 0.00229321 0.00224795 0.00224795 0.00224795 0.00224795 0.00242225 0.00224814 0.00224795 0.00226153 0.00224795 0.00224807 0.00224894 0.00224795 0.00224928 253.413 0.00224795 0.0022484 0.00224795 0.00224795 0.00224795 0.00224795 0.00241152 0.00224795 0.00224798 0.00224795 0.00224796 0.00227379 0.00224795 0.00224795 0.00224795 0.00224865 0.00224795 0.00224795 0.00226238 0.00224795 0.00224795 0.00224795 0.00228768 0.00224795 0.00225178 0.00224795 0.00224795 0.00224795 0.00224796 0.00224795 0.00224897 0.00224795 0.00229427 0.00226906 0.00224797 0.00224795 0.00224795 0.00224795 0.00224795 0.00224795 0.002248 0.00224796 0.00224817 0.00224795 0.00224845 0.00224816 0.00224795 0.00224796 0.00224795 0.00224795 0.00225158 0.00224795 0.00229271 0.00224807 0.00225407 0.00224795 0.00224795 0.00224795 0.00224795 0.00224795 0.00224795 0.00224795 0.00224795 0.00238395 0.00227136 0.00227703 0.00225066 0.002248 0.00224795 0.00224795 0.00224795 0.00224795 0.00224795 0.00224799 0.00224827 0.00224798 0.00243966 0.00224817 0.00224795 0.00225302 0.00224795 0.0023056 0.00224795 0.00225841 0.00224854 0.00293307 0.00224795 0.00229636 0.0022482 0.00226429 0.00224795 0.00224795 0.00224796 0.00232235 0.00355611 0.00225408 0.00224795 0.00224795 0.00225535 0.00228336 0.00227022 0.00224795 0.00224795 0.00224862 0.00224795 0.00227215 0.0022534 0.00225041 0.00224795 0.00224833 0.269674 0.00224795 0.00225138 0.00224795 0.00224795 0.00224795 14.8422 0.00224959 0.00224795 0.00224847 0.00225274 0.00224795 0.00224795 0.00224795 0.00225061 0.00224797 0.00224795 0.002248 0.00224887 0.00224951 0.00224795 0.00224842 0.00224999 0.00226772 0.00224795 0.00225519 0.00224795 0.00224795 0.00224795 0.00237864 0.00224795 0.00224797 0.00224795 0.00429636 0.00232951 0.00225754 0.00224795 0.00227073 0.00244359 0.00224795 0.00232522 18.6737 0.00225215 0.00226495 0.00224795 0.00224795 0.0022495 0.0023298 0.00935116 0.00224795 0.00224795 0.00227425 0.00389242 0.00224795 0.00224795 0.00225744 0.00224795 0.00224795 0.00224795 0.00224851 0.00224858 0.00224795 0.00224842 0.00224795 0.00224795 0.00224931 0.00226975 0.00224798 0.00269751 0.00224795 0.00228341 0.00224795 72.7306 0.00225139 0.00224795 0.00224796 0.00224954 0.00224795 0.00225418 0.00224795 0.00224795 0.00224795 0.00229569 0.00224795 19.8946 1262.91 0.00227307 0.00225041 0.00224797 0.00224795 0.00224795 0.00224795 0.00224803 0.00228632 0.00224808 0.00224795 0.00224795 0.0022535 0.00224802 0.00235776 0.00224795 0.00224818 0.00224795 0.00433816 0.00224795 0.00239325 120.567 0.00227158 0.00224795 0.00227472 0.00224795 0.00224795 0.00225197 0.00224798 0.00224874 0.00224795 0.00224798 0.00224796 0.00234438 0.0022488 0.00224801 0.00225487 0.00225318 0.00228509 0.00224795 0.00264777 0.0022707 0.00224795 0.00224806 0.00224823 0.00224795 0.00224795 0.00224795 0.00224795 0.00225022 0.00224797 0.00225418 0.00224795 0.00224795 0.0022491 0.00254541 0.00224795 0.00225944 0.00225679 0.00224805 0.00280064 0.00246928 0.00224796 0.00226429 0.00224896 0.00224877 0.00224795 0.00224806 0.00230801 0.002266 0.00224795 0.00224826 0.00227949 0.00224795 0.00224795 0.00226203 0.00224812 0.00227371 0.00224886 0.00224795 0.00224795 0.002248 0.00224795 0.002248 0.00224795 0.0022584 0.00224795 0.00224795 0.00224798 74.4931 0.00227113 0.00225314 0.00224838 0.00225674 0.00226752 0.00236313 0.00224848 0.00224795 0.00225688 0.00224795 0.00226122 0.00225208 0.00225034 0.00224795 0.00224795 0.00224795 0.00224795 0.00224795 0.00224795 0.00225038 0.00224795 0.00224795 0.00224795 0.00224795 0.00224795 0.0022492 0.0022499 0.00224797 0.00225139 0.00224795 0.00224796 0.00224795 0.00224795 0.00224796 0.00238635 0.00224795 0.00224806 0.00225287 0.00224798 0.00224812 0.00224966 0.00224795 0.00224807 0.00229977 0.00224795 0.00224795 0.00224797 0.00232283 0.00264539 0.00230838 0.00224795 0.00225453 0.0022918 0.00224795 0.00224795 0.00224795 0.00224799 0.002248 0.00224796 0.00224795 0.00224795 0.00225252 0.00224871 0.00224795 0.00224863 0.00230019 0.00227954 0.00224795 0.00225348 0.00228426 0.00224795 0.00224802 0.00224795 0.00250325 9.99109 0.00227067 0.00224795 0.00225008 0.00230418 0.00224801 0.00224795 0.00224795 0.00224795 0.00224795 0.00224795 0.00224795 0.00224933 0.00229942 0.00224795 0.00225914 0.00224811 0.00224797 0.002248 0.00226331 0.00225017 0.00224795 0.00224795 0.00224795 59.2518 0.00224798 0.00224795 0.00225154 0.00225393 0.00230564 0.00225431 0.00227795 0.00224795 0.00225802 0.00224795 0.00233491 0.00224845 10.5557 0.00232851 0.0022499 0.00224795 0.00224895 0.00224803 0.002249 0.00224795 0.00226254 0.00224795 0.00224832 0.00226881 0.00224795 0.00224795 0.0022489 0.00224795 0.00226745 0.00224795 0.00224795 0.00225309 0.00224795 0.00226875 0.0022629 138.958 0.00224795 0.00224796 0.00224795 0.00224798 0.00224795 0.00224799 0.00225292 0.00224795 0.00224795 0.00224795 0.00224804 0.00224795 0.00235468 0.00225078 8.60851 0.00224795 0.00243759 0.00224795 0.00224795 0.00225204 0.00224795 0.00248532 0.00224795 0.00224795 0.00224824 0.00224795 0.00224797 0.0023029 0.00224795 0.00224795 0.0022668 0.00229459 0.00224844 0.00224822 0.00224799 0.00224795 0.00224795 0.00263285 0.00224798 0.00257133 0.00224795 0.00224795 0.00224799 0.00224795 0.00224797 0.00224795 0.00224796 0.00224795 0.00224795 0.00224795 0.00224799 0.00224809 0.00224825 0.00224795 0.0031298 0.00224795 0.00224795 0.00224801 0.00227044 0.00224812 0.00224797 0.00224795 0.00224795 0.00224795 0.00224795 0.00224795 0.00224795 0.00224816 0.00224801 62.1186 0.00224796 0.00224802 0.00224795 0.00224828 0.00224795 0.00224795 0.00224795 0.00224795 0.00224795 0.0022487 0.00224796 0.00224795 0.00229497 0.00224795 0.00224795 0.00224811 0.00224795 0.00225962 0.00225031 0.0022528 0.00224795 0.00224795 0.00224795 0.00224795 0.00224795 0.00396925 0.0022606 313.984 0.00224795 0.00230571 0.00224796 0.00225519 0.00225974 0.00224795 0.00224795 0.00225098 0.00228949 0.00224979 0.00226735 0.00224824 0.00224795 0.00386797 0.00224795 0.00224795 0.00224844 0.00240272 0.00224795 0.00228534 0.00224795 0.00228821 0.00224795 0.00224795 0.00224795 0.00224917 0.00226337 0.00224795 0.00229789 0.00224796 0.00224795 0.00224998 0.00235738 0.00224795 0.00224795 0.00224822 0.00224795 0.00224795 0.00224798 0.00224795 0.00224795 0.00224795 0.00242273 15.2241 0.00224795 0.00224795 0.00224795 0.00224948 0.00232472 0.00224941 0.00224977 0.00224795 0.00224795 0.00224795 0.00224952 0.00224803 0.00226704 0.00225231 0.00228629 0.00224795 0.00225841 0.00224856 0.00224915 0.00224795 0.00225791 0.00224832 0.00225181 0.00224795 0.00227574 0.00231317 0.00226289 0.00229131 0.00224795 0.002558 0.00224801 0.00224795 0.00224795 0.00224795 0.0022687 0.00224945 0.00224795 0.00224927 0.00224863 0.00226264 63 0.00224795 0.00225793 0.00224795 0.00225009 0.00224795 0.00225029 0.00227634 0.00225876 0.00225254 0.00224965 0.0023249 0.00224795 0.00224819 0.00224811 0.00224837 0.00225373 0.00224795 0.00224803 0.00224795 0.0022482 0.00227122 10.6019 0.00224827 0.00233354 26.7258 0.00225286 0.00224804 0.00224795 0.00224795 0.00224804 0.00224835 0.00224795 0.00224795 0.00224795 0.0022481 0.00229721 0.00224795 0.00224822 0.00224795 0.00226293 0.0022484 0.00224795 0.00224844 0.00225311 0.00225545 0.00244652 0.00224797 0.00230085 0.00224807 0.00225227 0.00224796 0.00224894 0.00226162 0.00226031 0.00224795 0.00224795 0.00224795 0.00224795 0.00224795 0.00225242 0.00224795 0.00224863 0.00227499 0.00224796 0.00224887 0.00224837 0.00224813 0.00229954 0.00224795 0.00225406 0.00230099 0.00224795 0.00224795 0.00224796 0.00224833 0.00224795 0.00224795 569.832 0.00261307 0.00224856 0.00269758 0.00225343 0.00224795 0.00224836 0.00226871 0.00224795 0.0022481 0.00225412 67.6724 0.00224935 0.00247264 0.00224795 0.00224806 0.00224795 0.00225518 0.00224946 0.00224795 0.00232361 0.00225016 0.00225104 0.00230827 0.00224795 0.00224803 0.00224795 26.2361 0.00226273 0.00224795 0.00224795 0.00225206 0.00224799 0.00228146 0.00226942 0.00229765 0.00224797 0.00248954 0.00224795 0.0022481 318.62 0.00224795 0.0023359 0.00224795 0.00225943 0.00224795 0.00224795 0.00224816 0.00224795 0.00225316 0.00427798 0.00226083 0.0022653 0.00224796 0.00225259 0.00224795 0.00224795 0.00231854 0.00224795 0.00224795 0.00225863 0.00224835 0.00224798 0.00226861 0.00224795 0.00226258 0.00224795 0.00280145 0.00226327 0.00224795 0.00224795 0.00224796 0.00224821 0.00224795 0.00359344 0.00224797 0.00224795 0.00225494 0.00224795 0.00224986 0.0022723 0.0112879 0.00224795 0.00224795 0.00224795 0.00224795 0.00225051 0.00225653 0.00231104 0.00224795 0.00224819 0.00224795 0.00224797 0.00224795 0.00224795 0.00224795 0.0035423 0.00224795 0.00224795 0.00226141 0.00224796 0.00224813 0.00224807 0.00224847 0.00224994 0.00224832 0.00224795 5.84193 0.00224795 0.00224804 0.00224967 0.00224795 0.0022857 0.00224795 0.00224824 0.00227 0.00224811 0.00239857 0.00224859 0.00224796 0.00225138 0.00224799 0.00226106 0.00224795 0.00224795 0.00225529 0.00224798 0.00224982 0.0023415 0.00224798 0.00224795 0.00224814 0.00523235 0.00224795 0.00224795 0.00225345 0.00224838 0.00224796 0.00224795 0.00224795 0.00224802 0.00224993 0.00225482 37.6643 0.0022557 0.00224797 0.00224811 0.00224795 0.00224795 0.00224795 0.00224795 0.00224795 0.00225065 0.00225765 0.00224868 0.00224795 0.00224795 0.00231104 0.00224795 0.002249 0.00224795 0.00230572 0.00224795 0.0022704 0.00224795 0.00224795 0.00224795 0.00224795 0.00224806 0.00224795 0.00224795 0.00224795 0.00224842 0.00225116 0.00250719 0.00224795 0.00239977 0.00224796 0.00224806 0.00224795 0.00224796 0.00224795 0.00224795 0.00224878 0.00227843 0.00224797 0.00235553 0.00224795 0.00224873 0.00225015 0.00224795 0.00224795 0.00224795 0.00224942 0.00224795 0.00224795 0.00224799 0.00224795 0.00224795 0.0022616 0.00224795 0.00224795 0.00224795 0.00224795 0.00224807 0.00267306 0.00224795 0.00224852 0.00224795 0.002248 150.129 0.00224959 0.00224795 0.00224795 0.00224798 0.00224795 0.00224795 0.00225973 0.00224795 0.00224795 0.00224795 0.00229077 0.00224795 0.00225258 0.00224857 0.00232128 0.00224795 0.00232895 0.00224809 0.00225023 0.00224795 0.00224825 0.00229682 0.00224869 0.00224806 0.00224795 0.00225022 0.00224796 0.00226405 0.00224795 0.00224795 0.0022629 0.00224795 0.00224795 0.00224795 0.00224795 0.00224795 0.00224814 0.00224805 0.00224795 0.00224797 0.00224795 0.00224795 0.00224795 0.00224981 0.00224966 0.00228535 0.00229214 0.00330293 31.4133 0.00226606 0.00224824 0.00224795 0.00224795 0.00224795 0.00243964 0.00224795 0.00224795 0.00224848 0.00225155 0.00226067 0.00224796 0.00224811 0.002248 0.00224799 0.00224795 0.00237024 0.00224796 0.00227963 0.00224795 0.00225557 0.00224795 0.00224795 0.00224929 0.00224799 21.1041 0.00224796 0.00224795 0.00224795 0.00227954 0.00238384 0.00225482 0.00226484 0.00225882 0.00224798 0.00225115 0.00227795 0.00228708 0.00225108 9.64204 0.00224795 0.00224813 0.00224795 0.00224795 0.00224795 0.00224795 0.00224797 0.00227872 0.00224795 0.0022491 0.0022482 0.00224798 0.00224795 0.00224795 0.00224798 0.00224795 0.00224795 0.00224798 0.00224913 0.00224795 0.00224908 0.00224796 0.00225254 0.00224796 0.00225308 0.00224863 0.00224795 0.00224795 45.6916 0.0024453 0.00224795 0.00224798 0.00224851 0.002251 0.00288667 0.00229004 0.00224808 0.00224795 0.00227323 0.00224795 0.00224833 0.00224809 0.00224795 0.00224802 0.00271782 0.00224795 0.00227133 0.00226501 0.00224795 79.5091 0.00224941 0.00224795 0.00224825 0.00226851 0.00224909 0.00224795 0.0022839 0.00225302 0.0022892 0.00224795 0.00232971 0.00224795 0.00224795 0.00225207 0.00224797 0.00224795 0.00224795 0.00226365 0.00224865 0.00224795 0.00230045 0.00225103 0.00224795 0.00224796 0.00224887 0.00224795 0.00224795 0.00226292 0.00225509 0.00225345 0.00224795 0.00224795 0.00224795 0.00224795 0.00225827 0.00224795 0.00224795 0.00234702 0.00224795 0.00224795 0.00224831 0.00224869 0.00224795 0.00324569 0.00224796 0.0022838 0.00224795 0.0022482 0.00224795 0.0022639 0.00224797 0.00225642 0.00224795 171.055 0.00224811 0.00224796 0.00224795 0.00229491 0.00224795 0.00224856 0.00224801 0.00227338 0.00226926 0.00224795 0.00224795 0.00226042 0.00224795 0.00230731 0.00224795 0.00226254 0.00246245 0.00224795 0.00224795 0.00224795 0.00224795 0.00224938 0.00224795 0.00224837 0.00224798 0.00226654 0.00224795 0.00224815 0.00224795 0.00224795 0.00225122 0.00224795 0.00224795 0.00225486 0.00224795 0.00226717 0.00232351 0.00224843 0.00224795 0.00224795 0.00224796 0.0025164 0.00224795 0.002248 0.00224796 0.00225222 0.00224795 0.00224795 0.00224795 0.0022565 0.00225463 0.00224802 0.00224796 0.00224795 0.00224804 0.00224856 0.00224795 0.00224795 0.00224798 0.00224795 0.00224795 0.00224795 0.00224962 0.00224795 0.00226507 0.00224798 0.0022849 0.00225673 0.00224884 0.00224877 0.00224795 0.00224795 0.00227344 0.00224795 0.00224795 0.00224795 0.00224795 0.00224798 0.00224809 0.00228265 0.00224795 0.00224795 0.00224795 0.00224795 0.00224836 0.00224802 0.00236309 0.00224801 0.0022936 0.00224954 335.871 0.00224795 0.00225614 82.9187 0.00224816 0.00224795 0.002251 0.00224811 0.00225225 0.00224795 0.00224827 0.00224887 0.00224795 0.00224796 0.00224795 0.00224795 0.00224856 0.00226693 0.00224872 0.0022487 0.00224795 0.00229583 0.00224831 0.00224817 0.00224795 0.00226566 0.002248 0.00224801 0.00225076 0.00224795 0.00225065 0.00224795 0.00228101 0.00224795 79.5518 0.00224795 0.00232256 0.0022481 0.00224795 0.00224795 0.00228686 0.00224796 0.00235123 0.00224795 0.00224795 0.00249942 0.00224796 0.00224795 0.00224795 0.00225051 0.00224796 0.00224795 0.00224795 0.00224796 0.00224844 0.00224795 0.00224795 21.7036 99.0947 0.00225473 0.00309286 0.00224867 0.00225742 0.00224795 0.00224888 0.00225221 0.00224795 0.00263477 0.00224831 0.00224795 0.00224796 0.00224795 0.00224795 0.00238203 0.00224795 0.00225385 0.00224795 0.00224795 0.00224795 0.00228777 0.00224795 0.00230715 0.00224797 0.00233629 0.00230655 0.00224795 0.00235208 0.00235759 0.00224795 0.00224795 0.00224795 0.00224795 0.00224795 0.00232516 0.00224795 0.00224796 0.00224795 0.00224795 0.00225593 0.00224796 0.00224795 0.00224795 0.00224795 0.00224798 0.00227962 0.00224837 0.00224815 0.00228085 0.00225381 0.00235483 0.00224797 0.00227136 0.00224847 0.00227386 0.00224804 0.00224795 0.00224817 0.00224795 0.00224861 0.00224796 0.00227432 0.00224795 0.00224795 0.00224795 0.00224845 0.0022482 0.00224795 0.00224795 0.00225587 0.00224795 0.00224795 0.00224795 0.00224795 0.00224814 0.0022695 0.00224795 0.00224795 0.00224795 0.00224795 0.00227294 0.00224795 0.00224795 0.00224795 0.00224807 0.00224795 0.00224967 0.00225541 0.00224947 0.00224795 0.00224795 0.00224795 0.00228314 0.00227268 0.00230437 0.00224795 0.00225264 0.00224795 0.00224795 0.00227135 0.00224849 0.00224795 0.00226023 0.0022962 0.00224795 0.00224805 0.0022501 0.00224795 0.00224842 0.00224796 0.00224795 0.00224827 0.00224795 0.00224795 0.00224795 0.00225035 0.00224795 0.00224796 44.7586 0.00224795 0.00232361 0.00224795 0.00224795 0.00229708 0.00224795 0.00224795 0.0022481 0.00224795 0.00224795 0.00224828 0.00225144 0.00224815 0.00224795 0.00224839 0.00224795 0.00224804 0.00224795 0.00224795 0.00224916 0.00224795 0.00224802 0.00224795 0.00230423 0.00225326 0.00224795 0.00224795 0.00225346 0.00224795 0.00225795 0.00238408 0.00224869 0.0022481 0.00224795 0.00225853 0.00224795 0.00557764 0.00224795 0.00224945 0.00224795 0.00224795 0.00224795 0.00224915 0.00226329 0.00226226 49.4444 0.00224795 0.00224795 0.00224795 0.00224795 0.00326638 0.00224797 0.00224795 0.00224795 0.00326429 0.00224795 0.00226904 0.00224795 0.00224796 0.00226522 0.00224877 0.00225093 0.00224861 0.00224795 0.0024493 0.0023713 0.00224818 0.00224795 0.00224795 67.9117 0.00225461 0.00224806 0.00225029 0.00224795 0.0023132 0.00225424 0.00224953 0.00224795 0.00232628 0.00226272 0.00224822 0.00224797 0.00224804 0.00228432 0.00224795 0.00225064 0.00226215 0.00224804 0.00224795 0.00224795 0.00224799 0.00224795 0.00224795 0.00224795 0.00245894 0.00224795 0.00224795 0.00224795 0.00230199 0.00224796 0.0023613 0.00224795 0.00243221 0.00224816 0.00224795 0.00234845 0.00224795 0.00224796 0.00224795 0.00224795 0.00224795 0.002256 0.00224795 0.00224795 0.00225241 0.00225602 0.0023437 0.0022482 0.00224795 0.00224795 41.4306 0.00224795 157.298 0.00224809 0.00224795 0.0022488 0.00228869 0.00228958 0.00224795 0.0022556 0.00250167 0.00224795 0.00229799 0.00224795 0.00224795 0.00228158 0.00225425 0.00224795 0.00224795 0.00224795 0.00224795 0.00224908 0.00224798 0.00224795 0.00225535 0.00224795 0.00224797 0.00224811 0.00224795 0.00224795 0.00230249 0.00224795 596.616 0.00224795 0.00224795 0.00224795 0.00256249 0.00225062 0.00224857 0.00224795 0.00224802 0.00229573 0.00224844 0.0022485 0.00237102 0.00224795 0.00224809 0.00224847 0.00226803 0.00225639 330.558 0.0022482 0.00224795 0.00224795 0.00224795 0.00224795 0.00224804 0.00224795 0.00227056 0.00224795 0.00224812 0.00226298 0.00224932 0.00224795 0.00230777 0.00224796 0.002248 0.00229798 0.00224931 0.00226409 0.00224828 0.00228618 0.00226839 0.00227138 0.00224795 0.00224795 0.00224796 0.00225186 0.002256 0.00224796 0.0379483 0.00224795 0.00224806 27.2969 0.00224913 0.00224881 0.00224971 0.00224795 0.00224795 0.00224851 0.00224795 0.00226988 0.00224808 0.00225497 0.00496847 0.00224795 0.00224795 0.00224795 0.00224795 0.00224795 0.00224795 0.00224795 0.00224795 0.002284 0.00224801 0.00225802 65.0454 0.00227087 0.00224795 0.00224795 0.00284571 0.00224795 0.00224795 0.00224823 0.00224795 0.00224795 0.00224795 0.00224919 0.00225081 0.00227739 0.00224846 0.00224802 0.00224799 0.0022578 0.00224798 0.00225313 0.00224795 0.00224795 0.00227362 0.00224795 0.00225677 0.00224795 0.00225109 0.00224795 0.00224796 0.00224799 0.00224968 0.00224796 0.00225447 163.777 0.00243783 0.0022482 0.00224795 0.00224835 0.00224797 0.00224825 0.00357818 0.00224795 0.00234367 0.00226209 0.00224795 0.00228305 0.00224795 0.0028385 0.00225632 0.00224795 0.00224795 0.00225484 0.00224797 0.00224795 0.00225462 0.00224795 107.782 0.00229476 238.879 0.00224795 0.00224871 0.00224817 0.00224799 0.00226379 0.00224795 0.00224795 0.00224837 0.00224795 0.00226478 0.00224795 0.00224795 0.00224799 0.00224846 0.00224834 0.00224806 0.00224795 0.00224795 0.00224795 0.00224795 0.00225036 0.00224795 0.00224795 0.002248 0.00224954 0.00225066 0.00224796 0.00224795 0.00226742 0.00225589 0.00224795 0.00224795 0.00227447 0.00224795 0.00231226 0.00224949 0.00225576 0.0023862 0.00225977 0.00224797 0.00224795 0.00224795 0.00253252 0.00233382 0.00224891 0.00240695 29.2405 0.00224795 0.0022697 0.00257932 0.00224808 0.00225131 0.00235438 0.00230868 0.00226658 0.00224795 0.00232035 0.00226463 0.00237765 0.00224795 0.00224795 0.00230081 0.00286508 0.00243114 0.00224795 0.00224795 0.00225025 0.00225328 0.00224795 0.0022737 0.00224795 0.00224795 0.00224795 0.00225392 0.00224795 0.00224828 0.00230922 0.00224795 0.00225432 0.00224805 0.00224795 0.00225345 0.00229424 0.00226274 0.00224795 0.00224795 0.0022484 0.00224834 0.00224801 0.00224795 0.00224817 0.00224795 0.00224858 0.00225201 0.00224795 0.00224795 0.00224795 0.00224795 0.00224795 0.00224795 0.00224795 0.00224795 0.00224795 0.00225047 0.00224795 0.00224795 0.00224795 0.00224795 0.00224795 0.00228888 0.00224795 0.00225689 0.00224795 0.00224795 0.00224795 49.4348 0.00224795 0.00224795 0.00224808 0.00224795 0.00224795 0.00224795 0.00224959 54.1568 0.00224801 0.00224795 0.00224795 0.00237049 0.00224907 0.00229709 0.00224795 0.0022482 0.00224795 0.00224795 0.00224795 0.00224795 0.00284368 0.00225108 0.00224795 0.00224795 63.7107 0.0023442 0.00224803 0.00224796 0.00224795 0.00224825 0.00224795 0.00224797 0.00224798 0.00224803 0.00225104 0.00224795 0.00224806 0.00224803 0.00224795 0.00224795 0.0022757 0.00224803 0.00386833 0.00227238 0.00224845 0.00224827 0.0022485 0.00225614 0.0022482 0.00224795 0.00224795 0.00224795 0.00226993 239.809 0.00224797 0.00224795 0.00224795 0.00301822 0.00224798 0.00224837 0.00225218 0.00224796 0.00224795 0.00225677 0.00225363 0.00245663 0.00224847 0.00224796 0.002248 0.00224795 0.00224806 0.00229829 0.00224795 0.00235123 0.00226453 383.328 0.00226703 0.00225702 0.00225344 0.00224795 0.00224927 0.00224795 0.00224795 0.00224795 0.00224795 0.00224795 0.00225237 0.00224795 0.00224838 0.00224796 0.00224795 0.00225275 0.00227728 0.00225205 0.00230337 28.5935 0.00226202 0.00224795 0.00224802 46.0654 0.00224795 0.00224795 0.00224809 0.00224795 0.00225699 0.00224796 0.00224795 0.00230822 0.00224795 0.00224811 0.002248 0.00224795 0.00224795 0.00224824 0.00224795 0.00224838 0.00224795 0.00224795 0.00226321 0.00224819 0.00230505 0.00224795 0.00224795 0.00231189 0.00224795 0.00224795 0.00224803 0.00224795 0.00224795 0.00225495 0.00224829 0.00224795 0.00224795 1.89234 0.00224795 0.00224795 0.00482074 0.00224795 0.00227306 0.00228424 0.00225204 0.00225664 0.00224795 0.00224795 0.00224795 0.00224795 0.00224815 0.00225819 0.00224818 0.00226192 0.00224795 0.00225132 0.00225021 0.00225035 0.00224805 0.00224796 0.00224798 103.207 0.00224929 0.00227025 0.00224795 0.00225204 0.00224802 0.00224795 0.00225502 0.0022668 0.00224854 0.0022592 0.00224795 39.1415 0.00227065 0.00225196 0.00224806 0.00224795 0.00226683 0.00224795 0.00224795 0.00224796 0.00224836 10.9198 0.00224795 0.00224795 0.002248 0.00237761 0.00225758 0.00224795 0.00256366 0.0022735 0.0022481 0.00229176 0.00225194 0.00224795 0.0022853 0.00224795 0.002248 0.00224837 0.00224795 0.00224795 0.00224908 0.00225062 0.00226598 0.00224795 0.00230254 0.00228039 0.00224879 0.00224837 0.00228804 0.00224803 0.00225342 1095.01 0.00224795 0.00224795 0.00227451 0.00224795 0.00224795 0.00224795 0.00227771 0.00224795 0.00228586 0.00225406 0.00226149 0.00224795 0.00224795 0.00224796 0.00225067 0.00224795 0.00224799 0.00224915 0.00225639 0.00224795 0.00224795 0.00225722 0.00224795 0.00225644 0.00224795 0.00228491 0.00224804 0.00224795 0.00224795 0.00224816 0.00224795 0.00224828 0.00224795 0.00248601 0.00224913 0.00225423 0.00227294 0.00224843 0.00229501 0.00224932 0.00224795 0.00224795 0.00224795 0.00224795 0.00225257 0.00224795 0.00226261 0.00224795 0.00224795 0.00224795 0.00226455 0.00224795 0.00224801 0.00224795 0.00224838 0.00224795 0.00224795 0.00224891 92.7567 0.00224797 0.00224798 0.00227898 0.00224795 0.00225802 0.00224823 0.00224797 0.00227076 0.00224808 0.00224795 0.00232097 0.00226678 0.00224795 0.00224795 0.00224795 0.00224795 0.00224795 0.00224796 0.00225462 0.00225612 0.00226924 0.00226468 0.00224825 0.00224796 0.00224795 0.00224814 0.00224795 0.00224795 0.00224799 0.00226898 0.00226519 0.00224795 0.00224929 0.00224796 0.00224795 156.859 0.00224798 0.00224829 0.00224796 0.00224795 0.00224821 0.00224795 0.00224797 0.00224795 0.00224795 0.00224795 0.00224815 0.00232285 0.00231192 0.00224808 0.0023889 0.00224795 0.00224795 0.00224795 0.00225182 0.024478 0.00224804 0.0022494 0.00224822 0.00224795 0.00224812 0.0022483 0.00224795 0.00224883 0.00224802 0.00224796 0.00224795 0.00224795 0.00225065 0.00224798 0.00224795 0.00224795 0.00224795 0.00224795 0.00224795 0.00227757 0.00224801 0.00224795 0.00224795 0.00224795 0.00224795 0.00224795 0.00226703 0.00224795 0.00225321 0.00225358 0.00224979 0.00224795 0.00225673 0.00224795 0.00224795 0.0022485 0.00224795 0.00224795 0.00225682 0.00224795 0.00224795 0.00224795 0.00224917 0.00224795 0.00225759 0.00224834 0.00231626 0.00227912 0.0022495 0.00226876 0.00224795 0.00224961 0.00224795 0.00224795 0.00224795 0.00230978 0.00224838 0.00224802 0.00230034 0.00224861 35.6059 0.00225347 0.00224806 0.00234275 0.00224795 0.00225794 0.00226788 0.00252832 0.00226041 0.00224905 0.00224795 0.00224795 0.00224795 0.00230544 0.002248 0.00224795 0.00224922 0.00224795 0.00227517 0.00226827 0.00317616 0.00224795 0.00224795 0.00224795 0.00224795 0.00224795 0.00224844 0.00224795 0.00224795 0.00224795 0.00227622 0.00224799 0.00224795 0.00227345 0.00224826 0.00224809 0.00224795 0.0022922 0.00224795 0.0022589 0.00224822 0.00259744 0.00224814 0.0022494 0.00225289 0.00225062 0.00224797 0.00224795 0.00224809 0.00224795 0.00224795 0.00224795 0.00225587 0.00224795 0.00224796 0.00224795 0.00237049 0.00224795 0.0022616 0.00224795 0.00224977 0.00225259 0.00224795 0.00227276 0.00224795 0.00224817 0.00224795 0.00224798 0.00224809 0.00226673 0.00224795 0.0022492 0.00224795 0.00240885 0.00224795 0.00224859 75.1139 0.00227913 0.00225246 0.00224797 0.00226793 58.1758 0.00224795 0.00224796 0.00224828 0.00226605 0.00226411 0.00224795 0.00225631 0.00224795 0.00224795 0.00225072 0.0022577 0.00228877 0.00224795 0.00224795 0.00224795 0.00228501 111.846 0.00224944 0.00224795 0.00232773 0.00224795 0.00224796 0.00224938 0.00224795 0.00227113 0.00224795 0.00224806 0.00224795 0.00225171 0.00224795 0.0022521 0.00224925 0.00224795 0.0022517 0.00224855 0.00224798 0.00224796 0.00527812 0.00224795 0.00224795 0.00224995 0.00226546 0.00224795 0.00343443 0.00228849 0.00224834 0.00248182 0.00225187 0.00231379 0.00224809 0.00224795 0.00224795 0.00224896 0.00224795 0.00227493 0.00224795 0.00224798 0.00224795 0.00224795 6.29901 0.00226354 0.00224795 0.00224795 0.00224795 0.00224796 0.00225557 0.00224795 0.0024471 0.00224795 0.0022528 0.00224795 0.00226799 0.00224795 0.00225162 78.9322 0.00224795 0.0022483 0.00224936 0.00224795 0.0022865 0.00225717 0.0104044 0.00224795 0.0022679 0.00224795 0.00224795 0.00224795 0.0022484 0.00224795 0.00224803 0.00224951 0.00224795 0.00224795 53.3355 0.00224795 0.002248 0.00224795 0.00224796 0.00228818 0.00224795 0.00224959 0.00224863 0.00224939 10.6012 0.00224795 0.00224795 0.00224795 0.00224843 0.00224795 0.00225158 0.00230024 0.00229916 0.00224795 0.00224798 0.00225139 0.00224795 0.00225783 0.00227003 0.00224823 0.00224795 0.00225189 0.00224808 0.00224795 1.01106 0.00273473 0.00224795 0.00224795 0.00224795 0.00224908 0.00224795 0.002248 0.0022633 0.00224795 0.00224795 0.00228194 0.00224795 0.00224795 0.00224795 0.00225136 19.8138 0.00224795 0.00224796 0.00227021 0.00224795 0.00224825 0.00224795 0.00224795 0.00236706 0.00224795 0.00224795 0.00224802 0.00235997 0.00224795 0.00224801 0.00224795 0.00229586 0.0022481 0.00302416 0.00227398 0.00224795 0.00224795 0.00230068 0.00224795 0.00224795 42.538 0.00224809 0.00225662 0.00227145 0.00230324 0.00224795 0.00224795 0.00225138 0.00224795 0.00225146 0.00227042 0.00224795 0.00225056 0.00224795 0.002248 0.00226538 0.00226007 0.00234921 30.6954 0.00224795 0.00224795 0.00226989 0.00224795 0.00224795 0.00224795 0.00224877 21.8427 0.00224795 0.00224795 0.00224795 0.00224795 0.00224795 0.00224795 0.00224795 0.00224835 0.00228272 0.00224795 0.00224889 68.7129 0.00224869 0.00224892 0.00231448 0.00224797 0.00235092 0.00224795 0.00227014 0.00226764 0.0024114 0.00224809 0.00224795 0.00256144 0.002248 0.00232793 0.00224836 0.00224795 0.00224795 0.00224799 0.00224865 0.00224795 0.00224795 0.00225276 0.00224853 0.00224871 0.00224795 0.00224795 0.00224795 0.00224834 0.00226728 0.00224806 0.00224799 0.00224795 0.00224795 0.00225068 0.00225832 0.138134 0.00224795 0.00224797 0.00224795 0.00224811 0.00225046 0.00224805 19.1932 0.00224795 30.2978 0.00226664 0.00224795 0.00224795 0.00224795 0.00225442 0.00224795 0.00224806 0.00224795 0.00224795 0.00224796 0.00224795 0.00224798 0.00313189 0.00224846 0.00382026 0.00224958 0.00224795 0.00224796 0.00225145 0.00224795 0.00224806 0.00224843 0.00251254 0.00224891 0.00224804 0.00224798 0.0022484 0.00224796 0.00224797 0.00225619 0.00225074 0.00224795 0.00224795 0.00224796 0.00224795 0.00224795 0.00224836 0.00224921 0.00224795 0.00224801 0.00224858 0.00224795 0.00224795 0.00224795 0.00224795 0.00224814 0.00224796 0.00224795 0.00224795 0.00248568 0.0023775 0.00224795 0.00224796 0.00233975 0.00224795 0.00224795 0.00224795 0.00224795 0.00225605 0.0022482 0.00224795 0.00226544 0.002248 0.00224795 0.00224796 0.00224795 0.00224795 13.5486 0.00282123 0.00224795 0.00224795 0.002248 0.00224795 0.00226581 0.00224795 0.00224795 0.00224795 0.0022481 0.00224839 0.00224964 0.00224796 0.00224795 0.00226516 0.00224795 0.00225051 0.00224795 0.002248 0.00224797 0.00224795 0.00224798 0.00224803 0.00231684 0.00224796 0.00224992 0.00224795 0.00224795 0.00225742 0.00224795 0.00224799 0.00224795 0.00224919 0.00255886 0.00224795 0.00224827 0.340568 0.00226669 0.00228565 0.00225337 0.00224795 0.002248 0.00224795 0.0450621 0.00227017 0.00248337 0.00224795 0.00224795 0.00224795 0.00224795 0.00225419 0.00224796 0.00230354 0.00225302 0.00224795 0.00224795 21.0777 0.00224795 0.00226693 0.00239033 0.00224795 0.00224821 0.00224858 0.00225001 0.00225508 0.00224795 0.0022589 0.00224795 0.00224795 0.00230164 0.00224795 0.00224795 0.00225453 0.00225881 0.00224795 0.00224795 0.00226017 0.00224795 0.00224795 0.00226534 0.00224808 0.00257307 0.00224807 0.00224826 0.00224863 0.00224795 0.00224795 0.002248 0.00225658 0.00225145 0.00224837 0.00224961 0.00235561 0.00224795 0.00224795 0.00226788 0.00226085 0.00245228 0.00224795 0.00224796 0.00395659 0.00226019 0.00224795 0.00224899 0.00224801 0.0022555 0.00224797 0.00224969 0.00224809 0.00224795 190.37 0.00224795 0.002248 0.00224797 0.00225013 0.00224795 0.00224795 0.00224795 0.00224795 0.0023224 0.00224795 0.00224795 0.00226972 0.00224795 0.00224795 0.00224795 571.249 0.00224795 0.00224802 0.00225948 0.00224802 0.00224949 0.00224795 0.00224795 0.00257779 0.00224797 0.00224929 0.00225051 0.00224795 0.00224796 0.00232143 0.00224829 0.0023662 0.00224795 0.00225317 0.00224795 0.00224795 0.00224795 0.00225208 0.00224797 0.00224795 0.0022545 0.00224797 0.00224809 0.00224795 0.00259235 0.00225486 0.00224796 0.00224795 0.00225236 0.00224947 0.00233591 0.00225481 37.3899 0.00224823 0.00855952 23.9916 0.00224795 0.00226235 0.00224811 0.00224796 0.00225956 0.00224795 81.6274 0.00224795 0.00224796 0.00224877 0.00224821 0.00225719 0.00224796 0.00224796 0.00225336 0.00224795 0.00238512 0.00224795 0.00225915 0.00225435 0.0022504 0.00224795 0.00224795 0.00224799 0.00224795 0.00224797 0.00224992 0.00435088 0.00227136 0.00224795 0.00224934 0.00224795 0.00226533 0.00224795 0.00242529 0.00224795 0.00224795 0.00226905 62.8965 0.00224819 0.00225871 0.00226062 0.00224795 0.00224795 0.00224795 0.00224795 0.00230169 0.00225027 0.00227329 0.00224795 0.00224796 0.00224796 0.00224795 0.00225291 0.00224795 0.00224795 0.00224795 0.00224795 0.00233631 0.00225721 0.00224795 0.002248 0.00224795 0.00224795 0.00224796 0.00224795 0.00224814 0.00225142 0.00226926 0.00225024 0.00224796 0.00224795 0.00224796 0.00224795 0.00225003 0.00224815 0.00224795 0.00227998 0.00224795 0.00224994 0.00224799 0.00224805 0.00224795 0.00227236 14.8423 0.00224795 0.00224823 0.00224805 0.00225782 0.00224795 0.00224894 0.00225083 0.00224795 0.00228695 0.00224795 0.00224862 0.00224795 0.00224804 0.00224798 0.00224812 0.00225684 0.00224795 0.00224797 0.00225134 0.00224795 0.00225481 0.00462266 0.00224795 0.00226926 0.00225973 0.00224806 0.00224795 0.00225732 0.00224858 0.00224795 0.00224796 0.00225042 0.00224795 0.00235946 0.00224795 0.00226529 0.00225002 0.00224795 0.0024354 0.00226013 0.00224795 0.00225007 131.409 0.00224795 0.0022495 0.002277 0.00224797 0.00224839 0.00224795 0.00224795 0.00224795 0.00224795 0.00224827 759.181 0.00224795 93.3474 0.00224867 0.00224809 0.00225036 0.00224813 0.00224795 0.00225356 0.002248 0.00224808 0.00224796 0.00224796 0.00224802 0.00225752 0.00224808 0.00225041 0.00226173 0.00224959 0.00226662 0.00224795 0.00224795 0.00224842 0.00224795 0.00224796 0.00224796 0.00224795 0.002248 0.00224857 0.00254512 0.00224803 0.00225639 0.00224795 0.00225989 0.00224795 0.00224831 0.00224795 0.00224795 0.014779 0.0022501 0.00227518 0.00224795 0.00224804 0.00224795 0.00225922 0.00224795 0.00227499 0.00229157 0.00224795 0.00224795 0.00224797 0.00224795 0.00224795 0.00224795 0.00227954 0.00224844 0.00224795 0.00224795 0.00224795 0.002251 0.00224795 0.00224847 0.00224795 0.00224963 0.0022483 0.00224795 0.00224795 0.00224795 0.00227144 0.00224795 0.00225055 0.00224795 0.00224795 0.00224796 0.00224798 0.00224795 0.00224804 0.00224795 0.00286935 0.00224795 0.00224795 0.00225949 0.00224795 0.00224871 0.00224799 0.00224925 0.00224795 0.0022481 0.00224795 0.00225483 0.00224795 0.00224795 0.00224795 0.00224851 0.00224795 0.00224832 0.00224801 86.4953 0.00224798 0.00224795 0.00225975 0.00224806 0.00224795 0.00226621 0.00224795 0.00224831 0.00224795 0.00235688 0.00224795 0.00224799 0.00224795 0.00224795 0.002248 0.00228928 0.00224795 0.00224795 0.00226211 0.00224795 0.00224795 0.00224795 0.00226131 0.00224795 0.00224799 0.00224819 0.00224795 0.00230441 0.00224796 0.00224795 0.0023116 0.00280723 0.00224795 0.00224795 0.00224795 0.00224795 46.9052 0.00224795 0.00224795 0.00224846 0.00225802 0.00224816 0.00224795 0.00225002 0.00224795 0.00224795 0.00225265 0.00224796 0.00224795 0.00225611 0.00225053 93.1345 0.00224795 0.00227113 0.00224795 0.00224798 0.00224795 0.00224795 0.00224795 0.00224795 0.00231609 0.0022483 0.00224795 0.00224795 0.00225163 0.002248 0.00243317 0.00224844 0.00224795 0.00226776 0.00225694 0.0022659 0.00224795 0.00224795 0.00224795 0.00224795 0.00224795 0.00224795 0.00224795 0.00226528 0.00224805 0.00224795 0.00231651 0.00224795 0.00225236 0.00225242 0.00224978 0.00225396 0.00224814 0.00224856 0.0022748 0.00224795 0.00224795 0.00224805 0.00224795 0.00224795 0.00225267 0.00224795 0.00224795 0.00225356 0.00228898 0.00224884 0.00224795 0.00229668 0.00224799 0.00226891 0.00224804 0.00224795 0.00224796 0.00224795 0.00224795 0.00235458 0.00228697 0.0078328 0.00226598 0.00224795 0.00224795 0.00226148 0.00224801 0.00224947 0.00224796 0.00225448 0.00224799 0.00224891 0.00224795 0.00224795 32.0262 0.00225728 0.00224795 27.8011 0.00224795 0.00224795 0.00224795 0.00224912 0.00224795 0.00224795 0.00224795 0.00231021 0.00224795 0.00224799 0.00224795 0.00347183 0.0022755 0.00224823 0.00224796 0.00224795 0.00225136 0.00226868 0.00224795 0.00224842 0.00224971 0.00224795 0.00224795 0.00224795 0.00224795 0.00225104 0.0022491 0.00239163 0.00226097 0.00224796 0.00225349 0.00224797 0.00224795 0.00224795 0.00224795 0.00224795 0.00239141 0.00225434 0.00224821 0.00225297 0.00224797 0.00224801 0.002248 0.00225043 0.00228508 0.00224804 0.00225331 0.00224804 0.00225824 0.00224805 0.00228745 0.00224801 0.00229027 0.00227807 0.00225516 0.00224795 0.00224795 0.00224953 0.00224822 0.00224958 55.3961 0.00233058 0.00224795 0.00224796 0.00224795 0.00225458 0.00224795 0.00224821 0.00224796 0.00243767 0.00224795 0.0022616 0.00224795 0.00239383 0.00233101 0.00224795 0.448337 39.8401 0.0022922 0.00224795 0.00225315 0.00224795 0.00229988 0.00224883 0.00224796 0.002248 0.00227745 33.1126 0.00261016 0.00224795 0.00230125 0.00224795 0.00230477 0.00227655 0.00224795 0.00224795 0.00225265 0.00224795 0.00224795 0.00224795 0.00224795 0.00224795 0.00224857 0.00229874 0.0024792 0.00224907 0.0022615 0.00224795 0.0022536 0.0022507 0.00230201 0.00224795 0.0022486 0.00225858 0.00229144 0.00224795 0.00225201 0.0022642 0.00224811 0.00224795 0.00224802 0.00245966 0.00336181 0.00224795 0.00225172 0.00224795 0.00224795 0.00224808 0.0022493 0.00226878 0.00227078 0.00224795 0.00225197 0.00224795 0.00224809 0.00224795 0.00224795 0.00224795 0.00226585 190.257 0.00224877 0.00228526 0.00224803 0.002248 0.00224795 0.00224795 0.00224795 0.00224795 0.00224795 0.00224798 0.00224795 0.00224846 0.0022527 0.0022498 0.00224795 0.00224795 0.00239527 0.002248 22.3837 0.00224795 0.00225501 0.00225272 0.00224817 0.00224795 0.00224811 0.002248 0.00228063 0.00225735 0.00224795 0.0026533 0.00224797 0.00224795 0.00225239 0.00224818 0.00227631 0.00224795 0.00224806 0.00224986 0.00224795 0.00224795 0.00228549 0.00224868 0.00224814 0.00224903 0.00224795 0.00224795 0.00225375 0.00225293 0.00224795 0.00224811 0.00226502 0.00234406 0.00240924 0.0022558 0.00224795 0.00224814 0.00224795 0.00224814 0.00224795 0.00224795 0.00224795 0.00224795 0.00224795 0.00224796 0.00224797 0.00231259 0.00224795 0.00224796 0.002248 0.00224795 0.00224795 0.00226396 0.00224795 0.00224795 0.00224795 0.00224795 0.00224795 0.00224814 0.00224795 0.00224848 0.00224795 0.00224795 0.00224795 0.00228618 0.00224804 0.00224821 0.00225917 0.00224795 0.00229371 0.00224795 0.00224796 0.00224972 0.00224795 0.00227539 0.00224795 0.00224795 0.00224795 0.00224846 0.00225709 0.00224795 0.00224795 0.00227351 0.00224795 0.00224795 0.0022922 0.0022481 0.00233409 0.00224795 0.00225373 0.14489 0.00225002 0.0022481 0.00224795 0.00224822 0.0022481 0.00224795 0.00225685 0.00224795 0.00241233 0.00226151 0.00224806 0.00224795 0.00224795 0.00224795 0.0022481 0.00237415 0.00224795 0.00225478 0.00224795 0.00224795 0.00224796 0.00224799 0.00224795 0.00224795 0.00224796 0.00224795 0.00270008 0.00224797 0.00224795 5.46152 0.00225793 0.00225075 0.00224796 0.00227849 0.00224795 0.00226826 0.00225072 0.00224795 0.00226294 0.0023035 0.00224818 0.0024543 0.00224795 0.00226481 0.00225112 0.00226012 0.00224795 0.002248 0.00224795 0.00225704 0.00224795 0.00224826 3.4457 0.00227894 0.00224803 0.00224795 0.00225493 0.00224808 0.00229496 0.00224963 0.00224795 0.00226514 0.00225055 0.00225267 0.00226717 0.00224795 0.00224798 0.00224795 0.00225821 0.00224795 0.00224795 0.00224795 0.00229001 0.00235279 0.00224797 0.00224795 0.00224801 0.00224795 0.00224795 0.00224795 0.00224795 0.00224883 0.00226598 0.0023852 0.00224795 0.00224796 0.00224805 0.00225545 57.1442 0.00224799 0.00224795 0.00224795 72.8919 0.00224844 120.326 0.00224795 0.00224795 0.00224795 0.00230184 0.0022818 0.00234455 0.00335387 0.00224825 0.00224806 0.0022508 0.00225296 0.00224795 0.00224795 0.00226637 0.00228811 0.00233234 0.0022505 0.00224795 0.00224795 0.00224795 0.00225613 0.00224795 0.00224795 0.00226762 0.00232695 0.00224795 0.00227329 0.00224795 0.00265467 0.00225605 0.00224798 0.00224795 0.00224795 0.00224795 0.00224795 0.00224795 0.00224797 0.00224802 0.00224795 0.00231392 0.00224795 0.002248 0.00224931 0.00236092 0.00224795 0.00224795 0.00242694 0.00224806 0.00224795 26.2093 0.00224795 0.00224798 0.00224795 29.0997 0.0022485 0.00225575 0.00229291 0.00224795 0.00224795 0.00224919 0.00224795 0.00225114 0.00224795 0.00224795 0.00224795 0.00224797 0.00224795 0.00226591 0.00224795 0.00225144 0.00224796 0.00224871 0.00224796 0.00224795 0.00225076 0.00224795 0.00224795 0.00224795 0.00224795 0.00224795 0.00224831 0.00224795 0.00224795 0.00224798 0.00224911 0.00224795 0.00224795 0.00227612 0.00224795 0.00224823 0.00224945 0.00224795 0.00227275 0.00224795 0.00224795 0.00224795 0.00224795 0.00233409 0.00224916 0.00225772 0.00224795 0.00224795 0.00224799 0.00225304 0.00224843 0.00224795 0.00224795 0.00224795 0.002248 0.00224795 0.00224795 0.00224796 0.00224795 0.00224916 0.00224795 0.00224795 0.00224795 0.00224795 0.00224795 0.00224795 0.00224795 0.00224796 0.00225162 0.00224795 0.00229704 0.00224795 0.00224795 0.00224795 0.00224795 0.00224817 507.868 0.00224883 0.00224795 0.00224796 0.00224795 0.00224795 0.00224963 0.00224795 0.00224795 0.00224796 0.00226487 0.00224795 0.00225692 0.0022748 0.00224841 0.00224808 0.00224795 0.00224795 0.00224798 0.00224795 0.00224795 0.00224795 0.00224795 0.00224805 0.00224795 0.00226452 0.0022586 0.00224795 0.00226715 0.00419966 0.00224795 0.00224891 0.00224796 0.00224795 0.046485 0.0022484 0.00224795 116.316 0.00224829 0.00229835 0.00224985 65.8454 0.00224795 0.00224795 0.00224795 0.00224797 0.00224795 0.00224795 0.00224819 0.00224945 0.00225411 0.00225224 0.00227515 0.00225156 0.00224795 0.00224831 0.00224795 0.00224795 0.00224795 0.00225466 0.00224795 0.00224848 0.00226724 0.00235163 0.00224795 0.00224795 0.00229469 0.00224795 0.00224795 0.00224817 123.223 0.00224833 0.00225094 0.00226001 0.00224797 0.00228582 0.00224797 0.00224808 0.00226684 0.00224795 0.00224795 0.00224809 0.00226247 0.00224882 0.00224798 0.00224795 43.8584 0.00226636 0.00224795 0.00224795 43.0988 0.00251094 0.00224795 0.00225143 0.00224795 0.00224795 0.00224795 0.00224795 0.00229172 0.00224831 0.00226847 0.00227816 0.00224795 0.00224997 0.00224946 0.00224795 0.00224795 0.00224805 0.00224795 0.00224795 0.0022489 0.00224795 0.00225676 0.00224795 0.00224797 0.00224893 0.00224795 0.00231667 0.00224802 0.0022641 0.00226909 0.00226173 0.00225901 0.00224795 0.00224795 0.00224795 0.00225758 0.00271834 0.00224795 0.00224795 0.00227206 0.00224795 0.00224829 0.00224795 0.00224796 0.00224795 0.00224796 0.00232971 0.00224836 0.00224795 0.0022488 0.00224817 0.00224795 0.00224875 0.00224884 0.00225038 0.00225059 0.00224795 0.00224799 154.613 0.00224795 0.00224795 0.00245322 0.00228088 0.00266086 0.00224795 0.00224802 0.00224795 0.00473947 0.00224975 0.00224795 0.00224795 0.00224795 0.00430808 0.00224796 0.00226087 0.00227857 0.00224942 0.00224797 0.00225033 0.00227125 0.00225206 0.00228436 0.00224809 0.002248 0.002248 0.00226182 0.00224911 25.5142 0.00225561 0.00224795 0.00224795 187.898 0.00225555 0.00224795 0.00227169 0.00224916 0.0022491 0.00224795 0.00224802 0.00224797 0.00247773 0.00224795 0.00224899 0.00224795 0.002248 0.00224884 0.00224796 0.00224795 0.00228491 0.00225079 0.0023877 0.00224795 0.00227333 0.0144606 0.00224795 0.00224979 0.00224795 0.00224795 0.00224795 0.00224795 0.00224795 0.0022515 0.00224858 0.00224795 0.00224795 0.00227986 0.00225661 0.00224803 0.00224921 0.00225124 0.00224795 0.00230531 0.00224795 0.00224987 0.0022481 0.00224795 0.00227369 0.00224941 0.00224801 0.00224795 0.00337204 0.00224795 0.00224804 0.00224795 0.00224795 0.00225033 0.00224795 0.00225228 0.00227954 0.00237233 0.00225638 0.00224795 0.00224795 0.00224795 0.00224795 0.00224795 0.00224795 0.00273471 0.00224795 0.00224795 0.00227091 0.0022806 0.002248 0.00224795 0.00224795 0.00224795 18.3147 0.00224795 0.00224795 0.00224798 0.00227821 0.00224795 0.00224795 0.00224801 0.00224795 0.00224795 0.00224796 0.00290513 0.00224811 0.00230056 0.00224795 0.00224845 0.00227284 0.00224795 0.00224814 0.00224795 0.00226187 0.00224795 0.00224795 0.00224798 0.00224801 0.00225004 0.00224829 0.00230703 0.00224799 0.00224795 0.0022482 0.00224908 0.00225455 0.00386478 0.0022495 0.00226175 0.00225168 0.00224807 0.00230066 0.00224795 0.00224799 0.00224798 0.00224795 0.00224821 0.00224795 0.00224799 0.00224795 0.00224795 0.00229072 0.00224795 0.00224795 0.00224795 0.0024165 0.00224795 0.00224795 0.00224959 0.00225051 0.00224795 0.00224795 0.00224813 0.00226038 0.00225057 0.00224836 0.0022581 0.00224795 14.5918 0.00224795 0.00224795 0.00224795 0.00239906 0.00224795 0.002248 0.00224817 0.00224855 118.33 0.00225361 0.00228037 0.00226768 0.00224795 0.00224804 0.00224795 23.968 0.00224837 0.00229239 0.00225531 0.00769263 0.00224795 0.00224864 0.00226492 0.00224795 0.0022543 0.00234547 0.00224801 0.00224795 0.00224807 0.00224798 194.952 0.00230748 0.00224795 0.00224795 0.00224795 0.00232252 0.00226901 0.00224795 0.00232721 0.00224801 0.00224795 0.00224796 0.002248 0.00224795 0.00224909 0.00224795 0.00224795 0.0022636 0.00229252 0.00224795 0.00224903 0.00228422 0.00224797 0.00224795 0.00224796 0.00224795 0.00232363 0.00224795 0.00224799 0.00224874 0.00227811 0.00224795 0.00224795 0.002248 0.00225497 0.00224799 0.00224795 0.00224795 0.00224795 0.00225716 0.00224795 0.00224795 0.00243146 0.00224795 0.00224795 0.00224795 79.7219 0.00224795 0.00735327 0.00224797 0.00225178 0.00229185 0.00224795 0.00229882 0.00224795 0.00224795 0.00230609 0.00225501 0.00224799 0.00224795 0.00225132 0.00224909 0.00224908 0.00224806 0.00224795 0.00224795 0.00225509 0.00224795 0.00224862 0.00224795 0.00227694 0.00229143 0.00224795 0.00224869 158.472 0.00226713 0.00224795 0.00224804 0.00224798 0.00224795 0.00224795 0.00435242 0.00232389 0.00224795 0.00224795 0.00224795 0.00224795 0.00224795 0.00224796 0.00224805 0.00224795 0.0022762 0.00224796 0.00224817 0.00224795 0.00224881 0.0022491 0.00224799 0.00224795 0.00224795 0.00224795 0.00227398 0.00224795 0.00224795 0.00224795 0.00235537 0.00224795 0.00237014 0.00237785 0.00224795 0.00236032 0.00272573 0.00224795 0.00224795 0.00229317 0.00224795 0.00224795 0.0022499 0.00225194 0.00228357 0.00224922 0.00226897 0.00224795 0.00224833 0.00227947 0.00255334 0.0235251 0.00224827 0.00224795 0.00234904 0.00445799 0.00229296 0.00224795 0.00224795 0.00224795 0.00225733 0.00224795 0.00229123 0.00225967 0.00228219 0.00224797 0.00224819 0.00224795 0.00224795 0.00224795 0.00224795 0.00225551 0.00224795 0.00224795 0.00224795 0.00224795 0.00224796 0.00226451 0.00226727 0.00224799 0.00224795 0.002256 0.00224796 0.00224795 0.00224795 0.00224795 0.00224795 0.00224795 0.00224795 0.00224795 0.00224795 0.00229707 0.00224795 0.00224824 0.00224795 0.00224795 0.00224795 0.00224795 0.00263274 0.00224795 0.00225721 0.00224796 0.00226275 0.00224795 0.00224795 0.00224795 0.002248 0.00224795 0.00224795 0.00224795 0.00224795 0.00224795 0.00226336 0.00225506 0.00224795 0.00225681 0.00224795 0.00231905 0.00225841 0.00224795 0.00224795 0.00224795 0.0022483 0.00225286 0.00224795 0.00224795 0.00225034 0.0022833 0.00224803 0.00224795 0.00224795 0.00224797 0.00224798 0.00224795 46.8063 0.00224795 0.00224829 0.00226818 0.00224797 0.0022481 0.00224796 0.00224795 0.00226131 0.00224795 0.00224795 0.00224795 0.00224795 0.00224795 0.00224795 0.00224795 0.00226022 0.00228661 0.00229186 0.00224795 0.00224795 0.00224795 0.00224897 0.00224795 0.00224918 0.196106 0.00227178 0.00224924 0.00224795 0.00224795 0.00224795 78.2841 0.0024312 0.00224795 0.00224795 0.00225562 0.00224795 0.00224802 0.00224795 0.00224795 0.00224795 0.00224854 0.00224981 0.00224835 0.00224795 0.00225144 0.00224795 0.00224795 0.00224796 0.00224956 0.00224795 0.00225508 0.00225485 0.00224822 0.00224797 0.00224795 0.00229817 0.00423949 0.00224795 0.002248 0.00224795 0.00227142 0.00226017 0.00225776 0.00224795 0.00224795 0.00231072 272.98 0.00233023 0.00226857 0.00245725 0.0022556 0.00224799 0.00224795 0.00224795 0.00224795 0.00224795 0.00224802 0.00224796 0.0022486 0.002248 0.00224807 0.00224835 0.00224795 0.00225221 0.00224795 0.00224795 0.00303616 0.00236595 0.00224805 0.00225314 0.00224795 0.00224795 0.00224805 193.866 0.00224795 0.00225184 0.00224795 0.00224844 0.00275341 0.00224795 0.00224799 0.00224795 91.8586 0.00225047 0.00224795 0.00224925 0.00225485 0.00224795 0.00224795 0.00230173 0.00224795 0.00224795 0.00226312 0.0158018 0.002254 0.00224795 0.00224802 0.0022483 0.00225476 0.00225059 0.00224823 0.00224795 0.00224802 0.00224798 0.0022619 0.00236347 0.00225087 0.00233709 0.00233639 0.00224795 0.00224795 0.00224795 0.00224795 0.00224795 0.0022489 0.00224795 0.00224795 21.9788 0.00225829 0.00241597 0.00224795 0.00228626 0.00224795 0.00224867 0.00224795 0.00224795 0.00226911 0.00224806 0.00224795 0.00229044 0.00224801 0.00224795 0.00228522 0.00224799 0.00224795 0.00224795 0.00224795 0.0022481 0.00224795 0.00224795 0.00224806 0.00227249 0.00224795 0.00225518 0.00224798 0.00224795 0.00224795 0.00228622 0.00224827 0.00224863 0.00224795 0.00234718 0.00233248 0.0024366 0.00224795 0.00225613 0.00224832 0.00224795 0.00224797 0.00224795 0.00224795 0.00224827 0.00226842 0.00224795 0.0216682 0.00268685 0.00225791 0.00224795 0.00224808 0.00224795 0.00224797 0.00224795 0.00225939 0.0023046 0.00224795 0.00227331 0.00224804 0.0022861 0.00224801 0.327145 0.00224795 0.00225723 0.00224795 0.00224795 0.00226036 0.00225275 0.00224837 149.303 160.705 0.00224795 0.00225286 0.00224795 0.00224795 0.00224795 0.00224795 0.00224812 0.024478 0.00227334 0.00224795 448.198 0.00224795 0.00224853 0.00232825 0.00224795 0.00224795 0.00224797 0.00224795 0.00224795 0.00224795 0.00224795 0.00225608 0.00224795 0.00224795 0.00225435 0.00224795 0.0023078 0.00225741 0.00224795 0.00225012 0.00227232 0.00228567 0.00224809 0.00224795 0.00224806 0.00224795 0.00224902 0.00224795 0.00225844 0.00230223 0.00224795 0.00224817 0.00225559 0.00225013 0.00224863 0.00281913 0.00224795 0.00224843 0.00224812 0.00227373 0.00225674 0.00226711 0.00224795 0.00224795 0.00226662 0.00228398 0.00224795 0.00224795 0.00225817 0.00228234 0.00228501 0.00224795 0.00260223 0.00224795 0.00225051 0.00224816 0.00224795 0.00237728 0.00224795 0.00226315 0.00224795 0.00224899 0.00225268 0.0022483 0.00224795 0.00225185 0.00224795 0.00224813 0.00224835 0.00224795 0.00224795 0.00224795 0.00227323 0.00224795 0.00224795 0.00224795 0.00224797 0.00224795 0.00224796 0.00230011 0.00224795 0.00434081 0.00224873 0.00224795 0.00224795 0.00225885 0.00225078 0.00224801 0.00224795 0.00224802 0.00224795 0.00224795 0.002248 0.00224795 0.00224795 0.00224893 0.00232305 0.00224803 0.00224907 0.00224795 0.00224795 0.00225776 0.00225878 0.00228504 0.00224805 0.00225967 0.00224795 0.00224795 0.00224795 0.00224809 0.00225114 0.00224795 0.00224795 0.0402822 0.00228339 0.00224799 0.00227818 0.00224798 0.00225171 0.00224795 0.00224795 0.00224796 0.00225051 0.00224795 0.0433488 0.00224795 0.00224795 0.00227131 0.00224798 0.00224795 0.00231589 0.00225132 0.00224795 0.00224821 0.00224803 0.00224795 0.00225766 0.00224795 0.00224795 0.00239552 45.817 0.00224795 0.00224802 0.00224795 0.00224795 0.00224795 0.00224795 0.00224795 0.0022484 0.00224795 0.00224797 0.00224795 0.00224795 0.00224851 0.00225932 0.00224797 0.00224795 0.00224795 0.00224814 0.00224799 0.00224795 0.00230436 0.00224815 0.00224795 0.00225171 0.00224795 0.00224795 0.00224805 0.00224795 0.00224799 0.00224795 0.00224795 0.00224795 0.00225836 0.00224795 0.00231124 0.00224795 0.00224795 0.00224923 0.00224795 0.00224795 0.00275284 0.00224795 0.00225702 0.00228334 0.00224796 0.00224795 0.00224795 42.9067 0.00244978 0.00224795 0.00224813 0.00226732 0.00225565 0.00227326 0.00224809 0.00224798 0.00224795 0.00224906 0.00224798 0.00234015 0.00224795 0.00224795 0.00225382 0.00224798 0.00237626 0.00224795 0.0023052 0.00224985 0.00227588 0.00224795 0.00224796 0.00224797 0.00225355 0.00224911 0.00226266 0.00224795 0.00224795 0.00224795 0.00224851 0.00229458 0.00224864 0.00224795 0.00224908 0.00224795 0.00229481 0.00224795 0.00224857 0.0022564 0.00224795 0.00224796 0.00224796 0.00502061 0.00224795 0.00224795 0.002248 0.00224795 0.00225934 0.0022566 0.00224795 0.00244603 0.00224795 0.00224832 0.00226816 0.00224795 0.00224795 0.00225337 0.00224795 0.00224796 0.00224795 0.00224795 0.00224795 0.00224833 0.00224795 0.00237327 0.002248 0.00224811 0.002248 0.00227428 0.00224795 0.00224795 0.00235455 0.00225086 0.00225754 0.002248 0.00224795 0.00224969 0.00224809 0.00224795 0.00224795 0.00224795 0.00224795 0.0022484 0.00225953 0.00225144 0.00224815 0.00224795 0.002248 0.00224796 0.00224819 0.00224843 0.00224798 0.00224795 0.00224805 0.00224795 0.00229337 0.00224795 0.00224795 0.00224795 0.00224795 0.00224795 0.00224795 0.00224795 0.00224795 0.00226606 0.00224795 0.00225494 0.00224903 0.00225277 0.00224795 0.00224795 0.00224795 0.002248 0.00224795 0.00224795 0.00224871 0.00224795 0.00224937 0.00224804 0.002248 0.00225595 0.00224795 0.00224796 0.00224795 0.00224795 0.002251 0.00225822 357.451 0.00224811 0.00224831 0.00224805 0.00224942 0.00224795 0.00225827 0.00224795 0.0023249 0.00225711 3.80035 0.00224795 0.00224826 0.00224795 0.00224795 0.00224795 0.00224797 0.00224795 0.00224846 0.00227178 0.00224795 0.00224795 0.00224804 0.00225247 0.00227813 0.00224795 0.00224795 0.00225811 0.00224795 0.00224795 0.00224805 0.00224795 0.00224795 0.00236746 0.00225461 0.00224795 0.00224795 0.00225681 0.00224823 0.00224795 0.00224795 0.00224988 238.628 0.00224795 0.00232328 0.0023201 0.00224795 0.00224795 19.2535 0.00224795 0.00224795 0.00224859 0.00224799 0.00224795 0.00225311 0.00224869 0.00224795 0.00226016 0.00224837 0.00224836 0.00225166 0.00224807 0.002283 0.00224795 0.00516701 0.00224995 0.00224795 0.00224798 0.00224795 14.5911 0.00224891 0.00224795 0.00224801 0.00224872 0.00224795 0.00224981 0.00224795 0.00225019 0.00229396 0.00225365 19.5326 0.00224795 0.00224795 0.00224795 0.00224795 0.00224795 0.00224795 90.5785 0.00224847 0.0022775 0.0022505 0.00224863 0.00228304 0.00224796 0.00227166 0.00224795 0.00225085 0.00224802 0.00234008 65.3419 0.00224795 0.00224797 0.00224795 0.00224795 0.00224795 0.00224795 0.00224795 0.00224795 136.048 0.00229593 0.00225083 0.002248 0.00224973 0.00224795 0.00229204 0.00224795 0.00225198 0.00225279 0.00228359 0.00224796 0.0022549 0.00224795 0.00224795 0.00225116 0.00224795 0.00224796 0.00224796 0.00224796 0.00237294 0.00224795 0.00224795 0.00224836 0.00225084 0.00227408 0.00226476 0.00224796 0.00224832 0.00224795 0.00224801 0.00224795 0.00224795 0.00224795 89.1608 0.00224797 0.00224795 0.00224795 0.00224795 0.00225855 0.00225582 0.00224795 0.00303399 0.00224795 0.00224798 0.0022654 0.00224795 0.00224823 0.00224795 0.00224795 0.00224795 0.00227643 0.00224797 0.00224795 0.00224795 0.0022833 0.00803745 0.0022562 0.00227977 0.00224795 0.00224797 0.0022526 0.00288664 0.00225104 0.00249354 0.00253104 0.00224909 0.00224811 0.00225927 0.00224795 0.00224795 0.00238886 51.5824 0.00224928 0.00225802 0.00224795 0.00224963 0.00224795 0.00224795 0.00433268 0.00224795 0.00224832 0.00224795 0.00225513 0.00224795 0.00224884 0.00224795 0.00224796 0.00225654 0.002248 0.00224795 0.00225764 0.00224811 0.00224795 0.00225842 0.00224795 0.00224848 0.00224795 0.00229176 0.00224795 0.00225828 0.0022555 0.00224798 0.00224797 0.00224795 0.00227811 0.00224795 0.00224827 0.00224795 0.00224798 0.00229006 0.00224795 0.00224795 0.00224795 0.00224795 0.00224795 0.00228408 0.00226017 0.00224796 0.00224795 0.00224799 0.00224868 0.00224873 0.00225248 0.00224795 0.00224877 0.00224933 0.00224804 34.6382 0.00231247 0.00225717 0.00231198 0.00224795 0.00224795 0.00236592 0.00224795 0.946868 0.00224795 0.00224855 0.00224796 0.00225265 0.00224797 0.00224795 0.00225825 0.00224975 0.00225802 0.00224801 0.00228047 0.00224795 0.00224795 0.00232621 0.00224799 0.00224795 0.00224795 0.00224821 0.00224805 0.00229579 0.00224796 0.00224798 0.00224798 0.00224795 0.0025336 0.00224796 0.00224795 0.00224795 0.00229201 0.00225284 0.0023776 0.00224799 0.00224798 0.00224875 0.00228773 0.00226615 0.00224795 0.00224795 0.00224795 0.0022493 0.00226608 0.00225009 0.00224795 0.00225381 0.00225802 0.00228227 0.00224796 0.00224795 0.00224795 0.0022565 0.00224795 0.00224802 0.00224795 0.00225143 0.00224819 0.00225442 0.00224811 0.00224795 0.00227194 0.00226572 0.00228053 17.417 0.00224795 0.00224858 0.00241878 0.00231679 0.00224795 0.00224795 0.00226065 0.00227195 0.00224795 0.00224872 0.00226313 0.00224806 0.00224799 0.00224795 0.00225949 0.00224795 0.00225002 0.00224809 0.00235776 0.00225031 0.00228398 0.00224803 0.00224799 0.00228685 0.00224795 0.00224795 0.00230806 0.00224795 0.00264088 0.00224796 0.00224795 0.00232307 0.00224795 0.00253851 0.00224795 0.00224822 0.00225361 0.0022482 0.003034 0.00226644 0.00548515 28.6851 0.00224795 0.00224795 0.00224942 0.00229682 0.00224915 0.00224836 0.00225203 0.00227136 0.00224828 0.00224795 0.00224836 0.00224945 0.049164 0.00225083 0.0022604 0.00241614 0.00224796 0.00224795 0.00224795 0.00224798 0.00224795 0.00224795 0.00224795 0.00224797 0.00226059 0.00224798 0.00231052 0.00225215 0.00224817 0.00225067 0.00226429 0.00224795 0.00224885 0.00224795 0.00224795 0.00224795 0.00430808 0.00224795 0.0022851 0.00224814 0.00224823 0.00224817 0.0023264 0.00224796 0.00224795 0.00224795 0.00224795 0.0022483 49.3946 0.00225417 0.00224795 0.00224801 0.00224795 0.00224795 0.00224795 0.00224795 0.00224795 0.00224795 0.00224795 0.00224909 0.00281553 0.00225151 0.00225371 0.00224795 0.0022482 0.00225373 0.00227694 0.00229642 0.00224795 0.00224835 0.00224832 34.6157 0.00224795 0.00224797 0.00224795 0.00235172 0.00224806 0.00225032 0.00224795 0.00224856 0.00224802 0.00224798 0.00224795 0.00224814 0.00224974 0.00224795 0.00224795 0.00224795 0.00224795 0.00224795 0.00226717 0.00224795 0.00241584 0.00224795 0.00224795 0.00224795 0.00224838 0.00224864 0.00224795 0.00224903 0.00224795 0.0537617 0.00224866 0.00225027 0.00232527 0.00224795 0.00224802 0.00224795 0.00224795 0.00224795 0.002248 0.00224795 0.00224795 0.00225133 0.00224855 0.00224795 0.00224795 0.00226806 0.00224795 0.00838368 0.00224795 0.00224795 0.00224795 0.00434992 145.328 0.00224795 0.00224795 0.00224795 0.00224855 0.00224796 0.00224796 0.00225002 0.00225303 0.00224795 0.00227467 0.0106338 0.00225354 0.00224798 0.00224795 0.00225498 0.00227859 0.00224909 0.00224886 172.423 0.00224806 0.00224795 0.00224795 0.00224975 0.00224795 0.00224795 0.00227044 0.00225346 0.00224795 0.0022482 0.00224795 0.00224809 0.00224795 0.00224795 0.00231062 0.00224797 0.00224797 0.00224795 0.00224795 0.00230359 0.00224953 0.00224795 0.00224795 0.00224795 0.00224795 0.00226002 0.00385076 49.5493 0.00224801 0.00224795 0.00224943 0.0022591 0.00224795 0.00224795 0.00225878 0.00224864 0.00224797 0.00225124 0.00224795 0.00224795 0.00227632 0.00224796 0.00224795 0.00224799 0.00224795 0.00224806 0.00224795 0.00224795 0.00224795 0.0022601 0.00224795 0.00224795 0.00227319 0.00230453 0.00224797 0.00224795 0.00224852 0.00224795 0.00224796 0.00224795 0.00224795 0.00224881 0.286288 0.00224799 0.00224795 0.00224795 0.00224795 0.00226082 0.00237559 0.00225812 0.00224795 0.00224798 0.00224795 0.00225414 0.00224847 0.00225596 0.00224797 0.00224795 0.00224795 0.00224795 0.00224795 0.00226598 0.00224795 0.00225209 0.00225298 0.00229906 0.00224795 0.00224795 0.00224795 0.00224795 0.00224795 0.00224796 0.002288 0.00224817 0.00224795 0.0022536 0.00224795 0.00224795 0.00224795 0.00224795 0.00224795 0.00224831 0.00225957 0.00224795 0.00263393 0.002248 0.00226984 0.00224797 0.00224838 0.00224801 0.00226484 0.00224795 0.00224795 0.00224886 0.00224795 0.00225065 0.00232826 0.00224795 0.00226405 0.00224797 0.00224795 0.00224795 0.00273307 0.00224795 0.00224834 0.00224795 0.00224795 0.00232471 0.00227187 0.00225655 0.00224795 0.00235098 0.00225708 0.00226288 0.00224795 0.00224795 0.00224811 0.00224795 0.00224795 0.00225829 0.00224795 0.00224795 0.00224795 0.00228491 0.00224795 289.153 0.00224795 0.00224795 0.00224795 0.00224795 0.00224946 0.0023983 0.00229986 0.00225219 0.00225227 0.00224873 0.340541 0.0022562 0.00227931 0.00225506 0.00224795 0.00224798 0.00251609 0.00225588 0.00224795 0.00224816 0.00224885 0.00224795 0.00224795 0.00224795 0.00235046 0.00224847 0.00224795 0.0022604 954.349 0.00240661 0.00224795 0.00224795 0.00224803 0.00225566 0.00227274 0.00224795 0.00224795 0.00224795 0.00224795 0.00224808 0.00228128 0.00225924 0.00225001 0.00224795 0.00224807 0.00224797 0.00224795 0.0022482 0.00225087 0.00224801 0.00224795 0.00224796 0.00224796 0.00224798 0.00224795 0.00224798 0.00224795 0.00224797 0.00226032 0.00224795 0.00224802 0.00234332 0.00224796 0.00225907 0.00225431 0.327497 0.00224795 0.00224795 0.00224809 0.00226115 0.00224795 0.0022481 0.00224795 0.00224795 0.00224824 0.00224795 0.00227334 0.00224818 0.00224795 0.00225292 0.00224815 0.00224795 0.00227221 0.00224839 0.00224795 0.00224795 0.00224795 0.00224795 0.00224795 0.00228662 0.00225148 0.00224795 0.00224796 0.00224796 0.00228191 29.0493 0.00224795 0.00227123 0.00224795 0.00224885 0.00228029 0.00224795 0.00224795 0.00226143 0.00225383 0.00226122 0.00232638 0.00226843 0.00232093 0.00224797 0.00224797 0.00224799 0.00224795 0.00224795 0.00233652 0.00224979 0.00228525 0.00224802 0.002248 0.00225075 0.00241598 0.00224801 0.00224813 0.00225325 0.00230894 0.00224795 0.00225631 0.002248 0.00225833 0.00224795 0.00226566 0.00255635 0.00231641 0.00224795 0.00224958 0.00224795 0.00224795 0.0022493 0.0022481 0.00229552 0.00224795 0.00224902 0.00224797 0.00224795 0.00224795 0.00224799 0.00224795 0.00224795 0.00224795 0.00224796 0.00224795 0.00230786 0.00224795 0.00224804 0.00224795 0.00224915 0.00224796 0.00224795 0.00225523 0.00224795 0.00225373 0.00224795 0.00224803 0.00224853 0.00224795 0.00224795 0.00224795 0.00225487 0.00225257 0.00224795 0.00225597 0.00224798 37.9504 0.00224795 0.00224931 0.00224795 0.00224795 0.00228137 0.00224795 0.00224795 0.00224795 0.00224795 0.00225072 0.00224837 0.00343577 0.00224795 0.00224795 0.00224985 0.00224795 0.00238263 0.00224831 0.00224839 0.00224796 0.00224795 0.00225997 0.00224799 0.00224801 0.00225158 0.00224909 0.00224795 0.00224795 0.00224798 0.00224795 0.00225087 0.00224795 0.00229456 0.00225309 0.00224795 0.00224915 0.00224795 0.00224795 0.00224796 0.00224829 0.00224795 0.00224795 0.00224795 0.00224795 0.00224796 0.00224796 0.00224988 0.00224881 83.0533 0.00224795 0.00224795 0.00224795 0.0022567 0.00224795 53.9617 0.00224798 0.00224838 0.00224796 0.00224798 0.0022955 0.00224795 0.00224795 0.00224795 0.00224795 0.00224798 0.00224836 0.00224806 0.0695635 0.00224795 0.00226289 0.00224795 0.00224795 0.00224805 0.00224795 0.0022644 0.00243608 0.00224797 0.00228462 0.00227879 0.0022866 0.00225488 0.00224806 0.00239821 0.00224795 0.00224795 0.00225907 0.00225109 0.002248 0.00224826 0.00224798 0.00225124 0.00224795 0.00224795 0.00228831 0.00224795 0.00228761 0.00224963 0.00224795 0.00224989 0.00224795 0.00224795 0.00225552 0.00224795 0.0022866 0.00224799 0.00224799 0.00226051 0.00224795 0.00315756 0.00224795 0.00224795 0.00224795 0.00225182 0.00224795 0.00224795 0.00224837 0.00224795 0.00224795 0.00225194 0.00224807 0.00225221 0.00224813 0.00224903 0.00227419 0.00224841 0.00233678 42.5997 0.00224795 0.00226305 0.00224798 0.00224796 0.00224802 0.00224795 0.00225131 32.6252 0.00225958 0.00224795 0.00224795 0.00224796 0.00225212 0.00240082 0.00224808 0.00224795 0.00224795 0.00226418 0.00224796 0.00224795 0.00225099 0.0022795 0.00224798 0.00224795 0.00224832 0.00224795 0.00224795 51.1303 0.00278862 0.00224795 0.00224798 0.00228514 0.00242551 0.00224797 0.00224838 0.00224795 0.00224919 0.00226449 0.00224842 0.00224795 0.00224795 0.00225005 0.00224795 0.00224795 0.00224981 0.00224795 164.112 5.7094 0.00224795 0.00224827 0.00605847 0.0026342 0.00225254 0.00228072 0.00224795 0.00224796 14.5215 0.00225314 0.00224795 0.00224795 0.00224795 0.00224795 0.00224795 0.00224795 0.00224795 0.00224847 0.00224796 0.00224795 0.00224823 0.00224885 0.00224795 0.00224795 0.00224795 0.00224863 0.00227501 0.00227545 0.00229578 0.00224795 0.00224795 0.00224802 0.00226955 0.00224871 0.00224795 0.00224796 0.00224797 0.00224795 0.00224799 0.00224795 0.00224795 0.00224795 0.00224944 0.00224795 0.00224795 0.00224795 0.00229434 0.00224796 0.00224795 0.00224832 0.00224795 25.6107 0.00224795 0.00224795 0.00225379 0.00224795 0.00224809 0.00433704 0.00224795 0.00224795 0.00231042 0.00224795 0.00224795 0.00224795 0.00224795 0.00224795 0.00225625 0.00224795 0.00224907 0.00224797 0.00225936 0.00224795 0.00224817 0.00227358 0.00229124 0.00224799 0.00224852 0.00224847 0.00225034 62.9414 0.00224795 0.00224801 0.00224795 0.00224795 234.195 0.00224795 0.0022488 0.002248 0.00224798 0.00231265 0.0023464 0.00225019 39.4999 0.00224882 0.00224836 0.00224795 0.00224795 0.00224823 0.00224795 0.00224795 0.00224795 0.00224801 0.00224813 0.00224822 0.00224795 0.00224795 21.9756 0.00224795 0.00224804 0.00225123 0.0022494 0.00224795 0.00225217 0.00224831 0.00224795 0.00224795 0.00224798 0.00224795 0.00225893 0.00224795 0.00224799 0.00224795 0.00225007 0.0022526 0.00224798 0.00224941 0.0022794 0.00224795 0.00227787 0.00224843 0.002248 0.00224795 0.00225953 0.0022658 0.00224795 0.00226168 0.00225057 0.00224795 0.00225823 0.00224795 0.00224797 0.00225761 0.00227792 0.00224795 0.00224795 0.00230661 0.00224795 0.00261058 0.00225114 0.00224795 0.00224805 0.00224795 0.00224873 0.00224795 0.00224796 0.00224795 0.00224795 0.00224836 0.00224827 0.00224824 0.00224807 0.00224797 0.00224795 0.00224802 0.00228771 0.00224795 0.00224795 0.00227127 0.00225226 0.00224795 0.00224795 0.00224796 0.00224915 0.00224795 0.00224795 0.00224833 0.00273474 0.00224795 0.00231685 0.002248 0.0022481 0.00224795 0.00234769 0.00234616 0.00224796 0.00224795 0.00225066 0.0022501 0.0022506 0.00224827 0.00224795 0.00224877 0.00224797 0.00224795 0.00224808 0.00224795 0.00224795 0.00227088 0.00224809 0.00224795 0.00224855 0.00224795 0.00224795 0.00224845 0.00225071 0.00228037 0.00224795 0.00231681 0.00224795 0.00231786 0.00224799 0.00224795 0.00227562 0.00224799 0.00233177 0.00224796 0.00226503 0.00224997 0.0022481 0.002253 0.00227997 0.00224795 0.00224795 0.00224795 0.00228924 0.00224866 0.00224795 0.00224795 0.00226868 0.0022481 0.00224795 0.00224795 0.00224857 0.00224798 0.00224914 0.00242272 0.00224796 0.00224795 0.00227064 0.010135 0.00224796 459.644 0.00224881 0.0022696 0.00231262 0.00224795 0.00224795 0.00231976 0.00224795 0.00224795 0.00224795 0.00224795 0.00226868 0.00225482 0.00224795 0.00224795 0.00226343 16.1284 0.00224795 0.00224795 0.0022482 0.00224795 0.00245066 0.00224796 0.00227867 0.00224836 0.00231877 0.00224891 0.00224795 0.00224795 0.00224795 0.00224798 0.00225748 0.0030842 0.00235579 0.002248 0.00237186 0.00224805 0.00244223 0.00226076 0.00224795 0.00224795 0.0022486 0.00224795 0.00224795 0.00226977 0.00224797 0.00224795 65.7431 0.00224796 0.00224795 0.00224795 0.00224795 0.00224875 0.00224795 0.00224795 0.00224795 0.00224854 0.00224795 0.002251 0.00225235 0.00224795 298.387 0.00224795 0.00224795 0.00224801 0.00224803 5.83536 0.00224795 0.00240025 0.00227473 0.00225006 0.00224795 0.00224795 0.00224795 0.00224795 0.00224795 0.00226234 0.00224795 0.00226523 0.0022568 0.0022528 0.00226355 0.00224795 0.00224795 0.00224921 0.00224801 42.0148 0.00225777 0.00224856 0.00224795 0.00253758 0.00224804 0.00224799 0.358457 0.00225478 0.00225017 0.00224796 0.00224987 0.00224795 0.00224795 0.00224821 0.00224795 0.00224795 0.00224795 0.00227514 0.00224857 0.00224801 0.00230891 0.00224827 0.00224824 0.00225154 0.00237196 0.00224859 0.00224839 0.00225167 0.00224829 0.00225108 0.00227156 0.00224795 0.00224795 0.00225471 0.00225615 0.00224795 0.0022521 62.7677 28.9595 0.00224795 0.0114104 0.00224795 0.00224812 122.728 0.0028739 0.00230175 0.00224797 0.00224795 0.00224795 0.00251052 0.00224795 0.00224795 0.00224795 132.955 0.00224795 0.00224795 0.00224795 0.00459839 40.6919 0.00224795 0.00225144 264.13 0.00224795 0.00226978 0.00224795 0.00224795 0.00224831 0.00224797 0.00224795 0.00224795 0.00224894 0.00229711 0.00224795 0.00224795 0.00227329 0.00224795 0.00225186 0.00224803 0.00224795 0.00224795 0.00224814 0.00224802 0.00224795 0.00235218 0.0022499 0.002248 0.0022495 0.00224795 0.00224795 0.00225364 0.00224795 0.00224795 0.0022498 0.00224795 0.00224795 0.00224807 0.00224795 148.32 0.00224795 273.752 0.00224796 0.00224795 0.00224797 0.00224795 0.00224966 0.00224795 0.00224805 0.00224918 113.62 0.00225475 0.00233637 0.00224795 0.00224795 0.00224795 0.00224795 0.0022481 0.00224795 0.0131606 0.002248 0.00224798 0.0022486 0.00224795 0.00226368 0.00689158 0.00224801 0.00224865 0.00225729 0.00225408 0.00224797 0.00441078 0.00229596 0.00224795 0.00224795 0.00283027 0.00224799 0.00224795 0.00224795 0.00225244 0.00224843 0.00224877 0.00224795 0.00228491 0.00224795 0.00224795 0.00224798 0.00234393 0.00224795 0.00226573 0.00224802 0.00224795 0.00224795 0.00224795 0.00225007 187.38 0.00224811 0.00224797 0.00224852 0.00241907 0.00224795 0.00229856 0.00224845 0.00224795 0.00236082 0.00224795 0.00224795 0.00224795 0.00224814 0.00224795 0.00224795 0.00230591 0.00224941 0.00224795 0.00224795 0.00224986 0.00225393 0.00224801 0.00224795 0.00224795 0.00224799 0.00224795 0.00224798 0.00224795 134.381 0.00224806 0.00224795 0.00224795 175.231 0.00237552 0.00224898 0.00224796 0.00225684 0.00224829 0.00224943 2.27679 0.00224795 0.00224864 0.00225597 0.00224942 0.00224797 0.00224795 0.00224795 0.00224821 0.00224795 0.00225679 0.00235571 0.00224795 0.0022514 0.00224795 0.00224795 0.00224795 0.00224795 0.00224795 0.00224851 0.00227362 0.00224795 0.00224795 0.00224795 0.0022483 0.00235221 0.00224917 0.00224805 0.00225666 0.00225201 0.00224795 0.00224795 0.00224795 0.00224795 0.00229622 0.00226219 63.7059 0.00224926 0.00327719 0.00224974 0.00224929 249.079 0.00224795 0.00224796 0.00224985 0.00224801 0.00227602 0.00224795 0.00224797 0.00224795 0.00224795 0.00232311 0.00225265 0.00224796 0.00226265 0.002248 0.00224802 0.00224796 0.00224798 0.00224795 0.00224795 0.00224795 0.00225365 0.00224811 0.00225044 0.00225497 0.0022481 0.00227344 0.00225256 26.1249 0.00224795 0.00225888 0.00224795 0.00263256 0.00224795 0.00224795 0.00224795 0.00224795 0.00227594 0.00224795 0.00224795 0.00224803 0.00224795 0.00224795 0.00224795 0.00224795 0.00227224 0.00365829 0.00224805 0.00224795 0.00224802 0.00224795 0.00226151 0.00224795 0.00224795 656.983 0.00224795 0.00224795 0.00227699 0.00224795 0.00224855 0.00224903 0.00227235 0.00224795 0.00224795 0.00224795 0.0022829 0.00224795 0.00224795 0.00224795 0.00268312 0.00224795 0.00224795 0.00226911 0.00224845 0.00229778 0.00224795 0.00224795 0.00237939 0.00528021 0.00226969 0.00224795 0.00226763 0.00224826 0.00224795 0.00228109 0.00225066 0.00242333 0.00225148 0.00226944 0.00224795 76.9944 30.5396 0.00224795 0.00229765 0.00226728 0.00224908 0.00224795 0.00224807 0.00224795 0.00231812 0.00224795 0.00224914 0.00224795 0.00229572 0.00225411 0.00224795 0.0022482 0.00235991 0.00225202 0.00224835 0.00224799 0.00228563 0.00224795 0.0022482 0.00225176 0.00230402 0.00224795 0.00230323 0.00224804 0.00224795 0.00234537 0.00224814 0.00225549 67.3567 0.00225266 0.00224795 0.00225607 0.00224795 0.00224854 0.00226224 0.00224906 0.00224795 0.00224997 0.00224802 0.00229476 0.00224803 0.00224795 0.00224795 0.00225138 0.00224795 0.00224795 0.00224795 0.00233333 0.00224796 0.00224795 0.00225345 0.00224795 0.00240489 0.00224803 0.00246576 0.00224795 0.00224795 0.00224962 0.00224795 0.00224795 27.2661 0.00224795 0.00226775 0.00224925 0.00224801 0.00224795 161.521 0.00224795 0.00224795 0.00224795 0.00224795 0.00226446 84.3099 0.00227738 0.00224795 0.00225144 0.00225989 0.00224807 0.00224795 0.00224795 0.00224815 0.00224863 0.00227292 0.00224795 0.00224883 0.00224795 0.00225228 0.00224795 0.00228432 0.00224796 0.00224896 0.00224796 0.00225149 0.00225567 0.00385685 0.00224795 0.00226545 0.00224796 0.00227843 0.00224845 0.00224795 0.002249 0.00224893 0.0022505 0.00224795 0.00243268 0.0022482 0.00224795 0.00228034 0.00224844 0.00224847 0.00224796 0.00224795 0.00247202 0.00224795 0.00224795 0.00224795 0.00224795 0.00224795 0.00224803 0.00224795 0.00224797 0.00224859 0.00224796 0.00224795 0.00224801 0.00225447 0.00224821 0.00224795 0.00224831 0.00225343 0.00225242 0.00224886 0.00224795 0.00224795 0.00224795 0.0024007 0.00224795 0.00231642 0.00224795 0.00224837 0.00224798 0.00224798 0.00224795 0.00224795 0.00224898 0.00224795 0.00227003 0.0022866 0.00224838 0.00238745 0.00227509 0.00224798 0.00224796 0.00224795 0.00224795 0.00224795 0.00224965 0.00224795 0.00224958 0.00224795 0.00224795 0.00224795 0.00224795 0.00224795 0.00224795 0.00224795 0.00224804 0.00224795 0.00271307 0.00225054 0.00224795 0.0033538 0.00224795 0.00224857 0.00224795 0.00224795 0.00225719 0.002248 0.00224797 0.00224795 0.00224795 0.00224831 0.00224795 0.0022483 0.00224798 0.00224795 0.00224795 0.00232309 0.00228347 0.00225434 0.00225532 0.00224812 0.00224795 0.555997 0.00224795 0.00224887 0.00233147 0.00225487 0.00225256 0.00224795 0.00229239 0.00225999 0.0022505 0.00224795 0.00228317 0.00225072 0.00225078 0.00224865 0.00227092 0.00230316 0.00224912 0.00224795 0.00224856 0.00235985 0.00225888 0.00228871 0.0022578 0.00224802 0.00224796 0.00305224 0.00224795 0.00225356 0.00225065 0.00225737 0.00224825 0.00224795 0.00224796 0.00224933 0.00374879 0.00224795 0.00224868 0.00224795 0.00336574 0.00224799 21.0085 0.00224842 0.00225271 0.00224795 0.00224795 0.00224795 0.00224795 0.0022617 0.00224825 0.00226937 0.00225321 0.00228051 0.00392134 0.00226065 0.00224795 0.00224795 0.00234193 0.00225923 0.00224814 0.00224795 0.00224812 0.00224795 0.00225735 0.00228265 0.00224798 0.00224795 0.00225052 0.00224795 0.00226398 0.00236244 0.00224834 0.00225113 0.00224795 0.00225267 160.544 0.00224795 0.00224883 86.3361 0.00234993 0.00224795 0.00224809 0.00224887 0.00224795 0.0022582 0.00225066 0.00224795 0.00224818 0.00224814 0.00224795 0.00224795 0.00224798 0.00224808 0.00224822 0.00276657 0.00224795 0.00224801 0.00224797 0.00224795 42.7086 0.00224795 0.00225674 0.00224795 0.00229633 0.00224795 0.0022497 0.00224795 0.00227498 77.8411 0.00224864 0.00226482 0.00224796 0.00224795 0.00224869 0.00234617 0.00224824 0.00224796 0.00224797 0.00224795 0.00303526 0.00224797 0.00224894 0.00225408 0.00229943 0.00227665 0.00224795 0.0022519 0.00224795 0.00243187 0.00226487 0.00224795 0.00224814 0.00224795 0.00226869 0.00224795 0.00227598 0.00224795 0.00224795 0.00224795 0.00224796 0.00231626 0.00237797 0.00224795 0.00224795 0.00225894 0.00228911 0.00224795 0.00224795 0.00224795 0.00224795 0.00224801 0.00226048 0.00224844 0.002248 0.00224795 0.00224869 0.00224795 0.00224983 0.00224795 0.00224855 0.00224805 0.00224795 0.00224795 0.00227643 0.00225448 0.00224795 0.00224795 0.00224795 0.00227028 0.00224806 0.00224795 0.00224795 0.00224795 0.00224795 0.00224795 0.00224795 0.00225463 0.00226438 0.00224795 0.00226853 0.00224801 0.00224795 0.00224795 0.00224802 0.00224795 0.00226639 0.00224795 0.00224795 0.00224803 16.2337 0.00224795 0.00224795 0.00225269 0.00224795 0.00224797 0.00968488 0.00226602 0.00225227 0.00225508 0.00224795 0.00225707 0.00272314 0.00227863 0.002457 0.00224865 0.00224935 0.00224795 0.00227841 0.00224797 0.00224799 0.00224795 0.00224796 0.0022481 0.00224795 0.00224795 0.00224799 0.00236755 0.00224795 0.00224795 0.00231674 0.00224795 0.00224796 0.00226242 0.00224795 0.00225069 0.00227301 0.00224795 0.00224795 0.00225936 0.00224795 0.00225735 0.00224958 0.00228177 0.00224809 0.00224796 0.00225091 0.00225199 104.701 0.00224903 0.00226003 0.00224825 0.00225631 0.00224795 0.00224796 0.00224795 0.00224795 0.00224802 0.00224796 0.002248 0.00224796 0.00224796 0.00224795 0.00224795 0.00224804 0.00232314 0.00224795 0.00226437 0.00225282 0.00225443 0.00224796 0.00225018 0.00224795 0.00224795 0.00224795 0.00227423 0.00224807 0.00224807 0.00224795 0.00226238 0.120639 0.00224795 0.00224795 0.00224806 0.00224795 0.00227537 0.00224795 0.00224795 0.00224795 0.00224795 0.00224796 0.00224795 0.00224795 0.00224795 43.6408 0.00227891 0.00224795 0.00224795 0.00228207 0.00224795 0.00226867 0.00224795 0.00224795 0.00224795 0.00224795 0.00227847 0.0022516 0.00224795 0.00224795 0.00224795 0.00224801 0.00224795 0.00225136 0.00237008 0.00224798 0.00224795 0.00226265 0.00225943 0.00236314 0.00224795 0.00224795 0.00224795 0.00224925 0.00224795 0.00224795 0.00225019 2531.69 0.00224801 0.00224795 0.002248 0.00224801 0.00224795 0.00231234 0.00224795 0.00224795 0.00226658 0.00224852 0.00224795 0.00224795 0.00224811 31.1046 0.00226897 0.00224814 0.00224795 0.00234701 0.00224795 0.00225138 0.00224795 0.00224795 0.0022486 0.00224795 0.00228597 0.00225449 0.00224816 0.00224809 0.00238211 0.00224795 0.00224795 0.00229563 0.00224802 0.00224795 0.00224795 0.00227131 0.00224795 0.00224902 0.00224795 0.00224795 0.00224795 0.00228673 0.00232769 0.0022576 0.00224795 0.00224796 0.00234778 0.00224903 0.00224795 0.00224795 0.00224806 0.00224795 0.00224795 0.0022624 0.00224795 0.00224795 0.00224796 0.00226559 0.00225029 0.00227276 0.00224795 0.00224795 0.00224819 0.00224803 0.00224798 0.00224795 0.00224796 0.00224795 0.00224798 0.00224798 0.00224795 0.00224795 0.00224795 0.00231684 0.00224795 0.00224795 0.00224795 0.00224795 0.00224797 0.00225075 0.0022482 0.00224795 0.00234835 0.00224795 0.00224796 0.00224795 0.00224795 0.00224806 0.00224795 0.00231572 0.00229373 0.00224795 0.00243965 0.00224818 0.00224795 0.00224795 0.00224795 0.00224969 0.00224795 0.00224795 0.00224795 0.00224795 0.0022821 0.00224808 0.00227372 0.00224795 0.00224795 0.00224795 0.00224802 0.00224795 0.00224795 0.00224795 0.00224795 0.00230375 0.00224811 54.6465 0.00225436 0.00224795 0.0022488 0.00224795 0.00225078 0.00224842 0.00224843 0.00224835 0.00224795 0.00224812 0.00224795 0.00224795 0.00224884 0.00224795 0.00225815 0.00224796 0.00224796 0.00224795 0.00232361 0.00226135 0.00227954 0.002248 0.00317373 0.00225149 0.00224795 0.00224795 0.00224795 0.00224834 0.00224881 0.00224795 0.00224795 0.00234529 0.0022522 0.00226311 0.00225545 0.00224797 0.00225194 0.00224795 0.00224832 0.00224874 0.00224795 0.00229232 0.0022792 0.00224826 0.00226521 104.565 0.00224887 0.00224804 0.00224795 0.00224796 0.00224795 0.00224795 0.00224795 0.00225896 0.00224819 0.00230322 9.65338 0.002283 0.00224795 0.00224796 0.00224812 0.00224795 0.00224838 0.00225009 0.00224796 0.00230882 0.00224851 0.00256636 0.00224795 0.00273146 0.00228132 0.00226535 0.00224795 0.00224795 0.00224795 0.00224802 0.00224795 0.0022713 0.00224886 4.31475 0.00224801 0.00224795 0.00224795 0.00224815 0.00240911 0.00229414 0.00224795 0.00224795 0.00231081 0.00224795 0.00224826 0.00224821 0.00229822 0.00224826 0.00224827 0.00235451 0.00225122 0.00224795 0.002248 0.00224795 0.00226771 0.00224795 0.00224795 0.00224795 0.00224795 0.00224795 0.00234655 0.00224795 0.00232744 0.00224795 0.00224795 0.00226728 0.00224795 0.00233986 0.00224812 0.00230977 0.00225757 0.00227296 0.00224835 0.00224811 36.3446 0.00224979 0.00224807 0.00224795 0.00224913 0.00224796 444.336 0.00224883 0.00224798 0.00237644 0.00225622 0.00233188 0.00224795 0.00224796 0.00224795 0.00224795 0.00224795 0.00224795 0.00226057 0.0022654 0.00229096 0.0022481 0.00224795 0.00224795 0.00224795 0.00226203 0.00224799 0.00224923 0.00225341 0.00464751 0.00224795 0.00224836 0.00224837 0.00224795 0.00224795 0.00224795 0.00224795 0.00224795 102.201 0.0022481 0.00224811 0.00224795 0.00224795 0.00224796 0.0022611 0.00224795 0.00224795 0.00224795 0.00224795 0.00224852 0.00224795 0.00224803 0.00226353 0.00224828 0.00224797 0.00235337 0.00224795 0.00225335 0.00224795 0.00224795 0.00225027 0.00225469 0.00224795 0.00224795 0.00224795 0.00224837 0.00226599 0.00226083 0.00229702 0.00224795 0.00224795 0.00224807 0.00224795 0.00226762 0.00224896 0.00224795 0.00224795 0.00227697 0.00224799 0.00224844 23.8909 0.00224795 0.00224823 0.00224795 0.00224795 0.00224795 0.00225051 41.5776 0.00233984 0.00224801 0.00227412 0.00224795 0.00227641 0.0022484 0.00224912 0.00224795 0.00224795 98.9392 0.00224796 0.00224795 0.00224801 0.00225123 0.00224795 0.00224795 0.00224795 0.00224795 0.00229397 0.00224795 0.00225759 0.00224803 0.00224795 0.00225091 0.00225424 0.00224795 0.00226035 0.00224796 106.072 0.00224821 0.00224795 0.00224803 0.00228671 0.00224795 0.00224796 0.00225778 0.00226323 0.00225074 0.00224863 0.00224795 0.00224795 0.00229587 0.00224795 0.00228463 0.00225952 0.0022964 0.00224796 0.00224936 0.00224795 0.00228753 0.00228046 0.00224795 0.00224795 0.0022742 0.00224795 0.00224795 0.00227294 0.00225347 0.00231076 0.00224795 0.0022487 0.0022483 0.00237049 0.00224795 0.00224795 0.00224813 0.00224795 0.00244393 57.1578 0.00224801 0.00224796 0.00227558 0.00224826 0.00225715 0.00243975 0.00224795 0.00225697 0.00224801 0.00225018 0.00224795 0.00224796 0.00224796 0.00224795 0.00224852 0.00225181 0.00225741 0.00225062 0.00225508 0.00224817 0.00224795 0.00224861 0.00224795 0.00224795 0.00224796 0.00225216 0.00227239 0.00224795 0.00224795 0.0022483 0.00224828 0.00224795 0.00224799 0.00225146 0.00224795 0.00232004 0.00225313 0.00224853 0.0022646 0.00224795 0.00224795 0.00229483 0.00224811 0.00227061 0.0022536 0.00224795 0.00226151 0.00225952 0.00224898 0.00224812 0.0022522 0.00224795 0.0022505 0.0022623 0.00227138 0.0022486 0.0022625 0.00227513 0.00224795 0.00224795 0.00224795 0.00224795 0.00224795 0.00224923 0.00225907 0.0022481 0.00224795 0.00224795 0.00224795 0.00224795 0.00224796 0.00224795 0.00260556 0.00224818 0.00224802 0.00227136 0.00224795 0.00224795 0.00227791 0.00224802 0.0022704 0.00224795 0.00224795 0.00225786 0.00232202 0.00224799 0.00224799 0.00225449 0.00224795 0.00239791 0.00224801 0.00224795 0.00225029 0.00224795 0.00224795 0.00224795 0.00224795 38.6534 0.00224795 0.00224795 0.00224796 0.00225478 0.0022815 0.00224797 0.00257369 0.00224795 0.00224796 0.00231113 0.00224795 0.00225485 0.00224795 0.00224795 0.00224795 0.00224795 0.00225331 0.00224795 0.00224901 0.00226684 0.0023359 0.00225218 0.00224795 0.00224795 0.00224795 0.00224796 0.00224854 0.00224795 0.00224795 0.00224818 0.00226069 0.00224795 0.00224795 0.00224812 0.00224795 0.00224795 0.00224798 0.00224797 0.00224795 0.00224801 0.00224795 0.00229172 0.00224816 0.00224798 0.00224796 0.00224796 0.00224795 0.00224807 0.103133 0.00225045 0.00224808 0.00224795 0.00224795 0.00224795 10.8766 0.00228059 0.00224795 0.00224856 0.00224795 0.00225027 0.00224795 0.00225113 0.00224795 0.00227323 0.00224795 0.00225721 0.0022522 0.00224799 0.00224795 0.00224795 0.00224856 0.00224795 0.0022483 0.00224888 0.00224928 0.00225849 0.00224795 0.00224795 0.0027534 0.00224795 0.00224796 0.00228949 0.00232729 0.00224795 0.00224795 0.00225716 0.00224795 0.00238399 0.0022481 0.00227127 0.00224795 0.00224795 0.00224801 0.00225313 0.00224825 0.00230384 0.00224795 19.6714 0.00225752 0.00224809 0.00224795 0.00224795 0.00224795 0.00224795 0.0023249 0.00224795 0.00224795 0.00224796 0.00227542 0.00224795 0.00224804 0.00224801 0.00284897 0.00224795 0.00224795 0.00224795 0.00234548 0.00224934 0.00224795 0.00224796 0.00314646 0.00226793 0.00224798 0.00225823 0.00224795 0.00231074 0.00224795 0.00224808 0.00224948 0.00224795 0.00224797 0.00224799 0.00225105 0.00224795 0.00225446 0.00224796 0.00224795 0.00225071 0.00224806 0.00224795 0.00224815 0.00232111 0.00224795 0.0022619 0.00224795 0.00224899 0.00225534 0.00224796 51.0233 0.00386595 0.00227464 0.00224795 0.00224795 0.00226565 0.00224795 0.00224796 0.00224931 0.00224795 0.00240882 0.00224795 0.00224795 0.00224795 131.521 0.00224795 0.00224795 0.00224795 0.00227061 0.0022481 0.00224795 0.00224795 0.00224856 0.00224796 0.00224796 0.00224795 67.859 0.00224795 0.00224795 0.00227869 0.00224926 0.00224798 0.00224839 0.00224795 0.00224796 0.00225015 182.969 0.00224795 0.00224811 0.00224795 0.00224802 0.00225753 0.00225111 0.00224799 0.00225201 0.00224795 0.00224795 0.00234684 0.00224816 0.00226298 0.00226361 0.00224893 0.00224795 0.00231644 0.00224795 0.00224795 0.00224803 0.00224795 0.00224795 0.00224795 0.00224795 0.00224908 0.00224795 0.00224806 0.00224795 0.00224826 0.00224795 0.00224795 0.00224809 0.0022496 0.00224795 0.00224795 0.00224827 0.00233223 0.00224865 0.00228588 0.00224796 0.00225633 0.00224795 0.00224795 0.00224795 0.00224795 0.00224795 0.00225124 0.00224795 0.00224806 0.00224795 0.00224796 0.00224849 0.00523832 0.00226785 0.00224796 0.00224795 0.00224795 0.00225313 0.00224795 0.00226096 0.00227397 0.00224795 0.00225593 134.549 0.00224796 0.00224795 0.00224795 0.00224846 0.00224871 0.00224795 0.00225412 0.00224795 0.002248 0.00224795 0.00224796 0.00224795 0.00226155 0.00224796 0.00224799 0.00224795 0.00224795 0.00224795 0.00225753 0.00224795 0.00227827 0.00224796 0.00224803 0.00224795 0.00224799 0.00225016 0.00227915 0.00230064 0.00224795 0.00226071 19.2561 0.00400457 0.00224795 0.00224795 0.00224795 0.00239894 0.00224795 0.00224795 0.00224795 0.00242376 0.00224795 0.00224795 0.00224795 0.00225083 0.00224795 0.00224795 0.00225126 0.00232279 0.00225571 0.00231008 0.00224795 0.00224795 0.00229105 28.3519 0.00224883 0.00224884 0.00229929 0.00224922 0.00224795 0.00224795 0.00224795 0.00224795 0.00224795 0.00231458 0.00224795 0.00224795 0.00225832 0.00224795 0.00224795 0.002268 0.00224795 0.00224795 0.00233866 0.00227061 0.00226444 0.00224795 0.00224795 0.00224808 0.00226123 0.00226441 0.00224797 0.00224795 0.00224795 0.00226963 0.00224795 0.00224795 0.00228603 1.23705 0.00226017 0.00224795 0.00227464 0.00224795 0.00224795 0.00224795 0.00224803 0.00612395 0.00224795 0.00224796 0.00227119 0.00229703 0.00224795 0.00224795 0.00224795 0.00224956 0.00224795 0.00224795 0.00275342 0.00224796 0.00227199 0.00224799 0.00224795 0.00224802 0.00224795 0.00224795 0.00224795 0.00224795 0.00224798 0.00224795 0.00227885 0.0022511 0.00225426 0.00224812 0.00224795 0.00224795 0.00229918 0.00227922 0.00224901 0.00226119 0.00224832 0.00224795 0.00224804 0.00227894 0.0022633 0.00224961 0.00224795 0.00224795 0.00228496 0.00226845 0.00224796 0.00224796 0.00224795 0.00227786 0.00224962 0.00228823 0.002248 0.00224795 0.00224795 0.00224799 0.00224795 0.00224998 0.00225397 0.00224796 0.00224922 0.00224795 0.00229579 0.00224832 0.00225504 0.00224795 0.00224795 0.00226159 0.00226751 0.00224795 0.00224795 0.00225696 0.00225693 0.00224795 0.0027577 0.00224795 0.00225406 0.00224796 0.00241603 0.00224795 0.00224795 0.00224795 0.00224912 0.00227516 0.00225216 0.00226062 0.00229352 0.00224806 0.00225272 0.00224795 0.00224795 0.00227202 0.00224806 0.00224795 0.00225262 0.00225218 0.00228099 0.00224795 0.00224795 0.00224795 0.00224795 0.00224795 0.00224795 0.00313254 5.85108 1.68484 0.00224795 0.00224799 0.00224796 0.00224856 0.0022888 0.0022855 0.00224803 0.00224795 0.00224906 0.00224795 0.00224795 0.00224795 0.00224834 0.00224795 0.00224824 0.00224795 0.00231392 0.00224795 0.00228088 0.00224795 0.00224795 0.00245617 0.00224878 0.00224795 0.0022509 0.00225091 0.00224795 0.00255729 0.00224795 0.00224796 0.00224795 0.00224795 0.00224795 0.00225493 0.00224821 0.00224795 60.1691 0.00229139 0.00226598 0.00228626 0.00224795 0.00224795 0.00224795 0.00224795 0.00224795 0.00225646 10.8766 0.00225596 0.00224797 0.00224795 0.00224795 0.0023357 0.00225272 0.00224799 0.00224804 0.00224795 0.00224795 0.00224796 0.00224805 0.00225479 0.00224795 0.00224863 0.00224795 0.00224795 0.00225507 0.00224795 0.00229431 0.00233715 0.00224852 0.00224795 0.00224795 0.00224795 0.00224795 0.00224795 0.00224795 0.00246948 0.00224801 0.00224828 0.00224795 0.0023143 0.00224795 0.00224825 0.00225606 0.00224795 0.00226555 0.0022652 0.00229865 0.00224795 0.00224796 0.00224795 0.00229991 0.00224795 0.00224963 0.00346883 0.00224795 0.00234253 0.00226255 0.00226657 0.00224808 0.00224812 0.00224795 0.00224795 0.002248 0.00224796 0.00224795 0.00225278 0.00224819 0.00224795 0.00224795 0.00224795 0.00224795 0.00224795 0.00224795 0.00224795 0.00232032 0.00224796 0.00224795 0.00224795 0.00224828 0.00224798 0.00224803 0.00224795 0.00224838 0.00224807 0.00228616 0.00224795 0.00224795 0.00224799 0.00259234 0.00227113 0.00225092 0.00224795 0.00224795 0.00224795 0.00225108 0.00224795 0.0022512 0.00224795 0.00224819 64.6216 0.00225362 0.00224795 0.00224941 0.00224835 0.00224795 113.485 0.00225002 0.00224795 0.00224798 0.00224795 0.00224796 0.00224795 0.00225177 0.00224795 0.00224795 0.00224795 0.00224796 0.00225508 0.00228911 0.00224795 0.00224795 0.00225267 0.00224804 0.00224806 0.0023431 0.00224897 0.00237781 0.00224795 1.28861 0.00224985 0.00225135 0.00224797 0.00224795 0.0022483 0.00225136 0.0022487 0.00224795 0.00224797 0.00229318 0.00224795 0.00224809 0.00224795 0.00239162 0.00224944 0.00224795 0.00226233 0.00225113 0.00224795 0.00224795 0.00224795 0.00224796 0.00224795 0.00224795 0.00224827 0.00224795 0.00224795 0.00225436 0.00224795 0.00225794 0.00224795 0.00227894 0.00224909 0.00224805 0.00224875 0.00224795 0.00224797 0.00224998 0.00225203 0.00224795 0.00224802 12.5279 0.00224795 0.00224909 0.00227309 0.00231436 0.00224839 0.00224795 0.00224795 0.00224796 0.00224803 0.00224795 0.00224795 86.4298 0.00224795 0.0022543 0.00224796 0.00224795 0.00225143 0.00224795 0.00224846 0.00226335 0.00224795 0.00224795 0.00224814 0.00225923 0.00224795 0.00272625 0.00224795 0.00224853 0.00225023 0.00224807 0.00225032 0.00224796 0.00224795 0.00226949 0.00224795 0.00224856 0.00224799 0.00225822 0.00224795 0.00225494 0.00224813 0.0022481 0.00225613 0.00224802 0.00226859 0.00226209 0.00224795 24.4932 0.00247566 18.8992 0.0022481 0.00224823 0.00224929 0.00224798 0.00226909 0.00224795 0.00224796 0.00224795 0.00224852 0.00231686 0.00224795 0.00224795 0.0022675 0.00224795 0.00224795 0.00224795 0.00225934 0.00225334 0.00224795 0.00224806 0.00224815 0.00224795 0.00226361 0.00235892 0.00224795 0.00224795 0.00224796 0.00224857 0.00224795 0.00224977 0.00224809 0.00224795 0.00225554 0.00224796 0.00226626 0.00224795 0.00239074 0.00225132 0.0022681 294.471 0.00224859 0.00299898 0.00224799 0.00257566 0.00225263 0.00224795 0.00224795 0.00224795 0.00224795 0.00224795 0.00224812 0.00224797 0.00224796 0.00224795 0.00224801 0.00224997 0.00224813 0.00224795 0.00227634 94.1407 0.00224795 0.00224836 0.00224796 0.00224799 0.00224795 0.00224828 0.00226386 99.0971 0.00224795 0.00224799 0.00226747 0.00224795 0.00233116 0.002248 0.00224795 0.00224804 0.00224795 0.00224795 0.00228589 0.00226397 0.00227573 0.00224795 0.00224857 0.00224795 0.00224795 0.00225684 0.00224795 0.00224819 0.00224795 0.00235564 0.00224795 0.00224802 175.552 0.00225244 0.00224801 0.00224795 0.00224795 0.00225242 0.00226052 0.00224795 0.00224795 0.00224853 0.00224795 0.00224795 0.00239575 0.00224824 0.00224795 0.00224795 0.00224795 0.00224813 0.00224795 0.00228807 0.00224795 0.00224795 0.00225388 0.00227138 0.00224798 0.00253893 0.00227954 0.00226647 0.002248 0.00224795 0.00224911 0.00228393 0.00224877 0.00224799 0.0023249 0.00224795 0.00228364 0.00225288 0.00224795 0.00224795 0.00224808 0.00224795 0.00226851 0.00224964 0.00225349 0.002248 0.00224795 0.00224795 0.00225307 0.00224795 0.00224804 0.00224795 0.00224918 0.00224795 0.00224795 0.00224826 0.00224795 0.00224795 0.00225019 0.00224804 0.00231325 0.00232444 0.00224795 0.00224824 0.00230638 0.00224796 0.00224795 0.00224795 0.00231077 0.00224795 0.00224795 0.00224795 0.00224852 0.00224795 0.00224819 0.0023299 0.00224795 0.00224795 0.00224795 0.00224795 0.00224795 0.00224864 0.00224795 0.00304774 0.00224836 0.00224796 0.00224799 0.00224795 0.00225185 0.00224849 0.00224812 0.00459834 0.00224868 0.00224897 0.00224795 0.00224833 0.00224795 0.00224795 0.00226534 0.00224795 0.00224831 0.00224795 0.002248 0.00225147 0.00224795 0.00224919 0.00224799 0.0022497 0.00224795 0.00224795 0.00224801 0.00225165 0.00224795 0.00224795 0.00224801 0.00224796 0.024478 0.00230418 0.00224846 0.00226067 0.00224795 0.00225619 0.00225144 0.00224926 0.00224796 0.00224795 0.00224796 0.00226719 0.00228714 0.00224801 0.00224795 0.00224795 0.00224853 0.00227484 0.00224798 0.00224797 0.00224795 0.00224803 0.00224795 0.00224795 0.00224807 0.002274 0.00224795 0.00224795 0.00224795 0.00224795 0.00227095 0.00225059 0.00224795 0.00224797 0.00224795 0.00224795 0.00224795 0.00224795 0.00224795 0.00224795 0.00224796 0.00224797 0.00224885 0.00224795 0.00238968 51.2257 134 0.00224795 0.00224795 0.00224795 0.00224795 0.00224795 0.00225255 0.00224795 0.00224799 0.00245019 0.00224803 0.00224795 0.00224795 0.00228625 0.00225253 0.00224795 0.00224881 0.00224795 0.00224795 0.00224795 0.00224816 0.00225484 0.00224972 0.00224795 0.00224795 0.00224795 0.00224795 0.00224809 0.0022484 0.00224795 0.00224795 0.00224795 0.00224817 0.00224894 0.00224795 0.00224894 0.00227155 0.00227476 0.00224795 0.00228913 0.00235274 0.00228373 0.00246284 0.00224797 0.00224795 0.00224795 0.00225066 0.00224795 0.00224811 0.00224847 0.00224795 0.00226718 0.00224795 135.212 0.0023053 0.00224795 0.00224795 0.00227123 0.00224795 0.00231472 0.00224795 0.00224869 0.00224795 0.00224795 0.00224795 0.00224795 0.0025145 0.00224803 0.00224796 0.00226436 0.00224942 0.00230962 0.00224796 0.00224795 0.00224819 0.00224801 0.00233389 0.00224795 0.00224795 0.00224796 0.00224795 0.00224859 0.00224795 0.00224795 0.00224795 0.00224839 0.00224822 0.00224795 0.00231436 0.00224795 0.00224795 0.00224795 0.00229909 0.00224795 0.00224795 0.00224795 0.00224863 0.00224796 0.00224797 0.00224795 94.1149 0.00224803 0.00226709 0.00224795 0.00224903 0.00224809 0.00224808 0.00225501 0.00224795 0.00227846 0.00224795 0.00224795 0.00224895 0.00224795 0.00225204 0.00224795 0.00232264 0.00224795 0.00224824 0.00227446 0.00224796 0.00224924 0.00224932 75.6721 77.5734 0.00225304 0.00225107 0.00224831 0.00228395 0.00226456 0.0269832 0.00224795 0.00225467 0.00224795 0.00224795 0.00229711 0.00224795 0.00224795 0.00224946 0.00234567 0.00224813 0.00225182 0.00224806 0.00224795 0.00224795 0.00224795 0.00224797 0.002248 0.00224795 0.00224795 0.00224796 0.00225205 0.00224795 0.00224795 0.00224804 0.00224795 0.00227367 0.00224826 0.00224801 0.00225065 0.00225384 0.00224795 0.00224821 0.00225414 0.00224816 0.00224826 0.00225208 0.00225084 0.00224868 0.00226479 0.226428 0.00231315 0.00227577 0.00234969 0.00226957 0.00224795 0.00224906 0.00224814 0.00224795 0.00224795 0.00224795 0.00224795 0.00224795 0.00224795 0.00224795 0.00226624 0.00280649 97.2637 0.00224855 0.00224795 0.00225301 0.00234258 0.00225931 0.00224795 0.00224878 0.00224795 0.00224795 65.333 0.00225159 0.00224804 0.00230158 0.00227665 0.00224818 0.00224842 0.00225104 0.00224845 0.00235636 0.00243764 0.00225028 0.00229318 0.00224795 0.00224817 0.00224795 0.00225423 0.00225095 0.00224825 0.00230661 0.00224795 0.00224795 0.00224819 0.00224795 0.00224805 0.00224796 0.00224795 0.00227395 0.00224795 0.00224795 0.00225066 0.00224939 0.00224798 0.00224795 0.00225686 0.00224795 0.00225801 0.00230352 0.00226792 0.00224795 0.00231778 0.00224795 0.00224806 0.00224795 0.00224795 0.0022511 0.00224799 0.00224795 0.00224795 0.00224795 0.00224795 0.00224847 0.00224795 0.0024296 0.00225339 57.4777 0.00224795 0.00224801 0.00224818 0.00224799 0.00224795 0.00224795 0.019689 0.00224836 0.00224795 0.00224795 0.00224795 0.00224795 0.0022502 0.00224964 0.00224795 0.00224795 89.9115 0.00225833 0.00224795 0.00224795 0.00225657 0.00224795 0.00226766 0.00224821 0.00224803 0.00224826 0.00224795 0.00224796 0.00224796 0.00224795 0.00224795 0.00224795 0.00224795 0.00224795 0.00228341 0.00224795 0.00224795 0.00224901 0.00224795 0.002248 0.00224795 0.00224838 0.00224801 0.00224799 0.00224836 0.00224795 0.00224838 0.00224863 0.00224795 0.00232015 0.00224795 0.00224795 0.00224921 0.00224795 0.00224795 0.00224809 0.00224797 0.00225007 0.00226118 0.00225408 0.00226155 0.00224795 0.00229184 9.64744 0.00224814 0.00225504 0.00224795 0.00224797 0.00224795 0.00224857 0.00225248 0.00225219 0.00224795 0.00224795 0.330479 0.00224795 0.002248 0.00224798 0.00224795 0.00224796 0.00224795 0.00224795 0.00224795 0.00224795 0.00224795 0.00226436 0.00224797 0.00239661 0.00224795 0.00224795 0.00225923 0.00224805 0.00226236 0.00229082 0.00224795 0.00224804 0.00229486 0.00224795 0.00224891 0.00224795 0.00224795 0.00224795 0.00224795 0.00224795 0.00224796 0.00224821 0.0022496 0.00225106 0.00224801 0.00224797 0.00224795 0.00224795 0.00224813 0.00224795 0.00224795 0.00224795 0.00224795 0.00224796 0.00227295 0.00224818 0.00225084 0.00225851 0.00224795 0.00224795 0.00227438 288.08 0.00227672 0.0022743 0.00224795 0.00225149 0.00230454 0.00224902 0.00224795 0.00224795 0.00224796 0.00224799 0.00224795 0.00224795 0.00225987 0.00224814 0.00224795 0.0022496 0.0819957 0.00224796 0.00224795 0.00224795 0.00224966 0.00224795 0.00224884 0.00228029 0.00224814 0.0022516 0.00224795 0.00224795 0.00224795 0.00224813 0.00224795 0.00224827 0.00224795 0.00224795 0.00225508 0.00224795 0.00224971 0.00224795 0.00227228 0.00224834 0.00224795 0.00224795 0.00224803 0.00224795 0.00225856 0.00224795 0.00224795 0.00225626 0.0022506 0.00224795 0.00224795 0.00224795 0.00225318 0.00224795 0.00224795 0.00224885 0.00224844 0.0022615 0.00224795 0.00225767 0.00224795 0.00224795 0.00224795 0.00224808 0.00224795 0.00234693 0.00225112 0.00224795 0.00224801 0.00224795 0.00232906 0.00224795 0.00224826 0.00224795 0.00224968 0.00224795 0.00224889 0.00224796 0.00224795 0.00224795 0.00226595 0.00224819 0.00224797 0.00224796 0.00225556 0.00244962 0.00224815 0.00224802 0.00225236 0.00224795 0.00228583 0.00226291 0.00224795 0.00224878 0.0023496 0.00224842 0.00224926 0.00224823 0.00224926 0.00224795 0.00224795 0.00224795 0.00224801 0.00224795 0.00224846 25.7947 0.00225023 0.00224795 0.00224795 0.00224795 0.00235321 0.0022503 154.757 0.00224814 0.00224795 0.0024574 0.00224795 0.00224795 29.1265 0.00227385 0.00224796 0.00224798 0.00224795 0.00224795 0.00227894 0.00227086 0.00231565 0.00224795 0.00224795 0.00224891 0.00224795 0.00224796 0.00225023 0.00224795 0.00224795 0.0022547 0.00224795 0.00224826 0.00224795 0.00224795 0.00224795 0.00224795 0.00225595 0.00224839 0.00224795 0.00248813 0.00224892 0.00224795 0.00225432 0.00224795 0.00224795 194.707 0.00225048 0.00224795 0.00224795 0.00229125 0.00224795 0.0022871 0.00224795 0.00224865 0.00224795 0.00225242 0.00224795 0.00224795 0.00224795 0.00224795 0.00224795 0.00224795 0.00224795 547.217 0.00224795 0.00224804 0.00224808 0.00224795 11.8084 8.76852 0.00224795 0.00224795 0.00224799 0.00225232 0.00224817 0.00224797 0.00224835 0.00228823 0.00224868 0.00224802 0.00224795 0.00228678 0.00224795 0.0022486 0.00229815 0.00224957 0.0022527 0.00224917 0.00228471 0.00224938 0.00224795 39.4077 0.00235787 0.00226427 0.00225024 0.00225929 0.00224795 0.00224795 0.00225814 0.00224795 0.00224855 0.00224795 0.00224795 0.00224795 0.00224795 0.00224799 0.0022483 0.0042969 0.00225534 0.00224795 0.00252397 0.00224795 0.0022497 0.00224795 0.00224831 0.00224795 0.00224812 0.00225805 0.00224798 0.00224798 0.00224795 0.00229457 0.00225553 0.00227869 0.00224795 0.00224795 0.00224825 0.00225139 0.00224797 0.00224795 0.00259088 0.00224795 0.00224804 0.00224795 0.00224795 0.00224795 0.00224795 0.00224796 0.00224797 0.00225515 0.00224795 0.00224795 0.00226887 0.00225308 0.00225487 0.0022484 0.00224795 0.00224795 0.00225458 0.00224795 0.00224795 0.00224798 0.00224905 0.00227441 0.00226387 0.00233938 0.00224795 0.00225166 0.00224795 0.00224795 0.00224866 0.00226302 0.00224812 0.00225018 0.00224795 0.00224827 0.00224795 0.002248 0.00224938 0.00278416 0.00224795 0.00224795 0.00224808 0.00231759 0.00224795 0.00224795 0.00224853 0.00224795 0.00224795 0.00224795 0.00225483 0.00224811 0.00224871 0.00224795 323.96 0.00224808 0.00224795 0.00224801 0.00225316 0.00225623 0.00226316 0.00224795 114.969 0.00224795 0.00224855 0.00270731 0.00224795 0.00225023 0.00224804 0.00225255 0.00225011 0.00224795 0.00224826 0.00224795 0.00224795 0.00228862 0.00224795 0.00231107 0.00224824 0.00225106 0.00224795 0.00225475 0.00224795 0.00224795 0.00224795 0.00224795 0.00224799 0.00224891 0.00224816 0.00225893 0.00224795 0.00224795 0.00224798 0.00224795 0.00224798 0.00224795 0.00226315 0.00226216 0.00225138 0.00224798 0.0022501 0.00224795 0.00224823 0.00231364 0.00224795 0.00224948 0.00240495 0.00224912 0.00225373 0.00225041 0.00224795 0.00224795 0.00228365 0.00224795 0.00224795 0.00225051 0.00224807 0.00224795 0.00224858 0.00224966 0.00224795 0.00224818 0.00225973 0.00224813 0.00224795 0.0022793 0.00224795 0.00430808 0.00224891 0.00224795 0.00224795 0.00224841 0.00281692 0.00225098 0.00229625 0.00224795 0.00228021 0.00224809 0.00225303 0.00224795 0.00224801 0.00225013 0.00224811 0.00224795 0.00225909 0.00224798 0.00224795 0.00224807 0.00237581 0.00224795 0.00224795 0.00226549 0.00418787 0.00224795 0.00224893 0.00224795 0.00230809 0.00225084 0.00224802 0.00224851 0.00225069 0.317529 0.00224795 179.254 0.00225156 0.00228103 0.00224795 0.00224795 0.00228521 0.00231091 0.00224795 0.00224795 0.00224795 0.00225219 0.00224795 0.00224795 0.00226348 0.00224997 0.00224795 0.00224795 0.00279203 0.00227201 0.00313795 0.00235748 0.00224795 0.00226291 0.00224795 0.00224804 0.00224798 0.00224795 0.00224795 0.00225464 0.00224795 0.00225035 35.9967 0.00226577 0.00225137 0.00224795 0.00224828 0.00226002 0.00281095 0.00224795 0.00224894 0.00226979 0.00226693 0.00225181 70.17 0.00224817 0.00224799 0.00224795 0.00224795 0.00224795 0.00224796 0.00224795 0.00224795 0.00226663 353.238 0.00224795 0.00224798 0.00224872 0.0023012 0.0279545 0.00224805 0.00224795 0.00224795 0.00226144 0.00225259 0.00224795 0.00224795 0.00224795 0.00225884 0.00228017 0.00224978 0.00224795 0.00224795 0.00224796 0.00225403 0.00224796 0.00224806 0.00224795 0.00224795 0.00224795 0.00224804 0.00224795 0.00226846 0.00225395 0.00225407 0.00224795 0.00224859 0.00224795 0.00224795 0.00224795 0.0022485 7.60401 0.00224795 0.00224795 0.00228992 0.00224875 0.00224801 0.00225376 0.00224795 0.00224882 0.00224817 0.00224795 0.00224795 0.00224822 0.00224795 0.00224829 0.00227062 0.00224795 0.00224899 0.00224795 0.00224795 0.00224795 0.00224795 0.00224797 0.00224795 0.00226829 0.00224795 0.00225791 0.00224801 0.00224795 0.00225321 0.00224797 0.00235535 0.00224905 0.00224795 0.00224795 0.00227683 0.00225008 0.00225026 0.00224799 251.334 0.00224799 0.00225742 0.00224811 0.00224807 0.00224795 0.00227865 0.00224795 0.00240266 0.00228838 0.00224795 0.00224795 0.00224795 111.282 0.00224795 0.00224795 0.00224795 0.00235759 0.00225808 0.0352239 0.00316818 0.0022951 0.00224795 0.00224796 0.00224819 0.00225484 0.0022531 0.00224795 0.00224809 0.00227991 0.00224795 0.00224795 0.00224795 0.00224795 0.00231216 0.00224798 0.00224798 0.00224795 0.00224959 0.00227828 0.00224795 0.00225397 0.00224798 0.0024463 36.6253 0.00225225 0.00224795 0.00224795 0.00224795 0.00224795 0.00224795 0.00224795 0.00224795 0.00224805 0.00224937 0.00225165 0.00226016 0.0022518 0.00224795 0.00226293 0.00224805 0.00224818 0.00224795 0.00228036 0.00225634 0.00224795 0.00224795 0.00224795 0.00224795 0.00241604 0.00224797 0.0022606 0.00224795 0.00224805 0.00226678 0.00229388 0.00224795 0.00224795 0.00224798 0.00224798 0.00224795 0.00224795 0.00224795 11.2517 0.0338371 0.00224809 0.00226725 0.00224795 0.00224804 0.00234779 0.00224795 0.00224795 0.00224795 0.00224795 0.00224795 0.00232215 0.00226538 0.00224832 0.00224802 0.00224795 0.00224795 0.00224795 0.00224795 0.00224795 0.00224813 0.00224802 0.00224795 0.00224795 0.00225292 0.00224795 0.00224795 0.00224795 0.00235561 0.00224796 0.0022496 0.00246611 0.00224795 0.0022555 0.0022521 0.327065 0.00224795 0.00224795 0.00224805 0.00224795 0.00224795 0.00224795 0.00247505 0.002248 0.00225572 0.00225482 0.00224818 0.00224795 0.00224795 0.00224795 0.00224795 0.00224796 0.0023102 142.058 0.00224795 0.00224816 0.00224802 0.00224795 0.00225903 0.00228189 0.00432467 0.00232255 0.00224799 0.0115628 0.00224795 0.0022482 0.00225313 0.00224909 0.00224795 0.00229535 0.00224795 167.37 0.00224795 0.00224795 0.00225059 0.00224795 0.002248 0.00224795 0.0022487 0.00224795 0.00224795 0.00231638 0.00224895 0.00225741 0.00226536 0.00224795 0.00224797 0.00425179 0.00224795 0.00224795 0.00224795 0.00224857 0.00224809 0.00224795 274.61 0.00224795 0.00227799 0.00225421 0.00225125 0.00225226 0.00224795 0.00224795 86.2453 0.00224798 0.00224795 0.00225213 0.00236314 0.00224798 0.0022584 0.00224795 0.0022491 0.00225191 0.00224797 0.00224795 0.00224795 0.00226409 0.00224795 0.00224795 0.00224795 0.00224795 0.00225508 0.00224825 0.00224809 0.00224795 0.00224795 0.00224795 0.00224862 0.00224874 0.00224795 0.00224838 0.00224798 62.0212 0.00224795 0.00224795 0.00224802 0.002248 0.00224795 0.00224795 0.0022488 0.00225849 0.00224795 0.00224795 0.00224795 0.0022634 0.00224795 0.00224795 0.00224795 0.00227173 0.00224795 0.00447643 0.00224795 0.00225827 0.00224795 0.00224796 50.6049 0.00224795 0.00224828 0.00224816 0.00224795 0.00224795 0.00224795 0.00229073 0.00224795 0.00224795 0.00239661 0.00224795 0.00226008 108.08 0.00224892 0.00224795 0.00243336 0.00224795 0.00224804 0.0022826 0.00224795 0.00225622 0.00224807 0.00241986 0.00224803 0.00224982 0.00224795 0.00241716 0.00224796 0.00224795 0.00224795 19.3869 0.0022485 0.00224796 0.00224795 0.00224795 0.00224808 0.002248 0.00224795 0.00229479 0.622617 50.6169 0.00224797 0.00224795 0.00224795 0.00224795 0.00234706 0.00227744 0.00224795 0.0022922 0.00234757 0.00229112 0.00224804 0.00235195 0.00224795 0.00224795 0.00224795 47.302 0.00229508 0.00224795 0.00228077 0.00224806 0.00224795 0.00224795 0.00224795 0.00224795 0.00224796 0.00224795 0.00224795 0.00226876 0.00224795 2.02038 0.00225558 0.00231053 0.00224795 0.00224795 0.00224834 0.00224795 0.00224863 0.00224795 0.00224795 0.00224795 0.00224795 0.00224798 0.00224795 0.00224817 0.00225308 0.00224795 0.00224795 0.00225529 0.00224816 0.0023499 0.00224795 0.00224795 0.00224795 0.00224829 0.00224795 0.00224795 0.00225003 0.0022947 0.00224795 0.00224807 0.00224795 0.00224795 0.00226271 0.00224795 0.00224795 0.00224811 0.00226914 0.00224795 0.00224795 0.00228704 0.00224795 0.00224795 0.00226291 0.00224822 0.00224795 0.00227 0.00227304 0.00227894 0.00258376 0.00227513 0.00224795 0.00224795 0.00224795 0.00224795 0.00224809 0.00310458 0.00224817 0.00224802 0.00224795 0.002249 0.00229682 0.00224795 0.00225947 0.00224795 0.00225355 0.00225031 0.00228083 0.00224804 0.00224795 0.00224795 11.2308 0.00225246 0.0023049 0.00225953 0.00224795 0.00228816 0.00236143 0.00224797 0.00224795 0.00224795 0.002283 0.00226099 0.00224799 0.00226108 0.00224814 0.00224795 0.00225382 0.00224802 0.00224795 0.00224795 0.00224795 0.00224795 0.002248 0.00224795 0.00225964 0.00224795 0.00225008 0.00224795 0.00224795 0.00227374 0.00227933 0.00224795 0.0022588 0.00237011 0.00224795 0.00224795 0.00224796 0.00228822 0.00224795 0.00226142 0.00224795 0.00224795 0.00224797 0.00237454 0.00224795 0.00224795 0.00224795 0.00224856 0.00224796 0.00224797 0.00224795 0.00226526 0.00224796 0.00224843 0.00227247 0.00224917 0.00226728 466.213 0.00224795 0.00224795 0.00224795 0.00226526 0.00224965 0.00224795 0.00226418 0.00224795 0.0023029 0.00224822 0.00226846 0.00227367 0.00224795 0.00228584 0.002248 0.00224795 0.00224796 0.00224856 178.907 0.00224795 0.00224795 0.00224795 0.00224795 0.00224795 0.00224795 0.00224795 0.00234082 0.00224795 0.00224796 0.0022495 0.00224795 0.00224802 0.00224824 0.00224818 2.12315 0.00224864 0.00224795 0.00224795 0.00224796 0.00224842 0.0022526 0.0023049 0.00225145 0.00224795 0.00224795 0.00224795 0.00224795 0.00224795 0.00225289 0.0022511 0.00263574 0.0022506 0.00224795 0.00224883 0.00224821 0.00224795 0.00224809 0.00224844 0.00224795 0.00224842 0.00226161 0.00224795 0.00224871 0.00224993 0.00226559 0.00224922 0.00224795 0.00226457 0.00230581 0.00224811 0.0022549 0.00225679 0.00225192 0.00230054 0.00224986 0.0030183 0.00224795 0.00233593 0.00224795 0.00224795 0.00224799 0.00224808 0.00224795 0.00224795 0.00224795 0.00224795 0.00224795 0.5147 0.00224795 0.00230186 0.0023429 0.00224802 0.00224795 0.00226076 0.00226182 0.00224802 0.00224795 0.00224795 0.00224795 0.00225623 0.00224822 0.00224801 0.00255432 0.00224809 0.00224818 0.00224795 0.00227731 0.00224795 0.00226157 0.00225354 0.00228337 0.00224806 0.00224795 0.00224795 0.00226578 0.00259231 0.00224795 0.00229471 0.00224795 0.00224795 0.00224795 0.00224795 0.00224795 0.00224804 0.00224993 0.00224796 0.0036473 0.00242456 0.00224795 0.00224795 0.00224806 0.00224798 0.00224795 0.00224795 0.00224795 0.0022499 0.0271575 0.00224795 0.00226249 0.00271902 0.00224795 0.00224795 0.00225124 0.00224795 0.00225174 0.00224854 0.00225586 0.00224883 0.00224795 0.00224795 0.00225252 0.00237431 0.00224861 0.00224883 0.00224795 0.00224795 0.00224809 0.00224795 0.00224796 0.00224795 0.00225423 0.00224795 0.00224795 0.00224795 0.00397188 0.00224806 0.00227793 0.00224799 0.00224795 0.00225289 0.00224799 0.00224796 0.00224915 0.0022605 0.00224802 0.0022519 0.0022481 0.00224795 0.00224795 0.00257433 0.00224796 0.002248 0.00224795 0.00224842 0.0022883 0.00224876 0.00224795 0.00224798 0.00224795 0.00226556 0.00225591 0.00225336 0.00232017 0.00224795 0.00224795 0.00226523 0.00265386 0.00224795 0.00225128 0.00224795 0.00224829 0.00224795 0.00224795 0.00224796 0.00224795 0.00229542 0.00224795 0.00224795 0.00224795 0.00224795 0.00224795 0.00224795 0.00224795 0.00224858 0.00226016 0.00224804 0.00224796 0.00227136 0.00224797 0.00224879 0.00224795 0.00224795 0.00224795 0.00224864 0.00224795 0.00224795 0.00234708 0.00224795 0.00224795 0.00224855 0.00224803 0.00226108 0.00226603 0.00226455 0.00224795 0.00224795 0.00224795 0.00224865 0.00225372 152.452 0.00225344 0.00224795 0.00224795 0.00224795 0.00224994 0.00224795 0.00224815 0.00225755 0.00226125 0.00224818 0.00224795 0.00228341 0.00226821 0.00237129 0.00224795 0.00224795 0.0022483 0.00225411 0.00224795 0.0022558 0.00224795 0.00224795 0.00224795 0.0022484 0.00224795 0.00224795 0.00224795 0.00224795 0.00224817 0.00224795 0.00224795 0.00224795 0.00224795 0.00229682 0.00224818 0.00225154 0.00224795 0.004955 0.00225346 0.00228049 0.00228405 0.00224804 0.00224795 0.00224844 0.00224795 0.00224795 0.00224795 0.00224795 0.002249 0.00224811 0.00224795 0.00224847 0.00228179 0.00224795 0.00224797 0.00226377 0.00224795 0.00224801 0.00239661 0.00224796 0.00225145 0.00226097 0.00224805 0.00224795 0.00224795 0.00224795 0.00224795 0.00224796 0.00226039 0.0022485 2.83767 0.00227817 0.00229952 0.00224796 0.00224795 0.00224851 0.00224795 0.00224796 0.00225368 0.00231679 0.00224795 0.00229636 0.00224795 0.00224853 0.00226173 43.3959 0.00224795 0.00224971 0.00224812 0.00243446 0.00224795 0.00224796 0.00224796 0.00224795 0.00226348 0.00224796 0.00224795 0.00224799 0.00230744 0.00224795 0.00224811 0.00224795 0.00224796 0.00224795 0.00224808 0.00224795 0.00224798 0.00226476 0.00224882 0.00224949 0.00224795 0.00224795 0.00227329 0.00224909 0.00224819 0.00234694 0.00224795 0.00225268 0.00224795 0.00224795 41.9621 0.00224795 0.00225102 0.00232233 0.00224795 0.00224795 0.00224796 0.00224795 0.00224795 0.00224949 0.00224795 0.00227345 0.00224795 0.00224799 0.00224796 0.00224795 0.00226954 0.00226503 0.00224795 0.0022483 0.00224795 0.00224795 0.00224795 0.00225002 0.00225185 0.00224795 232.551 0.00224801 0.00224795 0.0022527 0.00224796 0.00224803 0.00224795 0.00224797 0.00224795 0.00225764 0.00224795 0.00224795 0.00224796 0.00225513 0.00224795 0.00225356 0.00224795 0.00224795 0.0022505 0.00224795 0.00224795 67.0441 0.00224795 0.00224959 0.0022564 0.00224795 0.00224795 0.0022488 0.00386676 0.0022532 0.00224795 0.00240717 0.00226231 0.00224798 0.00230267 0.00224797 0.00224796 0.00225033 0.00224796 0.00224795 0.00227644 0.00224816 0.00224796 0.00227534 0.00224795 0.00287379 0.00224857 0.00224795 0.00224795 0.00224795 0.00224795 0.00224795 0.00227394 0.00224799 0.0029709 0.00229625 0.00224964 0.00224982 0.00226599 0.00224795 0.00229543 0.00224824 0.00224795 0.00224796 0.00224795 0.00224795 0.00226465 0.00224795 0.00224799 0.00301994 0.00224874 0.00224795 0.00227701 0.00224795 0.00224795 0.00227289 0.00225067 0.002248 0.00224913 0.00224795 0.00231558 0.00224809 0.00224795 46.0615 0.00224795 0.00224796 0.00224795 0.00224795 0.00224795 0.00224795 0.00224796 0.00225778 0.00224795 0.00224973 0.00224795 0.00224795 0.00224795 0.00224795 0.00224795 0.00224795 0.00224853 0.00224795 0.00235865 0.00224798 0.00224795 0.00224798 0.00224796 0.00224795 0.00226001 0.00224795 0.00224795 0.00224801 0.00224795 0.00224803 0.00224804 0.00228209 0.00235372 0.00224798 0.00224795 0.00224795 0.0022924 0.073233 0.00227291 0.00225416 35.0785 0.00226419 0.00225345 0.00226124 0.00224799 0.00224795 0.00224795 0.00224795 0.00224795 0.00224795 0.00225363 0.00226461 0.00224795 0.00224795 0.00224795 0.00225273 0.00224795 0.00224795 0.00224795 0.0022511 0.00232312 0.00224795 0.00224795 0.00224795 0.00224795 0.00224803 0.00224795 0.002248 0.00224873 0.00224838 0.00652296 0.00224795 0.00224796 0.00224795 0.0022489 0.00232014 0.00231985 0.00224795 0.00687014 0.0022606 0.00224847 0.00224795 0.00224795 0.00225027 0.00227747 0.00225913 0.00225004 0.00224795 0.00227769 0.00224795 0.00224795 0.00226087 0.00224803 0.00225586 0.00225254 0.00224795 0.00224832 0.00224795 0.00225289 0.00225405 0.00224795 0.00228664 0.00224795 0.00224795 0.00224795 0.00224795 0.00224842 0.00224804 0.00224852 0.00224796 0.00227126 0.002277 0.00225035 0.00231579 50.9705 0.00224795 0.00224795 0.00224795 0.00224795 0.00224795 0.00242564 0.0022496 0.00224796 0.0022481 0.00224815 0.00224795 0.00224795 0.00224929 0.00224796 0.00224795 0.00225324 0.00224878 0.00224795 0.00227335 0.00224795 0.0022508 0.00224795 0.00225394 1249.07 28.1246 0.00224799 0.00225614 0.00224795 0.00224795 0.00224795 0.00224795 0.00224795 0.00224795 0.00224795 0.00229244 0.00225248 0.00225082 0.00225397 0.00287389 0.00225024 0.00224795 0.00224795 0.00225207 0.00225802 0.00224836 84.9167 0.00224795 0.00224795 0.00225094 0.00225177 0.00224801 0.00224795 0.00224957 0.00224795 0.00224796 0.00224795 0.00224795 0.00225517 0.0022604 0.00225195 0.00224796 0.00226659 0.00224795 0.682968 0.00224795 0.0023823 0.002287 0.00224795 0.00224795 0.00224795 0.0023019 0.00224815 0.00224795 0.00225627 0.00224797 0.00224799 0.00224809 0.00224795 0.00224842 0.00224795 0.00224795 0.00224799 0.00224795 0.00224795 0.00224795 0.00224795 0.00224795 0.00224795 0.00225896 0.00224803 0.00224832 0.00224901 0.0022482 0.00225278 0.0022488 0.00224795 0.00226382 0.00224805 0.00224803 0.00224823 0.00224795 0.00225118 0.00224795 0.00224831 0.00224812 0.00224795 0.00224797 0.00232199 263.126 0.00230687 0.00430808 0.00227924 0.00224813 0.00224796 0.00224795 0.00224795 0.00224987 0.00224802 0.00224802 0.00226983 0.00224802 0.00224795 0.0022681 0.00224978 0.00224795 0.00224795 0.00224799 0.00230346 0.00224795 0.00227185 0.00227174 0.00224797 0.00225198 0.00224806 0.00238635 0.0022759 0.00224795 0.00224795 0.00230587 0.00224795 0.00224796 0.00224795 0.00224796 0.00224798 0.00224795 0.00664234 0.00224824 0.00224795 0.00225021 0.00224795 0.0022483 0.00224795 40.6392 0.00224934 0.00224809 0.00224795 0.00224795 0.00224795 0.00225035 0.00227344 0.00225254 0.00225394 0.00224795 0.00224796 0.00224795 0.00224817 0.00224795 0.00224795 0.00224795 0.00226214 0.00224888 0.00224819 0.00224795 0.00234791 0.00230256 0.00224855 0.00224796 0.00224795 0.00224795 0.00224795 0.00225731 0.00224795 0.00226184 0.0022484 0.00225439 0.00224795 0.00224795 0.00224799 0.00224795 0.00228408 0.00224795 0.00224795 0.00224795 0.00224829 0.00224869 0.00226124 0.00232221 0.00229587 0.0318436 0.00224795 0.00224795 0.00224795 0.00224795 0.00224795 0.00224795 0.00224958 0.00224795 0.0022481 0.00224795 0.00225149 0.00224795 0.0022681 0.0023513 0.00224795 0.00264912 0.00224795 16.6885 0.00224795 0.00237559 0.00224795 0.00224795 0.00225803 0.00224796 0.00225839 0.00225028 0.00224797 0.00224795 0.00227134 0.00224798 0.00230747 0.00256115 0.00224795 0.00230826 0.00224795 0.00241599 114.548 0.00224804 0.00227038 0.00239015 0.00225084 0.00225533 0.00224795 0.00224795 0.00224795 0.00224795 0.00225106 0.00224795 0.00224795 0.00227809 0.00225004 0.00225698 0.00224796 0.00224799 0.00224798 0.00228034 0.00224995 0.00240443 0.002248 0.00227493 0.00226151 0.0022679 0.00224795 0.0023463 0.00224853 0.00231869 0.00224796 0.00224795 0.0022994 0.00224832 0.00227395 0.00224795 0.00224795 0.00224795 0.00226926 0.00224796 0.00224795 0.00224795 0.00224796 0.00224795 0.00224796 0.0022514 0.00224795 0.00224935 0.002252 0.00224795 0.00224804 0.00224795 0.00234047 0.00224802 0.00274301 0.00224795 0.00224836 0.00224811 0.00224795 0.00459812 0.00229086 0.00224795 103.614 0.00224874 0.00224797 0.00224839 0.00224798 0.00224795 0.00224795 0.00224795 0.00230557 0.00224801 0.00229683 0.00224795 0.00224795 0.00225379 0.002248 0.00232246 0.00224818 0.566844 0.00224795 0.00224795 0.00227515 0.00224795 0.00224879 0.00224795 0.00224795 0.00225291 0.00224796 0.00224836 0.00224795 0.002248 0.00224819 0.00227178 0.0022481 0.00228453 0.00227937 0.0022494 0.00225372 0.00225982 0.00229234 0.00234242 0.00225034 0.00305907 0.00225626 0.00226537 0.00224796 0.00226096 0.00224846 0.00224795 0.00224796 0.002248 0.00224795 0.00227603 0.00224802 0.00224795 0.00224795 0.00224795 0.00224795 0.00224795 0.00224795 0.00224795 0.00224795 0.00224796 0.00224795 0.00224795 0.00230115 0.00224795 0.00224795 0.0022481 0.00228473 0.00224795 0.00224795 0.00226953 0.00225294 0.00231484 0.00224849 0.00224846 0.0022501 0.00224795 0.00226832 0.00224795 0.00224796 0.0023548 0.00224795 0.00225396 0.00242451 0.0022909 0.00224795 0.00224795 0.00224795 14.9133 0.00228904 0.00232311 0.00224795 0.00230827 0.00224831 0.00226001 0.00225044 0.00224822 0.00224795 0.00224839 0.00224795 0.00224795 0.00224795 0.00224867 0.00224795 0.00224795 0.00224795 0.00224795 0.0022532 0.00225246 0.00225124 0.00236412 29.3792 0.00266788 0.00224795 0.00224795 64.5596 0.002248 0.00224795 0.00224824 0.00224795 0.00224811 0.00224911 0.00224812 0.00224795 0.00224795 0.00224795 0.00224795 0.00225412 0.00225162 0.00224795 0.00227246 0.00227 0.00224797 0.00225008 0.00224795 0.00224795 0.0022491 0.00224795 0.00224795 0.00224795 0.002248 0.00224795 0.00224864 0.002248 0.00225765 0.00224795 0.00295577 0.00227447 0.0022686 0.00224892 0.00225819 0.0022486 0.00224795 0.00224795 0.00225098 0.00224795 0.00224795 0.00224795 0.00224795 0.00224795 0.00225004 0.00224795 0.00224801 0.00224795 0.00224815 0.00224796 0.00224795 0.00225105 0.00224795 0.0022488 0.00226751 0.00225154 0.00228398 0.00257321 0.00224795 0.00225183 87.0797 0.00224795 0.00224795 0.00227252 0.0022641 0.00224797 0.00822207 0.00224795 197.065 0.00224795 0.00224944 0.00227252 0.00224795 0.00235124 0.0022488 0.00224795 0.00224795 0.00224894 0.00224795 0.00224795 0.00224824 0.00231346 0.00224795 0.00224795 0.00224907 0.00224813 0.00224795 0.00224813 0.00224795 0.00224797 0.00225222 0.00224795 0.00224797 0.00224795 0.00224795 0.00224795 0.002262 0.00224799 0.00224813 0.00228677 0.00224795 0.0022481 0.00232257 0.002248 0.00224795 0.00224795 0.00225508 0.00224795 0.00224796 0.00224795 0.00297116 0.0022654 0.00224795 0.00226406 0.00224797 0.00224795 0.0022481 0.00233967 0.00224795 0.00225717 0.00224805 0.0022795 0.0022481 0.00224795 0.00225228 0.00224834 0.00224795 0.00224796 0.0022483 0.00224795 0.00224795 27.6526 0.00224814 0.00224802 0.00230459 0.00224795 0.00224795 0.00224795 0.00224797 0.00224795 0.00337245 0.00224795 0.00224795 0.00224795 0.00224795 0.00224795 0.00224847 0.00224795 0.00224795 0.0023039 0.00224797 0.00225338 0.00282447 0.00224795 0.00224795 0.00224795 0.00226656 0.00231845 0.00224795 0.00224795 0.00224871 0.00224795 0.00224795 0.00229278 0.00224866 0.00224795 0.00231433 0.00224795 0.00224795 0.00225353 0.00224795 0.00224809 0.00224795 0.00227686 0.00224795 0.00224795 0.00224795 0.00225002 0.00227116 0.00224795 0.00224796 0.00224795 0.00224795 0.00224795 0.00224795 0.00224795 0.00224795 0.00224795 0.00227894 0.00224795 0.00233408 0.00236109 0.00233451 0.00232282 0.00224795 0.00224796 0.00224795 0.00224795 0.0022742 0.00224805 0.00225629 0.00224821 0.00224795 0.00224795 0.00224795 0.00228341 0.00225243 0.00229049 0.00224795 0.00224801 0.00224795 0.00224795 0.00224795 0.00227683 0.00224847 0.00224795 0.0022483 0.00224795 0.00225536 0.00224949 0.00224893 0.00224795 0.00293979 0.00224795 0.00224798 0.00224803 0.00225813 0.0022485 0.002248 0.00231644 0.00224797 0.00224795 0.00224797 0.00224795 0.00224795 0.00224808 0.00224795 0.00224795 0.00225015 0.00224795 0.00224795 0.00224799 0.00224795 0.00224795 0.00224795 0.00225514 0.00225858 0.00230649 0.00224795 0.00224795 0.00224795 0.00224802 0.00224802 0.00224796 0.00224795 0.00224847 0.00224796 0.00226812 0.00225689 0.00225436 0.00224795 0.00224795 0.00224795 24.2157 0.00224795 0.00224795 0.00224798 0.00224804 0.00224795 0.00224795 0.00224799 0.00224795 0.00224795 0.0022658 0.00224795 0.00225116 0.00224795 0.00224795 0.00224797 0.00232457 0.00230501 0.00228868 0.00230586 0.00224795 0.00224795 0.00224795 0.00224795 0.00225021 0.00244628 0.00224795 0.00224795 0.00224795 0.00224795 0.00224795 0.002248 0.00226142 0.00224795 0.00224823 0.00224795 0.00224795 0.00233749 0.00224795 0.00224805 0.00225516 0.00229527 0.00225134 0.00225871 0.00224796 0.00224795 0.00225459 0.00224795 0.00224795 0.00224795 0.00224795 0.00224795 81.7738 40.6722 0.00224795 0.00224801 0.00250734 0.00224801 0.00224796 0.00226925 0.00225206 0.00224891 0.00224795 0.00226036 0.00224796 0.00224825 0.00224795 0.00224795 0.00224795 0.00224795 0.00224795 0.00224796 0.00224795 0.00224855 0.00228757 0.00224795 0.00224795 0.00224797 0.00225417 0.00225891 0.00224795 0.00224795 0.00224887 16.8706 0.00224874 0.00224795 0.00224795 0.00224795 0.00225862 0.00224795 0.00225047 0.00226103 0.00225064 0.00229121 0.00224795 0.00224795 0.00225724 0.00225013 0.00224795 0.00224795 0.00224795 0.00224796 0.00224795 0.00224795 0.00224795 0.00224795 0.00224795 0.00224797 0.00227867 0.00224795 0.00225333 0.00224814 0.00224795 0.00224833 0.00224795 0.00225134 0.00224795 0.0022675 0.00353684 0.00228058 0.00226783 0.00224795 0.00224831 0.00224795 0.00227397 26.5541 0.00224795 0.00224795 0.00246125 0.00224795 0.00224799 0.00224828 0.00225548 0.00224823 0.00224795 0.00224795 0.0022485 0.00224795 0.00224795 0.00224937 0.00224795 65.1281 0.00224845 0.00225408 0.0022622 0.00225269 0.00224795 0.00224795 0.00225151 0.00224795 0.00224871 0.00224989 0.00224795 0.00224795 0.00224795 0.00224915 9.64445 0.00224795 0.00224795 0.00225054 0.00224796 0.00224795 0.00224795 0.00224795 0.00224795 0.00224817 0.00224806 0.00225156 0.00224834 0.00224981 0.00224795 0.00224795 0.00224795 0.00224795 0.00224795 0.00228983 0.00224796 0.00225815 0.00224816 0.00224985 0.00224795 0.00224909 0.00224795 0.00224997 0.00224795 0.00247725 0.00224795 0.00224795 0.0022483 0.00224795 0.00224795 0.00224795 0.00224795 0.00224907 0.00224834 0.00224844 0.00224795 0.00226281 0.00224877 0.002255 0.00224829 0.00235373 0.00225014 0.00224795 0.00224795 0.00224795 0.00224795 0.00224859 0.0156341 0.00225664 0.00224903 0.00224795 0.00224795 0.00224924 0.00229298 0.00224797 0.00224795 0.00224799 38.3971 0.00224795 0.00224795 0.00224814 0.00224795 0.00227114 0.00224843 0.00224798 0.00230394 0.00224795 0.00224795 0.00225653 0.00224835 0.00224795 0.00224824 0.00224795 0.00227068 0.00224795 0.00226302 0.00224899 0.00224798 0.00225031 0.00224796 0.00226867 0.00235454 0.00225221 0.00224795 0.00224804 0.00226368 0.00226101 0.00227767 0.00224795 0.00228855 0.00224795 0.0022786 0.00224846 0.00225076 0.00228774 0.00225731 0.00225202 0.00224795 0.00224798 0.00224879 0.00225311 0.00225029 0.00224795 51.3979 0.00224795 0.00224798 0.00224796 0.00287587 0.00224795 0.00224806 0.00224795 0.00224795 0.00224797 0.00224797 0.00224795 0.00224795 0.00224795 0.00224795 0.00224795 0.00224795 0.00224924 0.00224795 0.00224853 0.00224866 0.00224795 0.00224942 0.00226075 0.00224855 0.0022482 0.00224796 0.0025161 0.00225094 0.00226716 0.00224796 0.00224806 0.00224795 0.00225481 0.00224795 0.002252 0.00224795 0.00225435 0.0022888 0.00224795 0.00224795 0.00224799 0.00224795 0.00224795 0.00224945 0.00226982 0.00224795 0.00224795 0.00225126 0.00224815 0.00224797 0.00224795 0.00224805 0.00224795 0.00224798 0.00224795 0.00224902 0.00225446 0.00224796 0.00224795 0.00224795 0.00224795 0.00225785 0.00235208 0.00236238 0.00224795 0.00224795 0.00224795 0.0023403 0.00252279 0.00224795 0.00224795 0.00224798 0.00224795 0.00225197 0.00224795 0.00224795 0.00224809 0.002248 0.00224882 0.00224795 0.00224826 0.00224795 0.00228321 0.00224795 0.00224803 0.00224795 0.00229537 0.00224797 0.00225026 0.00225006 158.931 0.00224795 0.00224795 0.00225276 0.00226651 0.00224795 0.00224795 0.00224804 0.0023689 0.00224963 0.00224797 0.00224795 0.00247248 0.00224795 0.00224795 0.00225085 0.00224795 37.8079 0.00228418 0.00224796 0.00242413 0.00224795 0.00224795 0.002248 0.00224795 0.00232677 0.00224866 0.00224795 0.00224809 0.00227051 0.00224795 85.1281 0.00224798 0.00226574 0.00224796 0.00224795 0.00224795 0.00224818 0.00224795 0.00224822 0.00224795 0.00224795 0.00239151 0.00225138 0.00224795 0.0022541 0.0030414 0.00225524 0.00224795 0.00224795 0.00224795 0.00225034 0.00226689 0.00224795 0.00224795 0.00224795 0.00245102 0.00224795 0.0022489 43.6786 0.00406755 0.00224795 0.0023189 0.00225608 0.00225407 0.002248 0.00224795 0.00224795 0.00224795 0.00224806 0.00224795 0.00224795 0.00224795 0.00224796 0.00224795 0.00224798 0.00224795 0.00224795 0.00224795 0.00224832 0.00224795 0.00225185 0.00224795 0.00224795 0.00224814 0.00224795 0.00224796 0.00224803 0.00224795 0.00224795 200.949 0.00224795 0.00225946 0.00229147 0.00224798 0.00224795 0.00224796 0.00224799 0.00224795 0.00224795 0.00232607 0.00224795 0.00225363 0.00251743 0.00224801 0.00224795 0.00230134 0.00225476 72.1306 0.00224795 0.00227744 0.00244621 0.00224795 0.00224795 0.0022508 0.00225562 0.00224795 0.00225082 0.00224795 0.00224796 0.00229348 0.00224806 0.00228654 0.00224795 0.00224888 0.00224795 0.00227535 0.00224831 0.00225656 0.00224963 0.00224795 0.00224795 0.00224805 0.00224795 0.00224795 0.00224799 0.00224795 67.6715 0.00230636 0.00225376 0.00224795 0.00225278 0.00224795 0.00225322 0.00224795 0.00224795 0.00224798 0.00225794 0.00224795 0.00224795 0.00224795 0.00224795 0.00224795 0.00224795 0.00224825 0.00224855 0.00224795 0.00224795 0.00224795 0.00224795 10.8766 0.00224883 0.00224805 0.00226105 0.00224795 0.00224795 0.00224795 0.00225498 0.00224795 0.0022633 0.00224795 0.00224795 0.00224796 0.00224795 0.00224795 0.00225538 0.00232938 0.00224796 0.00224795 0.00224795 0.00224795 0.00224795 0.00224802 22.2271 0.00224795 0.00224799 0.00224838 0.00224957 0.00224816 0.00224795 0.00224795 0.00224795 0.00224795 0.00224795 0.00224795 0.00224795 0.00224795 0.00226586 0.002249 0.00224795 0.00224808 0.00224795 0.00224797 0.00226025 0.00224795 0.00224897 0.00224799 0.00224798 0.00224802 0.00231201 0.00224798 0.00224795 0.0022588 0.00225964 0.00224878 0.00224936 0.00224795 0.00224993 0.00224795 0.00224797 0.00228606 0.00229508 0.00229518 0.00229198 0.00224795 0.00224796 0.00224795 0.0022486 0.00224823 0.00224795 0.00224795 0.00224795 0.00224797 0.00224832 0.00224797 0.00235734 0.00224798 0.00231308 0.00225174 0.00224795 58.3587 0.00227642 0.00225487 0.00224795 0.00224795 0.00224815 0.00224795 0.00241633 0.00224869 0.00232021 0.00226197 0.00224795 0.00224795 0.00224798 0.00224795 0.00224795 0.00224798 0.00224795 0.00224795 16.0977 0.00224795 0.00224795 0.00231164 0.00224798 0.00230186 0.00228334 0.00224807 0.00231753 0.00224795 0.00224795 0.00224795 0.00224795 0.00229113 0.00224852 0.00224795 0.00224795 0.00224795 16.4527 154.957 0.00224795 0.00224795 0.00224804 0.00224883 0.00226784 0.00226151 0.00224796 0.00226055 0.00224846 0.00224799 0.00224795 0.00224795 0.00239661 0.00224967 0.00226788 0.00224795 0.00225411 0.00225325 0.00224795 0.00224795 0.00224798 0.00229597 0.00224795 0.00235006 0.00224795 0.00224795 0.00224795 0.00224795 0.00224795 0.00224957 0.00225493 0.00225507 0.00224795 0.00224795 0.00224813 0.00224795 0.00224795 0.002248 0.00224795 0.0022511 0.00224795 0.00233326 0.0022886 0.00224958 0.00224795 0.00225019 0.00224916 0.00224795 0.00225934 0.00224795 0.00224795 0.00224799 0.0022753 0.0022485 0.00225989 0.0022503 0.00224824 0.00224795 0.00224795 0.00228698 0.00224795 0.00239964 0.00224795 0.00224795 0.00224795 0.00224795 0.00224803 114.275 0.00224795 0.00224798 0.00224795 0.00224795 0.00224899 0.00226955 0.00227937 0.002248 0.002248 0.00224881 0.00224795 0.00224915 0.00224795 0.00228666 0.00224795 210.264 0.00224883 0.00224795 0.00224797 0.00224795 0.00225271 0.00224995 0.00224809 0.00224795 0.00224838 0.00224795 0.00227657 0.00417118 0.00224795 0.00224795 0.00224795 0.00225717 0.00224798 0.00224829 0.00225394 0.00237498 0.00228259 0.00224935 0.00224795 0.00224795 0.00228767 0.00227693 0.00224868 0.00224811 0.00224795 0.00224795 0.00224795 0.00224795 0.00224795 0.00224798 0.00224798 200.87 0.00228682 0.00224879 0.00224795 0.00224818 0.00224795 0.00230434 0.00224795 0.00224795 67.6565 96.1591 0.00224797 0.00224795 0.00230143 0.00224848 0.00224795 0.00224795 0.00224796 0.00224795 0.00224927 0.00225468 0.00292358 0.00247382 0.00224795 0.00228486 0.00224795 0.00224795 0.00224795 0.00224795 0.0024003 0.00224795 0.00224823 0.00224795 0.00224795 0.00224814 0.00224795 0.00224795 0.00224795 0.00224797 0.00224795 0.00224815 0.00224795 0.00224795 0.00224795 0.00224799 0.00224795 0.00224795 0.00224798 0.00224795 0.00224795 0.00224909 0.0022484 0.0022508 0.00224795 0.0022489 0.00224795 0.00224795 0.00224795 0.00224795 0.0022501 0.00224795 0.00224795 0.00224795 0.00224795 0.00224901 0.00224795 0.00225247 0.00224858 0.00229329 0.00224812 0.00224795 0.00230821 0.00236467 0.00224795 0.00224795 0.00225466 0.00229895 0.00224795 0.00225221 0.00224795 0.00224829 0.00224795 0.00225677 0.00225289 0.00224795 0.00225667 0.00224863 0.002277 0.00224796 0.00224797 0.00225523 0.00224795 51.939 0.00226321 0.00224795 0.00224795 0.00224799 0.002248 0.00224799 0.00224799 0.00228016 0.00225023 0.00224795 0.00230476 0.00224899 0.00224795 0.00230582 0.00224798 0.00226809 0.00261804 0.00229762 0.00224796 0.00225019 0.00224795 0.00224797 0.00225277 0.0022588 0.00224795 0.00224795 0.00232238 58.8076 0.00224795 1358.27 0.00224812 0.00224965 0.00224795 0.00224827 0.00224795 0.00225385 0.00224795 0.00225035 0.00224827 0.00224795 0.00224796 0.00224795 0.00224795 0.00229508 0.00224795 0.00224795 0.00224862 0.00224797 0.00224797 0.00224795 0.00224795 0.00224816 0.00224804 0.00268739 0.00224795 0.00231915 0.00224814 0.00224795 0.00224917 0.00231366 0.00224795 0.00224799 0.00228699 0.00224795 0.00224804 0.00225665 0.00224799 0.00224798 0.00225817 0.00224795 0.00224795 0.00224796 0.00224795 0.00224938 0.00224807 13.9687 0.00233635 0.00224944 0.00226703 0.00224796 0.00224805 0.00224795 0.00224796 0.00224795 0.00224991 0.00226719 0.00224796 0.00224795 0.00226745 0.0022549 0.00225 0.00224847 0.00224795 0.00230801 0.00224978 0.00224912 0.00226306 0.00224795 0.00224795 0.00224795 0.00224807 0.00224804 0.00224795 0.00225255 0.00224795 0.00224795 0.00354284 0.00224927 0.00226487 0.00224796 0.00226056 0.00226559 0.00224803 0.00224795 0.00224799 0.00224817 0.00224795 0.00251156 0.00225791 0.00225 0.00224798 0.00224795 0.00224798 0.00224795 0.00224795 0.00225687 0.154043 0.00224795 0.00224795 0.00224795 0.00224795 0.00225078 0.00224795 0.00224814 0.00224796 0.00237033 0.00284898 0.00224833 0.00224795 0.00225409 0.00224795 0.00224795 0.00224795 0.00227679 0.00224814 0.00224795 0.00224796 0.00224815 0.00224795 0.00228749 0.00224795 0.00224801 0.00225729 0.00224795 0.00230513 0.00224795 0.00224795 0.00225268 0.00226801 0.00224795 0.00224795 0.00224847 0.00224795 0.00224795 0.00224973 0.00224803 0.00224795 0.00226039 0.00225839 0.00241604 0.00224796 0.00224795 0.00224795 0.0022792 0.00224839 0.00224844 0.00224795 0.00224795 0.00234201 0.00224795 0.00224795 0.00234648 0.00225332 0.00224795 0.00224795 0.00224867 0.00224795 0.00224795 0.00224795 0.00224837 0.00224796 0.00224805 0.00224795 0.00224795 0.00224795 0.00231775 0.00229662 0.00224797 0.00224795 0.00225067 0.00495535 0.00224964 0.00224795 0.00225054 0.002248 0.00228352 0.00224795 0.00224795 0.00224795 0.00224857 0.00224795 0.00224798 0.00224851 0.00224811 0.00230008 0.00224795 0.00224795 0.00224795 5.89612 0.00226682 0.00224873 0.00224795 0.00224795 0.00227816 0.00225982 0.00225309 0.00224828 0.00225315 0.00224795 0.00224796 0.00225258 0.00224798 0.00225756 0.00224835 0.00224795 0.00224795 0.00235818 0.00224799 0.00228301 0.0022502 0.00224852 0.00231061 0.00224795 0.00224795 0.00231037 0.00224795 0.00297085 0.00225303 0.00224809 0.00224798 0.00228087 0.00224795 0.00224795 0.0022494 0.00224795 0.002248 0.00224816 0.00224795 0.00224802 0.00278048 0.0022606 0.00224795 0.00224795 0.00234702 0.00224795 0.00388314 0.00226452 0.00224814 0.00225088 0.00224795 0.00224795 0.00225311 0.00226593 55.6297 0.0023141 0.00224795 0.00225436 0.00224795 0.00246143 0.00224806 0.00224795 0.00224795 0.00224798 0.00224795 0.00224795 0.00224927 0.00224795 0.00245041 0.00224795 0.00224795 0.00225905 0.00224795 0.00224795 0.00224795 0.00224795 0.00224795 0.00224795 0.0022922 0.00224795 0.00224795 0.00224795 0.00224795 0.00224801 0.00226263 0.00224795 0.00224801 0.00227568 0.00224795 0.00225033 0.00224857 0.00224795 0.00224959 0.00228096 0.00224796 0.00233319 0.00224795 0.00230596 0.00227788 0.00224855 0.00224795 0.00224795 0.00224823 0.00225285 0.00224795 65.2477 0.00228775 0.00224795 0.00265212 0.00224795 0.00224795 0.00224795 0.00224795 0.00224795 0.00224795 0.00224795 0.00224795 0.00224795 0.00224936 0.0022841 0.00224795 0.00225475 0.00224795 0.00224796 0.00227137 0.00224795 0.00224795 0.00224795 0.00224807 0.00224816 0.00224795 100.867 0.00224795 0.00224795 0.00224797 0.00224806 0.00224795 0.00224795 0.00224795 0.00224795 0.00225365 0.00224795 0.00316414 0.00224795 0.00224795 0.00225838 0.00224846 0.00228611 0.00224795 0.00224799 0.00224795 0.00224795 0.00232634 0.00224795 0.0022792 0.00224809 0.00224795 0.00224796 0.00224795 0.00224795 0.00224795 0.00224807 0.00224795 0.00229663 0.00224795 0.00224795 0.00226309 0.00432918 0.00224798 0.00224796 0.00224881 0.00224796 0.00224796 0.00225161 0.00224801 0.00224795 0.00224809 0.00224795 0.00225515 0.00224795 0.00224795 0.00224795 0.00228426 0.00225642 0.00225509 0.00224795 0.00225013 0.00228462 0.00224802 0.00224795 0.00235147 0.00226547 0.00224795 0.00224806 0.00280829 0.00224795 0.00224795 202.573 0.00224795 0.00226176 0.00225425 0.00244698 0.00224805 0.00230437 0.00224796 0.00224865 0.00224795 0.00224795 0.00224814 0.00227165 0.00224795 0.00224795 0.00224833 0.00224795 0.00228508 0.0022562 0.00224809 0.0022516 0.00224795 0.00224795 0.00224795 0.00224795 0.00224795 0.00224795 0.0022521 0.00224796 0.00224855 0.00224795 0.0022481 0.00224795 0.00224795 0.00224795 0.00224795 0.00224796 0.00230125 0.00224796 0.00224795 0.00224805 0.00224836 0.00224869 0.00225989 0.00224796 0.00246234 0.00224795 0.00224795 0.00232253 0.00361554 0.00224795 0.00224855 0.00224795 0.00224802 0.00224808 0.00225022 0.00237653 0.00228831 0.00227272 0.00224795 0.00224798 171.119 0.00224795 0.00224795 0.00224795 0.00224829 0.00224795 0.00244847 0.00224795 0.00224808 0.00229531 0.00224848 0.00224795 0.00239955 0.00224796 0.00224795 0.00224795 0.00224795 0.002248 66.6652 0.00239009 0.00224801 0.00224809 0.00225038 0.00224795 0.00225875 0.00224795 0.00224871 0.00224825 0.0022481 0.00224836 0.00224797 0.00231319 0.00224795 0.00224998 0.0037065 0.00224795 0.00224796 0.00225496 0.00224795 0.00224795 0.00227425 0.00229304 0.00224795 0.00224795 0.00224795 55.3538 0.00224807 0.00224795 0.00224795 0.00224796 10.4363 25.5027 0.00224795 0.00225012 0.00224796 0.002248 0.00224795 0.00244234 0.00224795 0.00224795 0.00224795 0.00224795 0.00231357 0.0022529 0.00231152 0.00224795 0.00224795 0.00224812 0.00224801 0.00232455 0.00224795 0.00225049 0.00225237 0.00225011 0.00224929 0.00243928 0.00224795 0.00226899 0.00225833 0.002248 0.00224797 73.569 0.00224809 0.00224795 0.00231554 0.00224846 0.00227329 0.00224795 0.00224811 0.00678279 0.00224795 0.00224938 0.123295 0.00225264 0.00225016 0.00224795 0.00227989 0.00228182 0.00224838 0.00224795 0.00224795 0.00226682 0.00224796 0.00224795 0.00225965 0.00224796 38.103 0.00231148 0.00231494 0.00224826 0.00224795 0.00224795 0.00224795 0.00224795 0.00224795 0.00224795 0.00224795 0.00225393 0.00224795 0.0028697 0.00224796 0.00225032 0.00224795 0.00224795 0.00225706 0.00224822 25.3968 0.00224854 0.00224795 0.00224796 0.00224798 0.00225372 0.00224795 18.3973 0.00224801 0.00225647 0.00224795 0.00224795 0.00224962 0.00224795 0.00224798 0.0022489 0.00226889 0.00225277 0.00224795 0.00224825 0.00224795 0.00224795 0.00224795 0.00224797 0.00224795 0.00224849 0.00224795 0.00300963 0.00225264 0.00224805 0.00225111 0.00224814 0.00224797 0.00224795 0.00224795 0.00225482 0.0022494 0.00225105 0.00225985 0.00224796 0.00245159 0.00224827 0.00224795 0.00224811 0.00224822 0.00224797 0.00224968 0.00224795 0.00224795 0.00224795 0.00224795 0.00226037 0.00224795 0.00224795 0.0022646 0.00224795 0.00224797 0.00224795 0.00224813 0.00224795 0.00224795 0.00224795 0.00227396 0.00224795 0.00224796 0.00224795 0.00224795 0.00224799 0.00225514 0.00224799 0.00224863 0.00224796 0.00224816 0.00224884 0.00224795 0.00224796 0.00224799 0.00226158 0.00224832 0.00224832 0.00224795 0.00224795 0.00224795 0.00224979 0.00224795 0.00224851 0.00224811 0.00224886 0.00224795 0.00224828 0.00224866 0.0022503 0.00225339 0.00225028 0.00224795 0.00224795 0.00224795 0.00224795 0.00224795 0.00257365 0.00224979 0.00227762 0.00224797 0.00225048 0.00224795 0.00224795 0.00349828 0.00224795 0.00224795 0.00225362 0.00224795 0.00224799 0.00224795 0.00224807 0.00224795 51.3106 0.00224795 0.00224799 0.00224795 0.00230085 0.00224795 0.00224796 0.00224796 0.00224842 0.00228549 0.00224833 0.00224795 0.00224798 0.00224824 0.00256544 0.00224795 0.00224795 0.00224898 0.00224795 0.00224852 0.00224928 0.00224795 0.00224795 0.00224795 0.00228997 0.00664506 0.00224808 0.00224795 0.00224799 0.00224795 0.00224809 0.00224824 0.00229535 0.00224799 0.00224795 0.00225227 0.00224795 0.00224799 292.885 0.00224795 0.00224795 0.00224795 0.00224809 0.00224795 0.00224795 0.00228271 0.00224795 0.00224795 0.00224801 0.00225265 0.00224795 0.00224806 0.00224795 0.00224795 0.00224798 0.00224853 0.00224796 0.00224809 0.00226502 0.00224817 0.00224795 0.00224811 0.00224795 0.00224795 0.00224795 0.00224795 0.00225173 0.00224795 0.00224839 0.00224795 0.00224795 0.00224795 0.002248 0.00224795 0.00224797 0.00224795 0.00224795 0.00224812 0.00229588 0.00225681 29.8042 0.00224795 0.00224795 0.00224795 0.00227389 0.00224795 0.00224839 0.00224808 0.00224795 0.00233029 0.00224805 0.00224795 42.9775 0.00224957 0.00224852 0.00224795 0.00227262 0.00226488 0.00224795 0.00224795 0.00224795 0.00224795 0.00274627 0.00224795 0.0022528 0.00224803 0.00224795 0.00224795 0.00224795 0.00225587 0.00224795 0.00224795 0.00224795 0.00224795 0.00225985 94.7154 0.00225645 0.00225893 0.00224795 0.00224797 0.00224795 0.00224838 0.00231618 0.00224795 131.046 0.00224816 0.0022506 0.00224795 0.00224795 0.00225122 0.00224795 0.00224856 0.00224795 0.00224795 0.00224982 0.00224829 0.00224822 0.00225063 0.00224795 0.0022519 0.00225055 0.0022692 0.00226646 0.00225641 0.0022502 0.00231939 0.00224795 0.00224845 0.00224795 0.00224795 0.00224823 0.00224795 0.00224913 0.00224795 0.00224795 0.00224795 0.00224845 0.00228216 0.00224795 0.00227367 0.00224795 0.00224795 0.00224795 0.00224802 0.00224795 0.00224795 0.00224796 0.00224804 0.00224795 0.00224795 0.00224795 0.00224795 0.00224795 0.00224799 0.00224795 0.00224795 0.00224805 0.002248 0.00227663 0.00225083 0.00224795 0.00271396 0.00224795 0.00225799 0.00224884 0.00224796 0.00224844 0.00225294 0.00224795 0.00224795 0.00224805 0.00224805 0.00224881 0.00224795 0.00248947 0.00224815 0.00224795 0.00224808 0.00225339 0.00224812 0.00224899 0.00224795 0.00224795 0.00224795 0.0022481 0.00229412 0.00224796 0.00224795 0.00224795 0.00224795 0.00225552 0.00224795 0.00227052 0.00224819 0.00224795 0.00224795 0.00225168 0.00224795 0.00224795 0.00224848 0.00224814 0.00224795 0.00224795 0.00224795 0.00224795 0.00224798 0.00225298 0.00226471 0.00224795 0.00225211 0.00228536 0.00224795 0.00225408 0.00224795 0.00224795 0.00227858 0.00224912 0.00228704 0.00224795 0.00224795 0.00224795 0.00224803 0.0022516 0.00224801 0.00239274 0.002248 0.00224897 0.00224795 0.00224795 0.00224795 0.00224896 0.00224795 0.00226642 23.761 0.00224795 0.00224795 0.00224795 0.00224827 0.00226164 0.00224795 0.00225892 0.00224807 0.00224802 0.00224862 0.00237763 0.00224795 0.00226513 0.00224801 0.00225032 0.00225016 0.00224847 0.00224795 0.00227517 0.00226362 0.00224795 0.00224796 0.00225717 0.00224797 0.00231984 0.0022492 0.00224795 0.00224795 0.00323572 0.00224795 0.00224795 0.00224795 0.00224795 0.00224795 0.00224798 0.00224795 0.00224795 0.00225137 0.0023808 0.00224826 0.00224795 0.0022481 0.00331956 0.00224795 0.00259089 0.00229168 0.00224795 0.00224795 0.00225083 0.00225776 0.00224795 0.00224795 0.00224795 0.00224853 0.00224795 0.00226045 0.00224795 0.00224795 0.00224795 0.00225068 0.00227127 0.0023117 0.0023614 0.0022481 0.00224795 0.00224795 0.00224795 0.00595497 0.00224796 0.00230584 0.00224795 0.00227507 0.00224795 0.00224851 0.0022485 0.00224797 0.00224795 0.00224797 0.00227284 0.00224796 0.00225074 0.00224795 0.00232657 0.00224795 0.00228445 0.00224811 0.00224795 0.00224847 0.00224853 0.0023605 0.00224795 0.00225022 0.00224795 0.00232623 0.00224838 0.00225313 0.00224795 0.00224796 0.00226325 0.00224798 0.00224795 0.00224795 0.00224817 0.00224795 0.00224848 0.00224795 0.00224795 0.00224795 0.00224812 0.00224799 0.00224795 0.00224795 0.00224796 0.00224795 0.00224795 16.1386 0.00224795 0.00225897 0.00224795 0.00224796 0.00224941 0.00224795 0.00224795 0.00225534 0.00224795 0.00224795 0.00229521 0.00224795 0.00873758 0.00224795 0.00224795 0.00224796 0.00224795 0.00224795 0.00224795 0.00224795 0.00224798 0.00224795 0.00224816 0.00224795 0.00224799 0.00283399 0.00224795 0.00224795 0.00225104 118.141 0.00224795 0.00227391 0.00224821 0.00224795 0.00224959 0.00224795 0.00224796 0.00224795 0.00224797 0.00224795 0.00224795 0.00224795 0.00224972 0.00224795 0.00225067 0.00225989 0.00240942 0.00224795 0.00224795 0.00225081 0.00224795 0.00224854 0.00224795 0.00224795 0.00224795 0.00224795 0.00226829 0.00224795 0.00227027 0.00224805 0.00224795 0.00224795 0.00224795 0.00224803 0.00229584 0.00226233 0.00224799 0.00224795 0.00233113 0.00224795 0.00250973 0.00224795 0.00224798 0.00224795 0.00225359 0.00225785 0.00224795 0.0022853 0.00224806 184.587 0.00224797 0.002248 0.00224801 0.0022488 0.00224795 0.00225503 0.00224795 0.00224797 0.00224795 0.00224804 0.00224795 0.00224795 0.00225047 0.00224795 0.0558297 0.00224795 0.00224796 0.00224795 0.00224829 85.148 0.00224979 0.00224795 0.00224829 0.0267966 0.00224795 0.00225091 0.00224795 0.00224886 0.00224795 0.00224795 0.00224795 0.00224795 0.00298793 0.002248 131.701 0.00224872 0.00224795 0.00224797 0.00224826 0.00224795 0.00224796 0.00224795 0.00224796 0.00224795 0.00224795 0.00224795 0.00228771 0.00224795 0.00224795 0.00224795 0.00224795 0.00224795 0.00224804 0.00224836 0.00250627 0.00224817 0.00225446 0.0022833 0.00224795 0.00228242 0.00224803 0.00225197 0.00231332 0.00225258 0.00224795 0.00224795 0.00224795 0.00224795 0.00224819 0.00224795 0.00224864 0.00224796 0.00224799 0.00224795 0.00224795 0.00326773 0.00230671 0.00224795 0.00225307 0.00224795 0.00224795 0.00233669 0.00224795 0.00225091 0.00224795 0.00225494 0.00226676 0.00225248 0.00224795 0.00224795 0.00231859 0.00232154 0.00224801 0.00224795 0.00224797 0.00224795 0.00225653 0.00224811 0.00224795 0.00224795 0.00224795 0.00224795 0.00224795 0.00224817 0.00224795 0.00224795 0.00224795 0.00231814 0.00227631 19.278 0.00226576 0.00225559 0.00224795 0.00224795 0.00224795 0.00224796 0.00224856 0.00224801 0.002248 0.00224795 0.00224795 0.00224795 0.00224803 0.00224795 0.00236003 0.00224795 0.00225295 0.00224795 0.00224809 0.00224871 63.3844 0.00224831 77.9011 0.00224798 0.00224945 0.00228716 0.002248 0.00224795 0.00224814 0.00224813 0.00224817 0.00224795 0.00389934 0.00224799 0.00229759 0.00225472 0.00224795 0.00224795 0.00224795 0.00224795 0.00224796 0.002248 0.00224795 0.00224795 0.00224795 0.00224795 0.00224795 0.00224795 0.0022482 0.00224795 0.00224798 61.0754 0.00225413 0.00224878 0.00294398 0.00224803 0.00224795 0.00224795 0.00224805 0.00224795 0.00225164 0.00226603 0.00224795 0.00224795 0.00224795 0.00224795 0.0022484 0.00227021 0.00224806 195.042 0.00224855 0.00230939 0.00224847 0.00224795 0.00224823 0.00224795 0.00224839 0.00224805 48.3131 0.00224795 0.00224795 0.00242957 0.00224797 0.00224795 0.00224796 0.00224795 0.00224795 0.00224795 0.00224825 0.00224795 0.00224795 0.00228388 0.00224795 0.00224795 0.00225726 0.0022481 0.00232558 0.00224795 0.00226033 0.00224796 0.00225892 0.00231414 0.00237148 0.00224795 0.00224795 0.0022513 0.00224795 0.00224797 0.00224795 0.0682937 0.00224815 0.00224795 0.00224795 0.00224795 0.00224795 0.00224795 0.00224798 0.00225078 0.00226257 0.00226794 0.00225031 0.00224842 0.00224795 0.00227643 0.00224795 0.0022542 0.00224795 0.00224795 0.00224939 0.00224804 0.00224795 0.00224799 0.00224825 0.00225287 0.00224795 0.00224795 0.0022922 0.00224849 0.00228553 0.00224795 0.00224795 0.00224795 1.57498 0.00224803 0.00224795 0.00224795 0.00224795 0.00224799 0.00225006 0.002248 0.00225336 0.00224795 0.00224795 0.00224811 0.00224838 0.00224795 0.00224827 0.00224795 0.00224795 0.00224807 0.00224795 0.00224795 0.00224795 0.00247229 0.00224796 0.00226321 0.00224798 0.00225728 0.00241308 0.00224834 0.00224872 0.00224795 40.9836 91.0218 0.00224795 0.00224795 590.744 0.00225173 0.00226559 0.00224796 0.00228028 0.00224807 0.00224852 0.0022511 0.0172607 0.00231911 0.00228579 0.002248 0.00224795 0.002248 0.00224796 0.00224795 0.00224795 0.00224795 0.00224795 0.00227386 0.00224795 0.00224795 0.00224795 0.00224795 0.00224795 0.00224795 0.00224873 0.00227378 0.00224796 0.00224795 0.00228491 0.00224927 0.00226157 0.00322283 0.00225006 129.066 0.00229062 0.00224795
1 2 3 1,1 2 3,3631.42,0.00119225 0.00119225 0.00119225 0.00119225 0.00119225 0.00119225 0.00119233 0.00119225 0.00119225 0.00119225 0.00119225 0.00119224 0.00119225 0.00119224 0.00119298 0.00119225 0.00119224 0.00119224 0.00119225 0.00119224 0.00119225 0.00119225 0.00119225 0.00119225 0.00119224 0.00119225 0.00120617 0.00120077 0.00119225 0.00119225 0.00119225 0.00119224 0.00119225 0.00119225 0.00119225 0.00119224 0.00119312 0.00119225 0.00119224 0.00119224 0.00119225 0.00119231 0.00119231 0.00119225 0.00119225 0.00119495 0.00119255 0.00119225 0.00119224 0.00119225 0.00119225 0.00119225 0.00119225 0.00119225 0.00119225 0.00119225 0.00119224 0.00119225 0.00119225 0.00119225 0.00119224 0.00119225 0.00119225 0.00119225 0.00119225 0.00119224 0.00121991 0.00119224 0.00119242 0.00119225 0.00119224 0.00119225 0.00120201 0.00119233 0.00119225 0.00119224 0.00119225 0.00119224 0.00119224 0.00119225 0.00119225 0.00119224 0.00119225 0.00119224 0.00119359 0.00119224 0.00119225 0.00119225 0.00119225 0.00119225 0.00119225 0.00119224 0.00119225 0.00119224 0.00219503 0.00119225 0.00119225 0.00122856 0.00119225 0.00119224 0.00119224 0.00119224 0.00119225 0.00119225 0.00119225 0.00119225 0.00119224 0.00119224 0.00119227 0.00119225 0.00119225 0.00119225 10.4025 0.00127546 0.00119224 0.00119225 0.00123915 0.00119225 30.6102 0.00119225 0.00119225 0.00119225 0.00119225 0.00119224 0.00119225 0.00119224 0.00119225 0.00119225 0.00119224 0.00119225 0.00119225 0.00119225 0.00119224 0.00119224 0.00119225 0.00119224 0.00119224 0.00119225 0.00119225 0.00119225 0.00119225 0.00119225 0.00119225 0.00119225 0.00119225 0.00119225 0.00119225 0.00119225 0.00119225 0.00119225 0.00119225 0.00119225 0.00119224 0.00121794 0.00119225 0.00119224 0.00119226 0.00119225 0.00119224 0.00119225 0.00119662 0.00119225 0.00119225 0.00119225 0.00119225 0.00119224 0.00119225 0.00119225 0.00119225 63.2164 0.00119225 0.00119225 0.00119225 0.00119225 0.00119225 0.00119224 0.00119225 14.8472 0.00119224 0.00119224 0.00119224 0.00119359 0.00119225 0.00123779 0.00122291 0.00119225 0.00119225 0.00119555 0.00119225 0.00119224 0.00119455 0.00119225 0.00119225 0.00119224 0.00119225 0.00138902 0.00119224 0.00119224 0.00119225 0.00119224 0.00219296 81.0492 0.00119225 39.8627 12.8437 0.00120627 0.00149551 0.00119225 0.00119225 0.00119225 0.00119224 0.00119225 0.00119226 0.0011929 0.00119224 0.00119247 0.00119224 17.7663 0.00119225 0.00119225 0.00119225 0.00119232 0.00119225 0.00119225 0.00124818 0.00119225 0.00119225 0.00119225 0.00119225 20.2439 0.00119225 0.00119234 0.00119224 0.00119225 0.00119225 0.00120527 0.00119225 0.00119225 0.00119225 0.00119225 0.00119225 0.00119225 0.00119224 0.00119224 0.00119225 0.00119224 0.00119224 0.00126083 0.00119224 0.00119224 0.00119225 0.00126563 0.00119225 0.00119225 0.00119225 0.00119622 0.00119225 0.00119225 0.00119225 0.00119225 0.00119225 0.00119224 0.00119224 0.00119225 0.00119224 0.00120683 0.00119225 0.00121515 0.00119225 0.00119224 0.014041 0.00119225 0.00119757 0.00119224 0.00119225 0.00119224 0.00119224 30.5383 0.00119225 0.00119224 0.00119225 0.00119225 0.00119225 0.00119224 0.00119225 0.00119225 60.8351 317.792 0.00119225 0.00119224 0.00119225 0.00120022 0.00119224 0.00119225 0.00119225 0.00119225 0.00119224 0.00119227 0.00119224 0.00119224 0.00123468 0.00119224 0.00125741 0.00119224 0.00119225 0.00119226 0.00127194 0.00120563 0.00119225 0.00119224 0.0012303 0.00119225 0.00119232 0.00119225 0.00119225 0.00120348 0.00119224 0.00119224 0.00119225 0.00119225 0.00119225 0.00119225 0.00119229 0.00119225 0.00121449 0.00119225 0.00119224 0.00119224 0.00119224 0.00119225 0.00119225 0.00119225 0.00119225 0.00122912 0.00119225 0.00119225 0.00122509 0.00119225 0.0012021 0.00119224 0.00119232 0.00119225 0.00119225 0.00119225 0.00119225 0.00119224 0.00119225 10.027 0.00119224 0.00119225 0.00119225 0.00119224 0.00119224 0.00119228 0.00119225 0.00119224 0.00141725 0.00119224 0.00119225 0.00119225 16.197 18.0628 0.00121738 0.00119225 0.00119224 0.00119225 0.00119224 0.00119225 0.00119224 0.00119225 0.00119225 0.00119225 0.00119295 0.00119235 54.2935 0.00119224 0.00119225 0.00119224 0.00119225 0.00119225 0.00119225 0.00119225 0.0011924 0.00119225 0.00119224 0.00119225 0.00139199 0.00119224 0.00119225 0.0011925 0.00119225 0.00119225 0.00119225 137.416 0.00119225 0.00119225 0.00119225 0.00119225 0.00119224 0.00119224 0.00119254 0.00119225 0.00119224 0.00119656 0.00119225 0.00144499 0.00119228 0.00119224 0.00119225 0.00238364 0.0014065 0.00119224 0.00119225 0.00119225 0.00119225 0.00119225 0.00119239 0.00119225 0.00119224 0.00119224 0.00119225 0.00119225 0.00119225 0.00124143 0.00119422 0.00119225 0.00119224 0.00119225 60.7827 0.00120144 0.00119225 0.00119225 0.00119225 0.00119225 0.00119224 0.00119226 0.00119224 0.00119272 0.00119224 0.00119225 0.00119225 0.00119225 0.00119225 0.00119224 0.00119224 0.00119225 0.00119225 0.00124219 0.00119225 0.00119224 0.00119225 0.976306 0.00119224 0.00119224 0.0011924 0.0017043 0.00119225 0.00119224 0.00119224 0.00119225 0.00119907 0.00119225 0.00119225 0.00119225 0.00119266 0.00121628 0.00119225 0.00119224 0.00119225 0.00119225 0.00119224 0.00119676 0.00119225 0.00119224 0.00119224 0.00119225 60.4357 0.00119225 0.00137021 0.00119224 0.00119225 0.00119224 0.00119224 0.00119224 0.00119225 0.00119232 0.00119225 0.00119225 0.00119225 0.00119224 0.00119224 0.00119225 0.00119224 0.00119225 0.00119225 0.00119225 0.00119225 0.00127442 0.00119231 0.00119224 0.00119229 0.00119224 0.00119224 0.00119225 0.00119225 0.00119225 0.00119225 0.00119225 0.00119224 0.00119225 0.00119225 0.00119225 0.00119231 0.00119225 0.00119245 0.00119225 0.00119249 0.00119225 0.00121224 0.00119224 0.00119224 0.00119225 0.00149695 0.00119224 0.00119225 0.00119225 0.00119225 0.00119233 0.00119225 0.00119225 0.00119849 0.00119224 0.00119225 0.00119225 0.00119225 0.00127842 0.00119224 0.00119224 0.00119224 0.00119225 0.00119225 0.00119225 0.00119225 0.00119224 0.00119224 0.00119225 0.00119224 0.00119224 60.7872 0.00119224 0.00119225 0.00119225 0.00119224 0.00119224 0.00119225 0.00119228 0.00119224 0.00119225 0.00274639 0.00119225 0.00119224 0.00119225 0.0011951 0.00119224 0.00119224 0.00119225 0.00119225 0.00119225 0.00119225 0.00119224 0.00119225 0.00119225 0.00119224 0.00119224 0.00119225 0.00119224 0.00119225 0.00119225 0.00119225 0.00119225 0.00119249 0.00119225 0.00119225 0.00119225 0.00119225 0.0011928 0.00119247 0.00119742 0.00119256 0.00119244 0.00119224 0.00119225 0.00119238 0.00122884 0.00119903 0.00119225 0.00119225 0.00119229 0.00119224 0.00119225 0.00119224 18.3191 0.00119225 0.00119224 0.00119225 0.00119225 0.00119226 0.00119225 0.00119225 0.00119224 0.00119224 0.00119225 0.00119268 0.00119225 0.00119225 0.00122024 0.00119225 0.00119225 0.00135982 0.00119225 0.00119225 0.00119225 0.00119225 0.00119224 0.00119225 0.00119256 0.00119226 11.2472 0.00119224 0.00119225 0.00119224 0.00119225 0.00119224 8.90523 0.00119225 0.00119225 0.00119225 0.00119225 0.00119224 0.00119225 0.00119225 0.00128504 0.00119249 0.00119224 0.00119225 0.00303697 0.00119225 0.00119694 0.00119224 0.00119225 0.00119225 0.00124844 0.00119224 0.00119225 0.00119225 0.00119225 0.00119225 0.00119225 0.00119225 0.00119225 0.00119362 0.00119225 0.00119224 0.00119225 0.00119225 0.00119225 0.00119224 0.00119225 0.00119225 0.00119474 0.00119224 0.00119228 0.00119298 0.00122753 0.00119225 0.00119225 0.00119224 0.00119225 0.00119228 0.00119225 0.00119224 0.00119225 0.00119224 0.00123056 0.00119225 0.00119225 0.00119225 0.00119225 0.00119225 0.00119791 0.00119224 0.00119224 0.00119225 0.00119225 0.00119224 0.00119225 0.00119225 0.00119225 0.00119224 0.00119225 0.00119225 0.00119524 0.00119225 0.00119225 0.00119263 0.00119225 0.00119611 0.00119224 0.00119257 0.00119224 0.00119225 0.00136797 0.00119224 0.00119225 0.00119225 0.00119225 0.00128179 0.00119224 0.00119224 0.00119225 0.00119225 0.00119226 0.00119225 0.00119225 0.00119532 0.00119225 0.00119237 0.00119225 0.00119225 0.00119225 0.00119225 0.00119224 0.00119225 0.00119225 0.00119225 0.00119225 0.00152017 0.00119225 0.00119225 0.00119225 0.00119225 0.00129736 0.00119224 0.00119224 0.00119224 0.00119228 0.00119224 0.00119225 0.00119225 0.00119224 0.00119225 0.00119225 0.00119225 0.00119228 10.4166 0.00119224 0.00119225 0.00119225 0.00119225 0.00119225 0.00181393 0.00119224 0.00119224 0.00119225 0.00119225 0.00119224 0.00119225 0.00120141 0.00119225 0.00119225 0.00119224 0.00119224 0.00119225 0.00119225 60.3722 0.00119225 0.00119225 0.00119225 0.00119225 0.0283353 0.00119224 0.00119224 0.00119225 0.00119225 0.00182871 0.00119224 0.00119224 0.00119224 0.00119224 0.00119224 0.00119224 0.00119225 0.00119225 0.00119225 0.00119224 0.0011924 0.00119225 0.00119225 0.00119225 0.00119225 0.00119225 0.00119274 0.00119225 0.00119225 0.00119225 0.00119224 0.00119224 0.00119224 0.00119224 0.00119224 0.00119225 0.00119225 0.00119224 0.00119225 0.00119224 0.00119224 0.00119887 0.00119224 0.00119225 0.00119224 0.00119226 0.00119225 0.00119225 0.00119225 0.00120237 0.00119224 0.00119225 0.00119225 0.00119225 0.00119225 0.00119225 0.00119224 0.00119224 59.5473 0.00119225 0.00119224 0.00119225 0.00119224 0.00119224 0.0011973 0.00119225 0.00119238 0.00119343 0.00120296 0.00119232 0.00119224 0.00119225 0.00119224 0.00119225 0.00119225 0.00119225 0.00119225 0.00119225 0.00119224 0.00119225 0.00119225 76.9831 0.00119478 0.00119224 0.00119225 0.00119225 0.00119224 0.00119225 0.00121128 0.00119224 0.00119225 0.00119309 0.00119224 0.00119225 0.00141536 0.00119227 0.00119224 0.00119225 0.00119224 0.00119225 0.00119225 0.00119224 0.00119521 0.00119224 0.00119225 0.00119224 0.00119225 0.00119224 0.00119225 0.00119225 15.4386 0.00119225 0.00119225 0.00131901 0.00119225 0.00119225 0.00119264 0.00119224 0.00119228 0.00119225 0.00119225 0.00119225 0.00119225 0.00119224 0.00119225 0.00119225 0.00119225 0.00119224 0.00119225 0.00119224 0.00119225 0.00123624 0.00119225 0.00119224 0.00119225 0.00119225 0.00119225 51.1183 0.00119224 0.00119225 0.00119224 0.00119225 0.00123351 0.00119225 0.00138569 0.00120528 12.8437 0.00119225 0.00119225 0.00119639 0.00119225 0.00119661 0.00119225 0.00141162 0.00119225 0.00119225 0.00119227 0.00119225 0.00119846 0.00119227 0.00122305 0.00119233 0.00119493 0.00119226 0.00119224 0.00287509 0.00119225 0.00119225 0.00119225 0.00119225 0.00119225 0.00119224 0.00119225 0.00119225 0.00119225 0.00119225 0.00119225 0.00119225 0.00119225 0.00119225 0.00119224 0.00119225 0.00119226 0.00119225 0.00119309 0.00119225 114.456 0.00119225 0.00119224 0.00119488 0.00119225 0.00124453 0.00119224 0.00119225 51.6156 0.00119225 0.00119427 0.00119225 0.00121658 0.00119225 0.00119225 0.00119225 0.00119224 0.00119225 0.00119225 15.0558 0.00119225 0.00119225 0.00119224 0.00119225 0.00119224 0.00119225 0.00119225 0.00119225 0.00119225 0.00119225 0.00119225 0.00119224 0.00119225 0.00119225 0.00119238 0.00119224 0.00119225 0.00119225 21.1657 0.00121991 0.00119225 0.00124464 0.00119225 0.00120746 0.00119224 0.00119225 0.00119225 0.00119225 0.00119224 0.00119224 0.00119225 0.00119224 0.00119225 0.00119225 0.00119225 0.00119225 0.00119225 0.00119225 0.00119225 0.00119224 0.00119265 0.00119225 0.00119225 0.00119225 0.00123116 0.0016969 0.00119225 0.00119225 0.00119225 0.00119224 0.00119225 0.00119225 0.00119224 0.00119225 0.00119225 0.00119225 0.00119225 0.00119225 0.00119224 0.00119224 0.00119224 0.00119231 0.00119236 0.00119225 0.00119224 0.00119225 0.00119334 0.00119257 0.00119225 0.00119224 0.00119225 0.00119225 0.00119514 0.00119224 0.00119225 0.00119225 0.00119234 43.4256 0.00119225 0.00119225 0.00119225 0.00119225 0.00119225 0.00128152 0.00119224 0.00119225 0.00119224 0.00119284 0.00119225 0.00119224 0.00119224 0.00119225 0.00119225 0.00119224 0.00119795 0.00119225 0.00119224 0.00124806 0.00127364 0.00119224 0.00119224 0.00119225 0.00119234 0.00119231 0.00119226 0.00119224 0.00119239 0.00121503 0.00119224 0.00119224 0.00119224 0.00119224 0.00119225 0.00119286 0.0180052 0.00119224 0.00119225 0.00119225 0.00119225 0.00119224 0.00119255 0.00119224 0.00119225 0.00120646 0.00119225 0.00120676 0.00120036 0.00119752 0.0011926 0.00119225 0.00129714 0.00119225 0.00119225 0.00119225 0.00119224 0.00119227 0.00119224 0.00119225 0.00119717 0.00119225 0.00119225 0.00119225 0.00119225 0.00119264 0.00119225 0.00119225 0.00119225 0.00119225 0.00119225 0.00119225 0.00119224 0.00119263 0.00119225 0.00119224 0.00119225 0.00119224 0.00119225 0.00120093 0.00119225 0.00127649 0.00119225 0.00119225 0.00119225 0.00119224 0.00119225 0.00119225 0.00119224 0.00119224 0.00119225 0.00119226 0.00119689 0.00119225 0.00119226 0.00119225 0.00119225 0.00206673 55.945 0.00119304 0.00119224 0.00119251 0.00119225 0.00119224 0.00119224 0.00119224 0.00119225 0.00119262 0.00119225 0.00119225 0.00148771 0.00119225 0.00119225 0.00119225 0.00119224 0.00119225 0.00119262 0.00119224 0.00119225 0.00119225 0.00119224 0.00119224 0.00119224 0.0014143 0.00142863 0.00119225 0.00119225 0.00119225 17.25 0.00119224 0.00119225 0.00119225 0.00119225 0.00119224 0.00119224 0.00119225 0.00119225 0.00119225 0.00123298 0.00119224 0.00119225 0.00119225 0.00119225 0.00119225 0.00119224 0.00119224 0.00119225 0.00119272 0.00159697 0.00119225 0.00128727 0.00119225 0.00119225 0.00119225 0.00119224 0.00119225 0.00119224 0.00119244 0.00119224 0.00119225 0.00119225 0.00119224 0.00119295 0.00119225 0.00119224 0.00119224 0.00119225 0.00119225 0.00119226 0.00119226 0.00119225 0.00119225 0.00119236 0.00119225 0.00120445 0.00119224 0.00125129 0.00119225 0.00119225 0.00119225 0.00119224 0.00119225 0.00119225 0.00119225 0.00119225 0.0011931 0.00119225 0.00119225 0.00119224 0.00119763 0.00119225 0.00119225 0.00119225 0.00119225 0.00119225 0.00119224 0.00119225 0.0011938 0.00119225 0.00119224 0.00119224 0.00119225 0.00119224 0.00119225 0.00119225 0.00119224 0.00119866 0.00119225 0.00119225 0.00119224 0.00119225 0.00127635 112.48 0.00119225 0.00119224 0.00161549 0.00139347 0.00119635 0.00119224 0.00119225 10.027 140.487 0.00119225 0.00119225 0.00119225 0.00119225 0.00119224 0.00119224 0.00119226 0.00119225 0.00119225 0.00119225 0.00121744 0.00119224 0.00119225 30.3654 0.00119224 0.00119225 0.00119224 12.544 0.00119224 0.00119225 0.00119746 0.00119225 0.00119225 0.00119224 0.00119224 0.00119224 0.00519307 0.00119225 0.00119225 0.00119225 0.00119225 0.00119225 0.00120845 0.00119225 0.00119224 0.00121353 0.00120577 0.00119224 0.00119225 0.00119225 0.00119225 0.00119225 0.00119225 0.00119225 0.0013801 0.00119225 0.00119225 0.00119225 0.00119225 0.00119225 0.00119225 0.00119225 0.00121553 0.00119224 0.00119225 0.00120957 0.00119225 2.12744 0.00119225 0.00119225 0.00130571 0.00119225 0.00119225 0.00119225 0.00119225 0.00119225 0.00119225 0.00119225 0.00119224 0.00119231 0.00119225 0.00119225 8.20263 0.00119225 0.00119225 0.00119224 0.00119225 0.00119224 0.00132232 0.00119225 0.00119225 0.00121684 0.00119225 0.00119234 0.00119237 0.00119225 0.00119224 56.875 0.00119225 0.00119225 0.00128446 0.00119225 41.7048 0.00119225 0.00134859 0.00119224 0.00125995 0.00119225 0.00119225 0.00119225 0.00119224 0.00119224 103.561 0.0012294 0.00119225 0.00119224 0.00119224 0.00119225 0.00119225 253.239 37.9733 0.00119241 0.00119225 0.00119224 0.00119225 0.00119224 0.00119266 0.00119224 0.00119602 0.00119225 0.00119224 0.00120036 0.00119227 0.00119224 0.00119224 0.00119224 0.0011931 0.00121593 0.00119225 0.00119224 0.00119224 0.0012215 0.00119224 0.00119228 0.00119224 0.00119225 0.00119224 0.00119225 0.00119224 0.00119224 0.00119224 0.00119224 0.00119225 0.00119224 0.00119225 0.00119225 0.00119225 0.00119225 0.00119225 0.00125615 0.00119224 0.00119224 0.00119225 0.00119293 0.00119224 0.00119225 0.00119225 0.00119224 0.00119225 0.00119225 0.00119224 0.00119225 0.0011923 0.00119231 0.00119224 0.00119224 0.00119285 0.00119224 0.00119225 0.00119225 0.00119225 0.00119225 0.00119225 0.00119225 6.62218 0.00119224 0.00119224 0.00119225 0.00119225 0.00119224 0.00119225 0.00119234 0.00119316 0.00119224 0.00119225 0.00119232 90.1306 0.00119225 0.00119225 0.00119226 0.00119224 0.00119224 0.00119225 0.00119224 0.00119225 0.00119224 0.00119225 0.00119225 0.00121512 0.00120287 0.00119224 0.00119225 0.00119225 0.00119224 0.00119225 0.00119225 0.00119224 15.8047 0.00119225 0.00119225 0.00119225 0.00119225 0.00119225 0.00119224 0.00119225 0.00119225 0.00119225 0.00119225 29.6061 0.0012158 0.00119224 0.00119224 0.00119224 0.00119232 0.00119225 0.00119226 0.00119225 0.00119225 0.00119232 0.00119225 0.00119224 0.00119225 0.00119235 0.00119225 0.00119225 0.00119225 0.00119238 0.00119224 17.79 0.00119224 0.00119225 0.00119224 0.00119225 0.00119224 0.00119224 0.00119225 0.00119226 0.00119224 0.00119225 0.00119225 0.00119225 0.00139502 0.00119224 0.00119225 0.00119225 0.00119225 0.00119225 0.00119224 0.00119225 0.00119224 0.00119224 0.00119225 0.00119225 0.00119225 0.00119225 0.00119228 13.6592 37.3779 0.00119225 0.00124257 0.00119225 0.00119225 0.00119225 0.00119225 0.0012094 0.00119225 0.00119224 0.00119225 0.00119225 0.00119225 0.00119225 0.00119225 0.00123176 0.00119225 0.00119225 0.00119225 0.00119225 0.00119228 0.00119226 0.00119669 0.00119225 0.00119225 0.00119224 0.00119224 0.00119224 0.00119225 0.00119225 0.00119225 0.00119225 0.00134436 0.00119225 0.00120324 0.00119225 0.00119225 0.00119238 0.00119224 0.00119224 0.0011931 0.00119224 0.00119883 0.00122408 0.00119224 0.00119224 0.00119225 0.00119225 0.00119225 0.00119225 0.00119225 0.00119225 0.00119225 34.6053 0.00119225 0.00119225 0.00120009 0.00119225 0.00119225 0.00119225 10.0564 0.00119224 0.00119225 0.00119225 0.00119225 0.00119225 0.00119225 0.00119225 0.00119225 0.00119225 0.00119225 0.00119225 0.00119225 0.00119225 0.00119225 0.00119224 0.00119224 0.00119225 0.00119224 0.00119225 0.00119225 0.00119224 0.00119225 0.00119225 0.00119225 0.00119225 0.00119224 0.00119727 0.00119225 0.00119224 0.00119224 0.00119225 0.00119224 0.00119225 0.00119225 0.00405976 0.00119225 0.00119224 0.00119225 0.00119225 0.00119225 0.00119224 0.0012583 0.00119225 37.8482 0.00127453 0.00119225 0.00119225 0.00119225 0.00119262 0.00119224 0.00119225 0.00119224 0.00119225 0.00119224 14.8032 0.00119225 0.00119246 0.00119225 0.00119225 0.00119225 0.00119225 0.00119225 0.00125214 0.00119225 0.00119229 0.00119224 0.00119224 0.00119225 20.8249 0.00119325 0.00119225 0.00119224 0.00119224 56.1058 0.00119225 221.679 0.00119224 0.00119229 0.00119232 0.00119231 0.00119224 0.00119224 0.00119307 0.00119233 0.00119225 0.00119224 0.00119225 0.00119225 0.00119235 0.00119224 0.00119224 0.00119225 0.00119237 0.00119225 0.00119231 0.00119675 0.00119225 0.00119224 0.00119224 0.00119225 0.00119225 0.00119225 0.00119224 0.00119225 0.00119224 0.00119225 0.00119225 0.00119225 0.00119225 0.00119224 0.00119225 0.00119225 0.00119225 0.00119224 0.00119225 0.00119224 0.00119224 0.00119325 0.00119224 0.00119323 0.00119224 0.00119225 793.697 0.00119225 0.00119224 0.00119225 0.00119225 0.00119237 0.00119225 0.00119225 0.00119225 0.00119225 0.00119225 0.00120158 0.00119224 0.00119224 0.00119225 0.00122211 0.00119225 0.00119225 0.00119225 0.00119225 0.00119224 0.00119224 70.7188 0.00119266 0.00119225 0.00119225 0.00119226 0.00119225 0.00119225 0.00119225 0.00119224 0.00119393 0.00119273 0.00119225 0.00119224 0.00119225 0.00120162 0.00119407 0.00119224 0.00119225 0.00119355 0.00119225 0.00119802 0.00119245 0.001289 0.00119225 0.00119228 0.00119225 0.00119225 0.00119722 0.00119225 0.00119224 0.00119225 0.00119225 0.00119225 0.00119225 0.00119658 0.00119224 0.00119226 0.00119239 0.00119225 0.00119224 0.00119733 0.00119225 0.00119225 0.00119225 0.00120475 0.00119224 0.00119225 0.00121369 0.00119225 0.001209 0.00119225 0.00144499 0.00119224 0.00119225 0.00119224 0.00119225 0.00119224 0.00119225 0.00119224 0.00119225 0.00119224 0.00119225 0.00119225 0.00119225 0.00120902 0.00119225 0.00123422 0.00119224 0.00119225 32.2079 0.00119334 0.00119224 0.00119224 0.00119225 0.00119225 0.00119225 0.00689405 0.00119225 0.00119225 0.00119225 0.00119224 0.00119991 0.00119225 0.00119225 0.00119225 0.00119225 0.00119224 0.00119225 0.00119234 0.00119225 0.00119224 0.00119446 0.00119224 0.00119225 0.00119225 0.00126925 0.00119225 0.00119225 0.00119225 0.00119224 0.00150414 0.00119224 0.00119225 0.00119225 0.00119225 0.00119224 0.00119225 0.0011923 0.00119225 0.00119225 0.00119225 0.00119224 0.00119225 0.00119228 0.00119587 0.00119225 0.00119225 0.00119225 0.00119235 0.00119225 0.00119225 0.00119225 0.00119225 0.00120332 0.00119225 0.00119225 0.00119224 0.00119224 0.00119225 0.00119224 0.00119224 0.00119225 0.00119224 0.00119225 0.00119225 0.00119224 0.00119225 0.00119225 0.00119225 0.00119224 0.00119225 36.1145 0.00119225 0.00119224 0.00119225 0.00119225 0.00119224 0.00119224 0.00119224 0.00119224 0.00120261 0.00119224 0.00119224 0.00119224 0.00119225 0.00119225 0.00119225 0.00119225 0.00119224 0.00119224 0.00119224 0.00119224 0.00119224 0.00119225 0.00119225 0.00119495 0.00119224 0.00119225 0.00119379 0.00119225 0.00119225 0.00119232 0.0011942 0.00119225 0.00119225 0.00119224 0.00119225 0.00119225 0.00119225 0.00119224 0.00119224 0.00119224 0.00119225 0.00119225 0.00119224 0.00119224 0.00119226 0.00119224 0.00119225 0.00121093 0.00119441 0.00119224 0.00119225 0.00119225 1.75053 0.00119225 0.00119225 0.00119224 0.00119225 0.00119224 0.00119224 0.00119225 0.00119225 0.00121035 0.00119225 0.00119297 0.00119225 0.00119225 0.00119225 0.00119225 0.00119224 0.00119225 0.00119225 0.00119224 0.00119224 0.00119225 0.00119225 0.00119225 0.00119298 0.00119224 0.00119225 0.00119224 0.00119225 0.00119224 0.00119224 0.00119225 0.00119224 133.865 0.00123664 0.00120668 0.00119227 0.00119224 0.00119225 0.00119225 0.00119224 0.00119224 0.001193 0.00119225 0.00119224 0.00119225 0.00121445 0.00119224 0.00119225 0.0012014 0.00119238 0.00119225 0.00119224 0.00119224 112.819 0.00119225 0.00119224 0.00119225 0.00119233 0.00119375 0.00119224 0.00125331 0.00119708 0.00119225 145.106 0.00119224 0.00119225 0.00119224 0.00119224 0.00119225 0.00119225 0.00119225 0.00119225 0.00119225 0.00119224 0.00119225 0.00119225 0.00119224 0.00119225 0.00119423 0.00119225 0.00119225 0.00119225 0.00126262 0.00119225 0.00124292 15.2337 0.00124427 0.00119236 0.00119225 0.00119224 0.00119227 0.00119225 0.00119225 0.00119226 0.00119225 0.00119224 0.00119225 0.00119224 0.00119224 0.00119225 0.00119226 0.00119224 0.00119225 0.00119225 0.00119225 0.00119225 0.00127391 0.00119224 0.00119225 0.00119224 0.00119225 0.00119225 0.00119225 0.00119312 0.00119225 0.00120748 1.69217 0.00119225 0.00119225 0.00119224 0.00121212 0.00119226 0.00119225 0.00119224 0.00119225 0.00119225 0.00119225 0.00119225 0.00119225 0.001211 0.00123215 0.00119224 0.00119224 0.00119225 0.00119228 0.00119922 0.00119225 0.00119225 0.00119225 0.00119224 0.00119225 0.00119227 0.00119224 0.00119225 0.00119225 0.00119225 0.00177549 0.00119224 0.00119224 0.00119225 0.00119225 0.00121379 0.00119224 0.00119224 0.00119226 0.00119225 0.00119225 0.00119225 0.00121978 0.00119224 0.00119226 0.00119224 0.00119225 0.00119225 0.00119224 0.00119225 0.00119267 0.00120914 0.00119225 0.00119225 0.00119225 0.00119225 0.00119224 0.00119225 76.0481 0.00119653 0.00119225 0.00119225 0.00119227 0.00119225 0.00119225 0.00119225 0.00119225 0.00119224 0.00119369 0.00119225 0.00119224 0.00119224 0.00119225 0.00119225 0.00119225 0.00144746 0.00119225 0.00119225 0.00119224 0.00119225 0.00119225 0.00119224 1.29445 0.00133303 0.00119224 0.00119225 0.00119225 0.00119225 0.00119225 0.00119224 0.00119346 0.00119253 0.00119225 0.00119224 0.00119225 0.00119224 0.00119225 0.00119225 0.00119224 0.00119224 0.00120597 0.00119225 0.00119225 0.00119225 0.00119225 0.00119224 0.00119225 0.00119224 0.00119266 0.00119225 0.00119225 0.00119225 0.00119224 0.00119225 0.00127155 0.00119225 39.2073 0.00119225 0.00119225 0.00119229 0.00119225 0.00119225 0.00119225 0.00131478 0.00119225 0.00119224 0.00119225 0.00119225 0.00119225 7.54618 0.00119225 0.00119225 0.00119225 0.00119224 0.00119224 0.0121575 0.00139371 0.00119225 0.00119225 0.00119225 0.00119225 0.00119225 0.00119225 0.00119226 0.00119225 0.00121002 0.00119225 0.00119225 0.00119224 0.00119225 0.00122554 0.00121865 0.00119224 0.00119224 0.00119224 0.00119227 0.00119224 0.00119225 0.00119225 0.00119224 0.00119225 0.00119225 0.00119224 0.00119225 0.00119225 0.00119224 0.00119225 0.00119225 0.00119225 0.00119225 0.00119225 0.00119224 0.00119224 0.00119225 0.00119225 0.00119224 0.00119225 0.00119225 0.00125062 0.00119224 0.00119225 0.00119225 0.00157009 61.0781 0.00119225 0.00119224 0.00119224 0.00119225 0.00119225 0.00119225 0.00119226 0.00119224 0.00119225 0.00119225 0.00119224 0.00119224 0.00119225 0.00119225 0.00119231 0.00119224 0.00119225 0.00119225 0.00119225 0.00119225 0.00119224 0.00119225 0.00119225 0.00122708 0.00119225 0.00119225 0.00119225 0.00119224 0.00119224 0.00119225 0.00119225 0.00119224 0.00121155 0.00119225 16.9358 0.00119225 0.00119224 0.00119224 0.00119225 0.00119224 9.98414 0.00119358 0.00120223 0.00119225 0.00119224 0.00119225 0.0128653 0.00119225 0.00120411 0.00119224 0.0012795 0.00119225 0.00119225 0.00119225 0.00119225 0.00119224 0.00119225 0.00124244 0.00119225 0.00119225 0.0011923 0.00119225 0.00119224 0.0011966 0.00119224 0.00119225 0.00119225 0.00119225 0.00119227 0.00119225 0.00119283 0.00119225 0.00119631 0.00119225 0.00119228 0.00119225 0.00119224 0.00119233 0.00119225 0.00119224 0.00164865 0.00119224 0.00119224 0.00119225 0.00119225 0.00119224 0.00119225 0.00125892 0.00119225 0.00119225 0.00119225 0.00119589 0.00119225 0.00119224 0.00119225 0.00119224 0.00119225 0.00119225 0.00119224 0.00119225 0.00119225 0.00119231 0.00119225 0.00119225 0.00119231 0.00119225 0.00119224 0.00119224 0.00119225 0.00119225 0.00119225 0.00119227 0.00119225 0.00119226 0.00164004 0.00119225 0.00119225 0.00119225 0.00119225 0.00119225 0.00119224 0.00119224 0.00119224 0.00119225 0.00119225 0.00119225 0.00119225 0.0011923 0.00119224 0.00119225 0.00119225 0.00119225 0.00119262 0.0011983 0.00119225 0.00119227 0.0011971 0.00119226 0.00119225 0.00119224 0.00119225 0.00119371 0.00119224 0.00124339 0.00119225 0.00119225 0.00135008 0.00119225 0.00119225 0.00119225 0.00119225 0.00119225 0.00119224 0.00122 0.00119225 0.00119225 0.00119224 0.00121085 0.00119224 0.00119224 0.00119225 0.00124369 0.00119225 0.00119225 0.00119224 0.00119225 0.00119225 0.00119224 0.00119225 0.00119225 0.00119876 0.00120134 0.00119233 0.00119225 0.00119225 0.00119225 0.00119225 0.00119239 0.00119225 0.00119225 0.00119224 0.00119225 0.00119884 0.00129796 0.00119225 0.00119224 0.00119225 0.00119224 0.00119225 0.00119224 0.00119225 0.00119225 0.00119224 0.00119224 0.00119225 0.00119224 0.00119224 0.00119224 0.00119225 0.00119225 0.00119224 0.00124779 0.00119225 0.00119225 0.00119224 0.00119225 0.00119225 0.00119225 0.00119225 0.00119224 0.00119224 0.00119224 0.00127968 0.00119225 0.00119329 0.00119224 0.00119225 0.00119225 0.00119229 0.00119225 0.00119225 0.00119225 0.00119225 0.00119225 0.00119225 0.00119225 0.00119225 0.00119242 0.00119225 0.00119225 0.00119225 0.00119225 0.00119224 0.00119226 0.00119225 0.00125074 0.00119225 0.00119225 0.00119386 0.00119226 0.00249642 0.00119225 0.0011925 0.00119224 0.00120091 0.00119225 0.00123326 0.00119243 0.00119225 0.00119225 0.00119224 0.0012579 0.00119225 0.00119225 0.00119225 0.00119225 0.00119224 0.00119225 222.006 0.00119225 0.00119224 0.00119225 0.00122169 0.00119225 0.00119286 0.00119224 0.00119225 0.00119225 0.00119225 0.00119225 0.00119225 0.00119224 0.00119242 0.00119225 0.00119225 152.698 0.00119225 0.00122013 0.00122552 0.00119226 0.00119225 0.00120687 0.00119225 0.0011962 0.00119224 0.00119225 0.00119224 0.00119224 0.00121875 0.00119225 0.00119224 0.00121991 0.00119225 0.00119224 0.00119224 0.00119225 0.00120668 0.00119225 0.00119224 0.00119234 0.00119225 0.00119224 0.00119225 0.00119225 0.00119224 0.00119225 0.00119225 17.1867 0.00119226 0.00119224 0.00119225 0.00119225 0.00119225 0.00119224 0.00119225 15.0475 0.00119225 0.00119225 0.00119225 0.00119231 0.00119224 0.00119731 0.00119225 0.00124249 0.00119224 0.00119237 0.00119224 0.00119313 0.00119225 0.00119225 0.00119225 0.00119225 0.00119225 0.00119256 0.00119224 0.00119225 0.00119226 0.00119225 0.00119249 0.00119224 0.00119225 0.00119266 0.00119225 0.00119225 0.00119225 0.00119225 0.00119225 0.00119225 0.00119225 0.00119225 0.00119231 0.00119224 0.00119224 0.00119225 0.00119224 0.00119224 0.00119232 0.00119225 0.0012236 0.00119224 0.00119225 0.00260287 0.00119224 0.00119225 0.00119225 0.00119225 0.00119225 0.00119224 0.00119225 0.00119225 0.00119225 0.00119225 0.00119225 0.00119488 0.00119225 0.00119538 0.00119224 0.00119225 0.00119224 0.00119225 0.00119225 0.00119224 0.00119224 0.00119225 0.00119224 0.00120659 0.00119225 0.00119225 0.00119225 0.00119224 0.00119225 0.00119225 0.00119225 0.00122896 0.00121898 0.00119225 0.00119225 0.00119224 0.00119224 0.00119228 0.00119225 0.00120124 0.00119224 0.00119225 0.00119225 0.00119225 0.00119224 0.00119225 0.00119801 0.00119225 0.00119225 0.00119224 0.00119224 0.00119226 0.00119225 0.00119224 0.00119224 0.00119224 0.00119225 0.00119225 0.00119229 0.00119224 0.00119224 0.0011923 0.00119224 0.00119225 0.00119225 0.00119763 0.00119224 0.00119225 0.00119314 0.00119225 0.00119224 0.00119224 83.9991 0.00119224 0.00119224 0.00119224 0.00119295 0.00119225 0.00119225 0.00119224 0.00119224 0.00119225 0.00119224 0.00119227 0.00119225 263.923 0.00119225 0.00119225 0.00119225 0.00119225 0.00119225 0.00119225 0.00119225 0.00119225 0.00119225 0.00119225 0.00120417 0.00119224 0.00119224 0.00119225 0.00120538 0.00119225 0.00119224 0.00119225 0.00134476 0.00119224 0.00119224 0.00119225 0.00119225 0.00119224 0.00119224 0.00119224 0.00119225 0.00119224 0.00119319 0.00119224 0.00119224 0.00119225 0.00119225 54.186 3.09167 0.00119225 0.00119224 0.00119225 0.00119225 0.00119224 0.00119225 0.00119225 0.00119668 0.00119225 0.00126522 0.00119225 0.00119224 0.00119224 0.00182852 26.3897 0.00119225 0.00119225 0.00119225 0.00119225 0.00119224 0.00119225 0.00119225 0.00120425 0.00119225 0.00119225 0.00119229 28.2211 0.00143 0.00119225 0.00119224 0.00119225 0.00119225 0.00119225 0.00119224 0.00119225 0.00119245 0.00119225 0.00119224 0.00119225 0.00119225 0.00119224 0.00130249 0.00119224 0.00121838 0.00119427 0.00119224 0.00128301 0.00119225 0.00119225 0.00119224 0.00119226 0.00119225 0.00119225 0.00119229 0.00120112 0.00119225 0.00119229 0.00119225 0.00119225 0.00119225 0.00119638 0.00119224 0.00119224 0.00119225 0.00119225 0.00119224 0.00119225 0.00119322 0.00119225 0.00119225 0.00119225 0.00119225 0.00119225 0.00119245 0.00119225 0.00119229 0.00119225 0.00119225 0.00119225 0.00119224 0.00119225 10.0226 0.00119225 0.00119225 0.00119262 0.00119224 0.00119224 0.00119225 0.00119225 0.00119225 34.4462 0.00122329 0.00119224 0.00119224 0.00119382 0.00119225 0.00119226 0.00119226 0.00119225 0.00119225 0.00119225 0.00119225 0.00127269 0.00142975 0.00119225 0.00119224 0.00119224 0.00119225 0.00119224 0.00119225 0.00119225 0.00119225 0.00119225 0.00119225 0.00119224 0.00119225 0.00119224 0.00119262 0.00124809 0.00119514 0.00119225 0.00119225 0.00119228 0.00119225 0.00119226 0.00119225 0.00120696 18.0628 0.00119224 0.00119224 0.00119745 0.00119225 0.00119225 0.00119224 0.00119768 0.00119225 0.00119224 0.00119225 0.00119225 0.00119225 0.00119231 0.00119225 0.00119225 0.00119247 0.00119225 0.00119225 0.00119225 0.00119225 0.00119225 0.00119224 0.00119225 0.00119377 0.00119224 0.00119224 0.00122752 0.00119224 0.00119225 0.00119225 0.00119225 0.00119225 0.00119224 0.00119224 0.00119327 0.00119224 0.00119225 0.00119225 0.00119224 0.00119224 0.00119225 0.00119225 0.00119225 0.0011946 0.00119225 0.00123433 0.00119224 0.00124146 0.00119224 0.00119224 0.00119372 0.00121293 0.00119225 0.00119247 0.00119224 0.00119225 6.93325 0.00119224 0.00119224 0.00119224 0.00133644 0.00119225 0.00119224 0.00119225 0.00119224 0.00119225 0.00119225 0.00119225 0.00119224 0.00119225 0.00119224 0.00119225 0.00119224 0.00119224 0.00119225 0.00119225 0.00119225 0.00119224 0.00119224 0.00119225 0.00119228 0.00119225 0.00119224 0.00119225 0.00119225 0.00119225 0.00119224 0.00119224 0.00119225 0.00120299 0.00119224 0.00397681 0.00119313 0.00119225 0.00119225 0.00119225 0.00119225 0.00119228 0.00119247 0.00119225 0.00119224 0.00119225 0.00133511 0.00119224 0.00119224 0.00119225 0.00119224 29.4811 0.00119225 0.00119225 20.0944 0.00119224 0.00119225 0.00121785 0.00119225 0.00119224 0.00119224 0.00119224 0.00119225 0.00119225 0.00119225 0.00119225 0.00119225 0.00119225 0.00119225 0.00119224 0.00119225 0.00119225 0.00119226 0.00119225 0.00119227 0.00119225 0.00217738 0.00119225 0.00129192 0.00119225 0.00119225 0.00119293 0.00119225 0.00119613 0.00154632 0.00119225 0.00120927 0.00119225 0.0011923 0.00119225 0.00119225 0.00119224 0.00119301 0.00119225 0.00119225 0.00119225 0.00119225 0.00119835 0.00120915 0.00119227 0.00119225 0.0011924 0.00119225 0.00119225 0.00119225 0.00119225 0.00119225 0.00119225 0.0013317 0.00119268 0.00119225 0.00119225 0.00119224 0.00119224 0.00119224 0.00119224 0.00119247 0.00119226 0.00119225 0.00119224 0.00119224 0.00119225 0.00119225 37.711 0.00119224 0.00119225 0.00119224 0.00119224 0.00119224 0.00119224 0.00119225 0.00119755 0.00119225 0.00135176 0.00119225 0.00119224 0.00119224 0.00119224 0.00119224 0.00120795 0.00119225 0.00119225 0.00119229 0.00119225 0.00119225 0.00119225 0.00119225 0.00119224 0.00119224 0.00119225 0.00119224 0.00119225 0.00119224 0.00122878 0.00120914 0.00119225 0.00119226 0.00119224 0.00119225 0.00119224 0.00119225 0.00119225 0.00119224 0.00119741 0.00119225 0.00119224 0.00119225 0.00119225 0.0011923 0.00119224 0.00119224 0.00119225 0.00119225 0.00119298 0.00119224 0.00119227 0.00119225 0.00119224 0.00119224 0.00121347 42.4113 0.00119225 0.00119224 0.00119224 0.00119224 0.00119225 0.00119225 0.00119224 0.00119225 0.00119224 0.00124511 0.00119225 0.00119314 0.00119282 14.186 0.00119229 0.00124326 0.00119225 0.00119225 0.00145979 0.00119225 0.00119225 0.00119231 0.00119331 0.00119224 0.00119231 0.00119516 0.00119434 0.00119225 0.00119224 0.00119225 0.00119225 0.00119225 0.00119225 0.00119224 0.00119225 14.249 0.00119224 0.00119224 0.00119225 0.00119225 0.00119225 0.00119243 0.00120025 0.00119225 0.00119224 0.00119224 0.00119225 0.00119225 0.00119225 0.00119225 0.00119224 0.00119225 0.00119225 0.00119225 0.00119224 20.2632 0.00119225 0.00119225 0.00119224 0.00119225 0.00119225 0.00119225 0.00119224 0.00119225 0.00119225 0.00119225 0.00120431 0.00119225 0.00119224 0.00119225 0.00132727 0.00119224 0.00119225 0.00119225 0.00119225 0.00119224 0.00119225 0.00119226 0.00119225 0.00119225 0.00119225 0.00119224 40.8967 0.00120918 0.00119224 0.00119225 0.00119225 0.00119225 0.00119224 0.00119225 0.00269664 0.00119225 0.00119225 0.00122933 0.00120561 0.00119282 0.00119224 0.00119224 0.00119254 0.00119224 0.00119224 0.0014747 0.00119225 0.00119225 0.00119224 0.00119225 0.00120556 0.00119225 0.00119225 0.00119704 0.00119225 0.00138003 0.00119224 114.91 0.00119224 0.00123771 0.00967049 0.00119225 0.00119224 0.00712045 0.00119225 0.00119233 0.00119227 0.00121896 0.00119224 0.00119225 0.00119225 0.00119225 0.00119224 0.00119224 0.00119225 0.00121827 0.00119225 0.00119225 0.00119225 0.00119233 0.00119225 0.00119225 0.00119224 0.00119225 0.00119224 0.00119225 0.00119225 0.00119224 0.00119225 0.00122318 0.00119225 0.00119224 0.0011969 0.00119836 0.00119225 0.00119224 0.00119224 0.00119224 0.00119224 0.00119224 0.00119225 0.00119225 8.30537 0.00119224 0.00119224 0.00119225 0.00120287 0.00119225 0.00119456 0.00119225 0.00119225 0.00119224 0.00119225 0.00119224 0.00119225 0.00119225 0.00119225 0.00119224 0.00119225 0.00119225 0.00119224 0.00119224 0.00119225 0.00119225 0.00119224 0.00119225 0.00119225 0.00128125 0.00119225 0.00119224 0.00119225 0.00119225 0.00119224 0.00119229 0.00119252 0.00121857 0.00119225 0.00119502 0.00119224 0.00119225 60.7446 0.00119227 0.00119224 0.00121275 0.00119225 0.00119225 0.00119224 0.00119224 0.00119225 0.00133452 0.00119224 0.00119224 0.00119224 0.00119225 0.0012189 0.00119225 0.00119225 0.00120531 0.00119225 0.00119225 0.00119225 0.00119225 0.00119224 0.0011933 0.00119224 0.00119225 0.00119225 0.00119225 0.00119225 0.00119225 0.00119225 0.00119225 0.00119225 0.00120587 0.00119225 0.00119225 0.00119224 0.00120215 0.00123695 0.00119224 0.00119225 0.00119225 0.00119224 0.00119225 0.00119225 0.00119225 0.00119224 0.00119225 0.00119228 0.00119224 0.00119225 0.00120883 0.00119224 0.00119224 0.00127444 0.00119225 0.00119225 0.00119225 0.00119225 0.00119225 0.00119225 0.00119224 0.00119225 0.00119225 0.00120771 0.00119225 0.00119225 0.00119224 0.00119225 0.00119224 0.00119225 0.00119225 0.00119242 0.00119225 0.00119225 0.00119225 0.00126352 0.00119225 0.00119262 0.00119227 0.00119224 0.00119225 0.00119225 9.98312 0.00130321 0.00119225 0.00119225 0.00119224 0.00168697 0.00119226 0.00119225 0.00119224 0.00119224 0.00119225 0.00119225 0.00119224 0.00119225 0.00119225 0.00119225 3.49336 0.00119225 0.00119225 0.00119263 0.00119225 0.00119225 0.00119225 0.00119224 0.00119229 0.00143092 0.00119224 0.00119225 0.00119256 0.00119225 0.00119224 0.00119225 0.00119225 0.00119224 0.00119224 0.00119225 0.00119224 0.00119225 0.00119225 0.00119224 0.00119224 0.00119224 0.00119228 0.00119225 0.0012576 0.735437 0.00119225 0.00119225 0.00119225 0.00119225 0.00119224 0.00119224 0.00119225 0.0018231 0.00119224 0.00119225 0.00119225 0.00119224 12.8437 0.00119224 0.00122703 0.00119224 0.00119225 0.00119224 0.00119225 0.00119224 0.00119224 0.00119224 0.00119607 0.00119224 0.00122257 0.00119225 0.00119225 0.00119225 0.00119224 0.0011927 0.00119225 0.00119225 0.00119224 0.00119225 0.00119224 0.00119225 0.00119224 0.00119225 0.00119225 0.00119225 0.00119225 0.00119225 0.00119225 0.00119225 0.00119225 0.00119225 0.00119262 0.00119224 0.00122003 0.00119226 0.00119224 0.00119225 0.00119225 0.00157412 0.00119224 0.0012029 0.00119248 0.00119225 0.00119225 0.00119354 0.00119226 0.00119225 0.00119225 0.00119225 0.00119224 0.00119225 0.00119225 0.00119227 0.00119248 0.00119225 0.00119225 0.00119224 0.00119227 0.00119224 0.00119225 0.00119225 0.00129519 0.00119224 0.00119225 0.00119224 0.00119225 0.00119225 0.00119225 0.00119224 0.00119225 0.00119225 0.00119225 0.00119225 0.00119225 0.00119225 0.00119346 0.00119225 0.00119224 0.00119225 0.00119225 0.00119224 0.00125446 0.00119224 0.00119224 0.00119225 0.00119225 0.00132157 0.00120037 0.00119224 0.00119225 0.00119224 0.00119225 0.00119425 0.00119224 0.00119225 0.00119225 71.2922 0.00119225 0.00119225 0.00119224 0.00119225 0.00119225 0.00119225 0.00119225 0.00119225 0.00119225 0.00119224 0.00119229 0.00119225 0.00119225 0.00119224 0.00119225 0.00120987 0.00119249 0.00119225 0.00119225 0.00119224 0.00119225 0.00119225 0.00119254 0.00119224 0.00119225 0.00119225 0.00119225 0.00119224 0.00119225 0.00119225 0.00119225 0.00119225 0.00119236 0.00119225 0.00119225 0.00119225 0.00129201 0.00119225 0.00119289 0.00119228 0.00119225 0.00119225 0.00119225 0.00119224 0.00119224 0.00119225 0.00119225 0.00119225 0.00119225 0.00119224 0.00119225 0.00119225 0.00119244 3.57306 0.00119225 0.00119225 0.00119225 0.00119225 0.00119224 0.00119225 0.00119224 0.00119224 0.00119225 0.00119225 0.00119225 0.00119225 0.00119225 0.00119225 0.00119225 0.00119225 0.00119224 0.00123775 0.00119225 0.00119404 0.00119225 0.001275 0.00119224 0.00119224 0.00119225 0.00119224 0.00119227 0.00119225 0.00119225 0.00119225 0.00119225 0.00119224 0.00119224 0.00119225 0.00119224 0.00119225 0.00119224 0.00119225 0.00119225 0.00119225 0.00167199 0.00119224 0.00119225 0.00119224 0.00119224 0.00119224 0.00119225 0.00119225 0.00119225 0.00119227 0.00119225 0.00119225 0.00119225 0.00119225 246.016 0.00119225 0.00119224 0.00119225 0.00119225 0.00119225 0.00121518 0.00119225 0.00119224 0.00119225 0.00119224 0.00119225 0.00119224 0.00119225 0.00119224 0.00119236 0.00119228 0.00119224 0.00119224 0.00119229 0.00119225 0.00119225 0.00119248 0.00119225 211.663 0.00119225 0.00119225 0.00119232 0.00119224 0.00119225 0.00119225 0.00119225 0.00119224 0.00119225 0.00119224 0.00119225 0.00119225 0.00119816 0.00119224 0.00119225 0.00119233 0.00119225 0.00119225 0.00119225 0.00119226 0.00119225 0.00119225 0.00119225 0.00119225 0.00119224 0.00144244 0.00119225 0.00119225 0.00119225 0.00119225 0.00119228 0.00119225 0.00119225 0.00119225 0.00119224 0.00119224 0.00120794 0.00119225 0.00119225 0.00119225 0.00119225 0.00119225 0.00119225 0.00119224 0.00119225 0.00119224 0.00119239 0.00119224 0.00119224 0.00119225 0.00119224 0.00119224 0.00119225 0.00119225 0.00119225 0.00119225 0.00119225 0.00122435 0.00119225 0.00119226 0.00119224 0.00119258 0.00119224 0.00119225 0.00119225 0.00120328 0.00121444 0.00119225 0.00119225 0.00119224 0.00119225 0.00119224 0.00119235 0.00119224 0.00119225 0.00119225 0.00120775 0.00119225 0.00119224 19.1031 0.00119224 0.00119225 0.00119225 0.0134459 0.00119225 0.00119225 0.00119225 0.00121405 0.00119225 0.00119907 0.00119224 0.00119224 0.00119225 0.00119224 0.00119224 0.00119224 0.00119225 0.00119224 0.00119225 0.00119225 0.00119225 0.00119225 0.00119225 0.00119225 0.00119225 0.00119225 0.00119224 0.00119224 0.00119224 0.00119224 0.00119224 0.00119225 0.00119225 0.00122897 0.00119225 0.00119224 0.00119225 0.00119224 0.00119225 0.00125742 0.00121941 0.00119271 0.00119224 0.00119225 0.00119224 0.00119225 0.00119225 0.00119225 0.00119224 0.00119225 0.00120346 0.00119225 0.00119717 0.00119224 0.00119224 0.00119233 0.00119225 0.00124048 0.00119224 0.00119225 0.00119225 0.00119224 0.00119225 0.00119225 0.00119225 0.00119225 0.00119225 51.5907 0.00119228 0.00119225 0.00133045 0.00119224 0.00119225 0.00119225 0.00119225 0.00119224 0.00119225 0.00119225 445.637 0.00119224 0.00119225 0.00119225 0.00119225 0.00119247 0.00119225 0.00119225 0.00119224 0.00119225 0.00119225 0.00119224 0.00120583 0.00119224 0.00124293 0.00119225 0.00119225 0.00119224 0.00119225 0.00119225 0.00119224 0.00119225 0.00119224 0.00119225 0.00119225 0.00119225 0.00119226 0.00119225 0.00119225 0.00119224 0.00119225 0.00119224 0.00119225 0.00119225 0.00119225 0.00124303 0.00119225 0.00119225 0.00119224 0.00119224 0.00119224 0.00119224 0.00119224 0.00119225 0.00119225 0.00119225 0.00119225 0.00119224 0.00119224 0.00119224 0.00119225 0.00119225 0.00119225 0.00119224 0.0011927 0.0012135 0.00119225 0.00119225 0.00119225 0.00119224 0.00120385 0.00119224 0.00119225 0.00121365 0.00119225 0.00119224 0.00119225 0.00119224 0.00120743 0.00136243 0.00119225 0.00119225 0.00119225 0.00119224 0.00119225 0.00119231 0.00119285 0.00119225 0.00135236 0.00119225 0.00119224 0.00119229 0.00119224 0.00119225 0.00119225 0.00119226 0.00119225 0.00119225 0.00119225 0.00119225 0.00119224 0.00124679 0.00119225 0.00119225 0.00119224 0.00119225 0.00119224 0.00119224 0.00139734 0.00119224 0.00119225 0.00119224 0.00119224 0.00120493 0.00119224 0.00119224 0.00119225 0.00119224 0.00119824 0.00119225 0.00119224 0.00119225 0.00119225 0.00119225 79.101 0.0012725 0.00119225 0.00119225 0.00119224 0.00119262 0.00119237 0.00119225 0.00119225 0.00119224 0.00119225 0.00119224 0.00119225 0.00119224 0.00119225 0.00121154 0.00119225 0.00119225 0.00119477 0.00119225 0.00122784 0.00119225 0.00119225 0.00119225 0.00119225 15.8047 0.00119225 0.00119225 0.00119226 0.00119224 0.00119227 0.00119224 0.00119224 0.00119225 0.00119225 0.00119225 0.00119224 0.00119224 11.0801 0.00120124 0.00120957 0.00119224 0.00126884 0.00119226 0.00119225 0.00119265 0.00119225 0.00119224 0.00584603 52.8647 0.00119225 0.00120338 0.00119224 0.00119225 0.00119224 0.00119224 1.28167 0.00119224 0.00119225 0.00119225 0.00119224 0.00185439 0.00119227 0.00119228 0.00119225 0.00119224 0.00119224 0.00119225 0.00119225 0.00119224 0.00119225 0.0011937 0.00119225 0.00119224 0.00119225 0.00119224 0.00119224 0.00119224 0.00119225 0.00119225 0.00119224 0.00119225 0.00130068 0.00119225 0.00123097 0.00126537 0.00119225 73.5113 0.00119224 0.00119225 0.00119225 0.00119224 0.00119225 0.00119225 0.00119225 0.00119228 0.00119225 0.00119236 0.00119225 0.00119225 0.00119224 0.00119224 0.00119225 0.00119224 0.00119224 0.00119224 0.00119225 0.00119225 0.00119225 0.00119224 0.0012653 0.00119225 0.00119224 0.0011923 0.00119225 0.0012387 0.00119267 0.00119225 0.00119225 0.00119225 0.00119225 0.00119225 0.00119224 0.00119225 0.00119225 0.00119225 0.00119225 0.00119266 22.0315 0.00119225 0.00119225 0.00119225 0.00119224 0.00119224 0.00119225 0.00124557 0.00119225 0.00119224 0.0013187 0.00119225 0.00120346 0.00119298 0.00119225 0.00119224 79.7051 0.00119225 0.00119224 0.00119224 0.00119225 0.00119225 0.00119224 0.00119225 0.00119225 0.00119225 0.00119225 0.00119224 0.00119225 0.00119225 0.00119224 0.00119232 0.00119225 0.00119225 0.00119224 0.00119259 0.00119225 0.00119224 0.00119225 0.00119225 0.00119224 0.00119225 0.00119224 0.00119225 0.00135141 0.00119225 0.00119225 0.00125353 0.00119224 0.00119225 0.00119224 0.00119225 0.00119224 0.00119225 0.00119224 0.00119255 0.00119225 0.00126089 0.00119456 0.00119225 0.00119224 0.00119224 0.00119224 0.00120704 0.00119225 0.00119228 0.00119225 0.00119224 0.00119224 0.00119225 0.00119225 0.00119225 0.00119224 19.6858 0.0011925 0.00119225 0.00119224 0.00119229 0.00119225 0.00119225 0.00119225 0.00119225 0.00119225 0.00119417 0.00119527 0.00130129 0.00119224 0.00119225 0.00121994 0.00119224 0.00119225 0.00119224 0.00119225 0.00119224 0.00143399 0.00119224 0.00119224 0.00119225 0.00119225 0.00119225 0.00119727 0.00119224 0.00119225 0.00119254 55.7981 0.0011923 0.00119225 0.00119225 0.00119274 0.0012614 0.00119224 0.00119224 0.00119224 0.00119225 0.00119226 0.00119225 0.00119225 0.00119224 0.00119224 0.00119242 0.00119224 0.00119225 0.00119225 0.00119224 0.00119892 0.00119225 0.00119225 0.00119225 0.0119515 0.00127445 0.00119224 0.00119224 0.00119224 0.0011925 0.00119225 0.00119224 0.00133892 0.00119301 0.00119229 0.00119225 0.00119233 0.00119225 0.00119572 0.0011935 0.00119224 0.00119224 0.00119238 0.00143384 0.00119225 0.0011924 0.00129395 0.00119225 0.00119224 51.5336 0.00119224 0.00119225 0.00119225 0.00119225 0.00119312 0.00119225 0.00119224 0.00119225 0.00119225 0.00119224 0.00119225 0.00119224 0.00119224 0.00119225 0.00119224 0.00119225 0.00143225 0.00119224 0.0012029 0.00119274 0.00119224 0.00119229 0.00119225 0.00119225 0.00119225 0.00119426 0.00119225 0.00119225 0.0014283 0.00119224 0.00119224 0.00119225 0.00119224 0.00119225 0.00119224 0.00119225 0.00119225 0.00120265 0.00138045 0.00119225 0.00119225 0.00119224 0.00122141 0.00126487 0.00119225 0.00155227 0.00119224 0.00119225 0.00119224 0.00119224 0.00119225 0.00119224 0.00119224 0.00119225 0.0011969 0.00119547 0.00119226 0.00119225 0.00119225 0.00119225 0.00119225 0.00119225 0.00119224 0.00119225 0.00119225 0.00119225 0.00119225 0.00119224 0.00119249 0.00119225 0.00119225 0.00119225 0.00119225 0.00119225 0.00119225 0.00119224 0.00119224 0.00119225 0.00119224 0.00119225 0.00119224 0.00119224 0.00119225 0.00119225 0.00486167 0.00119225 8.62359 0.00119225 0.00122202 0.00119225 0.00138944 0.00119266 0.00119224 0.0012231 0.00119225 0.00119225 0.00119225 0.00119225 0.00119225 0.00119224 0.00119224 0.00119225 0.00119224 0.00119224 0.00119224 0.00119224 0.00119225 0.00119225 0.00119225 0.00119224 0.00119225 0.00119224 0.00119225 0.00119225 0.00119233 0.00119225 0.00119225 0.00119225 0.00119225 0.00119224 0.00119225 0.00119322 0.00119225 0.00119225 0.00119225 0.00119225 0.00119225 0.00119225 0.00119224 0.00119224 0.00119225 0.00119232 0.00119225 0.00156962 0.00119225 0.00119225 0.00119225 0.0011923 0.00119224 0.00119305 0.00119225 0.0012016 0.00119225 0.00119225 0.00119244 0.00119534 0.00119224 0.00119224 70.9504 0.00119225 0.00119224 0.00119224 0.00119224 0.00119225 0.00119225 0.00119225 0.00119225 0.0011924 0.00119225 0.00119267 0.00119225 0.00119225 0.00119231 0.00119225 0.00119225 0.00119225 0.00119225 0.00119225 0.00119225 0.00119224 0.00119225 0.00119225 0.00119224 0.00120108 0.00119225 0.00119224 0.00119224 0.00119224 0.00119224 0.00119224 0.00119225 0.00119225 0.00119224 0.00119225 0.00119225 0.00119245 0.00119225 0.00119225 0.00119224 0.00119225 0.00119225 0.00119226 0.00119501 0.00119224 0.00119225 0.00119231 0.00119225 0.00119225 0.00119225 0.00119225 0.00119225 0.0013189 0.00119224 0.00162019 0.0012495 0.00119224 0.00119225 0.00119225 0.00119224 0.00119225 0.00119224 0.00119224 0.0011923 0.00119225 0.00119224 0.00119225 0.0012199 0.00119225 0.00119224 0.00119225 0.00119229 0.00121253 0.0012082 0.00119224 0.00119225 0.00119224 0.00119225 0.00119225 60.1607 0.00119225 0.00119225 0.00119279 0.00119225 0.00119225 0.00119225 0.00119225 0.00119224 0.00119225 0.00119225 0.00119225 0.00120221 0.00119224 0.0011946 0.00119225 0.00119225 0.00119225 0.00119225 0.00119225 0.00119224 0.00119224 0.00119225 0.00119225 0.00119224 0.00119955 0.00119224 0.00119225 10.4131 0.00119224 0.00119224 0.00119224 0.0011945 0.00122136 0.00119225 0.00119225 0.00119225 0.00119224 0.00119224 0.00119225 0.00119225 0.00119225 0.00119224 0.00119225 0.00119224 0.00119224 0.00119269 0.00119225 0.00119224 0.00119225 0.00119319 0.00119225 0.00119224 0.00119224 0.00119225 0.00119501 0.00119225 0.00119225 0.00119225 0.00119225 0.00119225 0.00121699 0.00119224 0.00119224 0.00119225 0.00119225 0.00119225 0.00119225 0.00119225 0.00119225 0.00119224 0.00119225 0.00119224 0.00119225 0.00119225 0.00119225 0.00144498 0.00119224 0.00119224 0.00119224 0.00119224 0.00119225 0.00119224 0.00119225 0.00119225 0.00119225 0.00119225 0.00121954 0.00119281 0.00119692 0.00119224 0.00119225 0.00119225 0.00119224 0.00119224 0.00119225 0.00119225 0.00119225 0.00119224 0.00119225 0.00119224 0.00119225 0.00119225 0.00119225 0.00119224 0.00119225 0.00119224 0.00119225 0.00119225 0.00119224 0.00119225 0.00119225 0.00119225 0.00119224 0.00120548 0.00119225 0.00119301 0.00119224 0.00119225 0.00119224 0.00119457 0.00119225 0.00119678 0.00119224 0.00119225 0.00119228 0.00119224 0.00119225 0.00119225 0.00119224 0.00119224 0.00120126 0.00119225 0.00119225 0.00119225 0.00119225 0.00119225 0.00119225 0.00119225 0.00119224 0.00119541 0.00119254 0.00119224 0.00119225 0.00119225 0.00119224 0.00119224 0.00122612 0.00119225 0.00119224 0.00119224 0.00119225 0.00119225 0.00119225 0.00120265 0.00119225 0.00125547 0.00119252 0.00121752 0.00119224 0.00119225 0.00119225 0.00119224 0.00119225 19.2638 0.00119918 0.00119225 0.00119224 0.00119225 0.00119243 0.00119681 0.00119225 0.00119225 0.00119225 0.00119225 0.00119225 0.00119225 0.00119225 0.00119225 34.8376 0.00119224 0.00119225 0.00119239 0.00119226 0.00119225 0.00119326 0.00119239 0.00119234 0.00119224 0.00119225 0.00119224 0.00119225 0.00121771 0.00119225 0.00119224 0.00119225 0.00119243 0.00119225 0.00119225 0.00119225 0.00119225 0.00119225 0.00119225 0.00119225 0.00119225 0.00145439 0.00119225 0.00119224 0.00119225 0.00119225 0.00119225 0.00122878 0.00119225 0.00119224 0.00119225 0.00119224 0.00119225 0.00119224 0.00119225 0.00119225 0.00119225 0.00119225 0.00119225 0.00119225 0.00156553 0.00119225 0.00119225 0.00120153 0.00119225 0.00119225 0.00119225 0.00119225 0.00119225 0.00119224 0.00119224 0.00119225 0.00119225 0.00119225 0.00119225 0.00119224 0.00119224 0.00122446 0.00119225 0.00119225 0.00119224 0.00119225 0.00119225 0.00119224 0.00119224 0.00119225 0.00119231 0.00119225 0.00119224 0.00119224 0.00119225 0.00119224 0.00119225 0.00119224 0.00119225 0.00119561 0.0012292 0.00119225 0.00119225 0.00119224 0.00119224 0.00119225 0.00119225 0.00119225 0.00119224 0.00119258 0.00119224 0.00119384 0.00119225 0.00119224 0.00119225 0.00119225 0.00119225 0.00119237 0.00119224 0.00119225 0.00119225 0.00119225 0.00119229 0.00119225 47.7349 0.00119224 0.00119225 0.00119225 0.00120221 0.00119224 0.00119224 0.00119224 0.00119231 0.00119224 0.00119225 1.59395 0.00119224 0.00119225 0.00131404 0.00119225 0.00119224 0.00119224 0.00119225 0.00119227 0.00119224 0.00119225 0.00119224 0.00119225 0.00119224 0.00119225 0.00119225 0.00119225 0.0012056 0.00119225 0.00119248 0.00119224 0.00119225 0.00120656 0.00119224 0.00119225 0.00131332 0.00119224 0.00119225 0.00119225 0.00119224 10.9456 0.00119225 0.00119224 0.00119224 56.7473 0.00128167 0.00126381 0.00119224 0.00119225 0.00119225 0.00119225 0.00119225 0.00126298 0.00119224 0.00119225 0.00119225 0.00119224 0.00119224 0.00119951 114.147 0.00119225 0.00119225 0.00119224 0.00119271 0.00119225 0.00119225 0.00119255 0.00119225 0.00148063 14.285 0.00119224 0.00119224 0.00119224 0.00119225 0.00119237 0.00119225 0.00119224 0.00119224 0.00119239 0.00119272 0.00119243 0.00119225 0.00119224 0.00119694 0.00119225 0.00119224 0.00119899 0.00127636 0.00119225 0.00119224 0.00119225 0.00119225 0.00119225 0.00119225 0.00121069 0.00119225 0.00119224 0.00119224 0.00119224 0.00119225 0.00119224 0.00119225 0.00119225 0.00119225 0.00119224 0.00119225 0.00119225 0.00119224 0.00119225 0.00119225 0.00119225 0.00119225 0.00119225 0.00136101 30.5383 0.00119224 0.00119224 0.00119237 0.00119224 0.00119225 0.00125209 0.00119224 0.00119224 0.00119225 0.00119225 0.00119224 0.00119243 0.00133347 0.00119225 0.00119385 0.00119224 0.00119225 0.00119224 0.00119224 0.00119225 0.00119224 0.00119535 0.00119225 0.00119225 0.00119224 0.00119224 0.00119225 0.00119224 0.0011947 0.00119225 0.0012028 0.00119225 0.00119225 0.00119225 0.00119224 0.00119225 0.00119224 0.00119225 0.00119225 0.00119225 0.00119225 0.00119234 0.00119225 0.00128735 0.00119225 0.00154237 0.00119225 0.00140359 0.00119225 0.00121028 0.00119225 0.00119224 0.00119225 0.00119224 0.00119225 0.00119225 0.00119225 0.00119993 0.00119224 0.00119225 0.00119225 0.00119224 0.00119224 0.00119224 0.00119225 0.00119224 0.00119225 0.00119225 0.00119224 0.00119224 0.00119225 0.00119225 0.00119225 0.00119224 0.00119225 0.00119226 0.00119225 0.00119225 0.00119224 0.00122647 0.00119225 0.00119224 0.00119225 7.86185 0.00119225 0.00119225 0.00119742 0.00119225 0.00119225 0.00119225 0.00119224 0.00119225 0.00119225 0.00119225 0.00119225 0.00120047 0.00119224 0.00119226 0.00119225 0.00119225 0.00119954 0.00119225 0.00119249 0.00119225 0.00119225 0.00119225 0.00119224 0.00119229 0.00119225 0.00119224 0.00119224 0.00119229 0.00119224 0.00119224 0.00119225 0.00119224 0.00119225 0.00119225 0.00119224 0.00119225 0.00119225 0.00119225 0.00119225 0.00119225 0.00119225 0.00119225 0.00119224 0.00119242 0.00119225 0.00119224 0.00119225 0.00119224 0.00119225 0.00119225 0.00119225 0.00119225 0.00119224 0.00119225 0.00119224 0.00119224 0.00119269 0.00119225 0.00119225 0.00119225 0.00119224 0.00119225 0.00119224 0.00119225 0.00119225 0.00119228 0.00119225 0.00119229 0.00119235 0.00119225 0.00119225 0.00119225 0.00119224 0.00119225 0.00119224 0.00119224 0.00119225 0.00119225 0.00119224 0.00119225 0.00119226 0.00119224 0.00119232 0.00119427 0.00121117 0.00120383 0.00119225 0.00119224 0.00119311 0.00119225 0.00119225 0.00119225 0.00119224 0.00119225 0.00119225 0.00119225 0.00119224 0.00119794 0.00119225 0.00119225 0.00119225 0.00119612 0.00119225 0.00119224 0.00119224 0.00119224 0.00119228 0.00119224 0.00119224 0.00119225 0.00143085 0.00119224 0.00119225 0.00119225 0.00119225 0.00119225 0.00119224 0.00123081 0.00119225 0.00119225 0.00119225 0.00119224 0.00119225 0.00119225 0.00119225 0.00124312 0.00121858 0.00119327 0.00119225 0.00119225 0.00119225 0.00119225 0.00119225 0.00119224 0.00119225 0.00141275 0.00119224 0.00119225 0.00119224 0.00119225 0.00119224 0.00119224 0.00119224 0.00119225 0.00119235 0.00119225 0.00120866 0.00119225 0.00119372 0.00119225 0.00119225 0.00119225 0.00119225 0.00119225 0.00119393 0.00119224 0.00119234 0.00119224 0.00119225 0.00119821 0.00119225 0.00119224 0.00119225 0.0011927 0.00119225 0.00126329 0.00119224 0.00119226 2.86236 0.00119224 0.00119225 0.00119225 0.00119224 0.00119225 14.1007 0.00119225 0.00119224 0.00119225 0.00119225 0.00119224 0.00119225 0.00119229 0.00119225 0.00119225 0.00119224 0.00119225 0.00119224 0.00119463 0.00119225 0.00119284 0.00119225 0.00119225 0.00119308 0.00119225 0.00119225 9.98415 0.00119224 0.0011927 0.00119225 0.00119225 0.00120293 0.00119544 0.00119225 0.00119224 0.00119225 0.00119225 0.00119225 0.00119224 0.00119225 0.00119225 0.00119225 0.00119224 0.00119225 0.0012051 0.00119225 0.00133725 10.5002 14.2171 0.00119225 0.00119225 0.00119225 0.00119225 0.00119225 0.00119254 0.00119225 0.00119225 0.00119225 0.00119225 0.00119225 0.00119224 0.00119225 0.00119224 0.00119225 0.00119225 0.00119225 0.00119224 0.00119224 0.00119225 0.00119225 0.00119224 0.00119225 0.00119225 0.00120693 0.00119224 0.00121991 0.00119359 0.00119224 0.00119224 0.00119227 0.00119225 0.00119423 0.00119225 0.00119225 0.00119224 0.00120087 0.00119225 0.00119225 0.00119224 0.00119225 0.00119257 0.00120865 0.00119225 0.00120291 0.00119225 0.00119224 0.00119225 0.0012 0.00119224 0.00119225 0.00119225 0.00119225 0.00119225 0.00126762 0.00119225 0.00119225 0.00119224 0.00119225 0.00119225 0.00119593 0.00132434 0.00119224 0.00119254 0.00119225 0.00119225 0.00119225 0.00119225 0.00119224 0.00119235 0.00119224 0.00119229 0.00119225 0.00119225 0.00119224 0.00119224 0.00119224 0.00119225 0.00119573 0.00119224 0.00119224 0.00119225 0.00119224 0.00121584 40.5252 0.00119224 0.00125033 0.00119225 0.00119225 0.00119224 0.00123695 0.00119225 0.00119225 0.00119225 0.00119224 0.00119225 0.00119224 0.00119224 0.0012062 0.00119224 0.00119225 0.00119289 0.00119245 0.00119224 0.00119225 0.00119225 0.00119224 0.00119224 0.00122463 0.00119224 0.00119225 0.00119224 0.00119225 0.00119225 0.0011932 0.00119224 0.00119225 0.00119367 0.0011924 250.559 0.00119225 0.00119225 0.00119224 0.00119225 0.00119225 0.00119225 0.00119225 0.00119225 0.00119224 0.00119224 0.00119225 0.00119224 0.00119225 0.00119224 0.00119225 0.00119225 0.00119225 0.00119225 46.2739 0.00119225 0.00119224 0.00120369 0.00119225 0.00144498 0.00119224 0.00119227 0.00119225 0.00119225 0.00119225 0.00119224 0.00121177 0.00119225 140.979 0.00119225 0.00122701 0.00119224 0.00119224 0.00119225 0.00119225 0.00119224 0.00119225 0.00119224 0.00119224 0.00119225 0.00119225 0.00120535 0.00119225 0.00119224 0.00119225 186.323 0.00119225 5.32754 0.00119303 0.00119224 0.00121819 0.00119225 0.00119225 0.00119225 0.00119225 0.00119224 0.00119225 0.00119225 0.00119225 0.00119225 0.00119224 0.00120724 0.00119225 0.00119225 0.00119225 0.00119274 0.00119225 0.00119225 0.00119225 0.00119225 0.00119224 0.0011923 0.00133086 0.00119227 0.00119225 0.00133295 28.0084 0.00119254 0.00119225 0.00119224 0.00119224 0.00119224 0.00119225 0.00119225 0.00119224 0.00119225 0.00119225 0.00119225 0.00119225 0.00119224 0.00119225 0.00119225 0.00119224 0.00119225 0.00121733 0.00119225 0.0011948 0.00119225 0.00119224 0.00119224 0.00119251 0.00119225 0.0012472 0.00119225 0.00119224 0.00119226 0.00119225 0.00119225 0.00119225 0.00119225 0.00119224 0.00119225 0.00119224 0.00119225 0.00119225 14.3416 0.0012619 0.00119225 0.00119224 0.00119225 0.00119225 0.00119224 0.00119236 0.00123744 0.00119224 0.00119225 0.00119224 0.00119225 0.00119225 0.00119268 0.00119225 0.00119278 0.00119224 0.00119225 0.00119224 0.00119224 0.00119225 0.00119225 0.00119225 0.00119225 0.00119224 0.00119224 0.00119228 0.00119225 0.00119225 0.00119231 0.00119225 0.00119225 0.00144443 0.00119225 0.00125599 0.00119695 0.00119225 0.00119225 0.00119225 0.00119225 0.00119224 0.00119224 0.00119226 0.00119226 0.00119225 0.00119225 0.00119224 0.00119225 0.00119225 0.00119224 0.00119225 0.00119224 0.00119225 0.00119225 0.00119225 0.00119225 0.00119224 0.00119225 0.0012495 0.00119225 0.00119225 0.00119224 0.00119225 0.00119239 0.00119224 0.00119225 0.00119225 0.00119225 0.00119224 0.00119224 0.00119456 0.00119225 0.00119225 0.00119225 0.00119224 26.7695 0.00119224 0.00119228 0.00119225 0.0011926 0.0011962 0.00119225 0.0012125 0.00119265 0.00119225 0.00119225 203.717 0.00119224 0.00119224 0.00119345 0.00119225 0.00119224 0.00119225 0.00119225 0.0011993 0.00119224 7.83294 0.00119224 0.00119224 0.00119224 0.00119225 0.00119225 0.00119225 0.00119225 0.00119224 0.00119225 0.00119224 0.00127721 0.00119225 0.00119224 0.00119227 0.00119224 0.00119225 0.00119224 0.00119225 0.00119225 0.00119247 24.2936 0.00119225 0.00119225 0.00119225 36.1254 0.00119227 0.00119233 0.00119225 0.00119224 0.00119224 0.00119225 0.00119224 0.00119224 0.00119225 0.00119225 0.00119225 0.00119225 0.00119225 0.00119224 0.00119224 0.00119225 0.00119225 0.00119225 0.00119225 0.00119224 0.00120127 0.00119225 0.00119225 0.00119225 0.00119225 0.00119225 0.00119225 0.00119225 0.00120433 0.00119225 0.00119506 0.00119225 0.00119224 0.00119225 0.00119225 0.00119224 0.00119225 0.00119391 0.00119224 0.00119225 0.00119224 0.00119224 0.00119225 0.00119225 0.00119224 0.00119225 0.00119225 0.00119225 0.00119224 60.7872 0.00125435 0.00121839 0.00119225 0.00119225 0.00119225 0.00119225 0.00119224 0.00119225 0.00119225 0.00119235 0.00119224 0.00119225 0.00119225 0.00119224 0.00119225 0.00119228 0.00119224 0.00119225 0.00119225 0.00119225 0.00123812 0.00119238 0.00119225 0.00119224 0.00119225 0.00119224 0.00123992 0.00119225 0.00119225 0.00119224 0.00119225 0.00119225 0.00119225 0.00119225 0.00119225 0.00119225 0.00119225 0.00119224 0.00120347 0.00119225 0.00119224 0.00119225 0.00119225 0.00120318 0.00119225 0.00119225 0.00122155 0.00119224 0.00119224 0.00119224 0.00119225 0.00119225 0.00119225 0.00119225 0.00119224 0.00119224 0.00119225 0.00119225 0.00119234 1.08668 0.00119224 0.00119225 0.00119225 0.00119224 0.00119224 0.00119468 3.06319 0.00119225 0.00119224 0.00119224 0.00119225 0.00119225 0.00119224 14.4018 0.00119224 0.00119225 0.00122949 0.00156802 0.00119225 0.00119621 0.00119224 0.00119224 0.00119225 0.00119224 0.00119234 17.7337 0.00119631 0.00119224 0.00119225 0.00119224 0.00119224 0.00119224 0.00119225 0.00119225 0.00119225 0.00119225 0.00119224 0.00119225 0.00119225 0.00119225 0.00150794 0.00119225 25.2313 0.00119225 0.00119224 0.00119225 0.00119225 0.00119224 0.00119224 0.00119224 0.00119224 0.00119225 0.00119225 0.00119225 0.00119225 0.00119225 0.00119225 0.00119224 0.00119225 0.00119229 0.00120759 0.00135705 0.00119224 0.00119224 0.00119225 0.00119225 0.00119224 0.00119225 0.00119225 0.00119225 0.00119225 73.5151 0.00120993 0.00119225 0.00119225 0.00119225 0.00119229 0.00119237 0.00119225 0.00119224 0.00121209 328.7 0.00119224 0.00119225 0.00119224 0.00119225 0.00119224 0.00119224 0.00122486 0.00119224 0.00119225 0.00119224 0.00120337 0.00119224 0.00119225 0.00119225 0.00119225 0.00119233 0.00119224 0.00119225 0.00119225 0.00119225 0.0012329 0.00121214 0.00119224 0.00119224 0.00119225 0.00119225 0.00119227 0.00119225 0.00119224 0.00119235 0.00119225 0.00119225 0.00119224 0.00119224 0.00122292 0.00119225 0.00128611 0.00119225 0.00119225 0.00119224 0.00119225 0.0011931 0.00119923 0.00119224 0.00119224 0.00119225 0.00119224 0.0012774 0.00119225 0.00119224 0.00119225 0.603196 0.00119225 0.00119225 0.00119225 0.00120118 0.00119225 40.5252 0.00119224 0.00119225 0.00119224 0.00119225 0.00119225 0.00119225 0.00119225 0.00119603 0.00119225 0.00119225 0.00119231 0.00119224 0.00131719 0.00119225 0.00119225 0.00119225 0.00119224 0.00119225 0.00119225 0.00119225 0.00119225 0.00119224 0.00119225 0.00129114 0.00119224 0.00119225 0.00119228 0.00119225 0.00122274 0.00119225 0.00119225 0.00119224 0.00119224 0.00120494 0.00119224 0.00119225 0.00119225 0.00119224 0.00119225 0.00119224 0.00119225 0.00119225 0.00119236 0.00119224 0.00119225 0.00119224 0.00119224 0.00119225 0.00119224 11.2323 0.00119225 0.00121116 0.00119224 0.00119231 0.00119224 0.00119225 0.00119225 0.00119224 0.00119225 0.00119225 0.00119753 0.00119224 0.00119756 0.00119832 0.00119225 0.00119224 0.00119285 0.00119225 0.00119225 0.00119238 0.00120693 0.00119225 75.6938 0.00119224 0.00134024 0.00119224 0.00119224 0.00119224 0.00119224 0.00119225 0.00119225 0.00130115 0.00119225 0.00119225 0.00119225 0.00119225 0.00119225 0.00119225 0.00119495 0.00120093 0.00119225 0.00119225 0.00119224 0.00119225 0.00119224 0.00119225 0.00119225 0.00119225 0.00119225 0.00119225 0.00119225 0.00119224 0.00119225 0.00119224 0.00119225 0.00119227 0.00119249 0.00119225 0.00119225 0.00119224 0.00119225 0.00119225 0.00119225 0.00119225 0.00119225 0.00119225 0.00119225 0.00119225 0.00119225 13.7301 0.00119225 0.00119224 0.00119225 0.00119225 0.00119225 0.00119224 0.00119287 0.00119225 0.00119225 0.00119225 0.00119224 0.00119225 0.00129207 0.00119225 0.00119224 0.00119225 0.00123094 0.00119225 0.00119225 0.00119225 0.00119224 0.00119225 0.00119224 0.00119225 0.00119225 0.00121107 0.00119225 0.00119225 0.00119281 0.00119225 0.00119224 0.00119225 0.00119225 0.00119225 0.00119225 0.00119262 0.00119225 0.00119225 0.00119224 0.00119225 0.00123614 0.00119224 0.00119225 0.0012392 0.00119224 0.00119225 0.00119225 0.00119225 0.00119225 0.00119225 12.8484 0.00119225 0.00119224 0.00144883 0.00119225 0.00119224 0.00119225 0.00119225 0.00119225 0.00119225 0.00119224 0.00119686 0.00119225 0.00119225 0.00119224 0.00119225 0.00119224 0.00119225 0.00119224 0.00119225 0.00119225 0.00119225 0.00119224 0.0011926 0.00119224 0.00119225 0.00128282 0.0011931 0.00119225 0.00122433 0.00119225 0.00119225 0.00119225 0.00119224 0.00119224 0.00119224 0.00119225 0.00119224 0.00119224 0.00119225 0.00119225 0.00119225 0.00119225 0.0012138 0.00119225 0.00119225 0.00119225 0.00119225 0.00119225 0.00119225 0.00119224 0.00119224 0.00119225 0.00119225 0.00119224 0.00121085 0.00119224 0.00119225 0.00119224 0.00119224 0.00119224 0.00119225 0.00119225 0.00119225 0.00119225 0.00120108 0.00119225 0.00119224 0.00119283 0.00119225 0.00119225 0.00119225 0.00119225 0.00119225 0.00119224 0.00119225 0.00769352 1.44007 0.00119224 0.00119224 0.00119224 0.00119657 0.00119225 0.00119224 0.00119224 0.00119225 0.00142494 0.00119225 0.00119224 0.00119226 0.00119225 0.0011923 0.00119225 0.00119224 36.3288 0.00119224 0.00119225 0.00119225 0.00119224 0.00119225 0.00119242 0.00119225 0.00119224 14.285 0.00119228 0.00119247 0.00119224 0.00119225 0.00119225 0.00119225 0.00119225 0.00119225 0.00119225 0.00119225 0.00119224 0.00119225 0.00120573 0.00119225 0.00119224 0.00119636 0.00119225 0.00119225 0.00119225 0.00119225 0.00119225 0.00119224 0.00119225 0.00119501 0.00119225 0.00119224 0.00119225 0.00119225 0.00119224 0.00119225 0.00119225 0.00119225 0.00119225 0.00119225 0.00119711 0.0012107 7.0505 0.00119225 0.00119225 0.00119225 0.00119225 0.00119224 0.00119225 0.00119224 0.00119229 0.00119225 0.00126421 0.00119225 0.00119224 0.00119225 0.00119225 0.00119231 0.00119225 0.00119312 0.00156999 0.00119225 0.00119225 0.00119224 0.00119225 0.00119263 0.00119225 0.00119224 0.00119225 0.00119225 0.00119231 0.00119224 0.00119224 0.00119224 16.6457 0.00119225 0.00119225 0.00119225 0.00119225 0.00119263 0.00119224 0.00119789 0.00119225 0.00121129 0.00119224 0.00119224 0.00119225 0.00119235 0.00119225 0.00119225 0.00120909 0.00119225 0.00119235 0.00119235 0.00131269 0.00119225 0.00119225 0.00119224 0.00119225 0.00119224 0.00119224 0.00119225 0.0011951 0.00119225 117.168 0.00119225 0.00119258 0.00119224 0.00119224 0.00119225 0.00121614 0.00119225 0.00120496 0.00157051 0.00119225 0.00119245 0.00119225 0.00119225 0.00122544 0.00119225 0.00119225 0.00122203 0.00119224 0.00119224 0.00119225 0.00119225 0.00124126 0.00119225 0.00119225 0.00119529 0.00119225 0.00119225 0.00119225 0.00119752 0.00119225 0.00119229 0.00119225 0.00119225 0.00119225 0.00119225 0.00119225 0.00119225 0.00119225 0.00119258 0.00119225 0.00119225 254.549 0.00119225 0.00119225 0.00119225 0.00119225 0.00119225 0.00119224 0.0011924 0.00119225 0.00119224 0.00119225 0.00160915 0.00119224 0.00119225 0.00119225 0.00119224 0.00119225 0.00119224 0.00119266 0.00123152 0.00119224 0.00119224 0.00119225 0.00119224 0.00119224 0.00119226 0.00119224 0.00119281 0.00119225 0.00119225 0.00119224 0.00119224 0.00119302 0.00119225 132.651 0.00119225 0.00119225 0.00119224 0.00119225 0.00119225 0.00119225 0.00120617 0.00119225 0.00119225 0.00119224 0.00120651 0.00119239 0.0012009 0.00119224 0.00172012 0.00119225 0.00119225 0.00119229 0.00119225 0.00119224 0.00127063 0.00119224 0.00119846 0.00119224 0.00119225 0.00119225 0.00119225 0.00119225 0.00126516 0.00119224 0.00119224 0.00119225 0.00137453 0.00119253 0.00119225 0.00119225 0.00119745 0.00119953 0.00119225 0.00119225 0.00119226 0.00119225 0.00119224 0.00119224 0.00119225 0.00119225 0.00119224 0.00119225 0.00119225 0.00119225 0.00119225 0.00119225 0.00119225 0.00119225 0.00119227 0.00119225 0.00119224 0.00119224 0.00119224 0.00119255 0.00119224 0.00119225 0.00119225 0.00119224 0.00119225 0.00119225 0.00119225 0.00121723 0.00119224 0.00119225 0.00119225 0.00119224 0.00119224 0.00119224 0.00119225 0.00119225 0.00119225 0.00119225 0.00119224 0.00119226 0.00119225 0.00119233 0.00119224 0.00119224 0.00119224 0.00119278 0.00119224 0.00119224 0.00119225 0.00119225 0.00119225 0.00119225 0.00119225 0.00119225 0.00119224 0.00119225 0.00119224 0.00119225 0.00119225 40.5252 0.00119224 0.00119265 0.00119225 0.00119224 0.00119225 0.00119225 0.00119225 0.00119225 0.00119225 0.00119225 0.0012363 0.00119224 0.00122358 0.00119224 0.00119225 0.00119224 0.00119224 0.00119224 0.00119225 0.00119224 0.00119228 0.00119224 0.00119224 0.00119231 0.00119225 0.00119228 0.00119224 0.00119224 0.00119229 0.00119224 0.00121003 0.00119707 0.00119224 0.00119224 0.00122206 0.00122918 0.00119224 0.00119224 0.00119225 0.00119224 0.00119225 0.00119224 0.0011926 0.0012726 0.00119225 0.00119224 0.00119224 0.00119227 0.00119225 0.00119224 0.00119225 20.2632 0.00131663 0.00119225 0.00119225 0.00119225 0.00119225 0.00155039 0.00119225 0.00119224 0.00119224 0.00119225 0.00119224 0.00119225 0.00119225 0.00119225 0.00119224 0.00119225 0.00119225 0.00119225 0.00119224 0.00119225 0.00146933 0.00119225 0.00119225 0.0011923 0.00119224 0.00119225 0.00119224 0.00119247 0.00119225 0.0011923 0.00119225 0.00119225 0.00119225 0.00119224 0.00120837 0.00119225 0.00119224 0.00119225 0.00119224 0.00119224 0.00119225 0.00119225 0.00119224 0.00119224 0.00131771 20.0633 0.00119225 0.00143574 0.00119236 0.00119225 0.00119225 0.00119294 0.00120602 0.00119224 51.1035 0.00119224 0.00119224 0.00119225 0.00119631 0.00119225 0.00119225 0.00119225 0.00119225 0.00137288 0.00119225 0.00119224 0.00119225 0.00119225 0.00119225 8.48778 0.00119225 0.00119251 0.00119228 0.00119225 0.0012099 0.00119225 0.00119224 0.0011986 0.00119224 0.00119243 0.00119225 0.00119225 0.00119227 0.00124938 0.00119225 0.0012146 0.00155322 0.00119224 0.00119225 0.00119225 0.00128268 0.00119224 0.00119225 0.00119224 0.00119225 0.00119225 0.00119224 0.00119224 0.00119366 0.00119225 0.00119268 0.00119225 0.00119225 0.00119225 0.00119224 0.00119225 0.00119229 0.00119225 0.00119225 0.00119225 0.00119224 0.00119225 0.00119227 0.00119224 0.00119224 0.00119225 0.00119225 13.3557 0.00119227 14.186 0.00119225 0.00119225 0.00119225 0.00119225 0.00119225 0.00119225 0.00119225 0.00119225 88.8827 80.7333 0.00119813 0.00119656 0.00119225 0.00119265 0.00120536 0.00119224 0.00119225 0.00119225 0.00119224 0.00119225 0.00126058 0.00119224 0.00119224 0.00119224 0.00119225 0.00119224 0.00119237 0.00119225 0.00119225 0.00119224 0.00121893 0.00119225 0.00119225 0.00119225 0.00119225 0.00119225 0.00119225 0.00119224 0.00119225 0.00119588 0.00119225 0.00119224 0.00119224 0.00119267 0.00119224 0.00119225 0.00119225 0.00119225 0.00119225 0.00119225 0.00119225 0.00119225 0.00120541 0.00119224 0.00119225 0.00119225 0.00119225 0.00132746 0.00119224 0.00119226 0.00119224 0.00119225 0.00119224 0.00119225 0.00119281 0.00119225 0.00128491 0.00119224 0.00119225 0.00119227 0.00119225 0.00119225 0.00119225 0.00122015 0.00119623 0.00119225 0.00119225 0.00119225 0.001194 0.00119225 0.00119224 0.00119225 0.00119224 0.00119224 0.00119224 83.4565 0.00119225 0.00119225 0.00119242 0.00119225 0.00119225 0.00119225 0.00119224 0.00119224 0.00119225 0.00119225 0.00119225 0.00119225 0.00119224 0.00119224 3.14567 0.00123999 0.00119225 0.00119225 0.00119225 0.00119225 0.00119225 0.00119225 0.00119225 0.00119226 0.00119224 0.00119224 0.00119225 0.00119225 10.027 0.00119225 0.00119241 0.00119225 0.00119225 0.00119224 0.00119224 0.00119224 0.00119225 0.00119224 0.00119225 60.7872 0.00119224 0.00119225 0.00119225 0.00119225 0.00119225 0.00120106 0.00119225 0.00119224 0.00119225 0.00119225 0.00119225 0.00119224 0.00119225 0.00119226 0.00119225 0.00119224 0.00119225 0.00119225 0.00120497 0.00119224 0.00119368 0.00119747 0.00119224 0.00119225 0.00119225 0.00119224 0.00119224 0.00119225 0.00119225 0.0012433 0.00119225 0.00119225 0.00119224 0.00119224 0.00119225 0.00119244 0.00120033 0.00119224 0.00119225 0.00119225 0.00119224 0.00120344 0.00119225 0.00119309 0.00119225 0.00119225 0.00119232 0.00119225 0.00119276 0.00119224 0.00119249 0.00119225 0.00119225 0.00119224 0.00119224 0.00119225 0.00119244 0.00119224 0.00149488 0.00119225 0.00119225 0.00119246 0.00119225 0.00119225 0.00119224 0.00119224 0.00119277 0.00119225 0.00119224 0.00119441 0.00119225 0.00119225 0.00119225 0.00119224 0.00125563 0.00119224 0.00119225 0.00119224 0.00119225 0.00121145 0.00119225 0.00130526 0.00119238 0.00119225 26.9215 0.00119224 0.00119527 0.00119224 0.00119225 0.00119225 0.00119224 0.0011931 0.00119225 0.00119225 0.00119225 0.00119224 0.00119225 0.00119225 0.00119224 0.00119225 0.00119224 0.00119225 0.00119225 0.00119224 0.00122206 0.00119224 0.00119224 0.00119225 0.00119224 0.00121817 0.00119225 0.00119225 0.00119225 0.00119225 0.00119227 0.00119225 0.00119224 0.00119225 0.00119225 0.00119548 0.00119225 0.00124317 0.00119351 0.00119225 0.00119225 0.00119225 0.00119452 0.00119225 0.00119839 0.00119317 0.00122711 0.00119225 0.00119225 0.00119224 162.141 0.00119232 0.00119225 0.00119225 0.00137515 0.00119225 0.00128254 0.00119224 0.00119225 0.00119225 0.00119225 0.00127337 0.00119225 43.1289 0.00119225 0.00119225 0.0011923 0.00119224 0.00119224 0.00119225 0.00119225 0.00119224 0.00119224 0.00119227 0.00119225 0.00120918 0.00119224 0.00119226 0.00119225 0.00119224 0.00119224 0.00119225 0.00119225 0.00119225 0.00119801 0.00119225 0.00119225 0.00168079 0.00186724 0.00119224 0.00119225 0.00119291 0.00119225 0.00123013 0.00119225 0.00119225 0.00119225 0.00119225 0.00120065 0.00119224 0.00119393 0.00119225 0.00119225 0.00119225 0.00119224 0.00121853 0.00119225 0.00119225 0.00119225 0.00119225 0.00122888 0.00119225 0.00119225 0.00119225 0.00125662 0.00119225 0.00119224 0.00119224 0.00119225 0.00119225 0.00119225 0.00119225 0.00119225 0.00119224 0.00119224 0.00119226 0.00119225 0.00119225 0.0011923 0.00119225 0.00119225 0.00119224 0.00119224 0.00119224 0.00119228 0.00119225 0.00119225 0.00119225 0.00119224 0.00142062 0.00119224 0.00119224 0.00119224 0.00119225 0.00119225 0.00119224 0.00119225 0.00119225 0.00119225 0.00119224 14.186 0.00120937 0.00119226 0.00119225 0.00119225 0.0012305 0.00119224 0.00119225 0.00119752 0.00119232 0.00119225 0.00119224 0.00119225 0.00119225 0.00119225 0.00119225 0.00119261 0.00119225 0.00119225 0.00119229 0.00119279 0.00119225 0.00119225 0.00119226 0.00122532 0.00119225 0.00119718 0.00119224 0.00119225 0.00119225 0.00119224 0.0011935 0.00119225 0.00119225 0.00119224 0.00119224 0.00119224 0.00119225 0.00119224 9.76506 0.00119225 0.00122021 0.00119224 0.00119224 0.00119225 0.00119225 0.00119224 0.00119224 0.00119225 0.00119224 0.00119225 0.00119225 0.00119225 0.00119224 0.00119225 0.00119225 0.00119235 0.00119225 0.00119225 0.00119225 0.00119225 0.00123797 0.00119225 0.00143156 0.00178274 0.00119225 0.00119281 0.00119225 0.00119225 0.00119224 0.00119224 0.00119225 0.00119229 0.00119228 0.00119225 0.00119225 0.00119224 0.00119224 0.00119225 0.00119225 0.00119224 0.00869176 0.00119224 0.00119224 0.00119225 0.00187626 0.00119225 0.00119225 0.00119224 0.00119224 0.00119224 0.00119225 0.00119224 0.00119224 0.00119228 0.00120438 0.00119225 0.00119225 0.00126369 0.00119224 20.2497 0.00119231 0.00119224 0.00119225 0.00119303 0.00119228 0.00119225 0.00119224 0.00119224 0.00120665 0.00119225 0.00119225 0.00119623 0.00120761 0.00119224 0.00119224 0.00119225 0.00119225 0.00119225 0.00119225 0.00119224 0.00119279 0.00119225 0.00119225 0.00119224 0.00119224 0.00119225 0.00119224 0.00119228 0.00119225 0.00119225 0.00119225 0.00119225 0.00119225 0.00119225 0.00119224 0.00119225 0.00119225 0.00119225 0.00119224 0.00119224 0.00119225 0.00119224 20.4356 0.00119225 10.22 0.00119224 0.00119225 0.00119224 0.00119225 57.4865 0.00119225 0.00119224 0.00119229 0.00119225 0.00119225 0.00119224 0.00119235 0.00119225 0.00119224 0.00119224 0.00119225 0.00119225 0.00119225 0.00119225 0.00152974 0.00119225 0.00119224 0.00119225 0.00119225 0.00119225 0.00119224 0.00119225 0.00119225 0.00119224 0.00119225 0.00119225 0.00119225 0.00119224 0.00119225 0.00119224 0.00119225 0.00119224 0.00119225 0.00119225 0.00119224 0.00119225 0.00119225 0.00119225 0.00119227 0.00119225 0.00119224 0.00119788 0.00119225 0.00119225 0.00119288 0.00119225 0.00119224 0.00119225 0.00119225 0.00119224 0.00119225 0.00119225 0.00119224 0.00119225 0.00119225 0.00119988 0.00119224 0.00119224 0.00119225 0.00119225 0.00119225 0.00119225 0.00119225 0.00119225 0.00123732 0.00119246 0.00119225 0.00119225 0.00119225 0.00119225 14.0374 0.00119225 0.00119225 0.00119225 0.00119226 0.00119225 0.00119225 0.00119224 0.00119226 0.00119224 0.00119225 0.00119224 0.00119224 0.00119225 0.00119224 0.00119224 0.00119225 0.00119224 0.00119331 0.00119224 0.00119224 0.00119225 0.00119224 0.00119224 0.00119225 0.00119224 0.00119225 0.00119225 0.00119225 0.00119224 0.00119224 0.00119225 0.00119975 0.00119225 0.00119225 0.00119225 0.00119224 0.00119228 0.00119224 0.00119714 0.00119225 0.00119225 0.00119224 0.00119225 0.00119225 0.00119224 0.00119224 0.00119224 0.00121157 0.00120616 0.00119225 0.00119225 0.00119224 0.00119225 0.00119225 0.00119252 0.00119224 0.00135236 0.00119224 0.00122543 0.00119225 0.00119224 0.00119224 0.00119228 0.00119224 0.00119225 0.00119224 0.00119224 0.00119225 0.00119224 0.00119225 0.00119225 0.00119224 0.00119225 0.00128489 0.00119224 0.00119225 0.00119225 0.00119226 0.00119233 0.00119225 0.00119225 0.00127702 0.00119224 0.00119224 0.00119226 0.00119236 0.00119225 0.00119225 0.00119225 0.00119225 0.00119225 0.00119225 0.00119224 0.00119225 0.00119225 0.00119225 0.00119225 0.00119224 0.00119225 0.00119224 0.00119225 0.00119227 0.00119225 0.00119249 0.00119225 0.00119225 0.00119225 0.00119225 0.00119225 0.00119225 0.00119225 0.00119225 0.00119859 0.00119225 0.00119225 0.00119224 0.00119224 0.00119225 0.00119225 0.00119224 0.00119225 0.00119225 0.00119224 0.00119225 0.00119224 0.00119225 0.00119322 0.0011973 0.00119225 0.00119224 0.00119224 0.00119225 0.00119226 0.00119224 0.00119789 0.00119224 0.00119443 7.47487 0.00119225 0.00119224 0.00119224 0.00119224 0.00119224 0.00119225 0.00119225 0.00119225 0.00119225 0.00119225 0.00119224 0.00119225 0.00119371 0.00119225 0.00119242 0.00119225 0.00119224 0.035396 0.00119225 0.00119225 0.00119224 0.00119225 0.00119225 0.00119224 0.00119225 0.00142262 0.00119224 0.00119225 0.00119228 0.00119225 0.00141067 0.00119225 0.00119225 0.00119224 0.00119224 0.00119225 0.00119224 0.00119731 0.00119224 0.00124906 0.00119224 0.00119224 0.00119225 26.1635 0.00120356 0.00119224 0.00119225 0.00119247 0.00119225 0.00119224 0.00119225 0.00119225 0.00119225 0.00119225 0.00127821 0.00119224 0.00119224 0.00119254 0.00119225 0.00120992 0.00119225 13.9085 0.00119224 0.00131013 0.00119225 0.00119224 0.00119225 0.00119225 0.00119225 0.00119225 0.0012321 0.00119225 0.00119225 0.00119225 0.00119224 0.00119225 0.00119225 0.00119225 0.00119224 0.00120082 0.00119224 0.00119224 0.00519167 0.00119225 0.00119225 0.00119225 0.00120463 0.00119225 0.0011924 0.00119224 0.00119563 27.9376 11.0306 0.00119225 0.00119224 0.00119225 0.00119224 0.00119224 0.00119225 0.00121 0.00119224 0.00119225 0.00119224 0.00119225 0.00119225 0.00120423 0.00119225 0.00119225 0.00119224 0.00119224 0.00119225 0.00119241 0.00119225 0.00119225 42.6824 0.00119225 0.00119486 0.00124078 0.00119225 0.00119225 0.00119225 0.00127348 0.00119225 0.00120824 0.00119225 0.00119225 0.00120464 0.00119229 0.00150086 0.00119225 0.0012067 0.00123757 0.00121427 0.00119224 0.00119225 0.00119246 0.00119225 0.00119225 0.00119224 0.00119225 102.687 0.00119224 0.00119225 0.00119224 0.00119224 0.00119225 0.00119228 0.00119225 0.00119225 0.00119224 0.0011983 0.00119225 0.00119225 0.00126389 0.00119225 0.00119225 0.00119224 0.00119225 0.00119224 0.00119225 0.00119225 0.00119225 0.00119225 0.00119225 0.00119224 0.00121045 0.00119224 0.00119225 0.00119225 0.00119225 0.00119225 0.00119225 11.3211 0.00119224 0.00119225 0.0012005 0.00119225 0.00119225 0.00119225 0.00120332 0.00119225 0.00119225 0.00119226 0.00119227 0.00119224 0.00123046 0.00119225 0.00119225 0.00119225 0.00119225 0.00119224 0.00119225 0.00119458 0.00119224 0.00119225 0.00119224 0.00119225 0.00119224 0.00119224 0.00135432 0.00119225 0.00119362 0.00119225 0.00119224 0.00119224 0.00119225 0.00119227 0.00119225 0.00120359 0.00119225 0.00125303 0.00119228 0.00119225 0.00119231 0.00119224 0.00119224 0.00119225 0.00119257 0.00119225 0.00119225 0.00123377 0.00120635 0.00119337 0.00119224 0.00119225 0.00119225 0.00119225 0.00119225 0.00119226 0.00119224 0.00119225 0.00119224 0.00119225 0.00119659 0.00119225 0.00119225 0.00119225 0.00119225 0.00119224 0.00119225 0.00119225 0.00119224 0.00119225 0.00119224 0.00121878 0.00119279 0.00119225 0.00121834 0.00119225 0.00119225 0.00119229 0.00119224 0.00119225 0.00119302 0.00119225 0.00119225 0.00119224 0.00119225 0.00119224 0.00119225 0.00119224 0.00119225 0.00119225 0.00119225 0.00120594 0.00119225 0.00119224 0.00149084 0.00129132 0.00119229 0.00119225 0.00119224 0.00119225 0.00119225 0.00119225 0.00119225 0.00129914 0.00119225 0.00119225 0.00119224 0.00119225 0.00119225 0.00119293 0.00119225 0.00119225 0.00119225 0.00119242 0.00119224 0.00119294 0.00119225 0.00119225 0.00119225 0.00122268 0.00119225 0.00119224 0.00119224 0.00119225 0.00119229 0.00119225 0.00119225 0.00119225 0.00119224 0.00119224 0.00119225 0.00119231 0.00119224 0.00121259 0.00119224 119.253 0.00119225 0.00119225 0.00119225 0.00119225 0.00119225 0.00119225 0.00119225 0.00119224 0.00119224 0.00119225 0.00119225 0.00119231 0.00119225 0.00119224 0.00119224 0.00119224 0.00119224 0.00119225 0.00119225 0.00119225 0.00119225 0.00119363 0.00119225 0.00119224 0.00119225 0.00119224 0.00119224 0.00119225 0.00119225 0.00119224 0.00119225 0.00119225 0.00119224 0.00119225 0.00123593 0.00119433 0.00119225 0.00119224 0.00119318 0.0011923 0.00119225 0.00119224 0.00120001 0.00119225 0.00119225 0.00119225 0.00119225 0.00121141 0.00119225 0.00119225 0.00119225 0.00119225 0.00119225 0.00119842 0.00119224 0.00119225 0.00125373 0.00119225 0.00119225 0.00119514 0.00119225 0.00129315 0.00119225 0.00334587 0.00119225 0.00119224 0.00119224 0.00119225 28.5688 0.00119225 0.00119225 0.00119225 0.00119224 0.00119225 0.00119225 0.00121339 0.00119225 0.00119224 0.00119224 10.4131 0.00119225 0.00119225 0.00119224 0.00119225 237.326 0.00119224 0.00119225 0.00119225 0.00119225 0.00119225 0.00119224 0.00119225 0.00119225 0.00119228 0.00119225 0.00127639 0.00119224 0.00119863 0.00119225 0.00123861 0.00119236 0.00119225 0.00119224 0.00119224 0.00119225 0.00138412 0.00119224 0.00119225 0.00119225 0.00119224 0.00119225 0.00119224 0.00119225 44.1912 0.00119225 0.00119225 0.00119225 0.00119224 0.00119225 0.00119225 0.00119224 0.00119225 0.00144716 0.00119225 21.2089 0.00119225 0.00119225 0.00119225 0.00119224 0.00119224 0.00119225 0.00119225 0.00119224 0.00119225 0.00119225 0.00119225 0.00119225 0.00119224 0.00119224 0.00121412 0.00128106 0.00119225 0.00119225 0.00119224 0.00119224 56.741 0.00120766 0.00119225 0.00119225 0.0011924 0.00119224 0.00119224 0.00119225 0.00119224 0.00119225 0.00119224 0.00119225 0.00119225 0.00119225 0.00119225 0.00119225 0.00119224 0.00119225 0.00119224 0.00119225 0.00119225 0.00123678 0.00119233 0.00119224 0.00119225 0.00119225 0.00119225 0.00119225 0.00120136 0.00120583 0.00119225 0.00119225 0.00119225 0.00132436 0.00119225 0.00119225 0.00119236 0.00119225 0.00119224 0.00119224 0.00119225 0.00119265 0.00119225 0.00119225 0.00119231 0.00119224 0.00119224 0.00119225 0.00119225 0.00119225 0.00119225 10.5058 0.00119224 0.00119225 0.00186126 0.00119331 0.00119224 0.00129818 0.00119224 0.00119225 0.00119225 0.00119225 0.00119224 0.00119225 0.00119224 0.00119228 0.00119407 0.00119224 0.00121654 0.00119239 0.00120847 0.00119225 0.00119225 0.00119224 0.00119225 0.00119225 0.00140656 0.00119225 0.00119224 0.00119224 0.00119231 69.7478 0.00119224 0.00119225 12.8421 0.00121481 13.4817 0.00119225 0.00120893 0.00119225 0.00119225 0.00119225 0.00119562 0.00119225 0.00119225 0.00119226 0.00119225 0.00119225 0.00197638 0.00119224 0.00119225 0.00123852 0.00119225 0.00119225 62.3463 0.00119225 0.00119225 0.00119415 0.00119225 0.00119225 0.00119225 180.54 0.00119239 0.00119224 103.88 0.00119239 0.00119225 0.00119224 0.00119224 0.00119225 0.00119227 0.00119225 0.00119224 0.00119225 0.00119237 0.00140471 0.00119225 0.00119231 0.00119225 0.00119225 0.00119225 0.00119224 0.00119224 0.00120198 0.00119224 0.00119225 0.0011923 0.00119225 0.00119225 0.00119225 0.00128619 0.00119225 0.00119225 0.00119225 0.00119225 0.00119225 0.00119225 0.00119225 0.00119224 0.00119225 0.00119224 0.00120282 0.00119233 0.00119224 0.00119225 0.00119225 0.00119225 0.00119224 0.00119225 0.00119225 0.00119225 0.00119225 0.00119225 0.00119225 0.00119225 0.00119225 0.00119224 0.00119364 0.00119225 0.00119224 0.00119224 0.00119224 0.00119225 0.00119224 0.00119225 0.00119224 0.00119225 0.00119225 0.00119225 0.00119224 0.00119224 0.00119225 0.00119224 0.00119225 0.00119225 0.00120192 0.00119225 0.00119225 0.00119225 0.00119224 0.00119224 0.0011929 0.00119225 0.00119225 0.00119225 0.00119224 0.00119225 0.00140375 0.00119224 0.00119225 0.00119225 0.00119225 0.00119225 0.00119225 0.00119225 0.00119225 0.00119225 0.00119225 0.00119224 0.00119224 0.00119225 0.00119288 0.00119224 0.00119225 0.00119225 0.0013074 0.00123027 0.00119225 0.00119225 0.00119225 0.00119227 0.00119225 0.00119224 0.00119334 0.00119224 0.00119224 0.00119225 0.00119225 0.00119228 0.00119225 0.00119225 0.00119225 0.00119224 0.00119224 0.00119224 0.00366102 0.00119225 0.00119225 0.00119225 0.00120723 0.00119225 0.00119224 0.00119226 0.00119229 0.00120468 0.00119479 0.00119225 0.00119224 0.00119225 0.00119225 0.00119996 0.00119232 0.00119225 0.00119225 0.00119224 0.00119224 0.00119244 0.00119224 0.00119225 0.00119225 0.00121896 0.00119224 0.00119224 0.00119225 0.00119225 0.00119225 0.00119224 0.00123414 0.00119224 0.00119224 0.00119244 0.00119225 0.00119225 0.00119224 0.00119225 0.00119224 0.00119224 0.00119225 0.00119225 0.00119225 0.00119224 0.00119224 0.00119225 0.00119225 0.00130272 0.00119225 0.00119225 0.00119224 0.00119225 0.00119299 0.00119225 0.00119224 0.00119225 0.00119225 0.00119225 0.00119224 0.00119229 0.00119225 0.00119224 0.00119225 0.00119225 0.00119353 0.00119224 0.00125057 0.00119224 0.00119224 0.00119464 0.00128864 0.00119225 0.00119225 0.00119225 0.0011924 0.00121015 0.00120406 0.00119225 0.00119224 0.00119225 0.00120349 0.00119245 0.00119224 0.00119227 0.00123662 0.00119225 0.00119224 0.00119224 0.00119225 0.00119225 0.00119225 0.00119224 0.00119225 40.5252 0.00119224 0.00119224 0.00119225 0.00119225 0.00119224 0.00119225 0.0012208 0.00119225 0.00119225 0.0011951 0.00119225 0.00119225 0.00119225 0.00119224 0.00119225 0.00119377 0.00119331 0.00119225 0.00119224 0.00119225 0.00120668 0.00119225 0.00119225 0.00119224 0.00119224 0.00119288 0.00119225 0.00119251 0.00119225 0.00121775 0.00119224 0.00119225 0.00119225 0.00119225 0.00119225 0.00119225 0.00119224 0.00119225 0.00119225 93.9453 0.00119225 0.00119225 0.00119224 0.00119225 35.9551 0.00119225 0.00119224 0.00124828 0.00119224 0.00119225 0.00120077 34.7652 27.9427 0.00119224 0.00119224 0.00119224 0.00119225 0.00119225 0.00119224 0.00119225 0.00119224 0.00119224 0.00119224 0.00119225 0.00119225 0.00119224 0.00119225 0.00119225 0.00119224 0.00119225 0.00119225 0.00119253 0.00119225 0.00119225 0.00119225 135.769 0.00119224 0.00119229 0.00119235 85.0729 0.00119224 0.00119224 0.00119225 0.00119224 2.0215 0.00119385 0.00119534 0.00119225 0.00119224 0.00139564 0.00120333 18.0628 0.00119224 0.00119225 0.00119225 0.00119225 128.966 0.00119224 0.00203624 0.00119225 0.0012332 0.00119225 0.00119541 0.00119226 0.00121581 0.00119225 0.00119224 100.566 0.00119225 0.00119225 0.00119224 0.00119225 0.00119225 0.00119225 0.00119225 0.00119239 0.00147646 0.00119225 0.00119224 0.00119225 0.00120804 15.8046 0.00132635 0.00119228 0.00119225 0.00119225 0.0012153 0.00119225 0.00119225 0.00119225 0.00119225 0.00119231 0.00119224 0.00119224 0.00119225 0.00119224 0.00119225 0.00119229 0.00119225 0.00119225 0.00119225 0.00119225 0.00119225 0.00120443 0.00119224 0.00119225 0.00119928 0.0012929 0.00119225 0.00119224 0.00119229 0.00119233 0.00119306 0.00119283 0.00119224 0.00119225 0.00119225 0.00119224 0.00123817 0.00119225 0.00119225 0.00120391 0.00119224 0.00119225 0.00119252 0.00119225 0.00119232 0.00119224 0.00119224 0.00119225 74.7377 0.00119224 0.00119225 8.49803 0.00119224 0.00119227 0.00119225 0.00119225 0.00119543 0.00119224 0.00119225 0.00119224 0.00120629 0.00119224 0.00119224 0.00119225 0.00119224 0.00119224 0.00155403 0.00119225 0.00119302 0.00119225 0.00119225 0.00119224 0.00119224 0.00119225 0.00119225 0.00119259 0.00119224 0.00119279 0.00119225 0.00119224 0.00119224 0.00119233 0.00119225 0.00119225 0.00119225 0.00119225 0.00119225 0.00119224 0.00119225 0.00119225 0.00119224 0.00119224 0.00119225 0.00119224 0.00119224 0.00119225 0.00119225 77.5994 0.00119224 0.00119224 0.00119313 0.00119225 0.00119224 0.00119224 40.3296 0.00119225 0.00119225 0.00119224 0.00119224 0.00119225 0.00121376 0.00119364 0.00119224 0.00119312 0.00119228 0.00119225 0.00119225 0.00119266 0.00119225 0.00119225 0.00119224 0.00119225 0.00119738 0.00119226 0.00122857 0.00119225 0.00119328 0.00119225 0.00119224 0.00119225 0.00119224 0.00119245 20.2632 0.00119225 0.00119224 0.00119224 0.00127169 0.00119225 0.00119224 0.00119503 0.00119225 0.00121368 0.00119225 0.00119225 0.00119225 0.00119225 0.00119224 0.00119225 0.00119225 0.00119336 0.00119225 0.00119225 0.00119305 0.00119224 0.00119224 0.00119224 0.00121776 0.00119224 0.00119225 0.00119224 0.00119224 0.00119225 0.00119357 0.00119225 0.00121906 0.00130567 0.00119334 0.00119225 0.00119225 0.00119225 0.00119244 0.00119224 0.00119225 0.00119225 0.00119236 0.00119225 0.00119224 0.00119225 0.00119224 0.00119225 0.00119236 0.00119225 0.00119225 0.00119246 0.00119225 0.00119225 0.00119225 0.00119225 0.00119224 0.00119225 0.00119225 0.00119224 0.00119224 0.00119225 0.00119224 0.00119225 0.00119225 0.00119225 60.1229 0.00119225 0.00156887 0.00119225 0.00121338 0.00119224 0.00119224 0.00119225 0.00119225 0.00119225 0.00119224 0.00119224 0.00144499 0.00119225 0.00119225 0.00120663 0.00119305 0.00119225 0.00120787 0.00119225 0.00119224 0.00119225 0.00119224 0.00119224 0.00119225 0.00119224 0.00119225 0.00119224 0.0012768 0.00119253 0.00119225 4.17698 0.00119241 0.00119224 0.00119224 0.00119225 0.00119225 0.00119224 0.00119224 0.00119224 0.00119225 0.00119224 0.00119224 0.00119224 0.00119224 0.00119225 0.00119225 0.00119225 0.00120664 0.00119224 0.00119225 0.00119225 0.00119225 0.00122052 0.00119224 0.00119224 0.00119224 0.00119224 0.00119225 0.00119225 0.00119224 0.00119225 0.00119225 0.00119362 0.00119225 0.00119225 0.00119225 0.00120189 0.00119225 0.00119224 0.00119225 0.00119233 0.00119233 0.00119224 53.1689 0.00119225 0.00119225 0.00119225 0.00119225 0.00119225 0.00119224 0.00119225 0.00119224 0.00119225 0.00119268 0.00119225 0.00119225 0.00119225 0.00119224 0.00119225 0.00119224 0.00119224 0.00121058 0.00119225 0.00119225 0.00119225 0.00119225 0.00119225 0.00119224 0.00119225 0.00119224 0.00119225 0.00119225 0.00119224 0.00119224 0.00119226 0.00119225 0.00119225 0.00124744 0.00119929 0.00119225 0.00119225 0.00119455 0.00119225 0.00119224 0.00119225 0.00119224 0.00119225 0.00119225 0.00119225 0.00119235 0.0011927 0.00119225 0.00119225 0.00120212 0.00179632 0.00119225 0.00119224 0.00119226 0.00119224 0.00119225 0.00119225 0.00123012 0.00119224 0.00119224 0.00119225 0.00119225 0.00143592 0.00119225 0.00119225 0.00134706 0.00119225 0.00119224 0.00119225 0.00119227 0.00119225 0.00119224 0.00119225 0.00119609 0.00119224 0.00119228 0.00119225 0.00119225 0.00119225 0.00119225 0.00119224 0.00119225 39.2325 0.00119225 0.00119225 0.00119225 0.00119225 0.00119224 0.00119224 0.00119224 0.00119224 12.0779 0.00119225 0.00131966 0.00119225 0.00119225 0.00119225 0.00119224 0.00119224 0.00119224 0.00119225 0.00119224 0.00119224 0.00119225 0.00119225 0.00119952 0.00130007 0.00119225 0.00123121 0.00119232 0.00119225 0.00119225 0.00119251 0.00119224 0.00119224 0.00119226 0.00119225 0.00119225 318.339 0.00119224 0.00119225 0.00119225 0.00119224 261.717 0.00119224 0.00119224 0.00119225 0.00119225 0.00119225 0.00119225 0.00119945 0.00119225 0.00119225 0.00119963 0.00119224 0.00119225 0.00119225 0.00119224 0.00119225 0.00119285 0.00119225 0.00120204 0.00119225 0.00119224 0.00119225 0.00119225 0.00119225 0.00119224 0.00126444 0.00119262 0.00119225 0.00119224 0.00119225 0.00119225 0.00119224 0.00119225 0.00119225 0.00119316 0.00119224 0.00119245 0.00119225 0.00121085 0.00119224 0.00119225 0.00119224 0.00119224 0.00119225 0.00119225 0.00119225 0.00119224 0.00119225 0.00119403 0.00119225 0.00119225 0.00128375 0.00119224 0.00119224 0.00121979 0.00119225 0.00122634 0.0011923 0.00119225 0.00119225 0.00122346 0.00119225 0.00119225 0.00119231 54.7906 0.00119225 0.00119225 0.00119225 0.00119224 0.00119224 0.00119224 0.00119225 0.00119225 0.00119224 0.00119225 0.00119225 0.00119225 0.00119224 0.00119224 0.00119585 0.00119234 0.00119225 0.00119225 0.00119224 0.00119225 0.00119224 0.00119323 0.00119224 0.00119225 0.00119225 0.00119225 0.00121017 0.00119225 0.00119412 0.00119224 0.00119224 0.00119225 0.00119233 0.00119225 0.0011927 0.00119224 0.00119225 0.00119224 0.00119225 0.00119224 0.00119224 0.00119225 0.00119224 0.00119225 0.00132584 0.00119237 0.00119225 0.00119224 0.00119225 0.00122311 0.00119225 0.00119225 0.00119225 0.00119225 0.00119224 0.00119225 0.00119225 0.00119225 0.00119225 61.0781 10.8899 0.00119225 0.00119225 0.00119224 0.00119224 0.00119225 0.0011962 0.00119225 0.00119224 0.00119225 0.00119224 0.00119227 0.00119225 27.2895 0.00119224 0.00119225 0.00119225 0.00119224 0.00122407 0.00119224 0.00119225 0.00119224 0.00119225 0.00120411 0.00119225 0.00119225 0.00119225 0.00119224 14.2371 0.00119225 0.00149708 0.00119226 0.00119224 0.00119225 0.00119224 0.00119225 0.00119233 0.00119225 0.00119225 0.00133881 0.00119224 0.00119224 0.00119224 0.00119225 0.00119225 0.00119225 0.00119225 0.00119364 0.00119225 0.00119225 0.00119224 0.00119224 0.00119225 0.00119225 0.00119225 0.00119225 0.00119256 0.00119224 0.00119224 0.00119225 0.00119225 0.00119224 0.00119224 0.00240784 0.00119225 0.00119225 0.00119225 0.00119225 0.00120289 0.00119224 0.00119224 0.00119224 0.00119226 0.00119224 0.00119224 0.00119225 0.00119225 0.00120343 0.00119225 0.00119234 0.00119247 0.00119224 0.00119225 0.00119225 0.00119225 0.00119225 0.00119334 0.00119231 0.00119225 0.00119249 0.00119303 0.00119235 0.00119225 0.00121687 0.00119224 0.00119225 0.00119225 0.0011923 0.00119224 0.00119224 0.00119225 0.00119664 0.00122624 0.00119225 0.00119224 0.00119558 0.00119224 0.00119225 0.00119224 0.00119231 0.00119225 0.00119225 0.00119225 0.00119225 0.00119225 0.00119687 0.00119225 0.00119224 0.00119225 0.00119224 0.00119225 0.00120264 0.00119225 0.00119225 0.00119225 0.00119225 0.00119225 0.00119228 0.0011923 0.00119224 0.00119225 0.00119224 0.00119225 0.00119225 0.00130842 0.00119225 0.00119225 0.00119225 0.00122913 0.00131176 0.00119224 0.00119372 0.00119225 0.00119225 0.00119224 0.00119226 0.00119225 0.00119238 0.00119225 0.00119225 0.00119225 0.00119225 0.00119593 0.00119224 0.00119225 0.00119225 0.00119225 0.00119225 0.00124585 0.00119225 0.00119225 0.00119225 0.00121333 0.00119225 0.00119225 0.00119225 0.00119225 0.00119225 0.00119225 0.00119224 0.00119234 10.8016 0.00119225 0.00119225 0.00119225 0.00119224 0.00119225 0.00119227 0.00119224 0.00119224 0.00119225 0.00119225 0.00119225 0.00122333 0.00123877 54.186 0.00119224 0.00119316 0.00119225 0.00119225 0.00234482 0.00119225 0.00119225 0.00119225 0.00120513 0.00119225 0.00121301 0.00119225 0.00119224 0.00119225 0.00121408 0.00119225 0.00119225 0.00119225 0.00119224 0.00119225 0.00119225 0.00119225 0.00119224 0.00119225 0.00119224 0.00119376 0.00119224 0.00119225 0.00119224 0.00119225 0.00119224 0.00119224 0.00119224 0.00119225 0.00119224 0.00119225 0.00119225 0.00119225 0.00119225 0.00119224 0.00122765 0.00119225 0.00119225 0.00119225 0.00120436 0.00119225 0.00119741 0.00119224 3.30788 0.00119225 0.00119224 0.00119224 0.00119225 0.00119225 0.00121456 0.00119225 0.00119225 0.00119225 0.00119224 0.00119225 0.00119225 0.00119224 0.00119242 0.00125425 45.3805 0.00119224 0.00119224 0.00119225 0.00119225 134.266 0.00119287 0.00119225 0.00119225 0.00119225 0.00119225 0.00119224 0.00121747 0.00119225 0.00119225 35.577 0.0021866 0.00119225 0.00119225 0.00119224 0.100995 0.00119224 0.00119225 0.00130375 0.00119224 0.00119224 0.00119225 0.00119225 0.00119224 0.00119224 0.00119224 0.00119224 0.00119225 0.00119225 0.00119225 0.00119225 0.00119226 0.00119225 0.00119224 0.00119224 0.00119225 0.00119224 0.00119224 0.00119225 0.00119224 0.00119224 0.00119225 0.00119225 0.00139069 0.00119225 0.00119225 0.00119225 36.0492 0.00122398 0.00119224 0.00119224 0.00119224 0.00122563 0.00119225 0.00119228 0.00119224 0.00119225 0.00119225 0.00119225 0.00119225 0.00119225 0.00119224 0.00119225 0.00119224 0.00119224 0.00119778 0.00119225 0.00119225 0.00119224 0.00119225 0.00119224 0.00119225 0.0012605 0.00119225 0.00119224 0.00119225 0.0011923 0.00119225 0.00119225 0.00119225 0.00119495 0.00119225 0.00127474 0.00119224 0.00120627 0.00119225 0.00119224 0.00119225 0.00119225 0.00119224 0.00119224 0.00119225 0.00119225 0.00119225 0.00119225 0.00119225 0.00119225 0.00119225 0.00119225 0.00119224 30.5383 0.00122214 0.00119225 0.00119225 0.00119224 0.00119224 0.00119225 0.00119224 0.00119224 0.00119225 0.00119225 0.00119225 0.00119224 0.00119225 0.00119225 0.00119224 0.00119225 0.00128871 0.00119225 0.00119225 0.00144498 0.00119225 0.00119225 0.00119224 0.0012176 0.00119224 0.00119225 0.00119334 0.00124683 0.00119225 75.6028 0.00119225 0.00119224 0.00119225 0.00119231 0.00119225 0.00119273 0.00119225 0.00119225 0.00119224 0.00119231 0.00119225 0.00119225 0.00119224 0.00119272 0.00119225 0.00119233 0.00119224 0.00119322 0.00119225 0.00119225 0.00119227 0.00119225 0.0011923 0.00157339 0.00119225 0.00119225 0.00119313 0.00119728 0.00119225 0.00119225 0.00119224 0.00119368 0.00119243 0.00119225 0.00119225 0.00119225 0.00124629 0.00119224 0.00119224 0.00119225 0.00119253 0.00119225 0.00119224 0.00229099 0.00119225 0.00119224 0.00119225 0.00119225 0.00119494 0.00119225 0.00119224 0.00119231 0.00119224 0.00119714 0.00119225 0.00119225 0.00119225 0.00119225 0.00119225 0.00119224 0.00119225 0.00119225 0.00119224 0.00119224 0.00119225 0.00119225 0.00119225 0.0012066 0.00119306 0.00119225 0.00119225 0.00119225 0.00119225 0.00119225 0.00119225 0.00119225 0.00119225 0.00119225 0.00119225 0.00119225 0.00120547 0.00119225 0.00119225 0.00119225 0.00119225 0.00119225 0.00119224 0.00119225 0.00119225 0.00119225 0.00119225 0.00119225 14.2925 0.00119224 0.00119226 0.00119225 0.00120391 0.00119224 0.00119225 0.00119225 0.00119224 0.00119232 0.00119225 0.00119224 0.0011925 0.00119225 0.00119225 0.00119225 0.00119224 0.00121994 0.00119225 0.00119225 0.00119224 0.00119242 0.00119225 0.00119228 0.00119225 0.00119225 0.00119225 0.00119224 0.00119225 0.00119225 43.5419 0.00119225 0.00119224 0.00119279 0.00119225 0.00119224 0.00119224 0.00119225 0.00119224 0.00119224 0.00119225 0.00119225 0.00119225 0.00119224 0.00119224 0.00119225 0.00119225 0.00119225 0.00119225 0.00119224 0.00119225 0.00119225 0.00119224 31.9309 0.00120464 0.00119225 0.00119225 0.00119225 0.00119224 0.00119225 0.00119224 0.00119225 0.00119225 0.00119225 0.00119225 0.00119225 0.00119224 0.00119225 0.00119224 0.0011923 0.00119224 0.00119224 0.00119287 0.00119224 0.00119224 0.00119225 0.00119225 0.00119225 0.00119225 0.00119224 0.00119225 0.00119225 0.0011923 0.00119225 0.00119314 0.00119225 0.00119224 0.00119225 0.00119225 0.00119225 0.00119225 0.0011923 0.00119225 0.00119225 0.00119225 0.00119224 0.00119225 0.00119224 0.00133285 0.00119224 0.00119225 0.00119227 0.00119225 0.00144676 51.5353 0.00119225 0.00119225 0.00119225 0.00141951 0.00119224 0.00119363 0.00119225 0.00120959 0.00119225 0.00119726 0.00119224 0.00119236 0.00119225 0.00119225 0.00119225 0.00119225 0.00121445 0.00119224 0.00119225 0.00119225 0.00119225 0.00119224 0.00119225 0.00119225 0.00119224 0.00119226 0.00119225 0.00119224 0.00132276 0.00119228 0.00119232 0.00120087 0.00119225 0.00119224 0.00119225 0.00119224 0.00119225 0.00119225 0.00119225 0.00119224 0.00119225 0.00119224 0.00119225 0.00119225 0.00119225 0.00119225 0.00119224 0.00119225 0.00119225 0.00119225 0.00119228 0.00119225 0.00119225 0.0121578 0.00119228 0.00119224 0.00119225 0.00119225 0.00119225 23.4967 0.00119225 0.00123239 0.00119623 0.00119225 0.00119225 0.00119607 0.00119224 0.00119224 0.00119225 0.00119224 0.00119225 0.00119225 0.00119225 0.00119225 0.00119224 0.00119225 0.00119225 0.00119225 0.00119225 0.00119224 0.00119236 0.00119225 0.00119225 0.00119225 0.00119224 0.00119225 0.00119224 0.00126565 0.00119225 0.00119225 0.00119225 0.00119225 37.8271 0.00119225 0.00119225 0.00119224 0.00119225 0.00119224 0.00119228 0.00119224 0.0011923 0.00119225 0.00119224 0.00119225 29.9611 0.00119225 0.00119224 0.00119224 0.00119227 0.00119407 0.00119224 0.00119224 0.00119224 0.00119225 0.00119225 0.00119248 0.00119225 0.00119225 0.00119224 0.00120189 0.00119225 0.00119225 0.00119224 0.00119225 0.0012004 0.00119225 0.0016648 13.3324 0.00119225 0.00119225 0.00119225 0.00119225 0.00119224 0.00119224 0.00119225 0.00123488 8.41671 0.00119225 0.00119225 0.00119224 0.00119224 0.00119225 0.00119225 0.00119225 0.00119225 0.00119225 0.00166841 0.00119224 0.00119225 0.00119225 0.0012986 0.0012015 0.00119225 0.00119228 0.00119225 0.00119225 0.00119225 0.00119224 0.00119267 0.00119225 0.00119225 0.00119225 0.00119225 0.00119225 0.00119225 0.00119826 31.6087 0.00119225 0.00119353 0.0012003 0.00119225 0.00119225 0.00119225 0.00119224 0.00119224 0.00119224 0.00119224 0.00122111 0.00119225 0.00119225 0.00119225 0.00119225 0.00119225 0.00119225 0.00119225 0.00119225 20.2891 0.00119225 0.00119225 0.00119225 0.00119224 0.00119224 0.00119226 0.00119224 0.00122344 0.00119225 15.234 0.00119225 0.00119225 0.0011997 0.00119225 0.00119227 0.00119224 0.00119245 0.00119225 0.00119225 0.00119225 0.00119225 0.00119516 0.00119224 0.00119225 0.00119225 0.00119225 0.00412537 0.00119225 0.00119225 0.00119245 0.00119224 0.00119225 0.00119325 0.00119225 0.00119225 0.00119224 0.00126244 0.00119225 0.00119225 0.00119467 0.00119225 0.00119224 0.00120125 0.00119225 0.00119224 0.00119225 0.00119225 0.00119225 0.00119224 0.00119225 0.00119224 0.00119224 0.00136566 0.00119224 0.00119224 0.00119224 0.00119224 0.00119225 0.00119225 0.00119225 0.00119225 0.00119224 0.00119225 0.00119225 0.00119224 0.00119225 0.00119225 0.00119224 0.00119254 0.00119225 0.00119225 0.00119225 0.00119224 0.00119224 0.00119225 0.00119225 0.00119224 0.00121739 0.00119229 0.00119224 0.00119224 0.00119225 0.00119225 0.00119224 0.00119229 0.00119225 0.00119225 0.00119226 0.0012153 0.00119224 0.00119224 0.00119225 0.00119225 0.00119224 0.00119225 0.00119224 0.00119225 0.00119225 0.00119225 0.00119225 0.00119225 0.00119225 0.00119444 0.00119224 0.00123147 0.00119225 0.00119225 0.00122854 0.00119224 0.00119225 0.00119224 0.00119224 0.00119225 0.00119225 0.00119224 0.00119224 0.00119225 0.00119225 0.00119277 0.00119225 0.00119225 0.00119224 0.00119225 0.00119225 0.00119225 0.00119224 0.00119225 0.00119429 0.00121851 0.00119225 0.00119225 0.00119224 0.00119224 0.00119225 0.00119225 0.00119224 0.00119224 0.00119225 0.00119249 0.00119225 0.00119225 0.00119225 0.00119225 0.00119224 0.00119225 0.00119225 0.00122665 0.00119225 0.00119225 0.00128561 0.00119224 0.00119224 0.00120556 0.00119225 0.00119225 0.00119225 0.00119225 0.00119225 0.00119225 0.00119224 0.00119225 0.00119225 0.00125167 0.00119225 0.00119225 0.00119225 0.00119231 0.00128209 0.0011939 0.00119225 0.00124271 0.00119224 0.00119224 0.00119225 0.00165317 0.00119225 0.00119225 0.00119225 0.00119227 0.00119225 0.00119225 0.00119225 0.00119224 0.00119225 0.00119224 0.00119225 0.00119226 40.6643 0.00119224 0.00119225 0.00119225 0.00119224 0.00119225 0.00119225 0.00119224 0.00119224 0.00119225 0.00119225 0.00119225 0.00119225 0.00119225 0.00119225 0.00119235 0.00119226 0.00119313 0.00119244 0.00119225 0.00119251 0.00119224 0.00119225 0.00119226 0.00119225 0.00119225 0.00119224 0.00119224 0.00119225 0.00119224 0.00119224 0.00119224 0.00119224 0.00119225 0.00119225 0.00119225 0.00119224 0.00119225 0.00119225 0.00119224 0.00119224 0.00119224 0.00119225 0.00119225 0.00119225 0.00119224 0.00119224 0.00119225 0.00119225 0.00119225 0.00119224 0.00119224 0.00119225 0.00119225 20.8249 0.00129276 0.00119224 0.00119225 0.00119224 0.00122369 0.00119225 0.00119224 0.00119224 0.00119225 0.00119225 0.00119225 0.00119225 0.00119891 0.00119224 0.00119225 0.00119224 0.00119225 0.00119224 0.0011963 0.0011932 0.00119225 0.00119224 0.00119281 0.00119225 0.00119224 0.00119224 0.00124693 0.00119225 0.00121998 0.00119224 0.00119225 0.00119225 0.00119225 0.00144499 0.00119225 0.00119225 0.00119225 0.00119224 0.00119228 0.00119225 0.00119225 0.00119224 0.00119224 0.00122019 0.00119225 0.00119224 0.00119225 0.00119225 0.00119225 0.00119224 0.00119225 0.00119225 0.00119224 0.00119224 0.00119225 0.00119225 0.00119225 0.00119225 0.00119225 0.00119224 0.00119341 0.00119225 0.00120605 0.00119225 132.817 0.00119224 0.00119224 0.00119225 0.00119224 0.00119225 0.00119225 0.00119225 0.00119224 0.00119225 0.00119225 0.00124601 0.00119225 0.00119224 0.00119225 0.00119224 0.00119225 0.00119229 0.00119224 0.00121139 0.00123075 0.00119225 0.00119225 0.00119225 0.00119225 0.00120564 0.00119224 0.00119225 0.00119225 0.00119225 0.00119224 0.00119896 0.00119224 0.00119225 0.00119224 0.00119812 0.00119225 0.00119224 0.00119225 0.00119225 0.00119225 0.00119225 0.00119334 0.00119225 0.00119225 0.00119224 0.00119224 0.00119225 0.00119225 0.00119225 0.00119224 0.00119225 0.00119225 0.00119225 0.00119224 0.0011951 0.00119227 0.00119225 0.00119225 0.00119224 0.00119275 16.6646 0.00121067 0.00119225 0.00119225 0.00119224 0.00119225 0.00119224 0.00119225 0.00119225 0.00119225 0.0011923 0.00119225 0.00119225 0.00119225 0.00119225 0.00119225 0.00119224 0.00119224 0.00119224 0.00119225 0.00119225 0.00119225 0.00119225 0.00119224 0.00119235 0.00119224 0.00119224 0.00119244 22.5575 0.00119225 0.00119225 0.00119224 0.00119224 0.00119225 0.00119225 0.00119229 0.00119224 0.00119224 0.00119263 0.0011929 0.00119225 0.00119225 0.00119224 0.00119224 0.00119224 0.00119225 0.00119225 0.00119224 0.00119224 0.00119224 0.00119224 0.00119728 0.0011949 0.00119224 0.00119225 0.00119225 0.00119225 0.00119224 0.00119225 0.00119225 0.00119225 0.00119224 0.00119225 18.5434 0.00119225 0.00123055 0.00119224 0.00119482 0.00122433 0.00119225 0.00119225 0.00119225 0.00119224 0.00119225 0.00119225 0.00119245 0.00119225 0.00119225 0.00119225 0.00119224 0.00119225 0.00119238 0.00119225 0.00119224 0.00119226 0.00119225 0.00119225 0.00119225 0.00119225 0.00119229 0.00119225 0.00119224 0.00119225 0.00119225 0.00119225 0.00119225 0.00119225 0.00119224 0.00119359 0.00119224 0.00119225 0.00119225 0.00119224 0.00119225 0.00119225 0.00119225 0.00119279 0.00119225 0.00119225 0.00119225 0.00119225 0.00119224 0.00119225 0.00119225 0.00119224 0.00119224 0.00119225 0.00119235 0.00119224 0.00119225 0.00119224 0.00119225 0.00119225 0.00119225 0.00119237 0.00119225 0.00122095 0.00119225 0.00119224 0.00119224 47.7671 0.00122628 0.00119225 0.00119225 0.00119565 0.00124019 0.00120691 0.00119225 0.00119225 0.00119226 0.00119225 0.00119225 0.00119246 0.00119225 0.00119224 0.00119225 0.00119224 0.00119225 0.00119225 0.00119225 0.00119225 0.00126123 0.00119225 0.00119225 0.00119225 0.00119224 0.00119224 0.00119906 0.00119224 0.00119225 0.00119232 0.00119226 0.00119225 0.00119225 0.00119247 0.00119224 0.00119225 0.00119224 0.00119225 0.00119225 0.00119225 0.00119225 0.00119224 0.00119225 0.00119225 0.00119224 0.00119224 0.00124872 0.00119225 0.00119225 0.00119479 5.83856 0.00119224 0.00119225 0.00119225 0.00119225 0.00119224 6.9366 143.017 0.00119225 0.00119225 0.00119224 0.00119224 0.00119224 0.00119225 0.00119224 0.00119224 0.00119225 0.00119224 0.00119225 0.00119225 0.00122867 0.00119225 0.00119256 0.00124677 0.00119225 0.00119224 0.00119225 0.00119225 0.00119224 0.00119224 0.00119225 0.00119239 0.00119225 0.00119224 0.00119225 0.00119225 0.00119225 0.00119224 0.00119225 0.00119225 0.00119225 0.00119225 0.00119225 0.00119225 0.00119225 0.0012024 0.00119225 0.00119481 0.00119224 0.00119225 0.00119224 0.00119224 0.00119225 0.00119225 0.00119225 0.00119225 8.29575 0.00119225 0.00119225 0.00119225 0.00119225 0.00119224 0.00119225 0.00119225 0.00119225 0.00122714 0.00119225 0.00119224 0.00119226 0.00119224 0.00119225 0.00119225 0.00119225 22.6361 0.00119224 0.00151535 0.00119224 0.00119225 0.00119225 0.00119225 0.00119225 0.00119225 0.00119225 0.00124318 0.00119225 0.00119225 0.00119224 0.00119227 0.00119225 0.00119224 0.00119224 0.00119225 0.00119224 0.00119225 0.00119225 0.00119225 0.00119224 0.00119225 0.00119224 0.00119225 0.00119224 0.00119225 0.00119301 0.00119225 0.00119225 0.00119225 0.00119224 0.00119225 0.00119225 0.00119225 0.00119225 0.00119225 0.00119224 0.00119225 0.00124361 0.00119225 0.00119225 0.00119225 0.00119352 0.00119225 0.00119224 0.00119224 0.00120627 0.00119225 0.00119225 0.00119224 0.00127515 0.00119225 0.00119253 0.00119225 0.00119225 0.00119225 0.0012014 0.00119225 0.00120602 0.00119225 0.00119225 0.00119225 0.00119224 0.00119224 0.00119224 0.00119225 3.52739 0.00119224 0.00119225 0.0011925 0.00119225 0.00121797 0.00119224 0.00119225 0.00119224 0.00119699 0.00120973 0.00119225 0.00119257 0.00119224 0.00119225 0.00119224 0.00119225 0.00123105 0.00119225 0.00119224 0.00119224 0.00119225 0.00119225 0.00119225 0.00119224 0.00119225 0.00119856 0.00119225 0.00119224 0.00119224 32.4256 0.00119759 0.00119225 0.00119225 0.00119224 3.95426 0.00119225 0.00119225 0.00119235 0.00119224 0.00119225 0.00119225 0.00119255 0.00119225 0.00119225 0.00121133 0.00119229 0.00144885 0.00119225 0.00119224 0.00119225 0.00119224 0.00119225 0.00119225 0.00119224 0.00119225 0.00119224 0.00119413 0.00119224 0.00119224 0.00119225 0.00119225 0.00119225 0.00119224 0.00119225 2.88623 0.00119225 0.00119225 0.00127057 0.00119225 0.00119224 0.00120812 0.00130208 0.00119225 0.00119224 0.00119224 0.00119225 0.00119225 0.00119224 88.9695 0.00120606 0.00119224 0.00119225 0.00119225 0.00119225 0.00119225 0.00119409 0.00119225 0.00119225 0.00119246 0.00119225 0.00119224 0.00119225 0.00119224 0.00119225 0.00119225 0.00119224 0.00119225 0.00119225 0.00139724 0.00119225 0.00119225 0.00119225 0.00119225 0.00119225 0.00119226 0.00119225 0.00119225 0.00119224 0.00119225 0.00119225 0.00119225 0.00125472 0.00119224 0.00119225 0.00119225 0.00119225 0.00119225 0.00120464 0.00119225 0.00119225 0.00119232 0.00119225 0.00119224 0.00122527 0.00119224 0.00119227 0.00119225 0.00119225 0.00119225 0.00119225 0.00119225 0.00119224 0.00119225 0.00119225 0.00119225 0.00119225 0.00119224 0.00119225 0.00119225 0.00121197 0.00119225 0.00119225 0.00140183 0.00119225 0.00119225 0.00119224 0.00119224 0.00119225 0.00119225 0.00119225 0.00119225 0.00119224 0.00119225 0.00119225 0.00119225 0.00119224 0.00119225 0.00119225 0.00119225 0.00119225 0.00119225 0.00119225 0.00119225 0.00119225 0.00119284 16.9187 0.00119224 0.00119225 0.00119225 0.00119225 0.00119225 0.00119224 0.00119228 0.00119225 0.00122157 0.0011924 0.00136999 0.00119225 0.00119225 0.00119225 0.00119224 0.00119225 0.00119225 0.00119225 0.00119225 0.00155613 0.00119224 0.00119225 0.00119788 0.00119225 0.00119224 0.00119321 76.8881 0.00119225 0.00119225 0.00119224 0.00119225 0.00119233 0.00119225 0.00119225 0.00119253 0.00127313 0.00119248 0.00119225 0.00119224 0.00119225 0.00119224 0.00119225 0.00119224 0.00119225 0.00119225 0.00120816 0.00119225 0.00119225 0.00119225 0.00119225 0.00119228 0.00119224 0.00119225 0.00119224 0.00119224 0.00119225 0.00119225 0.00119225 0.00119224 0.00119225 0.00119225 0.00119225 0.00126257 0.00119463 0.00119224 0.00119224 0.00119225 0.00119227 0.00119224 0.00119225 0.00119225 0.00119224 0.00119225 0.00119224 0.00119244 0.00119275 0.00119224 0.00119225 0.00119225 0.00119225 0.00119225 0.00119225 0.00119242 0.00119224 0.00119224 174.875 0.00119225 0.00119234 0.00119235 0.00119225 0.00119225 0.00119225 0.00119224 0.00129067 0.00119225 0.00119225 0.00119224 0.00119225 0.00119239 0.00119224 0.00119225 0.00119225 0.00119224 0.00119224 0.00119224 0.00119225 0.00125599 0.00119225 28.4979 0.00123302 0.00119225 0.00119224 0.00119225 0.00119225 0.00121887 0.00119224 0.00119225 0.00119225 0.00119225 0.00119224 0.00119225 0.00119225 0.00119225 0.00119225 0.00119225 0.00121725 0.00119224 0.00119225 0.00119225 0.00119225 0.00119225 0.00119224 0.00119225 0.00119225 0.00120125 0.00119225 0.00119224 0.00119225 0.00119225 0.00119248 0.00119224 0.00119225 0.00121479 0.00119224 0.00120146 0.00119224 0.0012536 0.00119224 0.00119225 0.00120132 0.00119225 0.00119225 0.00119225 0.00119224 0.00119225 0.00119225 0.00119225 0.00119224 0.00119225 0.00119559 0.00119225 0.00119225 0.00119225 0.00119224 144.677 0.00119225 0.00119225 0.00119225 0.00119225 0.00119224 0.00119225 21.9727 0.00119656 0.00119224 0.00119497 0.00119225 0.00119256 0.0012763 0.00119224 0.00119225 44.4203 0.00119224 0.00126144 0.00119225 0.00119225 0.00119232 0.00119225 0.00119225 0.00119224 0.00119225 0.00126009 16.6611 0.00119246 0.00119224 0.00120196 0.00119224 0.00120132 0.00119225 0.00119225 0.00119225 0.00119225 0.00126838 0.00119225 0.00119225 6.43103 0.00119226 0.00119224 0.00119224 0.00119225 0.00119225 0.00119224 0.00119225 0.00119225 0.00121286 0.00119224 0.00119225 0.00119225 0.00119225 0.00119225 0.00119225 0.00119225 0.00119225 0.00119224 0.00119226 0.00119224 0.00119231 0.00119225 0.00119943 0.00119224 0.00119225 0.00119224 0.00119268 0.00119225 0.00119226 0.00121321 0.00119224 0.00119224 0.00119238 0.00119224 0.00119225 0.00119225 0.00119375 0.00119225 0.00119224 0.00119225 0.00119225 0.00120142 0.00132615 0.00119225 0.00119225 0.00119224 0.00119224 0.00119225 0.0012186 0.00120795 0.00119225 0.00119225 0.00119224 0.00119225 0.00119225 0.00119229 0.00119225 0.00119224 0.00127586 0.00119225 0.00119225 0.00119225 0.00119224 0.00119224 0.00119225 0.00119224 0.00119322 0.00119225 0.00119225 0.00119225 0.00119351 109.762 0.00119225 0.00119225 0.00150825 0.00119224 0.00119225 0.00119224 0.00119402 0.00192453 0.00119225 0.00119224 0.00119224 0.00119225 0.00119225 0.00119249 0.00121292 0.00121947 0.00119225 0.00119225 0.00119224 0.0011923 0.00119225 14.248 0.00119225 0.00119301 0.00119225 0.00119224 0.00119224 0.00119282 0.00119224 0.00119225 0.00119232 0.00119225 0.00119225 0.00124758 0.00119225 0.00119314 0.00119225 0.00119225 0.00119224 0.00119224 0.00119225 0.00119225 0.00119224 0.00119224 0.0011924 0.00119225 0.00119976 0.00119224 0.00119225 0.00119225 0.00119225 0.00119225 0.00119225 0.00119225 0.0011927 0.00119225 0.00119227 0.00119225 0.00119225 0.00119225 0.00119225 0.00119225 0.00119226 0.00119225 0.00119224 0.00119224 0.00119225 0.00119225 0.00119225 0.00119224 0.00119224 0.00119225 0.00119224 0.00122218 0.00119225 0.00119265 0.00119225 0.00119225 0.00119225 23.1723 0.00119225 0.00119225 0.00119225 0.00121127 0.00119225 0.00119533 0.00120117 0.00119225 0.00119225 0.00119296 0.00119224 0.00119224 0.00119224 0.00119225 0.00119224 0.00119225 0.00119224 0.00119225 0.00119224 0.00119225 0.00124966 0.00119224 0.00119225 0.00119225 0.00120533 0.00119225 0.00120781 0.00119225 0.00119224 0.00119225 0.00119225 0.00119225 0.00119228 0.00119225 0.00119224 0.00119225 0.00119224 0.00119224 0.00119225 0.00119225 43.0375 0.00119224 0.00119225 0.00119225 0.00119225 0.00119224 0.00119225 0.00119225 0.00119225 0.00119236 0.00119235 0.00119225 0.00119226 0.00119224 0.00119224 0.00119224 0.00119224 0.00119224 0.00119225 0.00119225 0.00119231 0.00119224 0.00119225 0.0011923 0.00119233 10.4115 0.00119224 0.00119225 0.00119225 0.00119224 0.00119225 0.00119224 0.00119224 0.00121108 0.00119224 0.00119225 0.00120587 0.00120224 0.00119225 0.00119224 0.00119271 0.0012199 0.00119225 0.00119225 0.00119225 0.00119225 0.00119225 0.00119225 0.00119225 0.00119238 0.00119225 0.00124709 0.00119225 0.00119225 0.00119225 0.00119224 0.00119234 0.00119224 14.186 0.00119224 0.00119233 0.00119225 0.00119225 0.00119225 0.00119299 0.00119225 0.00119224 0.00119225 0.00119225 0.00119224 0.00119225 0.00119225 0.00119225 0.00136458 0.00121997 0.00119225 0.00119224 0.00119225 0.00119224 0.00119225 0.00119224 0.00119225 0.00119225 0.00119225 0.00119239 0.00119226 0.00119225 0.00119238 0.00119225 0.00119224 0.00119224 0.00119224 0.00119318 0.00119224 0.0011924 0.00119225 0.00119225 0.00119224 0.00119496 0.00119224 0.00119224 0.00119224 0.00119224 0.00119225 0.00154377 0.00119225 0.00119688 0.00119225 0.00119225 0.00119225 0.00119225 0.00119225 0.00119225 0.00119225 0.00119224 0.00119225 0.00119224 0.00119224 0.00119224 0.00119225 0.00128357 0.00119224 0.00119224 0.00119225 0.00119225 0.00119507 0.00119225 0.00119225 0.00119233 0.00119226 0.00119237 0.00119225 0.00119225 0.00119224 0.00119225 0.00119224 0.00119225 0.00119225 0.00119225 0.00119224 0.00119224 0.00119224 0.00164677 0.00119225 0.00119224 0.00119225 0.00119224 0.00119225 0.00128299 0.00120777 0.00119445 0.00119225 0.00119225 0.00119225 0.00119225 0.00119224 0.00119225 0.00119225 0.00119226 0.00129504 0.00119236 0.00119225 0.00121316 0.00119225 0.00119225 0.00119225 0.00119224 0.00119224 0.00119289 0.00119224 0.00119225 0.00119766 0.00119225 0.00119225 0.00119225 0.00119224 0.00119225 0.00119224 0.00119225 0.00120613 0.00119225 0.00119471 0.00119225 0.00119225 0.00119225 0.00119225 0.00119225 0.00119225 0.00119225 0.00119225 0.00119224 0.00119224 0.00119224 0.00119225 0.00119225 0.00119225 0.00119225 0.00119224 0.00119225 0.00119225 0.00119224 86.9035 0.00119225 0.00124466 0.00119225 0.00119225 0.00119224 0.00119225 0.00119225 14.0374 0.00119224 0.00119225 71.1031 0.00119225 0.00119225 0.00119225 0.00119224 0.00119225 0.00119225 0.00128441 0.00119225 0.00119225 0.00119225 0.00119479 0.00119225 0.00119225 0.00119225 0.00119225 0.00119225 0.00119225 0.00119225 0.00119224 0.00119225 0.00119225 0.00119225 0.00119225 0.00119224 0.00119224 0.00119225 0.00121052 0.00119224 0.0011925 0.00119225 0.00119225 0.00161316 0.00119224 0.00119224 0.00119224 0.00119224 0.00119225 0.00119225 0.00119225 0.00119225 0.00119224 0.00119225 0.00119225 0.00119224 15.2339 0.00119227 0.00119225 0.00119225 0.00119224 0.00119224 0.00119224 0.00119225 0.00119225 0.00119224 0.00119258 0.00119224 0.00119225 0.00119225 0.00119238 0.00119225 0.00119225 0.00119228 0.00119224 0.0011961 0.00119225 0.00119225 0.00119225 0.00119225 0.00119754 0.0879563 0.00119225 0.00119225 105.725 0.00119224 0.00119224 0.00119225 0.00119225 0.00119225 0.00119225 0.00119225 0.00119224 0.00119225 0.0011953 9.00579 0.00119225 0.00119233 0.00119225 0.00119225 0.00119224 0.00119224 0.00119225 0.00119224 0.00119226 0.00119225 0.00119226 0.00127924 0.00119224 0.00119224 0.00119271 0.00119225 0.00119225 0.00119225 3.31716 0.00119224 0.00119224 0.00119224 0.00119224 0.00119225 0.00119225 0.00119224 0.00119224 0.00119225 0.00119225 0.00119226 0.00133281 0.00119224 0.00119225 0.00119224 0.00119225 0.00119224 0.00120206 0.00119231 0.00119224 0.00119224 0.00119225 0.00119225 0.00119224 0.00119225 0.00119247 0.00119225 0.00119225 0.00119225 0.00119224 0.00119224 17.6707 0.00125077 0.00119224 0.00119226 0.00119224 0.00119225 0.00123646 0.00119224 0.00119224 0.00119224 0.00119225 0.00119225 0.00119225 43.4065 0.00125294 0.00119227 0.00119225 0.00119225 0.00119225 0.00119224 0.00123194 0.00119224 0.00119225 0.00119225 0.00119225 0.00119225 0.00120017 0.00119225 0.00119225 0.00126434 0.00119225 0.00128325 0.00119224 0.00119224 0.00119224 0.00148198 0.00120224 0.00119225 0.00119224 0.00119224 0.00119225 0.0011923 0.00119224 0.00119225 0.00119225 0.00119225 0.00121357 0.00119225 0.00119225 0.00119224 0.00119225 0.00119542 0.00119225 0.00119224 0.00119225 0.00119225 0.00119233 0.00158909 0.00119225 0.00119225 0.00119225 0.00119225 0.00119224 0.00119225 0.00119225 0.00119224 0.00119224 0.00119225 0.00119232 0.00119225 0.00119225 0.00124534 0.00119225 0.00119224 0.00119225 0.00119224 0.00119224 0.00119224 0.00127842 0.00119224 0.0011925 0.00121358 0.00119224 0.00119224 0.0576382 0.00119225 0.00119225 0.00119315 0.00119225 0.00119224 0.00119224 0.00119224 0.00119225 0.00119224 0.00119225 0.00119225 0.00119225 0.00119225 0.00119225 0.00119225 0.00119225 0.00119225 0.00119225 0.00122205 0.00119224 23.6069 0.00120646 0.00119225 0.00119225 15.8963 0.00119224 0.00119225 0.00119226 0.00128896 0.00119224 0.00119225 0.00119224 0.00119225 0.00129521 0.00119224 0.00119225 0.00119224 0.0011927 0.00119224 0.00119225 0.00119225 0.00119224 0.00121376 0.00119224 0.00155926 0.00119224 0.00119224 0.00119225 0.00119225 0.00119225 0.00119225 0.00119299 0.00119225 0.00119225 0.00119225 0.00119225 0.00119225 0.00119225 0.00119224 0.00119225 0.00119225 0.00482322 0.00119224 0.00119225 0.00119224 0.00120046 0.00119225 0.00119225 0.00119225 0.00119225 0.00119252 0.00120964 0.00119225 0.00119257 0.00119225 0.00119226 0.00119224 0.00119225 0.00132938 0.00121329 0.00119225 0.00119225 0.0011958 0.00128653 0.00119224 0.00119227 0.00119229 0.00119225 0.00121169 0.00119224 0.00119224 0.00119225 0.00119224 0.00119224 0.00119225 0.00119225 0.00119225 0.00119225 0.00119225 0.00119225 0.00119225 0.00119225 0.00119225 0.00239532 0.00128787 0.00119224 0.0012209 0.00119225 0.00119225 0.00119225 0.00119224 0.00119225 0.00119225 0.00119295 0.00119225 0.00119225 0.00119225 0.00119225 0.00119247 0.00119225 0.00119225 0.00119224 0.00119224 0.00119225 0.00119225 0.00119225 0.00119224 0.00119225 0.00123437 0.00119225 0.00119225 0.00119225 0.00119225 0.00119257 0.00119225 0.00119225 0.00119224 0.00137828 0.00119224 0.00122261 0.00119224 0.00119225 0.00119225 0.00119225 0.00119225 0.00119232 0.00119225 0.00119225 0.00119225 0.00120203 0.00119225 0.00119225 0.00119225 0.00119225 0.00119224 0.00119339 0.00119225 0.00119225 0.00119225 16.9696 0.00119225 0.00119239 0.00119224 0.00119225 0.00122774 0.00119225 0.00119225 0.00119224 0.00119225 0.00119224 0.00119225 0.00119225 0.00119225 0.00119224 0.00119225 0.00119225 0.00119225 0.00119224 0.00119225 0.00119225 0.00119225 0.00119225 0.00121418 0.00119224 0.00119224 0.00119225 0.00119224 0.00119224 0.00119224 0.00119225 0.00119225 0.00119281 0.00119225 0.00119225 0.00119224 0.00119225 0.00119225 0.00119225 0.00119224 0.00119225 0.00119225 0.00119224 0.00119225 0.00119225 0.00119225 0.00119224 0.00119225 0.00119224 0.00119225 0.00119224 0.00119224 0.00119224 0.00119225 0.00119224 0.00119225 0.00119225 0.00119224 0.00119225 0.00119225 0.00119224 0.00267045 0.00119225 0.00119224 0.00119224 0.00119224 0.00119245 0.00119225 0.00119225 0.0012096 0.00119224 0.00119224 0.00119225 0.00119225 0.00119225 0.00119224 0.00119224 0.00119225 0.00119225 0.00119225 0.00119678 0.00119224 0.00119225 0.00119225 0.00119225 0.00124972 0.00119225 0.00119224 0.00119224 0.00119225 0.00119224 0.00119224 0.00119225 0.00119225 0.00119225 0.00119225 0.00119225 0.00119225 0.00119224 0.00119225 0.00119225 0.00120548 0.00119224 0.00120393 0.393483 0.00119224 0.00119225 13.3376 0.00119224 0.00120485 0.00119224 0.00119225 0.00119225 0.00119224 0.00119224 0.00119225 0.00119225 0.00119225 0.00119224 35.2961 3.63918 0.00119225 0.00122184 0.00119225 0.00119224 0.00119224 0.00119225 0.00119224 0.00119225 0.00119224 0.00119225 0.00119225 0.0162212 0.00119224 0.00119225 0.00119225 0.00119225 0.00119224 0.00119225 0.00119224 0.00119225 0.00119224 0.00120079 0.00119225 0.00119225 14.285 0.00120315 0.00119224 0.00119224 0.00119225 0.00119225 0.00119226 0.00165407 0.00119334 0.00119224 0.00119225 0.00119225 0.00119231 0.00119242 0.00119225 0.00119225 0.00119224 0.00119228 0.00133622 0.00119261 0.00119225 0.00119225 0.00121151 0.00119225 0.00119225 0.00119225 0.00119224 0.00119225 70.1846 0.00119225 0.00119225 0.00119224 0.00119225 0.00120557 0.00119224 0.00119224 0.00122914 0.00157829 0.00119225 0.00119225 0.00119225 0.00121916 0.00119235 0.00119224 0.00119224 0.00119663 14.0374 0.00119345 0.00119225 0.00119225 0.00119225 0.00119225 0.00119224 0.00119225 0.00121375 0.00128676 0.00119225 0.00119225 0.00119224 0.00119293 0.00119225 0.00119224 0.00119225 0.00119225 0.00119224 0.00119224 0.00119224 0.00119225 0.00119225 0.00121999 0.00119225 0.00119225 0.00119224 84.762 0.00126454 0.00119265 0.00120698 0.00119228 0.00119225 0.00119225 0.00119224 0.00120774 0.00119225 0.00119225 0.00119225 0.0011963 0.00129451 0.00119242 0.00119224 0.00119225 0.00119225 0.00119225 0.00119225 0.00119225 0.00119225 0.00119234 0.00119225 0.00119224 0.00119225 0.00119225 0.00119225 0.00162372 0.00119225 0.00119224 0.00119226 0.00119224 0.00120867 0.00119225 0.00119225 0.00121775 0.00119225 0.00119224 0.00119227 0.00119224 0.00119225 0.00119224 0.00119225 0.00120758 0.00119224 0.00119224 0.00119225 0.0011924 0.00121312 0.00119225 0.00119243 0.00119225 0.00119224 0.00119225 0.00121138 0.00119224 0.00119378 0.00119225 0.00119225 0.00119224 0.00119224 0.00119225 0.00119225 0.00119225 0.00119405 0.00119225 0.00119225 0.00119225 0.00119224 0.00119225 0.00119225 0.00119225 0.00119225 0.00119225 0.00119224 0.00119225 0.00119224 0.00119224 31.5157 0.00119224 0.00119226 0.00119225 0.00119224 0.00119225 0.00119225 0.00119224 0.00119224 0.00119263 0.00119225 0.00121122 0.00119225 0.00119225 0.00119225 0.00119225 0.00119225 0.00119225 0.00119225 0.00119224 0.00119224 0.00119225 0.00119228 0.00119225 0.00119224 0.00119225 0.00119225 0.00119225 0.00119224 0.00119844 0.00119224 0.00119225 0.00119225 0.00119224 0.00119225 0.00120579 0.00119224 0.00119225 0.00119225 0.00119225 0.00119225 0.00119225 0.00119225 0.00119282 0.00119247 0.00119224 0.00119224 0.00119224 0.00119224 0.00119224 0.00119224 0.00141645 0.00119225 0.00119225 0.00119225 0.00131858 0.00150348 0.00119225 0.00119225 0.00119224 0.00119225 0.00119224 0.00119225 0.00119225 0.00119225 0.00119224 0.00119225 0.00119225 0.00119224 0.00119224 0.00119225 0.00119225 0.00119224 0.00119225 0.00119225 0.00119225 0.00119224 0.00119224 0.00119323 0.00119224 0.00119244 0.00119224 0.00119224 0.00119224 0.00119224 0.00119225 0.00119225 0.00119224 0.00119224 315.104 0.00119225 0.00119225 0.00119225 0.00119224 0.00119267 0.00119224 0.00119225 0.00119224 0.00119229 0.00121742 0.00119225 0.00119224 0.00120681 0.0011945 0.00128047 0.00119225 0.00119224 0.00119224 0.00119333 0.00119224 0.00119225 0.00121112 0.00123966 0.00119225 0.00119225 0.00119224 0.0011929 0.00119225 0.00119239 0.00119225 0.00119225 21.872 0.00119787 0.00119224 0.00119265 0.00119224 0.00119225 0.00119225 0.00119224 0.00122204 0.00119225 0.00119227 0.00119224 0.00119224 0.00119224 0.00119224 0.00119225 23.2574 0.00119225 0.00119225 0.00120184 0.00150086 0.00119224 0.00119225 0.00119225 0.00119224 0.00119225 0.00119224 0.00119224 0.00119225 0.00119224 0.00119224 0.00119225 0.00128784 0.00119224 0.00119225 0.00119224 0.00119225 0.00119224 0.00119224 12.5034 0.00119225 0.00119225 49.3924 0.00119324 0.00119229 0.00119414 0.00119225 0.00119233 0.00119224 0.00119225 0.00119224 0.00119225 0.00119224 0.00119327 0.00119224 0.00121409 67.3947 0.00119225 0.00119225 0.00119224 0.00119224 0.00163852 0.00119225 0.00119225 0.00119225 0.00119224 0.00119225 0.00119225 0.00120677 0.00119225 0.00119225 0.00119224 0.00119224 0.00119224 0.00119225 0.00119235 0.00119224 0.00119227 0.00119496 0.00119225 0.00119225 0.00133325 0.00119224 0.00119225 0.00119224 0.00119224 0.00119224 0.00119225 0.00119225 0.00119225 0.00119225 0.00119225 0.00119225 0.00119461 0.00119224 0.00119225 0.00119225 0.00119225 2.2364 0.00119224 0.00119354 0.00119225 0.00119224 0.00119224 0.00119225 0.00119224 0.00119225 0.00119225 0.00119225 0.00119225 0.00119225 0.00119225 0.00119225 0.00119224 0.00119225 0.00121105 0.00129978 0.00119225 0.00119224 0.00119225 0.00121184 0.0012027 0.00119225 0.00119224 0.00119224 0.00119225 637.499 0.00119224 0.00119225 0.0015438 0.00123388 0.00119225 0.00119225 0.00121354 0.00119677 0.00119225 0.00119225 0.00119224 0.00119224 0.00122381 0.00119225 0.00121443 0.00119224 0.00119225 0.00119224 0.00119235 0.00119225 0.00119224 0.00119225 0.00119224 0.00119224 0.00121235 0.00119225 0.00119224 0.00119224 0.00119225 0.00119225 0.00119225 0.00119225 0.00119224 0.00119225 0.00119224 0.00119226 0.00119225 0.00119224 0.00119225 0.00134146 0.00119225 0.00119224 0.00119225 0.00119225 0.00119225 0.00119225 0.00119224 0.00119225 0.00119224 0.00119225 0.0012191 0.00138729 0.00119224 0.00119224 0.00119225 0.00119225 0.00119225 0.00119225 0.00119225 0.00119224 0.00119224 0.00119224 0.00119225 0.00119267 0.00119225 0.00119225 0.00119225 0.00119224 0.00119225 0.00119606 0.00119224 0.00124273 0.00119224 0.00119227 0.00119225 0.00119224 0.00119225 0.00119225 0.00120555 0.00119225 0.00119224 0.00119224 0.00119225 0.00119225 0.00119225 0.00119225 0.00119225 0.00121814 0.00119225 0.00119225 0.00119225 0.00126246 0.00119225 38.8423 0.00119225 0.00119224 0.00119225 0.00119227 0.00119224 0.00119225 0.00119224 0.00119225 0.00119224 0.00119225 0.00119225 0.00119225 0.00119225 0.00119236 0.00119225 0.00119224 0.00119224 0.00119225 0.00119238 0.00119224 0.139934 0.0013057 0.00119224 0.00119225 0.00119228 0.00119225 0.00119225 0.00119225 0.00119225 0.00119225 0.00119225 0.00119225 0.00119224 0.00119231 0.00119298 0.00119225 0.00119225 0.00119224 0.00119224 0.00119224 0.00119225 0.00119225 0.00119225 0.00119227 0.00119224 0.00120947 0.00119226 0.00119225 0.00119225 0.00119357 0.00119224 0.00119225 42.2154 0.00119225 0.00156773 0.00119225 0.00119225 0.00119225 0.00119225 0.0011923 0.00141469 0.00119225 0.00119224 0.00119224 0.00119225 0.00119225 0.00909038 0.00119225 34.4225 0.00119225 0.00125655 0.00119225 0.00120061 0.00119224 0.00135685 0.00119224 0.00119226 0.00119495 0.00119225 0.00119224 0.00119225 0.00119225 0.00119283 0.00119224 0.00119224 0.00119225 0.00119225 0.00119225 0.00119225 0.00119224 10.027 0.00119224 0.001199 0.00119224 0.00119225 0.00119225 0.00119225 0.00147117 0.00119224 0.00119225 0.00119224 0.00119226 0.00119225 0.00119225 0.00119225 0.00119224 24.3411 0.00119876 0.00119225 0.00119225 0.00119224 0.00124326 0.00119224 0.00119224 0.00119236 0.00119224 0.00119225 0.00119224 0.00119225 0.00119225 0.00119225 0.00119224 104.452 0.00119225 0.00119224 0.00154975 0.00119224 0.00119224 0.00119225 0.00119224 0.00119228 0.00119626 0.00119225 0.00119225 0.00119225 0.00119587 0.00119225 0.00119225 0.00119224 0.00119224 0.00119225 0.00119225 0.00119224 0.00119225 0.00120303 0.00121736 0.00119224 0.00119225 0.00119224 0.00119226 0.00119225 0.00119274 0.00119225 0.00119225 0.00119224 0.00119224 0.00119225 0.00119224 0.00119225 0.00119225 0.00119225 0.00119224 0.00119225 0.00134066 0.00125821 0.00119224 0.00119225 0.00119224 0.00119224 0.00119225 0.00119224 0.00119225 0.00135774 0.00177363 0.00119225 0.00119224 0.00119225 0.00119224 0.00119224 0.00119224 0.00119225 0.00119225 0.00119225 0.00119224 0.00119225 0.00119224 0.0011925 0.00119224 0.00119428 0.00119224 0.00119225 0.00119225 0.00119225 0.00119225 0.00119225 0.00119225 0.00119224 0.00119225 0.00119224 0.00119224 0.00119233 0.00143993 0.00119964 0.00119225 0.00119225 0.00119224 0.00119225 0.00119225 0.00119225 0.00169623 0.00119225 0.00119225 0.00119225 0.00119225 0.00119225 0.00119224 0.00119224 0.00119224 0.00119225 0.00119224 0.00119225 0.00119225 0.00220321 0.00119234 0.00119225 0.00124583 0.00119225 0.00119224 0.00119226 0.00119224 0.00130052 0.00215862 0.00119224 0.00119225 0.00119271 0.00119224 0.00119225 0.00119225 0.00119225 0.00119225 0.00119224 0.00119225 0.00119225 0.00119225 0.00119225 0.00119225 0.00119225 0.00119225 0.00119224 0.00119225 0.00119225 0.00119225 0.00119225 0.00119225 0.00119224 0.00119225 0.00119225 0.00119225 0.00119234 0.00119224 0.00119224 0.00119225 0.00119225 0.00119225 0.00124499 0.00119226 0.00119225 0.00119225 0.00119224 0.00119224 0.00124892 0.00119224 0.00123898 0.00119224 0.00119225 0.00119584 0.00119225 0.0029209 0.00119225 0.00119318 0.00119225 0.00119224 0.00119225 0.0011932 0.00119225 0.00119225 0.00119225 0.00119224 0.00119225 0.00119225 0.00119224 0.00119343 0.00119225 0.00119241 0.00119233 0.00119224 0.00119225 0.00119225 0.00119224 0.00119225 0.00119224 0.00119225 0.00119224 0.00119225 0.00119226 0.00119225 0.00119224 0.00119225 0.00119225 0.00119225 0.00119224 0.00119224 0.00119248 0.00119224 0.00119225 0.00119225 0.00119234 0.00119225 0.00119225 0.00119225 0.00119224 0.00121032 0.0011924 0.00120182 0.00119224 0.00119225 0.00119224 0.00120137 0.0012333 0.00119224 0.00119226 0.00119225 0.00119225 0.00207083 0.00119247 0.00119225 0.00123295 0.00119224 0.00119282 0.00119285 0.00119224 0.00157891 0.00119225 0.00119225 0.00119224 0.00119225 0.00119496 0.00119225 0.00119224 0.00926008 0.00119761 0.00119225 0.00119224 0.00119224 0.00119224 0.0011923 0.00119225 0.00119793 0.00119225 0.00119225 0.00119224 0.00119225 0.00119312 0.00119225 0.00119225 0.00119227 0.00119225 0.00119224 0.00120436 0.00119225 0.00119224 0.00121009 0.00119224 0.00119225 0.00119225 0.00120741 0.00119225 0.00119227 0.00119225 0.00119224 0.00119224 0.00119225 0.00119225 0.00119357 0.00119231 0.00119225 0.00119224 0.00125522 0.00119225 0.00121174 0.00119225 0.00119238 0.00119225 0.00119225 0.00119224 0.00119224 0.00119225 0.00119255 0.00119224 0.00119225 0.00121049 0.00119224 0.00119224 0.00119225 0.00119224 0.00119225 0.00119293 0.00119564 0.00119225 0.00119227 0.00119224 0.00119225 0.00119225 0.00119224 0.00119225 0.00119225 0.00119225 0.00119225 0.00119231 0.00119225 0.00119225 0.00303529 0.00119227 0.00119225 0.00119224 0.00119336 0.00119224 0.00119225 0.00119225 0.00119224 0.00119225 0.00119225 0.00119225 0.00119407 0.00119224 0.00119225 0.00143727 0.00119225 0.00123397 0.00119224 0.00119224 0.00119224 0.00119225 0.00119224 0.00119225 0.00119225 0.00119225 0.00119225 0.00119225 0.00119225 0.00119225 0.00119224 0.00119255 0.00119224 0.00119232 0.00119225 0.00119225 0.00120867 0.00119225 0.00119225 0.00119225 0.00119225 0.00119225 0.00119225 0.00119225 0.00119224 0.00119224 0.00119414 0.00119225 0.00121106 0.00119776 0.00119252 0.00119225 0.00119225 0.00119232 0.00119224 0.00129101 0.00119225 0.00119225 0.00119224 0.00119225 0.00119224 0.00119224 0.00119225 0.00119225 0.00119224 0.00119287 0.00148839 0.00119224 0.00119225 0.00119225 0.00131651 0.00119225 0.00119224 0.00119225 0.00119225 0.00119225 0.00119224 0.00119225 0.00129808 0.00119224 0.00120463 0.00119224 0.0016766 0.00119225 0.00120859 0.00119794 0.00119225 0.00119225 0.00119224 0.00119225 0.00119225 0.00119226 0.00119224 0.00119224 0.00119289 0.00119225 0.00119224 0.00119224 0.00119247 0.00119224 0.00119681 0.00132433 0.00137188 0.00119225 0.00119225 0.00119224 0.00119228 0.00119224 0.00119225 0.00119225 0.00119224 0.00119225 0.00119225 0.00119225 0.00119225 0.00120599 0.0012184 0.00119225 0.00119228 0.00119225 54.4322 0.00119233 0.00119247 0.00119225 0.00119225 0.00119225 0.00119225 0.00119224 0.00119225 0.00119225 0.00131668 0.00120101 0.00119225 0.00119225 0.00119225 0.00119225 0.00119597 0.00119224 0.00119225 0.00119225 0.00119225 0.00119224 0.00119225 0.00119225 0.00119224 0.00119225 0.00119225 0.00119225 0.00119225 0.00119225 0.00119225 0.00119225 0.00120097 0.00119251 0.00119225 0.00119233 0.00119224 0.00119232 0.00119225 0.00119225 0.00119224 0.00119225 0.00119224 0.00119225 0.00119225 0.00119246 0.00119224 0.00119224 0.00119225 0.00119225 0.00119225 0.00120118 0.00119225 0.00119224 0.00119225 8.82178 0.00119225 0.00119224 0.00119225 0.00119225 0.00119225 0.00119225 0.00121123 0.00119224 0.00119225 0.00119225 0.00119225 0.00119225 0.00119225 0.00119224 27.0617 0.00119225 0.00119225 0.00119225 0.00119224 0.00119224 0.00119224 0.00119225 0.00119225 0.00119224 0.00129955 0.00119225 0.00120454 0.00119225 0.00120918 0.00119225 0.00119224 0.00119225 0.00119225 0.00119225 0.00119225 0.0011924 0.00119225 10.385 0.00119224 0.00169626 0.00119224 0.00119225 0.00119224 0.00126069 0.00119852 0.00119225 0.00119225 0.00122657 0.00119224 0.00123521 0.00119225 0.00119225 0.00119224 0.00119226 738.128 0.00119225 0.00119225 0.00119225 0.00119224 0.00119533 0.00119224 0.00119225 0.00119225 0.00119225 0.00120824 0.00119225 0.00121574 0.00119225 0.00119225 0.00119225 0.00119473 0.00119224 0.00119224 0.00119224 0.00119289 0.00119225 0.00119411 0.00119224 0.00119224 40.5252 0.00119225 0.00119224 0.00119225 0.00119225 0.00119225 0.00119225 0.00119225 0.00119225 0.00123522 0.00119225 0.00119224 0.00119225 0.00119224 0.00119225 0.00119225 0.00119276 0.00119448 0.00123161 0.00119253 0.00119225 0.00119224 0.0538674 0.00119224 0.00119225 0.00119225 0.00119225 0.00119225 0.00119224 0.00129656 0.00119225 0.00119225 0.00119224 0.00119327 0.00119224 0.00119224 0.00119225 0.00119224 0.00119225 0.00119224 0.00119225 0.00119225 0.00119225 0.00119225 0.00119225 0.00119224 0.00119225 0.00119224 0.00119225 0.00119225 0.00119225 0.00119224 0.00119231 0.00119226 0.00119224 0.00119224 0.00119224 0.00119224 0.00119225 0.00137023 0.00119225 0.00119224 0.00119225 0.00119224 0.00119224 0.00119224 0.00119224 0.00119225 28.1052 0.00119224 0.00119225 0.00119224 0.00119224 0.00119224 0.00119225 0.00119225 0.00119225 0.00119224 0.00119224 0.00119224 75.8206 0.00119225 0.00119225 0.00119224 0.00119225 0.00119224 0.00119226 0.00119225 0.0011949 0.00119225 0.00119225 0.00120151 0.00119225 0.00119224 0.00119225 0.00119224 0.00119224 0.00119225 0.00119224 0.00119225 0.00119225 0.00122825 0.00119224 0.00119224 0.00119461 0.00121772 0.00119224 0.00119225 0.00119224 0.00119224 0.00119225 0.00119224 0.00119224 0.00119224 0.00119225 0.00119224 0.00119224 0.00119244 0.00119225 0.00119225 0.00119228 0.00119225 0.00119225 0.00119225 0.00119225 0.00119224 0.00119225 0.00125288 0.00119225 0.00119224 0.00119225 0.00119224 0.00122375 0.00119224 0.00119224 0.00119263 0.00119225 0.00119225 0.00119224 0.00119224 0.00119225 0.00119231 0.00220343 0.00119764 0.00119224 0.00123008 0.00119225 0.00119225 0.00119236 0.00119225 0.00119225 0.00119866 0.00119225 0.00119225 0.00119225 0.00119224 0.00119224 0.00119225 0.00119225 0.00119228 0.00119225 0.00119372 0.00119225 0.00119225 0.00125948 0.00119225 0.00119225 0.00119225 0.00119225 0.00119225 0.00119224 0.00119225 0.00127983 0.00119225 0.00119225 0.00119225 0.00119231 0.00119225 0.00119224 0.00122268 0.00119225 0.00119224 0.00119224 0.00119225 0.00123218 0.00119225 0.00119344 0.00128956 0.00119224 0.00119224 7.4319 0.00119224 0.00119225 0.00119225 0.00119225 0.00126025 0.00119224 0.00119225 0.00119225 0.00119414 0.0011923 0.00119224 0.00119225 0.00119225 0.00119225 0.00120157 0.00119224 0.00119225 0.00120638 0.00119225 0.00119225 0.00119224 0.00119228 0.00119225 0.00119225 0.00119225 0.00119225 0.00119225 0.00119225 0.00119225 0.00119224 0.00119224 0.00120592 0.00119228 0.00119225 0.00119225 0.00119225 0.00119225 309.59 0.00141318 0.00119224 0.00119224 0.00119225 0.00123604 0.00119224 0.00119224 0.00119225 0.00119225 0.00119225 0.00119224 0.00119225 0.00119225 0.00119224 0.00119224 0.00119225 0.00119225 0.00119225 0.00119232 0.00119225 0.00119224 0.00122584 0.00119225 0.00119225 33.9092 0.00119224 0.00119224 0.00119225 0.00119225 0.00119225 0.00119234 0.00119225 0.00119225 0.00119225 0.00119225 42.258 0.00119225 0.00119225 0.00119225 0.00119225 0.00123141 0.00119225 0.00119225 0.00119224 0.00119224 0.00119226 0.00119225 0.00119224 0.00119272 0.00119225 0.00119225 0.00119224 0.00119225 0.00119225 0.00131872 0.00119225 0.00119256 0.00119225 0.00120213 0.00119225 0.00119225 0.00119225 0.00119225 0.00119224 0.00119224 0.00119225 0.00119225 0.00119224 0.00119225 0.00119225 0.00119225 0.00119224 0.00122193 0.00119224 0.00119225 0.00119224 0.00119225 0.00119224 0.00119225 0.00121928 0.00119415 0.00119227 0.00119225 0.0011923 0.00120731 0.00119225 0.00119224 0.00119225 0.00119224 0.00119225 0.00119224 0.00119225 0.00119225 0.00119225 0.00119501 0.00119225 0.00119224 0.00119224 0.00119228 0.00119232 0.00119225 0.00119225 0.00119224 0.00119225 0.00119225 29.9547 0.00119225 0.00119225 0.00119225 0.00122723 0.00119225 0.0012064 0.00119225 0.00119225 0.00119224 0.00119224 0.00119225 0.00119225 0.00123831 0.00119224 0.00119225 0.00119225 0.00119225 0.00122455 0.00119225 0.00119502 0.00119224 0.00119225 0.00119224 0.00119225 0.00351955 0.00119225 0.00119225 0.00119225 0.00119224 0.00119225 0.00119656 0.00119224 0.00119225 0.00119225 0.00119225 0.00119225 0.00119225 0.00119225 0.00119225 0.00119224 0.00119224 0.00119225 0.00119225 0.00119224 0.00119225 0.0012537 0.00119225 0.00124711 0.00119232 0.00119225 0.00119225 0.00119224 0.00119225 0.00119225 0.00119407 0.00119224 0.00119224 0.00119224 0.00119225 0.00119225 0.00119225 0.00119224 0.00119224 0.00119225 0.00119224 0.00119281 0.0011925 0.00119225 0.00119224 0.00119224 0.00119225 0.00119225 0.00119225 0.00119285 0.00119225 0.00119225 0.00119226 0.00119233 0.00130376 0.00119238 0.00119258 0.00119225 0.00119225 0.00119224 0.00119225 0.00119225 0.00119224 0.00119225 0.00119225 0.00134898 0.00119225 0.00119224 0.00119225 0.00119225 0.00124002 0.00119224 0.00119224 0.00119224 0.00119224 0.00119225 0.00119225 0.00119225 437.685 0.00119225 0.00132435 0.00119225 0.00119224 0.00119225 0.00119225 0.00119225 0.00119224 0.00119224 0.00119225 0.00119224 0.00119569 0.00119224 0.00119225 0.00119227 0.00119395 0.00119225 0.00119225 0.00119225 0.00119225 0.00119224 0.00119224 0.00120289 0.00119225 0.00119239 0.00119224 0.00119225 0.00119224 0.00119225 0.00119225 0.00119224 0.00119225 0.00119224 0.00119225 0.00119225 0.00124528 0.00119225 0.00126131 0.00119224 0.00119324 0.00139188 0.00127964 0.00119225 0.00119248 0.00120995 0.00119225 0.00119224 0.00119225 0.00119349 0.00119225 0.00119713 0.00119225 0.00119225 0.00119225 0.00119224 0.00119225 0.00119224 0.00119224 0.00119225 0.00119224 0.00119226 0.00119224 0.00119224 0.00119225 0.00126957 0.00119225 0.00119526 0.00119225 0.00119225 0.00119225 0.00119225 0.00128392 0.00119225 0.00119225 0.00119225 0.00119225 0.00119224 0.00119225 0.00119225 0.00119225 0.00121123 0.00119225 0.00119224 0.00119237 0.00119225 0.00119234 0.00119224 0.00119236 0.00119225 0.00119224 0.00119225 0.00119225 0.00119224 0.00119224 0.00119513 0.00119656 0.0013118 0.00145304 208.336 0.00119224 0.00121216 0.00119224 0.00119224 0.00119225 0.00119224 0.00119225 0.00119224 0.0011989 0.00119224 0.00120745 0.00119225 0.00119224 0.00119225 0.00119226 0.00119224 0.00119224 0.00119224 0.00119225 0.00119224 0.00119225 30.5383 0.00119224 0.00119224 0.00119224 0.00119225 0.00119225 0.00119224 0.00119803 0.00119225 0.0012511 0.00119462 0.00119225 0.00119224 0.00119233 0.00119224 0.00119224 0.00119224 0.00119225 0.00119225 0.00120834 0.00119225 0.00119225 0.00119225 0.00119224 0.00119225 0.00119224 0.00120145 0.00119225 0.00119225 0.00119225 0.00119224 0.00119225 0.00119224 0.00119225 0.00119225 0.00119224 0.00119225 0.00119914 0.00119225 0.00119224 0.00164429 0.00119224 0.00119224 0.00119225 0.00119225 0.00119225 0.00119225 0.00119225 0.00119225 0.00130234 0.00119225 0.00119225 0.00119225 0.00119224 0.00119225 0.00119224 0.00119225 0.00257762 0.00119224 0.00119225 90.6388 0.00119225 0.00119225 0.00119224 0.00121375 0.00119243 0.0012611 0.00119225 0.00119225 0.00119224 0.00119225 0.00119224 0.00119224 0.00119224 0.00119274 0.00119225 0.00119293 0.00119225 0.00119225 0.00119225 11.1198 0.00119224 0.00119225 0.00119225 0.00119225 0.00119225 0.00119224 0.00119225 0.00119225 0.00119239 0.00122226 0.00119225 0.00119224 0.00119225 0.00119267 0.00119224 0.00119225 0.00119224 0.00119225 0.00121434 0.00119225 0.00119225 0.00119224 0.00119225 0.00119225 0.00119225 0.00119258 0.00119225 0.00119225 0.00119225 0.00122348 0.00119225 0.00119225 0.00119224 0.00119225 0.00119225 121.576 0.00119224 0.00119225 0.00120867 0.00119226 0.00119553 0.00119225 0.0012042 0.00119225 0.00119224 0.00119225 0.00119225 0.00141109 0.00119224 0.00119225 0.00119225 0.00119225 0.00119224 0.00123216 0.00119242 0.00119225 0.00810295 0.00119225 0.00119224 0.00119224 0.00119224 0.00119225 0.00119224 0.00125435 0.00119224 0.00119225 0.00119225 0.00119535 11.8825 0.00119225 0.00119225 0.00119225 0.00119225 0.00119273 0.00119225 0.00119224 0.00119225 0.00119225 0.00121841 0.00119225 0.00119224 0.00119225 0.00119224 0.00119225 0.00119225 0.00119225 0.00119225 0.00119224 0.00119225 0.00119225 0.00119225 0.00119225 0.00119225 0.00119224 0.00119225 0.00119225 0.00119255 0.00119225 0.00119225 0.00119224 0.00119225 0.00119225 0.00119225 0.00119224 0.00119239 0.00119224 0.00119225 0.00119249 0.00119227 0.00119224 0.00119225 0.00119225 0.00119225 0.00119225 0.00119236 0.00119224 0.00120319 0.00119225 0.00119224 0.00119224 0.00119225 0.00119224 0.00122453 0.00119224 0.00149531 0.00119224 0.00119225 0.00119225 0.00119224 0.00119225 0.00119225 0.00124719 0.00119224 0.00119225 0.00119225 0.00119225 0.00119225 0.00119225 0.00119225 0.00119224 0.00119225 0.00119225 0.00119225 0.00119225 0.00119801 0.00119225 0.00119224 0.00119225 0.00119225 0.00119225 0.00119225 0.00119225 0.0012112 0.00119225 0.00119225 0.00119228 0.00119224 0.00119225 0.00119225 0.00119225 0.00119224 0.00119224 0.00119224 0.00119251 0.00119224 0.00119225 0.00119225 0.00119225 0.00119225 0.00119225 0.00120395 0.00119224 0.00119224 0.00119226 0.00119225 0.00119225 0.00119225 0.00119224 0.00122836 0.00119224 0.00119225 0.00171541 0.00119225 0.00119224 0.00119225 0.00119225 0.00119225 0.00119224 0.00119224 0.00120106 0.00119225 0.00119225 0.00119224 0.00119224 0.00119225 0.00119224 0.00119225 0.00119225 0.00120374 0.00121786 0.00122338 0.00119225 0.00119224 0.0012218 0.00119225 9.89009 0.00119244 0.00119263 0.00119225 0.00119224 0.00119225 0.00119225 0.00119224 0.00119225 0.00119225 0.00119224 0.00119224 0.00119224 0.00119225 0.00122202 0.00119224 0.00119356 0.00119224 0.00119225 0.00119427 0.00119224 0.00119224 0.00138476 0.00121892 137.618 0.00119225 0.00123641 0.00119282 0.00119224 0.00119224 0.00119225 0.00119225 0.00119224 0.00119251 0.00119224 0.00119225 0.00119224 0.00119225 0.00119225 0.00119225 0.00119225 0.00119225 0.00119224 0.00119225 0.00119225 0.00121475 0.00122403 0.00119224 0.00119225 0.00119225 0.00147891 0.00119401 0.0011923 0.00119224 0.00119224 0.00119226 0.00119225 0.00119224 0.00124901 0.00119225 0.00119225 0.00119224 0.00119225 0.00119224 0.00119225 0.00119225 0.00119224 0.00119225 0.00119225 0.00119225 0.00120091 13.6597 0.00119225 0.00119225 0.00119225 0.00119224 0.00119225 0.00119225 0.00119225 0.00119225 0.00119225 0.00119225 0.00119225 0.00119225 0.00119225 0.0011939 0.00122729 0.00119806 0.00119224 0.00119224 0.00119224 0.00119224 0.00119225 0.00119225 0.00119225 0.00119224 0.00119225 0.00119224 111.663 0.00119225 0.00119312 0.00119224 0.00119224 0.00119225 0.00119225 0.00119224 0.00119225 0.00119225 0.00119225 0.00119225 0.00119225 0.00119225 0.014527 0.00119225 0.00119225 0.00119225 0.00119225 0.00119225 0.00120809 0.00119224 0.00119225 0.00119225 0.00119225 0.00119224 0.00120141 0.00119225 0.00119224 0.00119224 0.00119224 0.00119224 0.00119225 0.00119224 0.00119225 0.00119225 0.00119225 0.00119224 0.00119225 0.00119225 0.00119224 0.00119225 0.00119224 0.00119224 0.00119224 0.00119224 0.00119224 11.3211 0.00119225 17.1442 0.00119225 0.00119225 0.0011951 0.00119224 0.00122876 0.00119224 0.00119225 0.00119224 0.00119225 0.00119224 0.00119232 0.00119225 0.00119228 0.00119225 0.00122161 0.00119224 0.00119225 0.00119224 0.00119225 0.00119225 0.00130835 0.00119225 11.5598 0.00119225 0.00119225 0.00119225 0.00119225 0.00119225 0.00119225 0.00119225 0.00119224 0.00119224 0.00119225 0.00119225 0.00119225 90.2606 0.00119225 0.00119225 0.00119225 38.133 0.00119225 0.0012095 0.00119225 15.0912 0.00119225 0.00125101 0.00120083 103.181 0.00121129 0.00119225 0.00119225 0.00119225 0.00135351 0.00119224 0.00119225 0.00119224 0.00119225 0.00129703 0.00119225 0.00119224 0.00119224 0.00119312 0.00119224 0.00119226 0.00119225 0.00122925 0.0012199 0.00119224 0.00119692 0.0011923 0.00119225 0.00119225 0.00119225 19.714 0.00119224 0.00119225 0.00119225 0.00119224 0.00119227 0.00123222 0.00119225 0.00119225 0.00123039 0.00711266 0.00119224 0.00139389 0.00119224 0.00119225 0.00119231 0.00119225 0.00120891 0.00119225 0.00119224 0.0011968 0.00119224 0.00119225 0.00119225 0.00119224 0.00119225 0.00119224 0.00119225 0.00119224 0.00119225 0.00119225 0.00119225 0.00119224 0.00123321 0.00119244 0.00119229 0.00119224 0.00119225 0.00119225 0.0012116 0.00119225 0.00119224 0.00119225 0.00119224 0.00119225 0.00119224 0.00119225 3.27947 0.00119224 13.931 0.00119225 0.0011924 0.00119225 0.00119353 0.00119225 0.00119225 0.00119225 0.00119224 0.00119225 0.00119224 0.00119225 0.00119225 0.00119225 0.00119225 0.0011926 0.00119224 0.00119224 0.00119225 0.00119224 0.00119225 0.00119225 0.00119225 0.00119811 0.00119225 0.00119225 0.00189855 0.00119224 0.00119225 0.00119224 0.00119224 0.00119225 0.00119225 0.00119225 0.00119224 0.00119407 0.00119225 0.00119225 0.00119224 0.00119225 0.00119225 0.00119225 0.00119225 0.00119224 0.00119224 0.00119224 0.00119615 0.00119225 0.00119224 0.00119941 0.00120739 0.00119224 0.00119225 0.00119225 0.00119225 0.00119225 0.00119224 0.00119239 0.00119252 0.00137295 0.00119235 0.00119225 0.00119224 0.00119224 0.00119224 0.00119225 0.00119225 0.00119225 0.00121312 0.00119225 0.00119225 0.00119224 0.00119225 0.00119224 0.00119224 0.00119225 0.00126096 0.00124845 0.00119225 0.00119225 0.00119225 0.00119225 0.00119224 0.00119225 0.00119225 0.00119253 0.00119225 0.00119225 0.00119225 0.00119225 0.00119225 0.00119225 0.00119225 0.00119225 0.00119225 0.00119225 0.00119487 0.00119225 0.00119224 0.00119224 0.00119227 0.00119372 0.00119229 0.00119333 0.00119224 0.00119225 0.00119225 0.00119248 0.00119225 0.00119224 0.00119225 0.00119228 0.00119224 21.9296 0.00119225 0.00119224 0.00119224 0.00119225 0.00119224 0.00121525 0.00119225 0.00119225 0.00119224 0.00124861 0.00119224 0.00119227 0.00119225 0.00119225 0.00119225 0.00119225 0.00119225 0.00119224 0.00119232 0.00119225 0.00123361 0.00119231 0.00119229 0.00119225 0.00119225 0.00119224 0.00119225 0.00119224 0.00119225 0.00119225 0.00119225 0.00184454 0.00119225 0.00119225 0.00119225 0.00119225 0.00119225 11.3211 0.00119224 0.00119224 0.00120561 0.00119224 0.00119225 0.00119224 0.00119225 0.00119224 0.00119268 0.00119224 0.00119225 0.00119225 0.00119224 0.00119225 0.00119224 0.00119225 0.00119225 0.00119224 0.00119237 0.00119225 0.00119225 0.00119225 0.00124082 0.00119225 0.00119225 0.00119224 0.00123057 0.00119224 0.00119224 0.00119225 0.00119225 0.00119225 0.00119225 0.00119226 0.00119225 15.999 0.00119225 0.00119225 0.00121521 0.00119225 0.00119225 0.00119244 0.00119225 0.00119224 0.00119224 0.00119225 0.00119225 0.00119225 0.00119225 0.00119225 0.00119225 0.00119225 0.00126751 0.00119224 0.00119224 0.00119225 0.00119224 0.00119224 0.00119225 0.00119302 0.00119225 0.00119225 0.00119225 0.00119224 0.00119224 0.00119284 0.00119246 0.00125373 0.00121167 0.00119224 0.00119895 0.00119225 0.00119224 0.00119225 0.00119224 0.00119224 0.00119225 0.00119455 10.491 0.00119225 0.00119225 0.00119225 0.00119225 0.00119225 0.00119224 0.00119225 0.00119225 0.00119225 0.00119225 0.00119224 0.00119224 0.00119225 0.00119225 0.00119224 0.00119225 0.00119224 0.00119225 0.0011928 0.00119298 0.00119226 0.00122395 0.00122049 4.27958 0.00119225 0.00204946 0.00119224 0.00119225 0.00119225 0.00119224 0.00119225 0.00119225 0.00119224 0.00119225 0.00119224 0.00119237 0.00119224 0.00119224 0.00119264 0.00119224 0.00119224 0.00119225 0.00119224 0.00119453 0.00119226 0.00120341 0.00119225 0.00119224 0.00119225 0.00119225 0.00119224 0.00119224 21.7969 0.00119225 0.00119224 0.00119225 0.00124144 0.00119225 0.00121491 0.00119225 0.00119224 0.00121376 0.00119225 0.00119225 0.00119225 0.00119224 27.1327 0.00119224 0.00119452 0.00119224 0.00119447 0.00119224 0.00119224 0.00119225 0.00119225 0.00119225 0.00119318 0.00119224 0.00119225 0.00119225 0.00119225 0.00119225 0.00119224 0.00119224 0.00119225 0.00119727 0.00130295 0.00119224 0.00119225 0.00119225 39.4747 0.00119224 0.00119224 0.00119225 0.00119224 0.00119225 0.0011923 0.00119227 0.00119224 0.00119225 0.00119225 0.00119224 12.4648 0.00119225 0.00119277 0.00119225 0.00119226 0.00119225 0.00119225 0.00119225 0.00119225 0.00119224 0.00120264 0.00119225 0.00119225 0.00119225 0.00119225 0.00119224 0.00119225 0.00119225 0.00119225 0.00119225 0.00119225 0.00119226 0.00119224 0.00119224 0.00119224 0.00119225 0.00119224 0.00119225 0.00119224 0.00119225 0.00119225 0.00119226 0.00119224 0.00119225 0.00119225 0.00123695 0.00119225 0.00119225 0.00119224 0.00119225 0.00119225 0.00120626 0.00119224 0.00119232 0.0011927 0.00119224 0.00119225 0.00119224 0.00119225 0.00132233 0.00119224 0.00122159 0.00119225 0.00119224 0.00119452 0.00119225 0.00119224 0.00128415 0.00119225 0.00119224 0.00119225 0.00119224 0.00119225 0.00119224 0.00119225 0.00119225 0.00119225 0.00119224 0.00119225 0.00119225 0.00119226 0.00119235 0.00119224 0.00222375 0.00119225 0.00119225 0.00119225 0.00119228 0.00119225 0.00119225 0.00119225 0.00119225 0.00288028 0.00119246 0.0011923 0.0013522 0.00119224 0.00119225 61.0904 0.00119224 0.00119225 0.00119262 0.00119226 0.00119224 0.00119225 0.00119225 0.00119225 0.00119225 0.00119225 0.00119225 0.00119225 0.00119224 0.00119224 0.00119225 0.00119225 0.00119224 0.00119225 0.00119322 0.00119225 0.00119225 0.00119502 24.7716 0.00119224 0.00119225 0.00119224 0.00120554 0.00119225 0.00119242 0.00137452 0.00119224 0.00119225 0.00119225 0.00126471 0.00119224 0.00119299 0.00119225 0.00119225 0.00119225 0.00119267 0.00119225 0.00119224 0.0029916 0.00119224 0.00119225 0.00119224 0.00119233 0.00119264 0.00119465 0.00119225 0.00119225 0.00120124 0.00119225 0.00119225 0.00119224 0.00119225 0.00121161 0.00119224 0.00119224 0.00119224 0.00119224 0.00119227 0.00119225 0.00119225 0.00119225 0.00119224 0.00119225 0.00119231 0.00119225 0.00119225 0.00119224 0.00120165 0.00119225 0.00121429 0.00119225 0.00119225 0.00119225 0.00119225 0.00119224 0.00119224 0.00119224 0.00119225 0.0012355 0.00119225 0.00119225 0.00119225 0.00119225 0.00119224 0.00119224 0.00120403 0.00119229 0.00119225 0.00119225 0.00119225 0.00122726 0.00119224 0.00119224 0.00119224 0.00119225 0.00119229 0.00119225 0.00119228 0.00119224 0.00119225 0.00119225 0.00119225 0.00119225 0.00119225 0.00119225 0.00119231 0.00119224 0.00119233 0.00119225 0.00123804 0.0160474 0.00119225 0.00119234 0.00119225 0.00119224 0.00119225 0.00120286 0.00119224 0.00119402 0.00119359 0.00119224 0.00119224 0.00119333 0.00119225 0.00119225 0.00119241 0.00119225 0.00119226 0.00119224 10.196 0.00119224 0.00119224 0.00119224 0.00119225 0.00119225 0.00119225 0.00119224 0.00119225 0.00119224 0.00119225 0.00119224 0.00119225 0.0012056 0.00119224 0.00119225 0.00119225 0.00119225 0.00119225 0.00119225 0.00119225 0.00119225 0.00119224 0.00122193 0.00119224 0.00119225 0.00120161 0.00119225 0.00128708 0.00119225 0.00119224 0.00119225 0.0011927 0.00119225 0.00119224 0.00119224 0.00124121 0.00119224 0.00119237 0.00119224 0.00119225 0.00119224 0.00119225 0.00119224 71.8099 0.00119225 0.00206664 0.00119224 0.00119225 0.00119225 0.00119224 0.00119225 0.00119225 0.00122184 0.00119225 0.00119225 0.00119224 0.00120684 0.00119225 0.00119225 0.00119224 0.00119225 0.00119225 0.00119225 0.00119224 0.00119225 0.00144498 0.00119225 0.00119224 0.00119225 0.00119224 0.00119225 0.00119225 0.00119225 0.00119225 0.00119225 0.00119323 0.00119225 0.00119571 0.00119225 0.00119224 0.00119225 0.00119224 0.00119225 0.00120536 0.00119233 0.00119225 0.00119224 0.00119224 0.00119225 0.00119225 0.00119224 0.00119224 0.00119225 0.00120169 0.00119224 0.00119224 0.00119455 12.9349 0.0011924 0.00119229 0.00119225 0.00119225 0.00119224 0.00119225 0.00119225 0.00119225 0.00119224 0.00119228 0.00119225 0.00119224 0.00119225 0.00119224 0.00119227 10.4127 0.00119225 0.001625 0.00119225 0.00119232 0.00119225 0.00119224 0.00119225 0.00119225 0.00119225 0.00119225 0.00119225 0.00119319 0.00119225 0.00119224 0.00119225 0.00119224 0.00119225 0.00119224 0.00119225 0.00119225 0.00119225 0.00119224 0.00119226 0.00119224 0.00119224 0.00119257 0.00119225 0.00119225 0.00119224 0.00119224 0.00119225 0.00119224 0.00119225 0.00119533 0.00119225 0.00119225 0.00119225 0.00119225 0.00119224 0.00119225 0.0012226 0.00119225 0.00119225 0.00343964 0.00119224 0.00119224 0.00119225 0.00119225 0.00119225 0.00122504 0.00119225 0.00119224 0.00119224 0.00119225 0.00119224 0.00119225 0.00119225 0.00119225 0.00119225 0.00119224 0.00119225 6.21391 0.00119225 0.00119225 0.00119225 0.00119225 0.00119225 0.00119225 0.00119224 0.00119225 0.00119225 0.00119224 0.00119225 0.00119225 0.00119225 0.00119224 0.00119225 0.00119224 0.00119225 0.00119224 0.00119225 0.00119555 0.00119225 237.741 0.00119225 0.00119224 0.00119225 0.00119225 0.00119228 0.00119225 0.00119225 0.00119224 0.0011929 0.00119224 0.00134071 0.00125014 0.00119225 0.00119225 0.00119224 0.00119225 0.00119224 0.00157312 0.00120027 0.00119236 0.00119224 0.00119224 0.00119225 0.00119225 0.00119225 0.00119224 0.00119225 0.00119224 0.00119225 0.00119225 0.00119224 0.00119941 0.0011923 0.00119235 0.00119224 0.00119224 0.00119225 0.00119225 0.00119224 0.00119225 0.00119456 0.00119225 0.00154388 0.00119224 0.00119224 0.00119224 0.00119224 0.0011923 0.00119224 0.00119236 0.00119225 0.00119225 0.00119225 0.00119241 0.00119225 0.00119225 0.00119225 0.00119225 0.00119224 0.00119225 0.00129584 0.00119225 0.00119224 0.00119224 0.00119225 0.00119225 0.00119225 0.00119225 0.00119225 0.00119224 0.00119224 0.00127143 0.00130735 0.00119288 0.00119225 0.00124454 7.94675 0.00119224 0.00119225 0.00119225 0.00119225 0.00119224 0.00119224 0.00119225 0.00119225 0.00119227 0.00119224 0.00119225 0.00119224 0.00119225 0.00119451 0.00119225 0.00119225 0.00119415 0.00119237 0.00119225 0.00119225 0.00119491 0.00119224 0.00119224 0.00119225 0.00119225 0.00119224 0.00119225 0.00119225 0.00119224 0.00119224 0.00119225 0.00119224 0.00119227 0.00119225 0.00119225 0.00119225 0.00119232 0.00119225 0.00119225 0.00138236 273.18 0.00119224 0.00119288 0.00119225 0.00119225 0.00119233 0.00119248 0.00119225 0.00119225 0.00119225 0.00119225 0.00119225 0.00119225 0.00119324 41.0052 0.00119224 0.00119224 0.00119225 0.00119225 0.00119225 0.00119224 0.00119224 0.00119225 0.00119225 0.00119225 0.00119801 0.00119225 0.00119225 0.00119224 0.00119301 0.00119225 100.501 0.00119225 0.00119224 0.00119225 0.00121474 0.00119224 0.00119224 0.00119224 0.00119247 0.00119224 0.00119225 0.00119224 0.00119225 200.56 0.00119483 0.00119266 0.00120428 0.00119243 0.00119225 0.00119224 0.00119224 0.00119313 17.5077 0.00119225 0.00119225 0.00119513 0.00119224 0.00123667 0.00119225 0.00119225 0.00119225 0.00119225 0.00119225 0.00119225 0.00120945 0.00135173 0.00119224 0.00120412 0.00119224 0.00119225 0.00119225 0.00119225 0.00119224 0.00119225 0.00119225 0.00119225 0.00119975 0.00119225 0.00119224 0.00119225 0.00119225 0.00121625 0.00119224 0.00119329 1.61883 0.00119224 0.00119224 0.00119225 0.00119225 0.00119224 0.00119225 0.00119225 0.00119225 0.00119224 0.00119225 0.00119225 0.00119225 0.00119225 0.00119225 0.00119225 0.00120631 0.00119224 0.00119225 0.00129888 0.00120594 0.00119267 0.0034709 0.00119225 0.00119224 0.00119224 0.00119225 0.00119231 0.00119224 0.00119225 0.00119225 0.00119224 0.00119225 0.00119225 0.00122704 0.00119225 0.00119818 0.00119226 0.00119224 0.00119225 0.00119225 0.00119224 0.00131503 0.00119224 0.00119274 0.00119224 0.00119224 0.00119225 0.00122273 0.00119224 0.00119225 0.00119225 0.00119225 0.0011957 0.00119225 0.00119224 0.00119225 0.00119225 0.00119225 0.00142315 0.00119236 0.00119225 0.00119225 0.00119225 0.00119225 0.00119224 0.00119224 0.00119225 0.00119539 0.00119224 0.00119224 0.00119224 0.00119224 0.00119225 0.00119224 0.00119225 0.00119225 0.00119225 0.00119225 0.00119225 0.00119225 0.00119224 0.00119225 0.00119224 0.00119225 0.00119225 0.00119783 0.00119225 0.00119224 0.00119229 0.00119225 0.00119256 0.0012164 0.00119225 0.00119224 0.00119225 0.00119224 0.00119676 0.00122019 0.00119224 0.00119804 0.00120464 0.00119225 0.00119224 0.00119225 0.00119224 0.00119225 0.00119225 0.00119224 0.00119225 0.00119225 0.00119225 0.00119224 0.00119225 0.00119224 0.00119224 0.00119225 0.00120707 0.00119224 0.00119225 0.00119225 0.00119225 0.00119224 0.0012346 0.00119225 0.00119225 0.00119225 0.00119225 0.00119225 0.00119224 0.00119225 0.00119225 0.00119225 0.00119225 0.00119225 0.00119269 0.00119225 0.00119225 0.00119806 0.00119225 0.00119225 0.00119224 0.00475583 0.00119224 0.00119225 0.00119225 0.00119225 0.00119251 0.00119225 0.00119224 0.00119734 0.00119225 0.00119224 0.00119225 0.00119234 0.00119225 0.00119225 0.00119224 0.00119263 0.00119225 0.00119231 0.00119224 0.00119225 0.00119225 19.6542 0.00119225 0.00119239 0.00119225 0.00119242 0.00119224 0.00119225 0.00119224 0.00119225 0.00147919 0.00119225 0.00119224 0.00119225 0.00119224 0.00119224 0.00119224 0.00119224 0.00119225 0.00119224 0.00119224 0.00119225 0.00119225 0.00119225 0.00119225 0.00119224 0.00119226 0.00119225 0.00119225 0.00119225 0.00119225 0.00119225 0.00119225 0.00119225 0.00119225 1.13514 0.00119225 0.00119558 0.00119225 0.00119224 0.00119224 0.00119225 0.00156471 0.00119224 0.00119225 0.00119225 0.00119225 0.00119225 0.00119224 0.00119225 0.00119225 81.9736 0.00119225 0.00119225 0.00119225 0.00119225 0.00119224 0.00119225 0.00119225 0.00119225 0.00119225 0.00119225 0.00119224 0.00119225 0.00119225 0.00119225 0.00119225 0.00119225 0.00119225 0.00119224 0.00119225 0.00119225 0.00123868 0.00119225 0.00119224 0.00119224 0.00119224 0.00119225 0.00119225 0.00119225 0.00119634 0.00119225 0.00119224 0.00119225 0.00119225 0.00119225 0.00119225 0.00119225 0.00119249 0.00119238 0.00119225 0.00119224 0.00119225 0.00119225 0.00119224 0.00119224 0.00119224 0.00119224 0.00119225 0.00119225 0.00125675 0.00119224 0.00119224 21.84 0.00119225 0.00119225 0.00119224 0.00119224 0.00119225 0.00119225 0.00119225 0.00119224 0.00119225 0.00119225 0.00119225 0.00119225 0.00119225 0.00119225 61.7234 0.00119224 0.00119225 0.00119225 0.00119224 0.00119955 0.00119225 0.00119225 0.00119225 5.87325 0.00119225 0.00119233 0.00119225 0.00119225 0.00119227 0.00119224 0.00119225 0.00119224 0.00119224 0.00119225 0.00119224 0.00119225 0.00119225 0.00119225 0.00119225 0.00119225 0.00119225 48.3683 0.00119225 103.7 0.00119224 0.00119225 0.00119225 0.00119225 0.00119225 0.00119225 0.00120126 0.00119225 0.00119225 0.00119225 0.00119225 0.00119224 0.00119225 0.00119224 7.92106 0.00119224 0.00119224 0.00119225 0.00119232 0.00119225 0.00119225 0.00119225 0.00119224 0.00119225 0.00119225 0.0011923 0.00120551 0.00135093 0.00119225 0.00119225 0.00119225 0.00119227 0.00120536 0.00119225 0.00119225 0.00119225 0.00119225 0.00119225 0.00119234 0.00119225 0.00119225 0.0011926 0.00122043 0.00119224 0.00119225 0.00119225 0.00119224 0.00119225 0.00119224 0.00119225 0.00119225 0.00119225 0.00121463 0.00119534 0.00119225 105.774 0.00119225 0.00119224 0.00119224 0.00119325 0.00119225 0.00119224 0.00119228 0.00119225 0.00119225 0.00119224 0.0121565 0.00119225 0.00129565 0.00119225 0.00119225 0.00119225 0.00119225 0.00119225 0.00119225 0.00119225 0.00119225 0.00119225 0.00119224 0.00119234 0.00131871 0.00124839 0.00119225 0.00119224 0.00119224 0.00119225 0.00119322 0.00119225 0.00119225 0.00119224 0.00119241 0.00119225 0.00119225 0.00119225 0.00119225 0.00120318 0.00119225 0.00119225 0.00119226 0.00119225 0.00119225 0.00119374 0.00119234 0.00119264 0.00119225 0.00119225 0.00119224 0.00119225 0.00119234 1195.03 0.00119224 0.00119224 0.00119225 0.00119225 0.00119225 0.00119225 0.00119224 0.00119225 0.00119227 0.00119225 0.00119224 0.00119225 0.00119224 0.00119224 0.00119224 0.00119226 0.00119247 0.00119225 0.00119224 0.00119225 0.00119225 0.00119224 0.00119225 0.00215226 0.00119224 0.00119225 0.00119225 0.00119224 0.00119225 0.00119225 0.00119227 0.00119224 0.00119405 0.00119225 0.00120841 0.00119225 0.00119224 15.2335 0.00119225 0.00119224 0.0012306 0.00119224 0.00119224 0.00119269 0.00119225 0.0012199 0.00119225 0.00119225 0.00119225 0.00119224 0.00119387 0.00119373 0.00119224 0.00119225 0.00119225 0.00119224 0.00119225 8.83055 0.00119225 0.00119225 0.00119224 0.00119225 0.00119275 0.00120898 0.00119224 0.00119225 0.00119224 0.00119225 0.00119225 0.00119225 0.00119227 0.00119227 0.00119225 0.00119224 0.00119236 0.00121124 0.00119745 0.00119225 0.00119225 0.00119225 0.00119225 0.00119225 0.00119225 0.0011924 0.00119225 0.00119226 0.00119227 0.00119225 0.00119224 0.00119379 0.00130485 0.00119224 0.00119225 0.0011925 0.00119225 0.00121242 0.00119254 0.00119225 0.00119225 0.00119225 0.00119225 0.00119225 31.0231 0.00123204 0.00119225 0.00119225 0.00119225 0.00119225 0.00119225 0.00119225 0.00119224 0.00119224 0.00119224 0.00119225 0.00119225 0.00119225 0.00119225 0.00119225 0.00119225 0.00119225 0.00119225 0.00119224 0.00119225 0.00119225 0.00119225 0.00135397 0.00119227 0.00119225 0.00119224 0.00119224 65.2979 0.00119225 0.00119224 0.00119453 0.00119225 0.00119416 0.00119225 0.0011923 0.00119225 0.00119225 0.00119225 0.00119224 0.00119225 0.00119224 0.00119224 0.00119243 0.00119225 0.00119225 0.0011923 0.00119225 0.00119224 0.00120701 0.00119224 0.00119225 0.00126287 0.00119225 0.00119224 0.00119225 0.00119225 0.00119224 0.00119225 0.00119225 0.00119224 0.00119755 0.00119228 0.00119225 0.00121147 0.00119224 0.00119266 0.00121934 0.00119225 0.00119225 0.00119225 0.00119224 0.00119224 0.00119224 0.00120357 0.0016532 0.00119225 0.00119224 0.00119237 0.00119225 0.00119224 0.00119225 0.0012201 0.00119225 0.00119239 0.00119225 0.00119224 0.00119225 0.00119225 0.00119224 0.00119225 0.00119224 0.00119225 0.00119224 0.00119225 0.00119225 0.00119224 0.00120384 0.00119224 0.00119225 0.00119225 0.00119225 0.00119225 0.00119224 0.00119224 0.00119689 0.00119225 0.00122539 0.00119224 0.0011923 0.00119225 0.00119225 0.00119225 0.00119225 0.00119225 0.00119224 0.00119225 0.00119941 0.00119225 0.00119224 41.3869 0.00119225 0.00119224 0.00119225 0.00119225 0.00119224 0.00119225 0.00119225 0.00119247 0.00119225 0.00119224 0.00120891 0.00119225 0.00119225 0.00119224 0.00119225 0.00119225 0.00119225 0.00119225 0.00119224 0.00119224 0.00119224 0.00119995 0.00119225 0.00119225 0.00119224 0.00122538 0.00119225 0.00119225 0.00119224 0.00119225 0.00119225 0.00119224 0.00119225 0.00119225 0.00120349 0.00119225 0.00119229 0.00119224 0.00119225 0.00119225 0.00121964 0.00119225 0.00119225 0.00119224 0.00119225 0.00119225 0.00119225 0.00119224 0.00119224 0.00119225 0.00126431 0.00119225 0.00119224 0.00119225 0.00119225 0.00119225 4.79704 0.00119224 0.00119224 39.5819 0.0011958 0.00119225 0.00119225 0.00119225 0.00119224 0.00154381 0.00119224 0.00119225 0.00119224 0.00119226 0.00119225 0.00119224 0.00119225 0.00119224 0.00119227 0.00119761 0.00120654 0.00119225 0.00159902 0.00119225 0.00119238 0.00119225 0.00119225 0.00119224 0.00119225 0.00119225 0.00121649 0.00119225 0.00119225 0.00119224 0.00123972 0.00119224 0.00119574 0.00119224 0.00119225 0.00119225 0.00120781 0.00119225 0.00119764 0.00119225 0.00119225 0.00120185 0.00119224 0.00119224 0.00119224 0.00119225 0.00119225 0.0181624 0.00119225 0.00119238 0.00119225 0.00119233 0.00119225 0.00119225 0.00119225 0.00119224 0.00119225 0.00119224 0.00119225 0.00119224 0.00119229 0.00119224 0.00119227 0.00119224 0.00119225 0.00119244 0.00119224 0.00119225 0.00121318 0.00120428 0.00119225 0.00119225 0.00119259 0.00119225 0.00119225 0.00119334 0.00119224 0.00119224 0.00119225 0.00119224 0.00476757 0.00119225 0.00119225 0.00119224 0.00119284 0.00119224 0.00120876 0.00119225 0.00119224 84.0596 0.00119229 0.00119225 0.00119225 0.00123376 0.00119225 0.00119224 0.0011933 14.1574 0.00121588 0.00119224 0.00120563 0.00119224 0.00119225 0.00134085 0.00119224 0.00119225 0.00119225 0.00119225 0.00119224 0.00119225 0.00119811 0.00119225 0.00119224 0.00119225 0.00146948 0.00119224 0.00119225 0.00137833 0.00119225 0.00119224 0.00119225 0.00119225 0.00119225 0.00119224 0.00119226 0.00119225 0.00119225 0.00119225 0.00119224 0.00119224 0.00119225 0.00119224 0.00119224 0.00120204 0.00119225 0.00119225 0.00119224 0.00119224 0.00119224 0.00119236 0.001256 0.00119225 0.00119225 32.429 0.00119225 0.00119226 0.00119224 0.00119225 0.00119225 0.00119225 0.0011972 0.00119224 0.00119225 0.00119225 0.00119224 0.00119225 0.00119224 0.00123506 0.00119224 0.00119225 0.00119225 0.00119225 0.00119224 0.00119225 0.00119225 0.0237945 0.00119224 0.00119226 0.00119224 0.00119225 0.00119225 0.00119656 0.00119225 0.00119224 0.00119225 0.00119225 0.00119225 0.0012157 0.00119225 0.00119225 0.00119224 0.00119256 0.00119225 0.00119225 0.00119224 0.00121766 0.00119224 0.00119225 0.00119259 0.00119225 0.00119224 0.00119225 0.00119225 0.00119225 0.00119224 0.00119225 0.00119224 0.00119225 0.00119225 0.00119224 0.00119225 0.00119224 0.00119225 0.00119224 0.00119225 0.00119225 0.00119224 0.00119224 0.00119225 0.00119224 0.00119224 0.00119225 0.00121424 0.00119224 0.00119225 0.00119225 0.00120346 0.00119224 0.00119225 0.00119225 0.00119225 0.00119225 0.00119228 0.00121589 0.00119224 0.00119224 0.00119225 0.00119224 0.00119224 0.00119225 0.00119225 0.00119225 0.00119229 0.0011925 0.0012057 0.00119224 0.00119234 0.00119225 0.00119225 0.00119225 0.00119224 0.00119224 0.00119225 0.00119224 0.00119224 0.00119225 0.00119225 0.00119225 0.00119224 0.00119225 0.00119225 0.00119227 0.00119247 0.001214 0.00119225 0.00119226 0.00119225 0.00119224 0.00119224 0.00119254 0.00119224 0.00119224 0.00119225 0.00119224 0.00119226 0.00119224 0.00125239 0.00119224 0.00119225 0.00119225 0.00119226 0.00121235 0.00119225 0.00119224 0.00120816 0.00119224 0.00119225 0.00119224 0.00119224 0.00119224 0.00119225 0.00119225 0.00119224 0.00119225 0.00119225 0.00119224 0.00119225 0.00119225 0.00119225 0.00119225 0.00119224 0.00120877 0.00119256 0.0011923 0.00119232 0.00119224 0.00125041 0.00119225 0.00119224 0.00127592 0.00119225 0.00119228 0.00119225 0.00119225 0.00119225 0.00119225 0.00119225 0.00119225 0.00119225 0.00119224 0.00119225 0.00119225 0.00119224 8.03668 0.00119225 0.00135226 0.00119225 0.00119224 0.00119225 0.00119225 0.00119224 0.00119225 0.00119225 0.00119224 0.00119224 0.00119225 0.00119225 0.00125314 0.00119224 0.00119225 0.00119225 0.00119229 0.00123867 0.00119225 0.00119225 0.00119225 0.00119225 0.00119225 0.00120773 0.00127985 0.00119225 0.00119748 0.00119225 0.00119224 0.00119225 0.00119225 0.00119224 0.00119224 0.00119225 0.00119225 0.0011923 0.00119225 0.00119225 0.00119539 0.00119224 0.00119225 0.00119224 0.00119224 0.0011967 0.00119225 0.00119225 0.00119225 0.00119225 0.00119225 0.00119225 0.00119225 0.00119225 0.00119225 0.00119571 0.00119225 0.00119225 0.00119224 0.00119225 0.00119224 0.00119225 0.00119224 0.00119225 0.00119225 0.00119224 0.00119232 0.00120692 0.00119225 0.00119224 0.00119224 0.00119224 0.00132586 0.00119227 0.00119225 0.00119225 0.00119224 0.00119225 0.00119225 0.00198776 0.00119225 0.00119224 53.4327 0.00120224 0.00119225 0.00119225 0.00119225 0.00119225 0.00119224 0.00119224 0.00119225 0.00119225 0.00119225 0.00119224 0.00119224 0.00119225 0.00119224 0.00119225 0.00119225 0.00119225 0.00119229 0.00119224 0.00119225 0.00119377 0.00119224 0.00119225 0.00122929 0.00119225 0.00119224 0.00119225 0.00119225 0.00119465 0.00119225 0.00119224 0.00119225 0.00119225 0.00119224 0.00119225 0.00119225 0.00119224 0.00121916 0.00119225 0.00119225 0.00124336 0.00119225 0.00119225 0.00119287 0.00119224 0.00119224 0.00119245 0.00119224 0.00119225 0.00119224 0.00119225 0.00119224 0.00119225 0.00119224 0.00119225 0.00119225 0.00119224 0.00119225 0.00136171 0.00119224 0.00119226 0.0011938 0.00119224 0.00119224 0.00119225 0.00119225 0.00119225 0.00123218 0.00119225 0.00119224 0.00127346 0.00119224 0.00119225 0.00119224 6.90429 0.00119224 0.00124951 0.00119225 0.00120653 0.00119224 0.00119225 0.00119225 0.00119225 0.00119224 0.00119225 0.00122379 0.00119224 0.00119225 0.00137551 0.00119224 0.00119225 0.00119225 0.00119224 0.00119225 0.00126451 0.00119226 0.00119224 0.00119224 0.00119225 0.00119225 0.00119225 0.00119225 0.00119224 0.00119225 0.00119225 0.00119224 0.00119225 0.00119225 0.00119225 0.00119225 0.00119225 0.00119225 0.00119225 0.00119225 0.00123623 0.00119224 0.00126049 0.00119225 260.883 0.00119224 9.98406 0.00119225 0.00119224 0.00119225 0.00119225 0.00119224 0.00119225 0.00119302 14.186 0.00119224 0.00119225 0.00119224 0.0011923 0.00119224 0.00119225 0.00119225 0.00119266 0.00119224 0.00119242 0.00119224 0.00119225 0.00119225 0.00119224 0.00119239 0.00119224 0.0011925 0.00119752 0.00119225 0.00119225 0.00119225 0.00119225 27.596 0.00119224 0.00119225 0.00119224 0.00119225 0.00119224 0.00119225 0.00119225 0.00119225 0.00119224 0.00119225 0.00119225 0.00119225 0.00119225 0.00119226 10.9293 0.00119225 0.00119674 0.00119225 0.00119225 0.00119225 0.00119225 0.00119228 0.00119224 9.94907 0.00119254 0.00119225 0.00133312 0.00119225 0.00119225 0.00119225 0.00119225 0.0753273 0.0011925 0.00119225 0.0011923 0.00122232 0.00119224 0.00119225 0.00119225 0.00119225 0.00119225 0.00119225 0.00119224 0.00119319 0.00120448 0.0012263 0.00119237 0.00119225 0.00119225 0.00119227 0.00119306 0.00120015 0.00119225 0.00119225 0.00119224 0.00119337 0.00119224 0.00120399 0.00119225 0.00119544 0.00119225 0.00119226 0.00119231 0.00119241 40.2185 0.00119224 0.00119226 0.00121039 0.00119238 0.00119225 0.00119225 0.00119224 0.00119225 0.00119225 0.00119224 0.00119224 0.00119225 0.00119224 0.00119224 0.00119225 0.00119325 0.00119225 0.00119225 0.00119224 0.00119225 0.00119224 0.00119224 0.00119225 0.00119225 0.00119225 0.00119224 0.00119225 0.00119225 0.00119225 0.0011945 0.00119225 0.00119225 0.00119225 0.00119225 0.00119224 0.00119224 39.6068 0.00119225 0.00119225 0.00121118 0.00119225 0.00119225 0.00119225 0.00119229 0.00119225 0.00119224 0.00119224 0.00119224 0.00119224 0.00119225 0.00119225 0.00119224 0.00119224 0.00119224 0.00119225 0.00119225 0.00119224 0.00127795 0.00119225 0.00119224 0.00119225 0.00119224 0.00119225 0.00119224 0.00119225 0.00119224 0.00119224 0.00119224 0.00125345 0.00119224 0.00120478 0.00119225 0.00119225 0.00119224 0.00119224 0.00119224 0.00119228 0.0011931 0.00119225 178.156 0.00119225 0.00123255 0.00119224 5.14795 0.00119225 0.00119225 0.00122883 0.00119225 0.00119632 0.00119224 0.00119225 0.00119225 0.00119225 0.00119227 0.00119225 0.00119225 0.00119225 0.00119297 0.00119272 0.00119225 0.00123989 0.00119225 0.00119225 0.00119224 0.00119225 0.00119224 0.00119224 0.00119224 0.00119225 0.00119225 0.00127162 0.00119225 0.00120802 0.00119225 0.00119224 0.00119224 0.00123925 0.00119225 0.00119224 0.00119225 0.00119235 0.00119225 0.00119225 0.00119225 0.00119225 0.00119225 0.00121316 0.00119305 0.00144498 0.00119282 0.0012389 0.00119225 0.00119225 0.00119225 0.00119225 0.00119225 0.00119225 0.00120914 0.0011923 0.00119225 0.0012072 0.00119224 0.00119225 0.00119225 0.00119225 0.00119225 0.00119225 0.00119365 0.00119225 0.00119224 0.00119224 37.8295 0.00119224 0.00119225 0.00119224 0.00119224 0.00119225 0.00119225 0.00119225 0.00119255 0.00126657 0.00119224 0.00119225 0.00119224 0.00119225 0.00119225 0.00119224 0.00119225 0.00119224 0.00119224 0.00119229 0.00123074 0.00119224 0.00119225 0.00119224 0.00119225 0.00119224 0.00119225 0.00119225 0.00119225 0.00119225 0.00119225 0.00119224 0.00119225 0.00119225 0.00119225 0.00119224 0.00119224 0.00119224 0.00119224 0.00119225 0.00119224 0.00119225 0.00119224 0.00119227 0.00119225 0.00119224 0.00119224 0.00119224 0.00119225 0.00119224 0.00119225 0.00119225 0.00119225 0.00119225 20.2632 0.00119224 0.00126576 0.00119225 0.00119639 0.00119224 0.00119859 0.00122995 0.00121324 0.00119225 0.00119225 0.00123794 0.00119225 0.00119225 0.00119225 0.00119675 0.00119225 0.00119224 0.00119225 0.00119225 0.00119226 0.00119224 0.00119231 0.00119721 0.00156821 0.00119224 0.00129975 0.00119397 0.00119225 0.00121991 0.00119225 0.0011926 0.00119225 0.00119224 0.00119224 0.00119225 0.00119225 0.00119228 0.00119224 0.00119225 0.00119225 0.00119291 0.00119225 0.00119225 0.00119224 0.00119225 71.4202 0.00119225 13.4529 0.00119224 0.00119225 0.00119224 0.00119224 0.00119228 0.00119224 0.00119224 0.00119224 0.00119225 0.00119224 0.00119224 0.0011923 0.00119225 0.00119225 0.00119224 0.00119224 0.00119225 0.00119224 0.00119225 0.00119225 0.00119225 0.00119225 0.00119225 0.00120634 0.00119225 0.00119225 0.00121257 0.00119225 0.00119225 0.00119224 0.00119224 0.00119239 0.00119229 0.00119224 0.00119225 0.00119225 0.00119224 27.9395 0.00122485 0.00119225 0.00119232 0.00119534 0.00119235 0.00119225 0.00119224 0.00119225 0.00119224 0.00119225 0.00119224 0.00119225 0.00119225 0.00119225 0.00119224 18.2929 0.00119225 0.00119224 0.00119225 0.00119225 0.00119224 0.00119225 0.00119224 0.00119224 0.00119224 0.00119224 0.00119225 0.00119224 0.00130394 0.00119224 0.00119225 0.00119225 0.00119224 0.00119225 0.00119224 0.00119225 0.00119224 0.00119269 0.00119225 0.00119224 0.00119224 0.00123599 0.00119225 0.00119225 69.0628 0.00119225 0.00119225 0.00120307 0.00121532 0.00119225 0.00119225 0.00119225 0.00119391 0.00119224 0.00119225 0.00119226 0.00119225 0.00119332 0.00119225 0.00119225 0.00122713 0.00119225 0.00119224 0.00119225 0.00234662 0.00119295 0.00119225 0.00121442 0.00119224 30.8915 0.00119224 0.00119225 0.00119532 0.00119225 0.0011924 0.00119636 0.00119225 0.0012153 0.00119224 0.00119224 0.00119225 0.00119224 0.0011923 0.00119225 0.00119225 0.00119224 0.00119225 0.00119229 0.00119225 0.00119372 0.0011928 0.00119224 0.00120321 0.00119224 0.0011987 0.00123111 0.00119224 0.00119225 0.00119225 0.00119225 0.00148534 0.00119224 0.00119224 0.00119225 0.00119224 0.00119224 0.00119225 0.00119226 0.0105179 0.00119224 0.00164085 0.00119225 0.00119225 0.00119226 0.00119225 0.00119225 0.00119225 41.8046 0.00119224 0.00119225 0.00119924 0.00119225 0.00119225 0.00119225 0.00119224 0.00119225 0.00120006 0.00122861 430.216 0.00119225 0.00119224 10.4123 0.00119225 0.00119225 0.00119224 0.0011967 0.00119225 0.00119225 0.00119225 0.00119233 0.00119224 0.00119225 0.00119224 0.00119225 0.00119224 0.00119225 0.00119225 0.00119267 0.00119225 0.00119225 0.00119224 0.00119753 0.00119225 0.00119225 8.08594 0.00119225 0.00119224 0.00119226 0.00119225 0.00119224 0.00119225 0.00119225 0.00119225 0.00119372 0.00119225 0.00119225 0.00119225 0.00119225 0.00119565 0.00119225 0.00119224 0.00119224 0.00119224 0.00119225 0.00119225 0.00144499 0.00120449 0.00119224 0.00119258 0.00119224 0.00119225 0.00119225 0.00119224 0.00119225 0.00119225 0.00123386 0.00119225 0.00119385 0.00119225 0.00119225 0.00119225 0.00119224 0.00119225 0.00119224 0.00119225 0.00121892 0.00119224 0.00119855 0.00119842 0.00119224 0.00119225 0.00119224 0.00119225 0.00119225 0.00119225 0.00119224 0.00119225 0.00121113 0.00119225 0.00261907 0.00119225 0.00119225 0.00126731 0.00239855 0.00119488 0.00119224 0.00119224 0.00119224 0.00119225 0.00119225 0.00119695 0.00119224 0.00119224 0.00119227 0.00119224 0.00119225 0.00119225 0.00119246 0.00119225 0.00119225 0.00119225 0.00119225 0.00119225 0.00119224 0.00119243 0.00139832 0.00119225 0.00119224 0.00119225 0.00119224 0.00119224 55.9587 0.00119225 0.00119225 0.00119225 0.00119224 0.00119225 0.00119225 0.00119224 0.00119225 0.00119225 0.00119224 0.00119225 0.00119225 0.00119225 0.00119224 20.2632 0.00119225 0.00119225 0.00121099 0.00119225 0.00119225 0.0011931 0.00119225 0.00119225 0.00123047 0.00119224 0.00119225 0.0011958 0.00119225 0.00119225 15.0182 0.00119227 0.00119225 0.00119224 0.00122533 0.00119225 0.00119225 0.00119225 0.00119224 0.00119225 0.00119225 0.00122232 0.00119225 0.00119224 0.00119225 0.00119228 0.00119225 0.00119225 0.00119225 0.00119225 0.00122584 0.00132294 0.00119225 0.00119224 0.00119225 0.00119225 0.00119225 0.00133068 0.00119225 0.00119224 0.00119224 0.00119224 0.00119225 0.00119263 0.00119224 0.00140549 0.00119225 0.00119224 0.00119225 0.00119225 0.00120385 0.00120084 0.00119224 0.00119225 0.00119225 0.00119225 0.00119224 0.00119225 0.00119225 0.00119224 0.00119225 0.00119225 0.00119225 0.00119225 0.00119225 0.00119225 0.00119224 0.00119225 0.00119225 0.00119224 0.00119225 0.00119224 0.00119225 0.0012325 0.00119225 0.00119225 0.00119225 62.4965 0.00119225 0.00119225 0.00119225 0.00119225 0.00119224 0.00119225 0.00119228 0.00119224 0.00119225 0.00119225 0.00119225 0.00119225 92.7865 0.00119225 0.00119225 0.00119225 0.00119225 0.00119225 0.00119224 0.00119225 0.00119225 0.00119225 0.00119225 0.00119225 0.00119224 0.00119224 0.00119225 0.00119224 0.00119225 39.2935 0.00119625 0.00119642 0.00119225 0.00119224 0.00119225 0.00126681 0.00119225 0.00125476 0.00119224 0.00119225 0.00119224 0.00119225 0.00119224 0.00119225 0.00119224 0.00119224 0.00121855 0.00119225 0.00119224 0.00119224 0.00119225 0.00119225 0.00119251 0.00119225 0.00119225 0.00119256 0.00119225 0.00119225 0.00119224 0.00119225 0.00119225 0.00119225 0.00119225 0.00119225 0.00119225 0.00144876 0.00119224 0.00119225 0.00119225 0.00119224 0.00119319 0.00138715 0.00119225 0.00119224 0.00119225 0.00119224 0.00119225 113.579 0.00119224 0.00119232 0.00119225 0.00119224 0.00119225 0.00119224 0.00119229 0.00119225 0.00119225 0.00119225 0.00119225 0.00119224 0.00119227 0.00119225 0.00119225 0.00119225 0.00119225 0.0011956 0.00121538 0.00119225 0.00119225 0.00119225 0.00119225 0.00119225 0.00119225 0.00119225 0.00119224 0.00119225 0.00119224 0.00119224 0.00119224 0.00119225 0.00119225 0.00119224 0.00119224 0.00119296 0.00119225 0.00119225 0.00119225 0.00119277 0.00119225 0.00119224 0.00119224 0.00119225 0.00119225 0.0013434 0.00119225 0.00119225 0.00119225 0.00119225 0.00119224 0.00119237 0.00119225 0.00119224 0.00119225 0.00119225 0.00119376 0.00119224 0.00119225 0.00119225 0.00119484 0.00119224 0.00119226 0.00119224 0.00119225 0.00119225 0.00119225 0.00119224 0.00119235 0.00119225 0.00119224 0.00124591 0.00199089 0.00119224 0.0012219 0.00119225 0.00119224 0.00119225 0.00119237 0.00119225 0.00119224 0.00119224 0.00119225 0.00119224 0.00119224 0.00119225 0.00119225 0.0011923 0.00119224 0.0011925 0.00119224 0.00119225 0.00119225 0.00119224 0.00119225 0.00119225 0.00119225 0.00119334 0.00119224 0.00119342 0.00119225 0.00119224 0.00119225 0.00119225 0.00119225 0.00119225 0.00119225 0.00119225 0.00119225 0.00169635 0.00119224 0.00119224 0.00119224 0.233671 0.00119225 0.00119224 0.00119229 0.00119225 0.00119225 0.00119225 0.00119225 0.00119224 0.00119225 0.00119225 0.00119224 0.00119225 0.0012517 0.00119225 0.00119225 0.00119231 0.00119226 0.00150086 0.00119224 0.00119225 0.00119224 0.00119225 0.00119225 0.00119228 0.00119225 0.00120977 0.00135697 0.00119225 0.00119225 0.00130955 0.00119225 0.00119224 0.00119224 0.0011923 0.00122849 0.00119225 0.00119225 0.00119225 0.00119225 0.00119225 0.00119225 0.00119224 0.00119225 0.00120041 0.00119225 0.00119225 0.00119454 0.00165582 0.00119225 0.00119225 0.00119225 0.00119224 0.00119224 0.00119225 0.00119225 0.00119231 0.00119225 0.00119224 0.00119225 0.00119225 0.00119374 0.00119225 0.00119225 0.00119224 0.00119225 0.00119224 0.00119224 0.00119225 0.00119491 0.00145895 0.0012721 0.00119224 0.00119224 0.00119225 0.00120105 0.00123404 0.00119225 0.00119225 0.00119225 0.00119224 0.00119224 0.00119225 0.00119225 0.00119225 0.00119225 0.00119224 0.00119739 0.00119224 0.00119224 0.00119225 0.00119224 0.00119224 0.00119225 0.00119226 0.00119225 0.00119225 0.00119225 0.00119224 0.00119225 0.00119225 0.00119225 0.00119225 0.00119225 0.00119224 0.00119224 0.00119238 0.00119225 0.00119224 0.00119224 0.00119224 0.00119225 0.00119224 0.00119225 0.00119225 0.00119262 0.00119225 0.00119225 0.0012548 0.00119225 9.53529 0.00119225 0.00120214 0.00119225 0.00119225 0.00119225 0.00119224 0.00119225 0.00119225 0.00119224 0.00120089 0.00119225 0.00119225 0.00119225 0.00119225 0.00119224 0.00119225 0.00119225 0.00119225 0.00119225 0.00119225 0.00119225 0.00130871 0.00119225 0.00119225 0.00119224 0.00119225 0.00119224 0.00119225 0.00119225 0.00119225 0.00119225 0.00121228 0.00119225 0.00119225 0.00119225 0.00119225 0.0011924 0.00119224 0.00119225 0.00149398 0.00119225 0.00119224 0.00119225 0.00119651 0.00119224 0.00119253 0.00119225 0.00119225 0.00119224 0.00119225 0.00119228 0.00124863 0.00119224 0.00119224 0.00124322 0.00119225 0.00119225 0.00119247 0.00119224 0.0933576 0.00119224 0.00119225 0.00119225 0.00119224 0.00119225 0.00119225 0.00119224 0.00119225 0.00119322 0.00119225 0.00119225 0.00119224 0.00119224 0.00119225 0.00119225 0.00119224 0.00119503 0.00119225 0.00119294 0.00123215 0.00119224 0.00119336 0.00119225 81.4125 0.00119425 0.00119286 0.00119225 0.00119224 0.00119225 0.00119224 0.00119225 0.00119224 0.00119231 0.00123149 0.00119225 0.00119225 0.00119224 0.00119225 0.00119235 0.00119268 0.00119225 0.00119225 0.00119225 0.00119225 0.00119225 0.00119224 0.00119828 0.00119225 0.00119224 0.00119805 0.00119225 0.00119225 0.0011923 0.00121976 0.00119224 15.8047 0.00119229 0.00119224 0.00119224 0.00119225 0.00119225 0.00128394 0.00119225 12.8431 0.00119224 0.00119224 0.00119225 0.00119225 0.00119225 0.00119225 0.00119225 0.00119225 0.00119224 0.00119728 0.00119224 0.00119225 0.00119225 0.00119227 0.00119224 0.00119224 0.00120916 0.00119224 0.00119224 0.00119224 0.00119224 0.00119224 0.00119233 0.00119225 0.00119224 0.00119225 0.00119461 0.00119225 0.00119225 0.00119225 0.00119225 0.00119225 0.00119225 0.00119225 0.00119224 0.00119225 0.00119225 0.00119225 0.00119225 0.00119225 0.00119224 0.00119225 0.161733 0.00119224 0.00119225 0.00125499 0.00119225 0.00119345 0.00119224 0.00119225 0.00126759 0.00119245 0.00119236 14.285 0.00119224 0.00119225 0.00119225 0.00119225 0.00119599 0.00119224 0.00119224 0.00119225 0.00119225 0.00119224 0.00126263 0.00119225 0.00119224 0.00119225 0.00119247 0.00119225 0.00119225 0.00119225 0.00135811 0.00119225 0.00119224 0.00119225 0.00119225 0.00119225 0.00119224 0.00119226 0.00119226 0.00119224 0.00119224 0.00119224 0.00120755 0.00119225 0.00119225 0.00119224 0.00119225 0.00119225 0.00119225 0.00119224 0.00119225 0.00119225 0.00119224 0.00119224 0.00119225 0.00155464 0.00119225 417.903 0.00119225 0.00119224 0.00119224 0.00119256 0.00119225 0.00119225 0.00119231 0.00119225 0.00122973 0.00119224 0.00119225 0.00119225 0.00119225 0.00119225 0.00119225 0.00119224 0.00119225 0.00126068 0.00119225 0.00119225 0.00119224 0.00119225 0.00119225 0.00119225 0.00119224 0.00119225 0.00119225 0.00119224 0.00119225 0.00119225 0.00119225 0.00119224 0.00119225 28.3326 0.00119225 0.00119224 0.00119225 0.00119225 0.00119225 0.00119224 0.00119225 0.00121499 0.00394821 0.00119225 0.00119243 0.00119224 0.00119225 0.00119224 0.00119225 0.00119225 0.00119225 0.00119225 0.00119224 0.00119224 0.00119224 0.00121821 0.00119225 0.00123238 0.0118548 0.00119224 0.00119228 0.00119225 0.00119225 0.00119224 0.00119224 0.00119224 54.0545 0.00119225 0.00119225 0.00119224 0.00119225 0.00119319 0.00119225 0.00119225 0.00119224 0.00119224 0.00121271 0.00119225 0.00129818 0.00119224 0.00124602 0.00119224 0.00120695 0.00119225 0.00119225 0.00119225 0.00119259 0.00119225 0.00171342 0.00119225 0.00119225 0.00119225 0.00119225 0.00119224 0.00119224 0.00119232 0.0011924 0.00119225 0.00119225 0.0011926 0.00119225 0.00119225 0.00119224 0.00119235 0.00119225 0.00119225 0.00119231 6.04878 0.00119225 0.00119225 0.00120749 0.00119225 0.00119225 0.00119225 0.00122789 0.00119225 0.00119225 0.00119225 0.00119225 0.00119225 0.00119224 0.0013845 0.00119225 0.00127442 0.00119225 0.00119225 0.00119225 0.00120183 0.00119225 0.00119224 0.00119328 0.00119224 0.00119224 0.00119225 0.00119224 0.00122385 0.00119224 0.00119266 0.00120219 0.00119224 0.00119232 0.00119224 0.00119225 0.00119224 0.00119225 0.00119225 0.00119225 0.00119225 0.00119225 0.00119359 0.00119224 0.00119225 0.00119225 0.00119225 0.00119224 0.00119225 0.00121997 0.00119225 0.00119225 0.00119224 0.00119225 0.00119224 0.00119225 0.00119225 0.00119225 0.00119224 0.00119225 0.00122464 0.00119225 0.00119224 0.00119225 16.9505 0.00119224 0.00119225 0.00119224 0.00119224 0.00119252 0.00119225 0.00119225 0.00119224 0.00119224 0.00119224 0.00119227 0.00119262 0.00119224 0.00119225 0.00119225 0.00119224 0.00119225 0.00119225 0.00119225 0.00119529 0.00119225 0.00119224 0.00119224 0.00119224 0.00119224 0.00119229 0.00119225 0.00119225 0.00119225 0.00119225 0.00119225 0.00119225 0.00119224 0.00119225 0.00119224 0.00119224 0.00119224 0.00119225 0.00119225 0.00119225 0.00119225 0.00119225 0.00119225 0.00119225 0.00119224 0.00119224 0.00119229 0.00119225 0.00119225 0.00119305 0.00119225 0.00119225 0.0012076 0.00119225 0.00119225 0.00119225 0.00119464 0.00119224 0.00119224 0.00119225 0.00119225 0.00119225 0.00119324 0.00119224 0.00119225 0.00119331 0.00119225 0.00119224 0.00119225 0.00119224 0.00119225 0.00119473 0.001319 0.00119225 0.00128938 0.00119225 0.00119224 0.00119225 0.00121201 0.00119227 0.00119224 0.00119224 0.00119224 10.9551 0.00119225 0.00119225 0.00119224 0.00119224 0.00119224 0.00119225 0.00119247 0.00119225 0.00119224 0.00119224 0.00119225 0.00119225 0.00119819 0.00119225 0.00204622 0.00119224 0.00119225 0.00119225 0.00119225 0.00119225 0.00119224 0.00119225 0.00119225 0.00122661 0.00119225 0.00119225 0.00119224 0.00119225 0.00119225 0.00119225 0.00119225 0.00119224 0.00119225 0.00123178 0.00119225 0.00119225 0.00119225 0.00119225 0.00119224 0.00119225 0.00119225 0.00119225 0.00119225 0.00119224 0.00119225 0.00119225 0.00119225 0.00119225 0.00145162 0.00119225 0.00119225 0.00119225 0.00119225 0.00119225 0.00119225 0.00119225 0.00148878 0.00119225 0.00119225 0.00119225 0.00119225 0.00119225 0.00119338 0.00119225 0.00119225 0.00119225 0.00119224 0.00119493 0.00119328 0.00119225 0.00119224 0.00119224 0.00119224 0.00119225 0.00120308 0.00119225 0.00129106 0.00123358 0.00119224 0.00119225 0.00119226 0.00119225 0.00119225 0.0011954 0.00119225 0.00119225 0.00120228 0.00119224 0.00120627 8.33761 0.00119225 0.00119224 0.00121634 0.00119225 0.00119225 0.00119225 0.00119225 0.00119224 0.00119225 0.00119225 0.00120378 0.00119225 0.00119224 0.00119225 0.00119224 0.00119225 0.00119224 0.00119225 0.00119224 0.00119225 0.00119225 0.00119225 0.00119225 0.00121445 0.00119225 0.00119225 0.00119224 0.00119224 0.00119225 0.00119225 0.00119225 0.0011943 0.00119224 0.00119224 0.00121772 0.00119224 0.00119224 0.00119225 0.00119225 0.00119225 0.0011956 0.00119224 0.00119234 0.00119225 0.00119225 0.00119224 0.00119225 0.00119224 0.00119225 0.00119224 0.00119224 0.00119225 0.00119225 0.00119225 0.00119224 0.00125345 0.00119224 0.00119233 0.00119225 0.00119225 0.00119225 0.00119225 0.00119225 0.00119225 0.00119224 0.00119225 0.00119225 0.00119225 0.00119225 0.00119225 0.00119225 0.00119225 0.00119225 0.00119224 0.00120452 0.00119224 0.00120666 0.00121149 0.00119225 0.0443324 0.00119225 0.00119224 0.00119225 119.789 0.00119224 0.00119225 0.00119224 44.5045 0.00119225 0.00119225 0.00120297 0.00119225 0.00119224 0.00119225 0.00119225 0.00119224 0.00120864 0.00119225 0.00119224 0.00119225 0.00119224 0.00119225 0.00119226 0.00119225 0.00132434 0.00119224 94.4499 0.00119232 0.00119279 0.00119425 0.00119225 0.00119225 0.00119225 0.00126276 0.00119227 0.00119225 0.00119225 0.00125818 0.00119225 0.00119224 0.0012618 0.00119225 0.00119226 0.00119225 0.00119225 0.00119225 0.00119225 0.00119503 0.00119225 0.00119225 0.00119224 0.00119843 0.00125108 0.00119238 0.00119224 0.00119736 0.00119224 0.00119224 0.00119225 0.00119225 0.00119225 0.00119238 0.00119251 0.00119225 0.00120707 0.00119225 0.00119225 0.00119225 0.00119224 0.00119224 0.00119225 0.00119224 0.00119225 0.00119225 0.00119225 53.0339 0.00119225 0.00119225 0.00119224 0.00119224 0.00119225 0.00119232 0.00119225 0.00119225 0.00119247 0.00119225 0.00119225 0.00119224 0.00119779 0.00122436 0.00119224 0.00119225 0.00119225 0.00119225 0.00119225 0.00119225 0.00119224 0.00119377 0.00119225 0.00119281 0.00119225 0.00119224 0.00119224 297.76 0.00119225 0.00119224 0.00119225 0.00119225 0.00119225 0.00119225 0.00119225 0.00119225 0.00119225 0.00123062 0.00119225 0.00119225 0.00119224 0.00119224 0.00119225 0.00119225 0.00119224 0.00119225 0.00119224 0.00119224 0.00119225 0.00119225 7.05094 0.00119225 0.00119225 0.00119231 0.00119225 0.00119225 0.00119225 0.00119225 0.00120916 0.00119225 0.00119225 0.00119224 0.00119326 0.00119224 0.00119225 0.00119224 0.00119225 0.00119225 0.00119225 0.00119224 0.00119225 0.00119225 0.00119224 0.00119224 0.00119224 0.00120771 0.00119224 0.00119225 0.00119225 0.00119225 0.00119506 0.00119224 0.00119225 0.00119225 0.00119225 0.00121012 0.00119224 0.00119225 0.00119225 0.00119224 0.00119225 0.00119224 0.00119225 0.00119225 0.00119225 3.31674 0.00119779 0.00141956 0.00119225 0.00119224 0.00119224 0.00119225 0.00119224 0.00119481 0.00119225 0.00119224 137.667 0.00119225 0.00119225 0.00121072 0.00119224 0.00119225 0.00119224 0.00119225 0.00119225 0.00119225 0.00119225 0.00119225 0.00119225 0.00119225 0.00119225 0.00119224 0.00119225 0.00119225 0.00119225 0.00119225 0.00119377 0.00119224 0.00119225 0.00119225 0.00119225 0.00119225 0.00120842 0.00119225 0.00119224 0.00119225 0.00119225 0.00119225 0.00119715 0.00119225 8.97689 0.00122937 0.00119818 0.00119224 0.00119225 0.00119225 0.00119248 0.00121156 0.00119224 0.00121343 0.0012769 0.00119225 0.00119248 0.00119224 0.00119225 0.0011928 0.00119224 0.00119225 0.00119224 0.00119225 0.00120548 0.00119225 0.00119225 0.00119225 0.00119225 0.00162759 0.00119224 0.00119224 0.00119225 30.7912 0.00119224 0.00119224 0.00119225 0.00119224 0.00119224 0.00119225 0.00119225 0.00119225 0.00119224 0.00119225 0.00120285 0.00119224 0.00119225 0.00119225 0.00119225 0.00122582 0.00119225 0.00119225 0.00119225 0.00119227 0.00119225 0.00120556 0.00119225 0.00119224 0.00119225 0.00119225 0.00119422 0.00122018 0.00119224 0.00119224 0.00119224 0.00119225 0.00575449 0.00119225 0.00119225 0.00119447 0.00119927 0.00120222 0.00119227 0.00119225 0.00119225 0.00119225 0.0011924 0.00119251 0.00119225 0.00119224 0.00119225 0.00119225 0.00119224 0.00119224 0.00119225 0.00119225 0.00119224 0.00119225 0.00119225 0.00119225 0.00119225 0.00119225 0.00119225 0.00119224 0.00119224 0.00119225 0.00119225 0.00119225 0.00119252 18.1674 0.00119224 0.00119225 0.00122033 0.00119225 0.00119225 0.00119225 0.00119225 0.00119231 0.00119224 0.00119225 0.00119225 0.00119224 0.00119224 0.00119225 0.00119225 0.00119224 0.00119224 0.00119225 0.00119225 0.00119224 0.00119225 0.00119225 0.00119224 0.00119228 0.00119225 0.00119225 0.00119225 0.00119224 0.00119225 0.00119225 0.00119225 0.00119225 0.00119225 0.00119225 0.00119224 0.00119224 0.00119817 0.00119225 0.00119225 0.00119225 0.00119225 0.00119225 0.00119225 0.00119229 0.00119224 0.00119225 0.00119225 0.00119225 0.00119225 0.00119224 0.00119225 0.00119225 0.00119225 0.00119224 0.00119224 0.00119225 0.00119224 0.00119224 0.00119225 0.00119225 0.00119225 0.00119224 20.266 0.00119225 0.00169947 0.00119224 0.00119225 0.0014924 0.00119225 0.00119225 0.00119225 0.00119225 0.00119225 0.00119225 0.00119225 0.00119224 0.00119225 0.00119225 0.00119225 0.00119225 0.00209831 0.00119225 0.00119225 0.00119225 0.00119225 0.00119224 0.00120135 0.00119224 0.00119224 0.00119225 0.00119224 0.00119225 0.00119225 0.00119224 0.00119624 0.00119224 0.00535586 0.00119224 0.00119225 0.00119228 0.00119284 0.00119225 0.00119225 0.00119225 0.00119225 0.00119225 0.00119225 0.00119225 0.00119224 0.00119225 0.00119225 0.00120029 0.00119225 0.00119225 0.00119224 0.00119225 0.00119224 0.00119225 0.00119225 0.00119224 142.34 0.00119224 0.00119225 0.00123702 0.00119225 0.00121199 0.00119225 24.0868 0.00119224 0.00119225 0.00119225 0.00119224 0.00119225 0.00119225 87.999 0.00119225 0.00119224 0.00119225 0.00119228 0.00166656 0.00119224 0.00119486 0.00119225 0.00119225 0.00119225 0.00119225 0.00119224 0.00130079 0.00119224 141.49 0.00119225 0.00119224 0.00119355 0.00119225 0.00119226 0.00119224 0.00119227 0.00119225 0.00119224 0.00119225 0.00119309 0.00124621 0.00119225 0.00119225 0.00119225 0.00119224 0.00119225 0.00119224 0.00126117 0.00119225 0.00119244 0.00119224 0.00124061 0.00119479 0.00119224 0.00119225 0.00119225 0.00119224 0.00119225 0.00119236 0.00119225 0.00119225 0.00119225 0.00119225 0.001203 0.00119225 0.00119228 0.00119229 0.00119224 0.00119225 0.00119224 0.00119225 0.00119225 0.00119224 0.00119225 0.00119225 0.00144498 0.00119224 0.00119225 0.00119224 0.00119225 0.00119225 0.00119225 0.00123071 0.00119224 0.00119629 70.3575 0.00119225 0.00119225 0.00119225 0.00119225 0.00119225 0.00119229 86.5856 0.0011926 0.00119225 0.00119279 0.00119224 0.00120284 0.00119224 0.0011924 0.00119224 0.00127839 0.00119229 0.00119225 0.00119225 0.00119227 0.00119224 0.00119225 0.00119224 0.00119225 0.00119224 0.00119237 0.00119225 0.00119325 0.00119424 0.00119225 0.00119225 0.00119225 0.00119229 0.00123613 0.00119225 0.00119225 0.00119224 0.00119224 0.00119225 0.00119224 20.2632 0.00119225 0.00119225 0.00119225 0.00132899 0.00119225 0.00119224 0.00119623 0.00119225 0.00119225 0.0012022 0.00122378 0.00119225 0.0011928 0.00119225 0.00119743 0.00119225 0.00119226 0.00119225 0.00119225 0.00119225 0.00119521 0.00121365 0.00119225 0.00119224 0.00119225 0.00119225 0.00119224 0.00119224 0.00119224 0.00119226 0.00119225 0.00119225 0.00119224 0.00119224 0.00119224 0.00119225 0.00119225 0.00119225 0.00119225 0.00119232 0.00119224 0.00120548 0.00119386 0.00119225 0.00119225 0.00119225 0.00119225 0.00119224 0.00119225 0.00119225 0.00119225 0.00119225 0.00119225 0.00119225 0.00119225 0.00119224 0.00119224 0.00119224 0.00119225 0.00119225 0.00119224 0.00119225 0.00119225 0.00128153 0.00119225 0.00119224 0.00119287 0.00119225 0.00119225 0.00119225 0.00119225 0.00119225 0.00119224 0.00119225 0.00119224 0.00119225 0.00119701 0.00119225 0.00119254 0.00119254 0.00119224 0.00119224 0.00119224 0.00119225 0.00119224 0.00119224 0.00123378 0.00119224 0.00119225 0.00119224 0.00119226 0.00119224 0.00119225 0.00119225 0.00119224 0.00119882 0.00119225 0.00119225 0.00119225 0.00119224 0.00119224 0.00119224 0.00122488 0.00119225 0.00119224 0.00119224 0.00119224 0.00119225 0.00119225 0.00119224 0.00119225 0.00119225 0.00119224 0.00119225 0.00119225 0.00120812 0.00119224 0.00119225 0.00119229 0.00119224 0.00119257 0.00119224 0.00119225 0.00119225 0.00119225 0.00119225 0.00146653 0.00119224 0.00119227 0.00119225 0.001204 0.00119225 0.00119224 0.00130233 0.00119225 0.00119224 0.00119225 0.00119325 0.00119225 0.00119225 0.00119224 0.00119224 0.00119224 0.00120467 0.00119224 0.00119224 0.00119225 0.00119225 0.00119225 0.00119225 0.00119225 0.00119224 0.00119225 0.00119225 0.00119225 0.00121929 0.00119686 0.00126207 0.00119402 0.00119225 0.0011929 0.00119225 0.00119224 0.00119224 0.00119241 0.00119229 0.00119225 0.00119224 0.00119224 0.00119224 0.00119225 0.00119224 0.00119225 0.00119225 0.00119225 0.00119225 0.00119225 0.00119225 0.00126131 0.00119225 0.00125894 0.00119225 0.00119534 0.00119225 0.00119225 0.00120058 0.00119225 0.00119243 0.00119224 0.00119224 14.0374 0.00123963 0.00119224 0.00119224 0.00119225 0.00119225 0.00135822 0.0011935 0.00119225 0.00119225 0.00136662 0.00119225 0.00119225 0.00119251 0.00119225 0.00119225 0.00119224 0.00119225 0.00119225 0.00119225 0.00119225 0.00119225 0.00119945 0.00119225 0.00119224 0.00119225 0.00119225 0.00119224 0.00119224 0.00119225 0.00119239 0.00121071 0.00119224 0.00119225 30.5384 0.00119225 0.00119225 0.00119224 0.00119225 0.00119225 0.00119225 0.00119225 0.00119225 0.00119225 0.00119224 0.00119225 0.00119225 0.152595 0.00119224 0.00119224 0.00119225 0.00119225 0.00119379 0.00119225 0.00119225 0.00119225 0.00119225 0.00119244 0.00119225 0.00119225 0.00119224 0.00119228 0.00119227 0.00119225 0.00119225 0.00119225 0.00119225 0.00119225 0.00119224 0.00119259 0.00119225 0.00119231 0.00121421 0.00119224 0.00119225 0.00121421 0.00119225 0.00119225 0.00119225 0.00119224 0.00119225 0.00119225 0.00119224 0.00119225 0.00119225 0.00119224 0.00119225 0.00119225 0.00119225 0.00119225 0.00119224 0.00119224 0.00119271 11.3211 0.00119225 0.00119224 0.00119225 0.00119225 0.00119225 0.00119224 0.00119225 0.00119225 53.3879 0.00119224 0.00119225 0.00119225 0.00120913 0.00119225 0.00363086 0.00119657 0.00119225 0.00123311 0.00153527 0.00119224 0.00119224 89.4917 0.00119225 0.00119224 0.00119225 0.00119225 0.00119225 0.00119225 0.00119984 0.00119225 0.00119225 0.00119226 0.00119224 0.00302354 0.00119225 0.00119225 0.00119227 0.00119274 0.00119224 0.00119225 0.00119225 0.00119225 0.00119224 0.00119225 0.00119225 0.00119225 0.00119227 0.00119225 0.00119225 0.00119224 0.00119225 0.00119224 0.00119224 0.0030287 0.00119225 0.00119224 0.00119224 0.00119224 0.00119224 0.00119224 0.00119226 0.00119224 0.00119224 0.00119225 0.00119225 0.00119225 0.00119225 0.00119224 0.00119224 0.00119225 0.00119225 0.00119225 0.00119224 0.00119224 0.00119225 0.00119225 0.00119225 0.00119225 0.00119225 0.00119225 0.00124823 0.00119224 0.00119224 0.00119224 0.00119225 0.00119225 0.00119225 0.00119224 0.00119225 0.00119224 0.00119225 0.00119225 0.00119224 0.00119224 0.00119256 0.00119225 0.00119225 0.00119225 0.00119225 0.0015025 0.00119225 0.00119224 0.00119225 0.0011923 0.00119225 0.00122719 0.00119225 0.00119225 0.00119225 0.00119304 0.00119225 0.00119225 0.00119225 0.00119225 0.0011925 0.00119224 0.00119255 0.00119225 0.00119225 0.00119225 0.00119225 0.00119224 0.00119225 0.00119225 0.00119224 0.00119224 0.00119225 0.00119225 0.00119225 0.00119224 0.00119225 0.00119225 0.00120558 0.00127836 0.0011941 0.00119225 0.00119225 0.00119225 0.00119225 0.00119225 0.00119225 0.001193 0.00119225 0.00119224 0.00119225 0.00119225 0.00119224 0.00119467 0.0012008 0.00119225 0.00119225 0.00119224 0.00119225 0.00119225 0.00119225 0.00119224 0.00119225 0.00119224 0.00119225 0.00119225 0.00119224 0.00121175 0.00119224 0.00119225 0.00119224 0.00134739 0.00119225 0.00119225 0.00119225 0.00119287 0.00119266 0.00119224 0.00119224 0.00119224 0.00119224 0.00119225 0.00119225 0.00119224 343.633 0.00119224 0.00119225 0.00119225 0.00119225 0.00119569 0.00119225 0.00119328 0.00119573 83.5497 0.00119225 0.00119224 0.00119225 0.00119225 0.00119225 0.00119225 0.00119225 0.00119225 0.00119225 0.00119225 0.00119224 0.00119225 0.00119225 0.00119224 0.00119225 0.00132962 0.00119225 0.0011923 0.00142818 0.00119225 0.00119225 0.00119225 0.00122844 0.00119224 0.00119225 0.00119224 0.00119224 0.00119224 0.00119224 0.00119225 0.00119225 0.00121123 0.00119225 0.00119225 0.00119224 0.00119419 0.00119224 0.00119224 85.1708 0.00119225 9.98428 0.00119236 0.00122357 0.00119225 0.00119225 0.00119225 0.00119225 0.00119224 0.00119225 0.00119225 0.00119224 0.00119224 0.00119225 0.00119225 0.00119225 0.00119224 0.00121622 0.00119225 0.00119224 0.00119224 0.00119225 0.00119224 0.00119225 0.00119224 0.00119224 0.00119224 0.00119224 0.00119225 0.00119224 0.00119225 0.00119225 0.00119225 0.00119225 0.00119224 0.00119224 0.00119319 12.8432 0.00119224 0.00120259 0.00119225 0.00119225 0.00119225 0.00119225 0.00119224 0.00119225 0.00119224 0.00535532 0.00119225 0.00119225 0.00119281 0.00119806 0.00119225 0.00119225 0.00119225 0.00119225 0.00119224 0.00119224 0.00119225 0.00131151 0.00119224 0.00119225 0.00119224 0.00119225 0.00119225 0.00119225 0.00119225 0.00119225 0.00119225 0.00119225 0.00119225 0.00119224 0.00119225 0.00119224 0.00119325 0.00119225 0.00119224 0.00119224 0.00119225 0.00119224 0.00119227 0.00119225 0.00119224 0.00120488 0.00119225 31.2396 0.00119224 0.00119227 0.00119225 61.2708 0.00119225 0.00119225 0.00119225 0.00119225 0.00121018 0.00119224 0.00119224 0.00119224 0.00119627 0.00119225 0.00119224 0.00119224 0.00119225 0.00119224 0.00119225 0.00119225 0.00119224 0.00119659 0.00119225 0.00123473 0.00119224 0.00119224 0.00119224 0.00119225 0.00119225 0.00119224 0.00119225 0.00119224 0.00119224 0.00119224 0.0011925 0.00119225 0.00125439 10.6613 0.00119225 0.00119556 0.00119224 0.00119224 0.0012218 0.00119854 0.0011938 0.00119224 0.00119226 0.00119225 0.00119225 0.00119231 0.00119224 0.00121844 0.00119225 0.00119225 0.00119225 0.00119225 0.00119225 0.00119225 0.00119225 0.00119225 0.00119224 0.00119225 0.00124272 0.00119225 0.00119224 0.00119225 0.00119225 0.00119224 0.00119225 0.00119225 0.00119225 0.00119225 0.00119363 0.00119228 0.00119225 0.00119225 0.00119225 0.00119224 0.00121722 13.9483 0.00119225 0.00119225 0.00119225 0.00119224 0.00119224 0.00119225 0.00119224 0.00119225 0.00119225 0.00119224 0.00119224 0.00119322 0.00119224 0.00119225 0.00119224 0.00119225 0.00119224 0.00119224 0.00119225 0.00119225 0.00119225 31.7431 0.00119224 0.00119224 0.00119224 0.00119224 0.00119224 0.00119224 0.00119225 0.00119225 0.00119225 0.00119224 0.00119225 0.00119225 0.00119225 0.106578 0.00119225 0.00119225 0.00119225 0.00119225 0.00119225 0.00119224 0.00119225 0.00119225 0.00119225 0.00119229 0.00119224 0.00119225 0.00119225 0.00119224 0.00119224 0.00119225 0.00119225 0.00119225 0.00119224 0.00119225 48.1727 0.00119225 0.00119226 0.00119229 0.00119226 0.0012297 0.00119225 0.00119224 0.00119225 0.00119225 0.00119224 0.00119229 0.00119225 0.00119225 0.00119225 0.00119225 0.00119225 0.00119225 0.00119224 0.00119225 0.00119224 0.00119225 0.00119225 0.00119711 0.00119225 0.00119224 0.00123279 0.00119225 0.00119225 0.00119224 0.00119234 0.00119225 0.00119224 0.00119224 0.00119224 0.00119225 0.00119224 0.00119224 0.00119225 0.00119224 0.00119225 0.00119224 0.00125167 0.00119224 0.00119225 0.00119225 0.00119264 0.00119224 0.00119225 0.005653 0.00119225 0.00120366 0.00121964 0.00119225 0.00119224 0.00119224 0.00119244 0.00119225 0.00119224 0.00119225 0.0011996 0.00119224 0.00138946 0.00119225 0.00119225 0.00119225 0.00119224 0.00119225 0.00119225 0.00119225 0.00119237 0.00119225 0.00119224 0.00119225 0.00119224 0.00119721 0.00119224 0.0011923 0.00119224 0.00121931 0.00119225 0.00119675 0.00119225 0.00119225 0.00119225 0.00119267 0.00119224 0.00119224 0.00119224 0.00119224 0.00119953 0.00119225 0.00119224 0.00119224 0.00119225 0.00119225 0.00119225 0.00119224 0.00119224 0.00119956 19.0009 0.0012794 0.00119225 0.00119224 0.00119225 0.00119224 0.00119224 0.00119225 0.00119272 0.00119225 0.00119224 0.00119225 0.00677203 0.00119225 0.0012042 0.00119225 0.00119225 0.00119225 0.0012337 0.00119224 0.00119267 0.00119225 0.00119225 0.00119225 0.00119224 32.9935 0.00119225 0.00124267 0.00119225 0.00119225 0.00119227 0.00219449 0.00119253 0.00120492 0.00119225 0.00119225 0.00119224 0.00119225 0.00119225 0.00119225 0.00119225 0.00119224 0.00119224 0.00119678 0.00119224 0.00119498 0.00119224 0.00119225 0.00119225 18.1088 0.00119229 0.00119225 0.00119224 0.00119225 0.00119225 0.00119225 0.00119224 0.00119224 0.00119224 0.00119225 0.00119225 0.0012499 0.00119224 0.00122184 0.00119225 0.00119224 0.00119225 0.00119225 0.00119428 0.00119225 0.00119225 0.00119225 0.00120676 0.00119225 0.00119224 0.00119372 0.00119225 0.00119247 0.00119225 0.00119225 0.00119224 37.094 0.00119225 0.00119225 0.00119225 0.0011949 0.00119225 0.00119224 0.00119224 0.00119243 0.00119225 0.00119224 0.00119225 0.00119225 0.00119225 0.00119224 0.00119225 16.1043 0.00119224 0.00119225 0.00119225 0.00119224 0.00119225 0.00119225 0.00123103 0.00119225 20.0214 0.00119225 0.00119225 0.00119225 0.00119225 0.00119225 0.0121578 0.00119229 0.00119822 0.00119224 0.00119224 0.00119224 0.00119224 0.00119224 0.00119224 0.00119225 0.00119249 0.00123002 0.00119225 0.00119225 0.00119224 0.00119403 0.00119225 0.00119224 0.00119225 0.00119225 0.00119225 0.00119225 0.00119224 0.00119225 0.00119225 0.00119224 0.00119227 0.00119225 0.00119225 0.00119225 0.00119226 0.00119225 0.00119224 0.00119224 0.00119263 0.00119225 0.00119225 0.00119448 0.00119225 0.00119224 0.00119224 0.00119224 0.00119225 0.00128847 17.7303 0.00119225 0.00119225 0.00119225 0.00119225 0.00119225 0.00127982 0.00119225 0.00119228 0.00119225 0.00124935 0.00119225 0.00124931 0.00119225 0.00119225 0.00119225 0.00119225 0.0011929 0.00144498 0.00119225 0.00119224 0.00119225 0.00119225 0.00119234 0.00119224 0.00119226 0.00119224 0.00119225 0.00119224 0.00119225 0.00119225 0.00119225 0.00119224 0.00119224 0.00119224 0.00119225 0.00119225 0.00119224 0.00119225 0.00119225 0.00119232 0.00119225 0.00119224 0.00119225 0.00152068 0.00119224 0.00119225 0.0012899 0.00119224 0.00119233 0.00119225 0.00119225 0.00119224 0.00119225 0.00119225 0.00119225 0.00119437 0.00119225 0.00119224 0.00119225 0.00119226 0.00119224 0.00119224 0.00119225 0.00121049 0.00119225 0.00119224 0.00119225 0.00144464 0.00119225 0.00119225 0.00119225 0.00119224 0.00119225 11.3211 0.00119224 0.00119225 0.00119225 0.00119224 0.00119225 0.00119225 43.9877 0.00119225 0.00119225 0.00119367 0.00119225 0.00119225 0.00119225 0.00119225 0.00119224 0.00120617 0.00119225 0.00119225 0.00119225 0.00119225 0.00119248 0.00119234 0.00119225 0.00119225 0.00119225 0.00119285 0.00311361 0.00119224 0.00119224 0.00119224 0.00119224 0.00119225 0.00121109 0.00119225 0.00119224 0.00119225 0.00119225 0.00119231 20.9092 0.00119225 0.00119224 0.00119224 0.00119225 0.00119224 0.00121991 0.00119225 0.00119225 0.00119225 0.0026775 0.00119224 0.00119225 0.00119225 0.00119225 0.00130443 0.00119224 0.00119225 0.00119225 0.00119225 0.00119224 0.00119224 0.00119224 0.00119224 0.00119225 0.00119225 0.00121474 0.00119225 0.00119224 0.00119224 0.00119225 0.0012196 0.00119224 0.00119225 0.00119225 0.00119225 0.00119225 0.00119224 0.00119225 0.00119276 0.00119224 0.0012355 0.00119224 0.00125904 0.00119225 0.00119225 0.00121328 0.00119224 0.00119225 0.00119225 0.00209447 0.00119225 0.00119225 0.00119278 0.00119225 0.00119224 0.00119225 0.00119224 0.00119225 0.00130197 0.00125696 0.00119225 0.00119225 0.00119225 0.00119225 0.00119225 0.00123356 0.00119836 0.00119224 0.00119224 0.00119225 0.00119225 0.00119225 0.00119225 13.9007 0.00119224 0.00119225 0.00119225 0.00119225 0.00119251 0.00119224 0.00119225 0.00119224 0.00119224 0.00119225 0.00119224 0.00119464 0.00119225 0.00119225 0.00119226 0.00119224 0.00119225 0.00121964 60.0506 0.00119224 0.00119224 0.00119225 0.0012137 24.8801 0.00119224 0.00119224 0.00119225 0.00119225 0.00119225 0.00121017 0.00119224 0.00119224 0.00119224 0.00119225 0.00119225 0.00119224 0.00119225 0.00119225 0.00119224 0.00119224 0.00119225 0.00119225 0.00119224 0.00119224 0.00119225 3.04132 0.00119225 0.00119224 0.00119311 0.00119224 0.00119224 0.00119225 0.00119225 0.00119225 0.00119225 0.00119225 0.00119225 0.00119225 0.00119236 0.00119225 0.00119224 0.00119225 0.00119225 0.00132705 0.00119225 0.00119415 0.00122 0.00119225 0.00121761 0.00122456 0.00119225 0.00119225 0.00119224 0.00119299 0.00119225 0.00119225 0.00119225 0.00119232 0.00119225 0.00119224 0.00119224 0.00119225 0.00119224 112.805 0.00119224 8.59405 0.00119224 0.00119224 0.00119225 0.00119225 0.00119224 0.00119224 0.00119224 18.6148 0.00119224 0.00119225 0.00119225 0.00119225 0.00121433 0.00119224 0.00119225 0.00119224 0.00119224 0.00119225 0.00119236 0.00119225 0.00119311 0.00119227 0.00123474 0.00119225 0.00119225 0.00119225 0.00119225 0.00124909 0.00119225 0.0012113 0.00119225 0.00119224 0.00119224 0.00119224 0.00119225 139.512 0.00119228 0.00119225 0.00119225 0.00119225 0.00119225 0.00119224 0.00119225 0.00119225 0.00119946 0.00119225 0.00119225 0.00119225 0.00244427 0.00145556 0.00119224 0.00119225 0.00119224 0.00119225 0.00119224 0.00119224 0.00129452 0.00119225 0.00119225 0.00119225 0.00119224 0.00123064 0.00119224 0.00119239 0.00119225 0.00119866 0.00119315 0.00119225 0.00123913 0.00119224 0.0012056 0.00120265 0.00120641 0.00119224 0.00119225 0.00119225 0.00119225 0.00119224 0.00119225 0.00119225 0.00119224 0.00119225 0.00119225 0.00119224 0.00119228 0.00119411 0.00119225 0.00119224 0.00119232 0.00119225 0.00123061 0.00119453 0.00119225 0.00176504 0.00119224 0.00119225 0.00119224 0.00119224 0.00119224 0.00119225 0.00119224 0.00119225 0.00119403 0.00119224 0.00119225 0.00119225 0.00119224 0.00119225 0.00119225 0.00119224 0.00119224 0.00119224 0.00119225 0.00119224 0.00119224 0.00119225 0.00119224 0.00119225 0.00119885 0.00119225 0.00119225 0.00119225 0.00223559 0.00119225 0.00119827 0.00119225 0.00119225 0.00119225 0.00119225 0.00119224 0.00119225 0.00119225 0.00119225 0.00119225 0.00119224 0.00119225 0.00119225 0.00119225 0.00119224 0.00119224 0.00121464 0.00119225 0.00125985 0.00119224 0.00119225 0.00119224 0.00119224 141.919 0.00119224 0.00119225 0.00119224 0.00119224 0.00119225 0.00119224 0.00119225 0.00121115 0.00119225 0.00119225 0.00119224 0.00119225 0.00119225 0.00119225 0.00119241 0.00121963 0.00119231 0.00123316 39.3309 0.00119281 0.00119225 0.00119225 0.00119256 0.00119224 0.00119225 0.00119225 0.00119224 0.00119225 0.00119224 0.00119225 0.00127523 0.00119225 0.00119224 0.00119442 0.00119225 0.00119225 0.00119225 0.00119226 0.00119225 0.00119225 0.00119225 0.00119225 0.00119225 0.00119225 0.00119225 0.00125241 0.0012439 0.00124376 0.00119224 7.54562 0.00119225 0.00119224 0.00119225 0.00131408 0.00119224 0.00119224 0.00119224 0.00119224 0.00119224 0.00119239 0.00119224 0.00119225 0.00119225 0.00119225 0.00119224 0.00119226 0.00119225 0.00119224 0.00119288 0.00119225 0.00119224 0.00119225 0.00119225 0.00119225 0.00119224 0.00119229 0.00119225 0.00119225 0.00119224 0.00119224 0.0011931 109.088 0.00119225 0.00119224 0.00119224 0.00119224 0.00119225 0.00120993 0.00119411 0.00119225 0.00119225 0.00119225 0.00119225 0.00119224 0.00119224 0.00119224 0.00120558 0.00119225 0.00119224 0.00119224 0.00119225 0.00119225 0.00119225 0.00119225 0.00119225 0.00119225 0.00119224 0.00119225 0.00119224 0.00119224 0.00119225 0.00119224 0.00119224 0.00119225 0.00119225 0.00119224 0.00119224 0.00119225 0.00119225 0.00119224 0.00119225 0.00119224 0.00119225 0.00119237 0.00119225 0.00119224 0.00121157 0.00136577 0.00119224 0.00119225 0.00119224 0.00122184 0.00119224 0.00119225 0.00119225 34.2722 0.00119225 0.00119224 0.00119224 0.00119224 0.00119224 0.00119224 0.00119225 0.00119253 0.00119224 0.00119224 0.00119225 0.00124005 0.00119224 0.00119225 0.00119224 0.00119225 0.00292091 0.00119225 0.00119225 0.00119224 0.00119225 0.00119225 0.00121159 27.8985 0.00119225 0.00119225 0.00119225 0.00119225 77.6981 0.00119224 0.00119225 0.00119225 0.00119225 0.00119225 0.00119225 0.00119224 0.00119225 0.00121109 0.00119225 0.0392139 0.00119224 0.00119225 0.00119225 0.00119225 0.00119224 0.00119225 0.00119232 0.00128432 0.00119224 0.00119225 0.00119225 0.00119224 0.00119225 0.00124469 0.00119225 0.00119225 0.00119235 0.097339 0.00119373 0.00119224 0.00119225 0.00119225 0.00119224 0.00119225 0.00119225 0.00119225 0.00119224 0.00119224 3.20134 0.00119225 0.00119224 0.00119225 0.00119225 0.00119319 0.00119224 0.00119225 0.00119224 0.00119293 0.00126936 0.00119224 0.00119225 0.00119224 0.00119225 0.00119225 0.00119225 0.00119225 0.00119224 0.00120223 0.00119225 0.00119363 0.0011923 0.00119225 0.00119224 0.00119235 73.962 0.00119225 0.00119224 0.00119233 0.00119258 0.00119224 0.00119224 0.00119225 0.00119225 0.00119225 0.00119224 0.0011923 0.00119225 0.00119224 0.00119224 0.00119224 0.00119225 0.00119225 74.9223 0.00119225 0.00119225 0.00119225 0.00119224 0.00119225 0.00119225 0.00119224 0.00119225 0.00119225 0.00119727 0.00119225 0.00119236 0.00119225 0.00119224 0.00119224 0.00119225 0.00119225 0.00119225 0.00119225 0.00119231 0.00119229 0.0011923 0.00123295 0.00119225 0.00119225 0.001218 5.6584 0.00119224 0.00119225 0.00119224 0.00119348 0.00119225 0.00119263 0.00119225 0.00120381 0.00119225 0.00119298 0.00119225 0.00119225 0.00119225 0.00119225 0.00119225 0.00119224 0.00119224 0.00119225 0.00119225 0.00119225 0.00119225 0.00119225 0.00119224 0.00119225 0.00119288 0.00119225 0.00119225 0.00119229 0.00119225 0.00119225 0.00119225 0.00126461 0.00119225 0.00119225 0.00119225 0.00119225 0.00119225 0.00119224 0.00119225 0.00119237 0.00119225 0.00119224 0.00119263 0.00119225 0.00119225 0.00134692 0.00119225 0.00119225 0.00119225 0.00119225 0.00119225 0.00119225 0.00119506 0.00119225 0.00119225 0.00119225 0.00119503 348.964 25.1425 0.00119229 0.00120522 0.00119438 0.00119224 0.00119225 0.0011923 0.00119224 0.00123787 0.00119225 0.00119225 0.00119225 0.00119225 0.00119225 0.00119225 0.00119225 0.00119224 0.00119225 0.00119312 0.00119225 0.00119224 0.00121996 0.00119261 0.00119225 0.00119225 0.00119224 0.00119224 0.00119225 0.00119225 0.00119225 0.00119225 0.00119268 0.00119225 0.00119225 0.00119225 0.00119225 0.00119224 0.00119224 0.00119225 0.00119224 0.00119225 0.00119225 0.00119224 0.00119225 0.00119225 0.00119225 0.00119224 0.00119224 83.6933 0.00119225 0.00119225 0.00119224 0.00122174 0.00119225 0.00119224 0.00119225 0.00119225 0.00119225 0.00121263 0.00119224 0.00121114 0.00119225 0.00119225 0.00119225 0.00119225 0.00119225 0.00119224 0.00119224 0.00119224 0.00119225 0.00119225 0.00119225 0.00119224 0.00119225 0.00119225 0.00119224 0.00119224 0.00119224 0.00119225 0.00119225 0.00119225 0.00119224 0.00119225 0.00119226 0.00122041 0.00119224 0.00119225 0.00119225 0.00119225 0.00119224 0.001303 0.00119225 0.00119225 0.00119225 0.00119225 0.00119225 0.00119225 0.00119225 0.00119224 0.00119225 0.00119225 0.00119225 0.0012457 0.00119224 0.00119224 0.00119225 0.00119225 0.00119226 0.00119225 19.9273 0.00119224 0.00119224 0.00119224 0.00119225 0.00119225 0.00119225 0.00119261 0.00119224 0.00119225 0.00119224 0.0012292 0.00119225 0.00119225 0.00119256 0.00119225 0.00120184 0.00119225 51.7455 0.00119225 0.00133455 0.00124869 0.00119225 0.00119225 0.00119225 0.00119225 0.00119303 0.00119224 0.00119224 0.00119231 0.00129663 0.00119229 0.00119225 0.00119225 0.00119267 0.00119225 0.00119225 0.00119225 0.00119225 0.00119225 0.00119224 0.00119225 0.00119225 0.00119225 0.00119224 0.00119225 0.00149566 0.00119225 0.00119225 0.00119236 0.00119224 0.00119225 0.00119224 0.00119406 0.00121856 0.00119225 0.00119225 0.00119224 0.00119494 0.00119233 0.00119225 0.00119225 0.00119225 0.00119225 0.00119225 0.00119225 0.00119748 0.00119224 0.00119225 0.0011928 0.00119225 0.00119225 0.00120583 0.00135213 0.00119225 0.00121229 0.00119225 0.00119224 55.3951 0.00119431 0.00119224 0.00119225 0.00119225 0.00119225 0.00119225 0.00119225 0.00119224 0.00119225 0.00119224 0.00119225 0.00119224 0.00119224 0.00119225 0.0011924 0.00119224 0.00119225 0.0011923 0.0011923 0.00121162 0.00119225 0.00119225 0.00120606 0.00125461 0.00119225 0.00119224 0.00119559 0.00119239 0.00119225 0.00131829 0.00119225 0.00119225 0.00119225 0.00119225 0.00119225 0.00119225 0.00119224 0.00119529 0.00119225 7.54618 0.0011923 0.00119224 0.00119225 0.00119224 0.00119224 0.00119226 0.00119225 0.00119224 0.00119224 0.00119224 0.00119224 0.00120419 0.00119224 0.00119225 0.00119225 0.00119225 0.00119225 0.00119224 0.00119224 0.00119224 0.00131068 0.00119225 0.00119224 0.00119225 0.00119225 0.0011935 0.00119225 0.00119225 0.00119225 0.00127237 0.00119225 0.00119224 0.00119281 0.00119225 0.00119225 0.00119791 0.00119224 0.00119225 0.00119225 0.00119225 0.00119225 0.00119225 0.00119225 0.00119225 0.00119289 0.00119225 0.00119224 0.00119224 0.00122213 0.00119225 0.00119224 0.00119225 0.00119224 0.0011923 0.00119225 0.00119224 0.00119224 0.00119232 0.00119225 0.00119224 0.00119224 0.00119225 0.00119224 0.00119225 0.00121994 0.00119225 0.00119225 0.00119225 0.00119224 0.00119225 0.00119225 0.00119225 0.00119225 0.00119224 0.00161317 0.00119225 0.00119225 12.9953 0.00119225 0.00119474 0.00119226 0.00119535 0.00119224 0.00119225 0.00119253 0.00119224 0.00119224 0.00119225 0.00119225 0.00169616 0.00119225 0.761682 0.00119844 0.00126298 0.00119224 0.00119225 0.00119225 0.00119225 0.00119224 0.00119225 0.00119225 0.00119224 0.00119224 0.00119317 0.00119225 0.00119565 0.00119224 0.00119224 0.00119225 0.00119225 0.00119225 0.00119225 0.00119224 0.00119225 0.00119225 0.00119765 0.00119224 0.00119224 58.4611 0.00119225 0.00119224 0.00119225 0.00119225 0.00119232 0.00119225 0.00119224 0.00119225 0.00119225 0.00119225 0.00119225 0.00119225 0.00119225 0.00119225 0.00119225 0.00136397 0.00119226 0.00119224 0.00119225 0.00119225 0.00119225 0.00119225 0.00119224 0.00119333 0.00159575 0.00119225 0.00119224 0.00119225 0.00119225 0.0463122 0.00119224 0.00119225 0.00415073 0.00119224 0.00119225 0.00119225 0.00119225 0.00119344 0.00119225 0.00119225 0.00119224 0.00119225 0.00119261 0.00119224 0.00119225 0.00119224 0.00119225 0.00119413 0.00119225 0.00119224 0.00119224 0.00119225 0.00119224 0.00119225 0.00119225 0.00119225 0.00119225 0.00119226 0.00119224 0.00119287 0.00141722 0.00119311 0.00119224 0.00119225 0.00119224 0.00137542 0.00119225 0.00119243 0.00119225 0.00119225 0.00119245 0.00141662 0.00119225 0.00119225 0.00119225 0.00119225 30.4626 0.00119224 0.00119225 0.00119225 0.00119225 0.00119224 0.00119229 0.00119225 0.00119284 0.00119225 0.00119224 0.00119225 0.0011925 0.00119233 0.00119225 0.00119225 0.00119225 0.00119224 0.00119225 0.00119224 0.00125121 0.00119225 0.00119225 0.00132 0.00119225 0.00119225 0.00119308 0.00119225 0.00123147 0.00119225 0.00119225 0.00119308 0.00119224 0.00119225 0.00119225 0.00119262 0.00119225 0.00119225 0.00119224 0.00119225 0.00119225 14.3112 0.00119225 0.00119224 0.00119225 0.00128917 0.00119224 0.00119225 0.00119225 0.00119225 0.00119224 0.00119225 0.00119225 0.00119225 0.00119231 0.00119224 0.00119225 0.00119225 0.00119333 0.00119225 0.00119224 0.00119264 0.00119909 26.2377 0.00119231 0.00119224 0.00119224 0.00119225 0.00119224 0.00119225 0.00119225 0.00119225 0.00119224 0.0012142 0.00119225 0.00119224 0.00128871 0.00119225 31.0296 0.00119225 0.00119225 0.00119224 0.00119224 0.00119225 42.8769 0.00119225 0.00119225 0.00120333 0.00119224 0.00119225 0.00119225 0.00119225 0.00128161 0.00119225 0.00145204 0.00119225 0.00119224 0.00119225 0.00119224 0.00119225 0.00119225 0.00129443 0.00119224 0.00119225 0.00119225 0.00119225 0.00119224 0.00119225 0.00119224 0.00119224 0.00119224 0.00119225 0.00119225 0.00119225 0.00119225 0.00119225 0.00119224 6.65602 0.00119225 0.00119225 0.00119225 0.00119224 0.00119225 0.00119224 0.00119224 0.0011924 0.00119225 0.00864904 0.00119224 0.00119245 0.00119225 0.00119224 0.00119225 0.00119224 0.00119225 0.00119224 0.00119225 0.00265515 0.00119225 0.00119224 0.00119224 0.00119224 0.00119264 0.00119225 0.00119225 0.00119236 0.00119225 0.0011926 0.00119225 0.00119225 0.00119225 0.00119225 0.00119224 0.00119225 0.00119225 0.00148653 0.00119225 0.00119225 0.00119225 0.00119225 0.00125795 0.00119224 0.00119225 0.00119224 0.00119225 0.00119225 0.00119225 0.00119225 0.00119225 0.00119224 0.00119224 0.00119225 0.00119225 0.00119224 0.00119225 0.00119225 0.00119225 0.00119225 0.00119225 0.00119481 0.00119224 0.00119521 0.00119224 0.0012419 0.00119224 0.00119225 0.00119224 0.00119224 0.00119225 0.00119225 0.00119225 0.00119225 31.9221 11.7911 0.00119224 0.00119225 0.00119225 0.00119224 0.00119225 0.00119225 0.00119224 0.00120215 0.00119225 0.00119225 0.00119225 0.00119224 0.00119607 0.00120035 0.00119224 0.00119225 0.00119224 0.00119225 0.00119225 0.00119225 0.00119488 0.00119225 0.00119225 0.00119225 0.00119225 0.00119225 0.00119225 0.00119225 0.00119224 0.00119224 0.00119224 0.00119225 0.00119225 0.00119229 0.00119225 0.00119224 0.00119225 0.00122735 0.00119225 0.00119224 0.00119253 0.00119224 0.00119225 62.5113 0.00119678 0.00119225 0.00119224 0.00119225 0.00119224 0.00119446 0.00150068 0.00119224 0.00120643 0.00119225 0.00119225 0.0011923 0.00119224 0.00119224 0.00119225 0.00119969 0.00119225 0.00119225 0.00119224 0.00119225 0.00119225 0.00119225 0.00119224 0.00119225 0.00119225 0.00119224 0.00119225 0.00119224 0.00119593 0.00119225 0.00119224 0.00119225 0.00119225 0.00119225 0.00119225 0.00119225 0.00119225 0.00119224 0.00119228 6.05836 0.00119224 0.00119225 71.945 125.711 0.00119243 0.00119225 0.00119344 0.00119236 0.00119225 0.00119225 0.00119225 0.00119224 0.00120545 0.00119225 0.00119225 0.00119224 0.00119225 0.00119225 0.00119224 0.00119224 0.00119225 0.00119225 0.00119225 0.00119224 0.0012877 0.00119224 0.00122367 0.00119224 0.00119225 0.00119225 0.00119224 0.00119224 0.00119225 0.0011926 0.00124628 0.00127982 0.00119224 0.00121853 0.00119225 0.0011923 0.00119627 0.00119225 0.00119225 20.2559 0.00119239 0.00119225 0.00119225 0.00119225 0.00119224 0.00119224 0.00119225 0.00119224 0.00119224 0.00119225 0.00119224 0.00119362 0.00119224 0.00119225 0.00119225 0.00119225 0.00119225 0.00120548 0.00119677 0.00119224 0.00119224 0.00119224 231.851 0.00120575 0.00119848 0.00119225 0.0011923 0.00119225 0.00119225 0.00119224 0.00119225 0.00119225 0.00119224 0.00119225 0.00119224 0.00119226 0.00119225 0.00119225 0.00119225 0.00119224 0.00119225 59.0979 0.00123405 0.00119225 0.00119225 0.00869596 0.00119225 0.0015588 0.00119309 0.00119225 0.00134532 0.00119225 0.00119225 0.00127231 0.00119225 0.00119224 0.00119224 0.00119225 0.00119225 0.00119225 0.00119224 0.0016475 0.00119224 0.00119225 0.00119225 0.00119224 0.00119225 0.00119225 0.00119224 0.00119225 0.00128201 0.00119224 0.00119224 0.00119225 0.00119225 0.00119468 0.00119224 0.00121093 0.00120928 0.00119224 0.00119225 0.00119232 0.00119231 0.00119276 0.00119229 0.00119224 0.00122468 0.00122506 0.00119224 57.4394 0.00119228 0.0011926 0.00119224 0.00119224 0.00119224 0.00119225 0.00119224 0.00119225 0.00119224 0.00119224 0.00119225 0.00119224 0.00119225 0.00119483 7.90929 0.00119224 0.00119225 0.00119315 0.00119224 0.00119224 0.00119224 0.00119225 0.00119224 0.00119224 0.00119224 0.00119224 0.00119224 0.00119225 103.907 0.00120043 0.00119225 0.00119225 0.00119227 0.00119224 0.00119225 0.00119225 0.00119225 0.00119224 0.00119224 0.00119225 0.00119225 0.00119225 0.00119225 0.00119225 0.00119225 0.00119224 0.00119225 0.00119225 0.00119225 0.00119225 0.00119224 0.00119269 0.00119224 0.0012557 0.00119225 0.00119225 0.00119224 0.00119224 0.00119225 0.00119225 0.00119224 0.00119225 0.00119225 0.00126285 0.00119225 0.00119225 0.00119225 0.00141445 0.00119225 0.00119225 0.00119224 0.00119379 0.00119225 0.00131906 0.00119225 0.00119225 0.00123626 0.00119225 0.00119225 0.00119224 0.00119225 0.00119225 0.00119225 27.979 0.00119225 0.00119224 0.00119225 0.00119225 0.00119372 0.00127984 0.00119225 0.00119225 0.00119224 0.00119435 0.00119224 0.00119225 0.00119225 0.00123769 0.00119246 0.00121285 0.00119225 0.00119224 0.00119225 0.00120567 0.00119225 0.00119225 0.00119224 0.00119225 0.00119224 0.00119389 0.00119225 0.00119225 0.00119224 0.00119225 0.00119284 0.00119225 0.00119224 0.00119225 0.00119225 0.00119225 0.00119225 0.00119225 0.00119225 0.00119225 0.00119224 0.00119225 0.00119225 0.00119225 0.00119224 0.00119533 0.00119225 0.00121339 0.00119225 0.00119225 0.00119224 0.00119225 0.00119225 0.00119226 0.00119224 0.00119225 0.00119225 0.00119225 0.00119225 0.00119225 0.00119224 0.00119224 19.1612 0.00119225 0.00119226 0.00119226 0.00119225 16.1827 0.00119224 0.00119224 0.00119224 0.00119225 0.00119224 10.4131 0.00119236 0.00119225 0.00119224 0.00119224 0.00119933 0.00119225 0.00119224 0.00119224 0.00119224 0.00119225 0.00119225 0.00119224 0.0012162 0.00119225 0.00119225 0.00119224 0.00119225 0.00119236 0.00119225 0.00119225 0.00124576 0.00120354 0.00119225 0.00119225 0.00119224 0.00119224 0.00119224 0.00119225 0.00119224 0.00119225 0.00119225 0.00119231 0.00119225 0.00122359 0.00119231 0.00119225 0.00119224 0.00119224 0.00119225 0.00119225 0.00119225 0.00119503 0.00119225 0.00119225 0.00119225 0.00119225 0.00123119 0.00119225 0.00119225 0.00119224 0.00119225 0.00119225 0.00119236 0.00119255 0.00119225 0.00119225 0.00119225 0.00119224 0.00119225 0.00119225 0.00119225 0.00119225 0.00119225 0.00119225 0.00119225 0.00119225 0.00124471 0.00119225 0.00119225 0.00119225 0.00119225 0.00119224 0.00119227 0.00119225 0.00119312 0.00119225 0.0290573 0.00119224 0.00119224 0.00119225 0.00119224 0.00119224 0.00119224 0.00119225 0.00119225 0.00119234 0.00119225 0.00119225 0.00119224 0.00119224 0.00119225 0.00119225 0.00119224 0.00119224 0.00119239 0.00119228 0.00119225 0.00119225 0.00119224 0.00119224 0.00119225 0.00119227 0.00119224 0.00119225 0.00119225 0.00119224 0.00119755 0.00119225 0.00119224 0.00119225 0.00119225 0.00119224 0.00130002 0.00119225 0.00119231 0.00126141 0.00125012 0.00119225 0.00120265 0.00119225 0.00119225 0.0022122 0.00119225 0.00119225 0.00119225 0.00119225 0.00119225 0.00119225 0.00119225 0.00119225 0.00119225 0.00119225 0.00119225 0.00119224 0.00119224 0.00119224 0.00119224 0.00119225 0.001292 0.00119224 0.00119225 0.00119224 0.00119509 0.00119225 0.00119225 0.00119938 0.00119225 0.00119225 0.00119225 0.00119225 0.00119225 0.00119706 0.00119224 0.00119225 0.00119224 0.00119224 0.00120574 0.00119225 0.00119224 0.00121685 0.00119225 0.00127492 0.00119225 0.00119224 0.00119225 0.00119225 0.00119225 0.00119224 0.00119224 0.00119225 0.00119259 0.00119225 90.8262 0.00119224 0.00119225 0.00119225 0.00119225 0.00119387 26.728 0.00119225 0.00119224 0.00119316 0.00120504 0.00119225 0.00119225 0.00119224 0.00119225 0.00119226 0.00134486 0.00119225 0.00119305 0.00119225 0.00119224 0.00119225 0.00119224 0.00119225 0.00119225 0.00119225 0.00119225 0.00119225 0.00119225 0.00119226 0.00119225 0.00119225 0.00119225 0.00119226 0.00119225 0.00119224 0.00119224 0.00119224 0.00119225 0.00119224 0.00119224 0.00121891 22.7863 0.00119225 0.00119225 0.00119224 0.00119224 0.00119225 0.00119224 0.00119225 0.00119324 0.00119224 0.00119224 0.00119225 0.00122685 0.00119225 0.00119225 0.00119448 0.00119225 0.00119505 0.00119224 0.00119225 0.00119225 0.00119225 0.00119225 0.00119233 0.00119224 0.00119224 0.00119225 0.00119224 0.00119226 0.00119225 0.00125139 0.00119225 0.00119227 0.00119224 0.00119224 0.00119224 0.00119225 0.00119224 0.00119225 0.00119224 0.00229068 0.00119225 0.00119382 0.00119225 0.00119228 0.00120226 0.00119225 0.00119225 0.00119225 0.00119225 0.00119224 0.00138004 0.00119225 0.00119225 0.00119225 0.00119278 0.00119225 0.0011925 0.00119225 0.00119755 14.3639 0.00119225 0.00119225 0.00119294 0.00121638 0.00119225 0.00120571 0.00119224 0.00119225 0.00119226 11.3211 0.00119225 0.00119225 2.00179 0.00119225 0.00119225 0.00119225 0.00119225 0.00119225 0.00119224 0.00119225 0.00189668 0.00119224 0.00119225 0.00119225 0.00119225 0.00119225 0.00119874 0.00119273 0.00119225 0.00119224 0.00119225 0.00119289 0.00119225 0.00119225 0.00119225 0.00119225 0.00119224 0.00119224 0.00119225 0.00119224 0.00119224 0.00119225 0.00119224 0.00119224 0.00119225 0.00122811 2.25242 0.00119224 0.00119225 0.00119225 0.00119239 0.0012522 0.00119225 0.00119225 0.00119225 0.00119224 0.00119225 0.00119224 0.00119225 0.00119224 0.00119225 0.00119226 0.00119224 0.00119224 0.00119224 0.00119225 0.00119224 0.00121867 0.00119974 0.00119224 0.00119224 0.00119225 0.00119225 0.00119225 0.00119225 0.00119224 0.00119224 590.831 0.00119225 0.00119224 0.00119225 0.00119225 0.00119225 0.00122126 0.00119225 0.00119224 0.00124659 115.769 0.00119225 0.00119225 0.00119225 0.00119227 0.201387 0.00119225 0.00119224 0.00119224 0.00119224 0.00119236 0.00119225 0.00119225 0.00119225 0.00119225 0.00119294 0.00124384 0.00119224 0.00119224 0.00119225 0.00119938 0.00119225 0.00119227 0.00119275 0.00119224 0.00119225 0.00125282 0.00119224 0.00119225 0.00119225 0.00119224 0.00119225 0.00119224 0.00119225 0.00119225 0.00119225 0.00119269 0.00119225 0.00119225 0.00119225 0.00119225 0.00119281 0.00119225 0.00119225 0.00119226 0.00119225 0.00119224 0.00119224 0.00119225 0.00119225 0.00133506 0.00119485 0.00119225 0.00119225 0.00119225 0.00119225 0.00119224 0.00119225 0.00119224 0.00119225 0.00119224 0.00119224 0.00119225 0.00119225 0.00119224 0.00119224 0.00119225 0.00119224 0.00119224 0.00119247 0.00119224 3.20385 0.00119224 0.00119224 0.00119225 0.00119224 0.00119225 0.00119225 0.00119225 0.00119225 0.00119225 36.2123 0.00119225 0.0015438 0.00119225 0.00119225 0.00119225 0.00119224 0.00119225 0.00119224 0.00119224 0.00119224 0.00119225 0.00125834 0.00119225 0.00119225 0.00119225 0.00119224 0.00119225 0.00119224 0.00119225 0.00119224 0.00119224 0.00119224 416.762 0.00120774 49.8366 0.00119225 0.00119225 0.00119225 0.00119225 0.00119225 0.00119227 0.00119225 0.00119225 0.00119224 0.00119364 0.00119224 0.00119224 0.00119228 0.00119224 0.00119225 0.00119225 0.00119225 0.00119225 0.00179843 0.00119225 0.00119225 13.5959 0.00120023 0.00119224 0.00119225 0.00119224 0.00119225 0.00119225 0.00119225 0.00119225 0.00119224 0.00122492 0.00119225 26.827 0.00119225 0.00119243 0.00119273 0.00119224 0.00119225 0.00119225 0.00119242 0.0012348 0.00119224 0.00119341 35.2495 0.00119242 0.00119225 0.00119225 0.00119224 0.00119225 0.00119225 0.00119225 0.00119224 0.00119232 0.00119225 0.00120194 0.00119225 0.00119334 0.00119225 0.00119225 0.00119225 0.00119224 0.00119224 0.00119792 0.00119225 0.00119225 0.00119224 0.00119225 0.00119225 0.00119224 0.00119224 0.00119226 0.00119225 0.00119225 0.00119225 0.00119224 0.00119225 0.00123988 0.00126851 0.00119235 0.00119225 0.00119225 0.00119225 0.00131179 0.00119225 0.00119225 0.00119224 0.00119224 0.00119225 0.00119225 0.00119224 0.00119224 0.00119224 0.00119293 0.00119226 0.00120443 0.00119225 0.00119225 0.00119224 0.00119225 0.00120259 0.00119225 0.00119225 0.00119225 0.00119225 0.00119224 0.00124885 0.00119224 0.00119364 0.00119225 0.00119225 0.00119224 0.00119225 0.00119225 0.00119225 0.00119224 0.00119225 0.00121919 0.00119322 0.00119225 0.00119531 0.00119225 0.00119225 0.00119225 0.00119225 0.00119225 0.00122024 0.00119233 0.00119225 0.0011927 0.00144003 0.00119225 0.00119225 0.00119224 0.00119224 0.00119224 0.00119225 0.00119224 0.00119226 0.00119225 0.0011985 0.00119225 0.00119225 0.00119224 0.00119224 0.00119225 0.00119225 0.00119426 0.00119227 34.2525 0.00119224 0.00119239 0.00119225 0.00119225 0.00120627 0.00119225 0.00119224 0.00119225 0.00122379 0.00119225 0.00119224 0.00119225 0.00119224 0.00119225 0.00119225 0.00119225 0.00119225 0.00119224 0.00119225 0.00119225 0.00119225 0.00127668 67.0476 0.00119225 0.00119225 0.00119225 0.00119225 0.00119224 0.00119224 0.00119224 0.00119225 0.00202005 0.00119224 0.00119225 0.00119225 0.00119225 0.00119777 0.00119349 0.00119231 0.00119224 0.00119224 0.00119225 0.00119224 0.00119225 0.00119225 0.00119224 0.00119224 0.00124543 0.00119225 0.00119224 0.00119225 0.00119224 0.00119225 0.00119225 0.00119225 0.00119224 0.00119224 130.767 0.00119464 0.00119224 0.00119232 0.00119225 9.87014 0.00119224 0.00119224 0.00119225 0.00119224 0.00119298 0.00119224 0.00119225 0.00119225 0.00119225 0.00119224 0.00119225 0.00119225 0.00119224 0.00119225 0.00119225 0.00119279 0.00119224 0.00119224 0.00119787 29.959 0.00119225 0.00119225 0.00119225 0.00121037 0.00119225 0.00119225 0.00119353 0.00119225 0.00119225 0.00119225 0.00119225 0.00119224 0.00120759 0.00119225 0.00119225 0.00119224 0.00119225 0.00119225 128.368 0.00119225 0.00119224 0.00119225 0.00119224 0.00119224 0.00119225 0.00119225 0.00119224 0.00119225 0.00244644 0.00119225 0.00119225 0.00119593 0.00119225 0.00120321 0.00119225 0.00119224 0.00119228 0.00119225 0.00119225 0.00119225 0.00119224 0.00119225 0.00119224 0.00128646 0.00119709 0.00119226 0.00119227 0.00121601 0.00119225 0.00119225 0.00119225 0.00119225 0.00119243 0.00119225 0.00119225 0.00119225 0.00119224 0.00119224 0.00119247 0.00119224 0.00119225 0.00119376 0.00119225 0.0012018 0.00119225 0.00119224 0.00119225 0.00119225 0.00119231 0.00119224 0.00119224 0.00119225 0.00119225 0.00119224 0.00119224 0.00119224 0.00119226 0.00119225 0.00119225 0.0011923 0.00119224 0.00119225 0.00119225 0.00119225 0.00119225 0.00119225 0.00119278 0.00119225 0.00144595 0.00119225 0.00270026 0.00119225 0.00119225 0.00119224 0.00119231 0.00119225 0.00119224 0.00119225 0.00120107 0.00119224 0.00119225 0.00120969 0.00119225 0.00119224 0.00119225 0.00119224 0.00119225 0.00119225 0.00119286 0.00119225 0.00119225 0.00119225 0.00119224 0.00119224 0.00123328 0.00119224 0.00119225 0.00119224 0.00119224 0.00119225 0.00119224 0.00119225 0.00119224 0.00119225 0.00119239 0.00119225 0.00119224 35.069 0.00120894 0.00119224 0.00119224 0.00119225 0.00119224 0.00119224 0.00119224 0.00119225 0.00119225 0.00119224 0.00119225 0.00119224 0.00119225 0.00120233 0.00119225 0.00119225 0.00119225 0.00119224 0.00119225 0.00119225 0.00119242 0.00119225 0.00119225 0.00119224 0.00119225 0.00119225 0.00119224 0.00119225 0.00119224 0.00119225 135.586 0.00119224 0.00119225 0.00119225 0.00119225 0.00119225 0.00119224 0.00119228 15.2342 0.00119224 0.00119225 0.00119225 0.00119225 0.00119225 0.00119225 0.00119225 0.00119225 0.00119225 0.00119226 0.00119225 0.00119226 0.00119225 0.00119225 0.00119225 0.00119224 0.00119939 0.00119224 0.00119225 0.00119225 0.00150859 0.00119225 0.00119225 35.4489 0.00119225 0.00119224 0.00119225 0.00119224 0.00119225 0.00119233 0.00122385 0.00119225 0.00119224 0.00119225 0.00119224 0.00119225 0.00119229 0.00119225 0.00121513 0.00119225 0.00119225 0.00119225 0.00119224 0.00119224 0.00119224 0.00119236 0.00119225 0.00119225 0.00119225 0.00119225 0.00124585 0.00119225 0.00119224 0.00119225 0.00119225 0.00119225 0.00119224 0.00119613 0.00119224 0.00119224 0.00119225 0.00119225 0.00120051 0.00119227 0.00119234 0.00119225 0.00119224 0.00119225 0.00119225 0.00119224 0.00119224 0.00119225 0.00124796 0.0011971 0.00119225 0.00119224 0.00119224 0.00119225 0.00119225 0.0121564 0.00119225 0.00119225 0.00119225 0.00119256 0.00119225 0.00119224 0.00119224 0.00119225 0.00119224 0.00119224 0.00119225 0.00119225 0.00119225 0.00119224 0.00119225 0.0012014 0.00119225 0.00119225 0.00169644 0.00119224 0.00119665 0.00119225 0.00119225 0.00119236 0.00119225 0.00119225 0.00119224 0.00121991 0.00119225 0.00119489 0.00119225 0.00119225 0.00123428 0.0141781 0.00119225 0.00119224 0.00119225 0.00119225 224.505 0.00119225 0.00119225 0.00119225 0.00119224 0.00119225 0.00119227 0.00119225 0.00119225 0.00119225 0.00119224 0.00119224 0.00119225 0.00119224 0.00119225 0.00119225 0.00119226 0.00119224 0.00119224 0.0011925 0.00119225 0.00119224 0.00119224 0.00119227 0.00119224 0.00119225 0.00119225 0.00119224 0.00121786 0.0011923 0.00119225 0.00119225 0.00119224 0.00119225 0.00119224 0.00119225 166.654 0.00119225 0.00119225 0.00119224 0.00119237 0.00121813 0.00119225 0.00119225 0.00119224 0.00119224 0.0012241 0.00119224 0.00119225 0.00119225 0.00119225 0.00119224 0.00119225 0.00119225 0.00119225 0.00119878 0.0012209 0.00119224 0.00119224 0.00119225 0.00119225 0.00128774 0.00119225 0.00119224 0.00119224 0.00119225 0.00119224 0.00119225 0.00119224 0.00119225 0.00119225 0.00119225 0.00119224 0.00119235 0.00119224 0.00119225 0.00119225 0.00119224 0.00121498 0.0011923 0.00119225 0.00119224 0.0012825 0.00119225 0.00119274 0.00119225 0.00119225 0.00119224 0.00119225 0.00119224 0.00119225 0.00119224 0.00119224 0.00119225 0.00119225 86.9734 0.00119225 0.00119224 0.00119225 0.00119294 0.00119224 0.00119224 0.00119225 0.00119224 0.00127146 0.00123519 0.00119224 0.00119225 0.00119225 0.00119225 0.00119227 0.00119225 0.00119694 0.00119225 30.5383 0.00119224 0.00119225 0.00119224 0.00119224 0.00119225 0.00119225 0.00119225 0.00119225 0.00119224 0.00119225 0.00119225 0.00119225 0.00119227 0.00119225 0.00119224 0.00120235 0.00119225 0.00119225 0.00121627 0.00119224 0.00119224 0.00119224 0.00119225 0.00119224 0.00119225 71.4202 0.00119225 0.00119224 0.00119225 0.00119225 0.001193 0.00119224 0.00119224 0.00119462 0.00119225 0.00119225 0.00121119 0.00119224 0.00119235 153.58 0.00122202 0.00119225 0.00119225 0.00119229 0.00130775 0.00119225 0.00119225 0.00119232 0.00119225 0.00119224 0.00119224 0.00119224 0.00119225 0.00119225 0.00119224 0.00119224 0.00119224 0.00119225 0.00119224 0.00119224 0.00119225 0.00119225 0.00119224 0.0535036 0.00137965 0.00119229 0.00119224 0.00119225 0.00119276 0.00119224 0.00119224 0.00119225 0.00119225 0.00119728 0.00119228 0.00119225 0.00119224 0.00119224 183.368 0.00119233 0.00119225 0.00119226 0.00119224 0.00119225 0.00119225 0.00119225 0.00119615 0.00119225 0.00119278 0.00119474 0.00119403 0.00119225 0.00119225 0.00119224 0.00119277 0.00119225 0.00119225 0.00119224 0.00119224 0.00119225 0.00119224 0.00119225 0.00119225 0.00119225 0.00119225 0.00119225 0.00119224 0.00119225 0.00119224 0.00119579 0.00119225 0.00119255 0.00119224 0.00119224 0.00119224 0.00119541 0.0011974 0.00119225 0.00120368 0.00119224 0.00119225 0.00119225 0.00127301 0.00119224 0.00119224 0.00119225 0.00119224 0.00119225 0.00119224 0.00119483 0.00119225 0.00119225 0.00119228 0.00119224 0.00119225 0.00119224 0.00119224 0.00119225 0.00119225 0.00119225 0.00119225 0.00119224 0.00119224 0.00119276 0.00119224 0.00119808 0.00119225 0.00124815 0.00119224 0.00119224 0.00119224 0.00119225 0.00119225 0.00119225 0.00124448 0.00123869 0.00119225 0.00119225 0.00119225 0.00119224 0.00119225 0.00119298 0.00119225 0.00119225 0.00119225 0.00120151 0.00119228 0.00119224 0.00119226 0.00172156 0.00119225 0.00121066 0.00119225 0.00119224 0.00119225 0.00119281 0.00119225 0.00119225 0.00119225 0.00122506 0.00119225 0.00119225 0.00119224 0.00119224 0.00119224 0.00119225 0.00119224 0.00119257 0.00119489 0.00119224 0.00119224 0.00119224 0.00119225 0.00119224 0.00119224 0.00119225 0.00119224 0.00131298 0.00119225 0.00119225 0.00119225 0.00119224 0.00119225 0.00119224 0.00119225 0.00119225 0.00119225 0.00123298 0.00119225 0.00119224 0.00119224 77.2674 0.00119224 0.00119225 0.00119225 0.00119224 0.00119225 0.00119224 0.00119225 0.00119225 0.00119225 0.00119224 0.00119224 0.00119225 0.00119224 0.00120917 0.00121598 0.0012424 0.00119224 0.00119225 0.00119225 0.00119225 0.00119224 0.00119225 0.00119224 0.00119232 0.00122874 0.00119225 0.00119224 0.00119225 0.00119224 0.00126923 0.00119225 0.00119225 0.00119225 0.00119225 20.2484 0.00119225 0.00119228 0.00119224 0.00119225 0.00119225 0.00119225 0.00119225 0.00128331 0.00119225 0.00119224 0.00119225 0.00119225 0.00119224 0.00119224 0.00119225 0.00119225 0.00119225 0.00119225 0.00119225 0.00120285 0.00119224 0.00119225 0.00119225 0.00141191 0.00119225 0.00119224 0.00119224 11.4136 0.00119225 0.00119225 0.00119224 0.00119225 0.00120779 0.00119225 0.00119225 130.706 0.00119224 0.00119224 0.00125032 0.00119234 0.00119225 0.00119225 0.00119225 0.00119225 0.00119229 0.00123382 0.00119225 0.00119225 0.00119225 0.00119225 0.00119225 0.00119225 0.00119224 0.00119226 0.00119225 0.00119225 0.00119537 0.00119239 0.00119225 0.00119224 0.00119225 0.00119225 0.00119225 0.00119225 0.00119224 0.00119225 0.00119225 0.00119225 0.00119225 0.00119225 0.00119224 0.00119224 0.00119224 0.00119224 0.00119225 0.00119225 0.00119225 0.00119225 0.00119225 0.00119231 0.00119225 0.00131518 0.00119238 0.00119225 0.00119229 0.00119322 0.00119225 35.2329 0.00122396 0.00119225 0.00119224 0.00119225 0.00119224 0.00119225 0.00119225 0.00119225 0.00119225 0.00119225 0.00119224 0.00119225 0.00119229 0.00119224 0.00119224 0.00119226 0.00119224 0.00119225 0.00119247 0.00119226 0.00119225 0.00119225 0.00119224 0.00119235 0.00119224 0.00119225 0.00119225 0.00119224 0.00119224 0.00120026 39.9381 0.00119252 0.00119225 0.00119225 0.00119224 0.00119225 0.00119224 0.00119244 0.00119224 0.00121374 0.0011953 0.00119224 0.00119225 0.00119225 0.00119227 0.00119225 0.00119224 0.00119225 0.00119225 0.00119225 0.00131995 0.00119224 0.00119225 0.00119225 0.00127438 0.00119225 0.00119224 0.00119225 0.00119224 0.00119225 0.00119225 21.8527 0.00119224 0.00119225 0.00119224 0.00119225 0.00119225 0.00119225 0.00119225 0.00119225 0.00119225 0.00119225 0.00119225 0.00119224 0.00119225 0.00119224 0.00119747 0.00119225 0.00119225 0.00119225 0.00119224 0.00119236 0.00119225 0.00119225 0.00119224 0.00119225 0.00119225 0.00119225 0.00119225 0.00119224 0.00119225 0.00119224 0.00119237 0.00119224 0.00119225 0.00119225 0.00119225 0.00119224 0.00119225 0.00119225 0.00119225 0.00119225 0.00120652 0.00119225 0.00119224 0.00119225 0.00119225 0.00119225 0.00119225 0.00119225 0.0012017 0.00119224 0.0011933 0.00120677 0.00126535 0.00119224 0.00119225 0.00121958 0.00119225 0.00119225 0.00119224 0.00119224 0.00119225 0.00119757 0.00128813 0.00119225 0.00119225 0.00119225 0.00119225 0.00119225 0.00229112 0.00119224 0.00119228 0.00119225 0.00119225 0.00119225 0.00119224 0.00144514 0.00119416 0.00119225 0.00119226 0.00119224 0.00119225 0.00119225 0.00126895 0.0011924 0.00119225 0.00119225 0.00119224 0.00119469 0.00119225 0.00119225 0.00119225 0.00119224 30.5277 0.00119225 0.00119224 0.00141549 0.00119357 0.00119253 0.00119225 0.00120627 0.00119225 0.00119225 0.00119225 0.00119225 0.00119224 29.4374 0.00119225 0.00119225 0.00119225 0.00119225 0.00119224 0.00119779 0.00120811 0.00119225 0.00119224 0.00119225 0.00119225 0.00119225 0.0012029 0.00119266 0.00119225 0.00119225 0.00119224 0.00119319 0.00119225 0.00119227 0.00119305 0.00119225 0.00119228 0.00119225 0.00119225 0.00119293 0.00119225 0.00119225 0.00119225 0.00119225 0.00119225 0.00119225 0.00119224 0.00119225 0.00119224 0.00119225 0.00119225 0.00119225 0.00119225 0.0011964 0.00119228 0.00119224 0.00119225 15.8047 0.00119225 0.00119224 0.00119225 0.00119225 0.00119224 0.00119224 0.00119225 0.00119229 0.00119225 0.00119225 0.00119224 0.00119225 0.0011946 0.00119224 0.00119237 0.00119224 0.00119225 0.00119225 0.00119225 0.00119224 0.00119242 0.00119225 0.00119232 0.00120092 0.00119225 0.00119225 0.00119224 0.00119246 0.00119225 0.0121564 0.00119224 0.00119224 0.00119224 0.00119225 0.00119224 0.00119225 0.00119225 0.0011924 0.00119225 0.00119225 0.00119224 0.00119225 0.00119224 0.00119224 0.00119224 0.00119224 0.00119225 0.00119231 0.00119232 0.00119225 0.00119225 0.00119224 0.00119224 0.00119225 0.00120064 0.0011929 0.00119224 0.00119224 0.00119225 0.00119225 0.00119225 0.00119225 0.00119225 0.00119225 0.00119225 0.00119224 0.00119225 0.00119225 0.00119224 0.00119225 0.00127433 0.00119225 0.00119224 0.00119225 0.00119225 0.00119224 0.00119225 0.00119225 0.00119225 0.00119225 0.00119224 0.00119225 0.00119224 0.00119225 0.00119224 0.00119225 0.00119225 0.00119471 0.00119236 0.00119302 0.00119224 0.00119225 0.00119225 0.00119454 0.00119224 0.00119224 0.00119224 0.00119225 0.00119225 0.00119225 0.00119478 0.00119224 0.00119225 0.00119224 0.00119224 0.00119224 0.00119225 0.00119224 0.00119224 0.00119225 0.00119224 0.00119225 0.00119225 0.00119225 0.00119225 0.00119224 0.00119225 0.00119225 0.00119225 0.0011924 0.00119224 0.00119225 0.00119225 0.00119227 0.00119224 0.00119225 0.00119225 0.00119224 0.00119225 0.00119229 10.3994 0.00119224 0.00119225 0.00119225 0.00119225 0.00126576 0.00119225 0.00119225 0.00119225 0.00119224 0.00119225 0.00119259 27.9666 0.00119225 0.00119225 0.00119224 0.00119225 0.00119225 0.00128747 0.00119225 0.00119224 0.00119225 0.00119224 0.00119228 0.00119225 0.00119224 0.00121705 0.00119225 0.00119224 0.00119225 0.00119225 0.00119225 0.00119225 0.00120229 0.00119224 0.00119227 0.00119224 0.00119225 0.00119392 0.00119224 0.00119224 0.00119225 0.00121567 0.00119225 0.00119225 0.00119225 0.00119225 0.00119225 0.00119224 0.00119225 0.00119225 0.00119225 0.00119224 0.00119225 0.00119225 0.00119225 0.00119225 0.00119225 0.00119224 0.00119254 0.00119292 0.00119225 0.00119224 0.0012291 0.00119224 0.00119225 0.00119225 0.00119226 0.00119225 0.00119224 0.00119224 0.00119224 0.00119225 0.00119225 0.00119225 0.00119224 0.00588214 0.00119242 0.00119224 0.00119225 0.00123773 0.00119227 0.00119225 0.00119224 0.0012556 0.00119225 0.00120572 0.00119225 0.0016542 0.00119225 0.00119225 0.00119225 0.00119225 0.00119224 0.00119225 0.00119224 0.00119659 0.00119224 0.00119224 0.00119225 0.00119224 0.00119225 0.00119224 0.00120755 0.00119225 0.00119225 0.00119224 0.00119224 0.00119225 0.00119225 0.00119225 0.00119224 0.00136706 0.00119225 0.00119225 0.00122007 0.00121116 0.00119225 0.00119225 0.00119225 0.00119225 0.00119225 0.00119225 0.00119225 0.0011923 0.00119225 0.00119228 0.00138901 23.102 0.00119224 0.00119224 0.0011927 0.00119225 0.00122036 0.00122644 0.00119224 0.00119225 0.00119224 0.00119225 0.00119225 0.00119225 0.00121126 0.00119225 77.4422 0.00119224 0.00119225 0.00119742 0.00119225 0.00119225 0.00119225 0.0012061 0.00119225 0.00121267 0.00119225 0.00121995 0.00119522 0.00119225 0.00119224 0.00119225 0.00119225 0.00119224 0.00119224 0.00128731 0.00119225 0.00119224 0.00119225 0.00119765 0.00119224 0.00119234 0.00119225 0.00119224 0.00119224 0.00119224 0.00119224 0.00119387 0.00119225 0.00119225 0.00119225 0.00505799 0.00119225 0.00119225 0.00119225 0.00119225 0.00119225 0.00119225 0.00119224 0.00119324 0.00119225 0.00119225 0.00119225 0.00119224 0.00119227 0.00119225 0.00119232 0.00119238 0.00119225 0.00119225 0.00119225 0.00119233 0.00119225 0.00174019 0.0012162 0.00119225 0.00119225 0.00119224 0.00119224 0.00119225 0.00119225 0.00119224 0.00119225 0.00119225 0.00119225 0.00119225 0.00119225 0.00119848 0.00123963 0.00119229 0.0012022 0.00119225 0.00119224 0.00119225 0.00119224 0.00119225 0.00119225 0.00120879 0.00119224 0.0011924 0.00119224 0.0011923 0.00119485 0.00119225 0.00119225 0.00119225 0.00119225 0.00119225 0.00119233 0.00119224 0.00119225 19.9082 0.00119225 0.00119224 0.00119225 0.00119225 0.00119225 0.00119225 0.00119225 0.00119225 0.00119225 0.00119224 0.00119225 0.00119224 0.00119225 0.00119225 0.00119225 0.00126729 0.00119225 0.00119253 21.1933 0.00119225 0.00119224 0.00123518 0.00119225 0.00119227 0.00119224 0.0011968 0.00119225 0.00119225 0.00119224 0.00119224 0.00119224 0.00119224 0.00119225 0.00119224 0.00119225 0.00119225 0.00119396 0.00119225 0.0011939 0.00119224 0.0012206 0.00119224 0.00119225 0.00119224 0.00119224 0.00119225 0.00119225 0.00120296 0.00119224 0.00119224 0.00119231 0.00119224 0.00119225 0.00119225 0.00119225 0.00119224 0.00119224 4.21512 0.00119225 0.00119225 0.00119225 0.0012067 0.00119225 0.00119226 0.00119225 0.00119224 0.00119225 0.00119225 0.009785 0.00119225 0.00119225 0.00119225 0.00119225 0.00119309 0.00119225 0.00119301 0.00119225 0.00119225 0.00119224 0.00119225 0.00119224 0.00119224 0.00119225 0.00119225 0.00119225 0.00119226 0.00119225 0.00119225 0.00119225 0.00119225 0.00119225 0.00119224 0.00119225 0.00119224 0.00119224 0.00119225 0.00119224 0.00119352 0.00144688 0.00119225 0.00119225 0.00119467 0.00119225 0.00124193 0.00119224 0.00119224 0.00411076 0.00119224 0.00119225 0.00119224 13.1194 0.00119225 0.00119225 0.00119224 0.00119225 0.00119225 0.00119225 0.00119225 0.00119399 0.00119225 0.00119225 0.00119225 0.00119225 0.00119225 0.00119225 0.00119225 0.00119224 0.00119352 0.00119225 0.00119225 0.00119225 0.00119224 0.00119225 0.00119224 0.00119226 0.00119225 0.00119224 0.00119224 0.00119224 0.00119224 0.00119225 0.00120627 0.00119225 0.00119224 0.00119225 0.00219841 0.00119225 0.00119225 0.00119225 0.00119224 0.00119225 0.00119224 0.00119224 0.00119225 0.00119225 0.00119224 0.00119225 0.00119225 0.00119225 0.00121492 0.00119225 0.00119225 0.00119413 0.00119225 0.00119225 0.00120935 0.00126303 0.00119224 0.00120496 0.00119225 0.00119225 0.00119225 0.00119225 0.00119225 0.00119225 0.00119224 0.00119468 0.00119225 0.00119225 0.00119224 0.00119225 0.00119225 0.00119225 0.00119225 0.00119225 0.00119224 0.00119224 0.00124828 0.00119225 0.00119224 0.00119224 0.00119224 0.00119224 0.00119224 0.00119224 0.00119224 0.00119224 0.00119224 0.00119225 0.00119225 0.00119225 0.00119237 0.00119224 0.00119224 0.00119225 0.00120447 0.00119224 0.00119225 0.00119225 0.00119225 0.00119225 0.00119225 0.00119225 0.00119224 0.0011924 0.00119236 0.00119225 0.00119225 0.00119224 0.00120654 0.00119225 0.00119225 0.00119225 0.00119225 0.00119224 0.00119225 0.00174535 0.00119224 0.00119225 0.00119225 0.00119352 0.00119224 0.00119224 0.00119224 0.00119225 0.00119227 0.00119225 0.00119225 0.00119225 0.00119224 0.00119225 0.00119224 0.00119225 0.00119284 16.9395 0.00119225 0.00119224 0.00119226 0.00119224 0.00119225 0.00119225 0.00119225 0.00119229 10.1193 0.00119224 0.00119225 0.00119224 0.00119225 0.00137822 0.00119225 0.00119225 0.00119224 0.00119225 0.00119225 0.00121951 0.00119224 0.00119225 0.00119225 0.00119248 0.00119225 0.00119225 0.00119225 0.0012508 0.00119224 0.00119224 0.00119225 0.00119225 0.00119229 0.00119225 0.00119454 0.00119313 0.00119224 0.00122924 0.00119224 0.00119224 25.1329 0.0011923 0.00119225 0.00119225 0.00119225 0.00119225 0.00127953 0.00119225 0.00119224 0.00119224 0.00119225 0.00119225 0.00119224 0.00119247 0.0012019 0.00119225 0.00119225 0.00129047 0.00119225 0.00119225 0.00119225 0.00119225 0.00119225 0.00119225 0.00119798 0.00119234 0.00119224 0.00125687 0.00119235 0.00119225 0.00119225 0.00119225 0.00119225 18.8336 0.00119224 0.00119225 0.00119224 0.00119225 0.00119225 0.00119225 0.00119225 0.00163075 0.00119224 0.00119224 0.00119224 0.00119224 0.00119225 0.00119225 0.00119298 0.00119225 0.00131927 25.3692 0.00119225 0.00119225 0.00119225 0.00119225 0.00129022 50.7896 0.00119224 0.00119225 0.00119225 0.00119224 0.00119225 0.00119236 0.00119225 0.00119433 0.00123028 0.00119225 0.00119224 0.00126685 0.00119224 0.00120783 0.00119239 0.00119225 0.00119224 0.00119225 0.00121803 0.00119224 0.00119225 0.00119226 0.00119225 0.00119225 0.00119225 0.00119225 0.00119225 0.00119227 0.00119224 0.00119225 0.00119225 0.00119225 0.00119225 0.00119225 0.00119225 0.00119927 0.00119224 0.00119227 0.00119225 0.00119228 0.00119225 0.00119225 0.00119509 0.00119225 0.00119225 0.00119225 0.00119225 0.00119256 0.00119224 0.00119224 0.00119225 0.00119225 0.00130003 0.00119225 0.00119225 0.00119224 0.00119225 0.00119225 0.00119224 0.00119224 0.00119224 0.00119224 0.00119225 0.00119225 0.00119225 0.00119225 0.00119225 0.00119225 0.00119247 0.00119232 0.00119225 0.00119224 0.00122913 0.00119253 0.00119503 0.00119225 0.00119225 0.00119225 849.481 0.00119225 0.00119224 0.00119225 0.00119227 0.00130477 0.00147479 0.00125926 0.00119225 0.00119224 0.00119224 0.00119224 0.00119225 0.00119225 0.00119225 0.00132269 0.00119225 0.00119224 0.00119225 0.00119779 0.00119225 0.00120162 0.00119225 0.00119224 0.00119225 0.00119225 0.00119224 0.00119225 0.00119225 0.00119225 0.00119225 0.00119224 0.00119224 0.00119225 0.0011932 0.00119225 310.487 0.00119225 0.00119225 0.00119466 0.00122828 0.00119225 0.00119224 0.00119224 0.00119385 0.00119225 0.00119225 0.00119225 0.00119225 0.00119225 0.00119246 0.00119224 0.00119225 0.00119225 0.00119229 0.00119225 0.00119225 0.00119225 0.00119224 11.021 0.00119225 0.00119225 0.00119225 70.64 0.00119225 0.00119224 0.00119225 0.00119225 0.00119225 0.00119663 0.00119224 0.00119225 0.00119225 0.00119224 0.00119225 0.00119225 0.00119224 0.00119225 27.5942 0.00121056 0.00119266 0.00119225 0.00119225 0.00119224 0.00119226 0.00119329 0.00119225 0.00119226 0.00119224 0.00120313 0.00119227 0.0022682 0.00119225 0.00119224 0.00119252 0.00119225 0.00119224 0.00119225 0.00119224 0.00119224 12.7944 0.00119225 0.00119224 0.00119225 0.00119224 0.00119224 0.00119224 0.00119225 0.00119224 0.00119225 0.00144498 0.00119224 0.00119225 0.00119225 0.00119225 0.00119225 0.00119225 0.00119224 44.2458 0.00119225 0.00119224 0.00119225 0.00119224 0.00119225 0.00119678 0.00119225 0.00119373 0.00119225 0.00119225 0.00119225 0.00121672 0.00119225 0.00119224 0.00119302 0.00119225 0.00119225 0.00119225 0.00119225 0.00119225 0.00119225 0.00119224 0.00119225 0.00119224 0.00119225 0.00119225 0.00119224 0.00119525 0.00132339 0.00119225 0.00119225 0.00119224 0.00120711 0.00119225 0.00119224 0.00119224 0.0011937 0.00119224 0.00119225 0.00119226 0.00119225 0.00119225 0.00119225 0.00129275 0.00119513 0.00119225 13.274 0.00119225 86.6008 0.00119703 0.00119225 0.00119225 0.00119225 0.00119225 0.00119225 0.00119225 0.00119224 0.00122011 0.00119253 0.00119225 0.00119225 0.00120285 0.00119685 0.00119225 0.00119225 0.00119224 123.948 0.00119224 0.00119225 0.00119689 152.698 0.00119225 0.00119225 0.00119224 0.00119224 0.00119225 0.00119227 0.00119224 0.00127687 0.00119433 0.00119225 0.00119224 0.00119224 0.00119224 0.00125853 0.00119225 0.00119225 0.00119225 0.00119225 0.00119225 0.00119225 0.00119224 0.00119225 0.00119356 67.3062 0.00119225 0.00119225 0.00119225 0.00119225 0.00119228 0.00119225 0.00119224 0.00119225 0.00119224 0.00119225 0.00119225 0.00119225 0.00119828 0.00127422 0.00119714 0.00119224 0.00119225 0.00119224 0.00119225 0.00119224 0.00119225 42.0045 0.00119225 0.00119224 0.00119383 0.00119225 0.00119225 0.00119229 0.00119225 0.00119227 0.00119225 0.00119225 0.00119224 0.00119225 0.00119277 0.00119225 0.00119248 0.00119225 0.00119225 0.00119225 0.00119224 0.00119224 0.00119224 0.00119224 0.00119225 0.00119249 0.00119225 0.00119235 0.00119225 0.00119224 0.00119224 0.00119225 0.00119228 0.00119225 0.00119225 0.00119225 0.0012335 0.00119224 0.00119228 0.00119225 0.00119326 0.00119225 27.3353 0.00119225 0.00119224 0.00119224 0.00138407 0.00119225 0.00119224 0.00121394 0.00119225 0.00119225 0.00119225 34.7134 0.00119225 0.00119225 0.00119225 0.00119225 0.00120383 0.00119225 0.00119225 0.00119225 0.00119224 0.00119225 0.00119225 12.9184 0.00119258 0.00119224 0.00119225 0.00119227 0.00119224 0.00119225 0.00119225 0.00119225 0.00123074 0.00119225 0.00119251 0.00119225 0.00119225 0.00119225 0.00119224 0.00121168 0.00119225 0.00119225 250.585 0.00119225 0.00119225 0.00119224 0.00119224 0.00119225 0.00119224 0.00119225 0.00119224 0.00119225 0.00119225 0.00119235 0.00119225 0.00119225 0.00119225 0.00119427 0.00119224 0.00119224 0.00119224 0.00119224 0.00119225 0.00119224 0.00119224 0.00119225 0.00119225 0.00119298 0.00119225 0.00119224 0.00119225 0.00119225 0.00119224 0.00119225 0.00119225 0.00119225 0.00119225 0.00126645 0.00119225 0.00119225 0.00119225 0.00119232 0.00119607 0.00119224 0.00124346 0.00119224 0.00132498 0.00119225 0.00119224 0.00119224 0.00119224 0.00119224 0.00119228 0.00119225 20.4118 0.00119225 12.6216 0.00119224 0.00119225 0.00119225 0.00119225 0.00119224 0.00120184 0.00119225 0.00119225 0.00119225 0.00140422 0.00119224 0.00119225 0.00119225 0.00119225 0.00119314 0.00119228 0.00119225 0.00119225 0.00119225 0.00121165 166.889 0.00119225 0.00119224 0.00133428 0.00119224 0.00119224 0.00119728 38.2882 0.00119224 0.00122073 0.00119225 0.00119224 0.00119225 0.00119225 0.00119225 0.00119225 0.00119225 0.00119224 0.00119243 0.00119224 0.00119225 0.00119225 0.00136223 0.00119251 42.137 0.00119225 0.00119225 0.00119225 0.00121001 0.00119225 0.00119224 0.00119225 0.00119224 0.00119225 0.00119225 0.00119224 0.00119479 0.00119224 0.00119224 0.00119225 0.00119224 0.00119225 0.00119224 0.00119225 0.00119224 0.00119224 0.00119224 0.00119224 0.00119225 0.00119224 0.00119224 0.00119245 0.00119225 0.00119224 0.00119225 0.00119224 0.00119225 0.00119225 0.00119225 0.00119373 0.00119224 0.00119782 0.00119376 0.00119225 0.00119225 0.00119225 0.00119225 0.00119225 0.00119225 0.00119225 0.00119225 0.00119225 0.00119224 0.00119225 0.00119225 0.00119225 0.00167254 0.00119224 0.00119224 0.00119225 0.00119519 0.00119224 0.00119225 0.00119225 0.00119225 0.00119225 0.00119224 0.00119224 0.00119224 0.00119225 0.00119225 0.00119225 0.00119224 0.00119224 0.00119224 0.00119225 66.0386 0.00119224 0.00119225 0.00119254 0.00119224 0.00119224 0.00119225 0.00119246 0.00124586 0.00120627 0.00119225 0.00119225 0.00119225 0.00119225 0.00119224 0.00119225 0.00119224 0.00119224 0.00119225 0.0011923 0.00119226 0.00119225 0.00119225 0.00119807 0.00119225 0.00119224 0.00119225 0.00119225 0.00119224 0.00119224 0.00219151 0.00119225 0.00119225 0.00119224 0.00119225 0.00119225 0.00120162 0.00119234 0.00119224 0.00119224 0.00119225 92.8779 0.00125197 0.00119225 0.00119225 0.00119224 0.00121307 0.00119225 0.00119232 0.00119225 0.00119225 0.00119378 0.00119225 0.00119226 0.00119225 0.0014716 0.00119225 0.00119225 0.00119225 0.00119224 0.00119225 0.00119225 0.00119225 0.00119906 0.00119278 0.00119225 0.00119225 0.00119224 0.00119225 0.00119224 0.00126731 0.00119224 0.00119225 0.00123735 0.00120024 0.00119224 0.00119225 0.00119225 0.00119224 0.00119225 0.00126696 0.00119225 0.00119225 0.00119225 0.00119225 0.00119224 0.00119224 0.00119224 0.00119224 0.00119225 0.00119224 0.00119224 0.00119225 0.00119224 0.00121556 0.00119225 0.00121219 0.00119225 0.00119224 0.00119225 0.00119225 0.00119225 0.00119225 0.00119225 0.00119225 0.00119225 0.00119224 0.00119225 0.00119224 0.00119224 0.00119225 0.00119225 0.00158523 0.00119227 0.00119225 0.00119225 0.00119226 0.00119225 0.00119224 0.00119225 0.00119224 0.00119247 0.00119225 0.00119225 0.00119224 0.00119224 0.00119249 0.00119224 0.00119225 0.00119225 0.00119428 0.00119224 0.00119225 0.00119225 0.00119226 0.00119225 0.00119225 0.00119354 0.00120125 0.00119224 0.00119225 0.00119284 0.00127954 0.00119229 208.975 0.00119224 0.00119224 0.00119224 0.00119225 0.00119225 0.00119225 0.00119225 0.00132266 0.00119225 0.00119224 0.00119225 0.00119225 0.00119291 0.00119225 64.0933 0.00119231 1328.77 0.00119224 0.00119225 0.00119224 0.00120278 0.00159722 0.00121517 0.00119225 0.00119225 0.00121841 0.0012088 0.00119225 0.00119224 0.00119225 0.00119225 0.00119225 0.00119226 0.00119224 0.00119225 0.00119225 488.218 0.00119225 0.00119224 0.00119225 0.00119225 0.00119225 0.00119225 0.00119954 0.0011929 0.00119232 0.00119262 0.00119225 23.5573 0.00120868 0.00119225 0.00119225 396.928 0.00119246 0.00119225 0.00119224 0.00119224 0.00119224 0.00119225 135.205 0.00119225 0.00119224 0.00119225 0.00119224 0.00119225 0.00119225 0.00119231 0.00119225 0.00119224 0.00119225 0.00119225 0.00119224 0.00119224 0.00119225 62.3191 0.00119274 0.00119224 0.00129314 0.00119225 0.00119224 0.00119225 0.00119228 0.00119608 0.00119224 0.00119229 0.00119224 0.00126514 0.00120125 0.00119225 9.76368 0.00119224 0.0011983 0.00119225 0.00119225 0.00119224 0.00119224 47.648 0.00119225 0.00119225 0.00126088 0.00119225 0.00119225 0.00119225 0.00119225 0.00123875 0.00119225 0.00119224 0.00119224 0.00119225 0.00119256 0.00119224 0.00119224 0.00119391 0.00119225 0.00119225 0.00119228 0.00119225 0.00119225 0.00121154 0.00121377 0.00119224 0.00119224 0.00119224 0.00119225 0.00119225 0.00119225 34.0883 0.00119226 0.00135185 0.00135353 0.00119225 0.00119228 32.952 0.00119225 0.00119224 0.00119225 0.00137019 0.00119225 0.00122329 0.00119224 0.00119224 0.00119224 0.00119225 0.00119224 0.00119224 0.00119264 0.00119231 0.00119225 0.00121011 0.00144123 0.00119225 0.00119224 0.00119254 0.00119225 0.00119224 0.00119283 0.00119225 0.00119224 0.00119225 0.00119229 0.00119225 0.00119224 0.00119224 0.00119225 0.00119224 0.00119757 0.00119224 0.00119225 0.00119229 0.00119225 0.00119225 0.00119224 1771.83 0.00119224 0.00119229 0.00119227 0.00119224 0.00126356 0.00119224 0.00119229 0.00219068 0.00119225 0.00119225 0.00119224 0.00120764 0.00119224 0.00119507 0.00119225 23.5799 0.00119225 0.00119225 0.00119225 0.00119253 0.00119225 0.00119225 0.00119224 0.00119225 0.00119225 0.00119224 0.00119224 0.00119224 0.00119224 0.00119224 0.00119225 0.00119225 0.00119224 0.00119224 0.00119225 0.00119225 0.00119225 0.00119225 0.00119225 32.784 0.00119242 0.00119225 0.00119225 0.00119239 0.00119225 0.00119225 0.00119225 0.00119225 0.00119229 0.00119225 0.00119224 0.00119279 0.00119241 0.00119225 0.00119224 0.00119224 0.0011956 0.00119225 0.00119224 0.00119225 0.00119225 0.00119225 0.00119225 0.00119225 0.00119225 0.00119224 0.00119225 0.00119224 0.00119224 0.00119225 0.00119225 0.00119225 0.00119224 0.00119224 0.00119224 0.00122694 0.00119224 0.00119225 0.00119225 0.00119225 0.00119224 0.00119225 0.00119228 0.00119225 0.00119225 0.00119225 0.00119225 0.00119225 0.00119224 0.00119225 0.00119225 0.00119225 0.00119225 0.00119225 0.00119225 0.258782 0.00119362 0.00119224 0.00119225 0.00119224 0.00119738 0.00127727 0.00119225 0.0012551 0.00119225 0.00119225 0.00119225 0.00119224 0.00119224 0.00119225 0.00120137 0.00119225 0.0011923 0.00119225 0.00129818 0.00119224 0.00119224 0.00119225 0.00119227 0.00119225 0.00119225 0.00119225 0.00119224 0.00119224 0.00119225 0.00119225 0.00119225 0.00119224 0.00119225 0.00144833 0.00119224 0.00119225 0.00119224 0.00119224 0.00119224 31.0708 0.00134182 0.00119383 0.00128362 0.00119225 0.00119224 0.00119225 0.00119225 0.00119225 65.1182 0.00119225 0.00121964 0.00119225 0.00119376 0.00119225 0.00119225 17.8761 0.00119232 0.00120683 0.00119225 0.00119224 0.00119301 8.9782 0.00119226 0.00119225 0.00119225 0.00119224 0.00119225 0.00119224 0.00119224 0.00119224 0.00119239 0.00119232 0.00119225 0.00119225 0.00119224 0.00119225 0.00119224 0.00119225 0.00119225 0.00119224 0.00119225 0.00119224 0.00119225 0.00119225 0.00119225 0.00119225 0.00119225 0.00119225 0.00119225 0.00119224 0.00119224 0.00119225 0.00119225 0.00119225 0.00119224 0.00119225 0.00119224 0.00131475 0.00119225 0.00119225 0.00119225 0.0011923 0.00119225 0.00119225 0.00119239 0.00119225 0.00119225 0.00119224 0.00119225 0.00150086 0.00119225 0.00119224 0.00119225 0.00119225 0.00119225 0.00119224 0.00119224 0.00119224 0.00120967 0.00119667 0.00120122 0.00119495 0.00119225 0.00119224 0.00119225 0.00119224 0.00119225 0.00119225 0.00119224 0.00119225 0.00121732 0.00119224 0.00121086 0.00119564 0.00119225 0.00119224 0.00119224 0.00119225 0.00119225 0.00119225 0.00119226 0.00119224 0.00119225 0.00120502 0.00119228 0.00119225 0.00119224 0.00119225 0.00119225 0.00119224 0.00119225 0.00119225 0.00119224 0.00119225 0.00119224 0.00119225 0.00122862 0.00119225 0.00119225 0.00119226 0.00119224 0.00119225 0.00119232 0.00119225 0.00119224 0.00119227 0.00119462 0.00119225 0.00119225 113.885 0.00119224 0.00119224 0.00128915 0.00119224 0.00119225 0.00119225 0.00119224 0.00119224 0.00119224 0.00119225 0.00119594 0.00119225 0.00119225 0.00119224 0.00119225 0.00119225 0.00119224 0.00119225 0.00119225 0.00119225 0.00119225 0.00119225 0.00119224 0.00119225 0.00119224 0.00119246 0.00119225 0.00119224 0.00119226 0.00119224 0.00119225 0.00119224 0.00120115 0.00119224 0.00119225 0.00119224 0.00119224 0.00119225 0.00120423 0.00119225 0.00119224 0.00150029 0.00119225 0.00119225 0.00119224 0.00119225 0.00119225 0.00119225 0.00119224 0.00119224 14.285 0.00119224 0.00119246 0.00119228 0.00119225 0.00119232 0.00124663 0.00119225 0.00119225 278.927 0.00119225 0.00119561 0.00119225 0.00119225 0.00119224 0.00119225 0.00119225 0.00121756 0.00121257 0.00119225 0.00119225 0.00119225 0.00119371 0.00119225 0.00119224 0.00119224 0.00119225 0.00119225 0.00119224 0.00119225 0.00119225 0.00119224 0.00119225 0.00147393 0.00119225 0.00119224 0.00119225 0.00119224 0.00119225 0.00119224 0.00119225 0.00119225 0.00119225 0.00119225 0.00119225 0.00119256 0.00119224 0.00119225 0.00119225 0.00119224 0.00126471 0.00120846 0.00119225 0.00119225 0.00119224 0.00119224 0.00119932 0.00119225 0.0012653 0.00119225 0.00119224 0.00119224 0.00119225 0.00119225 0.00229062 0.00119225 0.00119225 0.00119224 0.00119224 0.00119224 0.00119225 0.00119225 0.00119224 0.00119224 0.00119226 0.00119608 0.00119225 0.00119442 0.00119225 0.00119225 0.00119225 0.00119225 0.00119224 0.00119731 0.00119224 0.00119224 0.00119224 0.00119224 10.4064 0.00119225 0.00120259 0.00119919 0.00119224 0.00119224 0.00119224 0.00120212 0.00125366 0.00120108 0.00119224 0.00119226 0.00122156 0.00119225 0.00119225 68.4699 0.00119224 0.00119225 0.00119225 0.00119224 0.00119225 0.00119224 0.00119237 0.00119224 0.00119224 0.00119225 0.00119224 0.00119224 0.00119225 0.00119225 0.00119224 0.00145147 0.00119225 0.00119225 0.00119224 0.00119224 0.00119224 0.00119225 0.00119224 0.00119224 0.00119224 0.00119645 0.00119224 0.00119224 0.00119225 0.00119225 0.00119225 5.32235 0.00119225 0.00119225 0.00119225 0.00119225 0.00119225 0.00119225 0.00119225 0.00119248 0.00119225 0.00119225 0.00119224 0.00119225 0.00119225 0.00119225 0.00122134 0.00119224 0.00120683 0.00119225 0.00119225 0.00119225 0.00119225 0.00119299 0.00119226 0.00119225 0.00124213 29.9534 0.00119225 0.00119225 0.00119225 0.00119225 0.00119224 0.00119247 0.00119225 0.00119224 0.00119225 0.0015437 0.0012077 0.00119225 0.00119225 0.0011923 0.00119224 0.00119224 0.00119225 0.00119224 0.00119225 0.00119225 0.00119225 0.00119224 0.00119224 0.00119225 0.00119225 0.00119225 0.00119225 0.00119225 0.00119225 0.00119224 0.00127648 0.00119225 0.00119224 0.00119224 0.00119405 0.00120484 0.00119431 0.00119224 0.00119224 0.00119225 0.00119225 0.00119225 0.00119224 0.00119225 0.00119225 0.00119225 0.00119225 0.00119841 0.00119225 0.00119224 0.00119225 0.00119224 0.00119224 0.00119225 0.00121126 0.00119224 0.00119225 0.00126066 0.00119224 0.00119224 0.00119225 0.00119225 0.00119225 0.00119224 0.00119225 0.00119224 0.00119225 0.00119226 0.00119225 0.00119225 27.1424 0.00119224 0.00119225 0.00119225 0.00119225 0.00119225 0.00119225 9.87757 0.00119233 0.00119224 0.00119225 0.00119224 0.001222 0.00119225 0.00119225 0.00120517 0.00119226 0.00119224 0.00119225 0.00119225 0.00119225 0.00119224 0.00119225 0.00119225 0.00119225 0.00119224 0.00119225 0.00119225 0.00119225 0.00119225 0.00119228 0.00119225 0.00119225 0.00119225 0.00119307 0.00119224 0.00119246 0.00119225 0.00121047 0.00119225 0.00119225 0.00119224 0.00119225 0.00119225 0.00119225 0.00147929 0.00119225 0.00119225 0.00119225 0.00119239 0.00119557 0.00124956 0.00119224 0.00119224 0.00119224 0.00119224 0.00119225 0.00119224 0.00119224 0.00119224 0.00119456 0.00119273 0.00119225 0.00119225 0.00124986 0.00119225 0.00119225 0.00119225 0.00119225 0.00119445 0.00119224 0.00119225 0.00119225 0.00119224 0.00119224 28.1052 0.00119225 0.00119225 0.00119224 0.0012292 0.00119225 0.00119225 0.00121672 0.00119224 0.00119225 0.00119225 0.00119225 0.00119225 0.00119225 0.00119225 0.00119225 0.00119225 0.00119225 0.00119225 0.00119244 0.00119224 0.00119225 0.00119225 0.00119225 0.00119225 0.00119225 0.00119226 0.00119225 0.00119224 0.00119225 0.00122184 0.00119225 0.00130831 0.00119225 0.00119225 0.00119225 0.00158781 0.00119225 0.00119225 0.00119224 0.00119224 0.00119225 0.00119224 0.00119224 0.00119225 0.00119224 0.00119225 160.861 0.00119225 0.00119691 0.00119224 0.00119232 0.00119225 0.00119225 0.00127663 0.00119225 0.00119225 0.00119225 0.00119224 0.00119224 0.00119224 0.00119229 0.00119225 0.00119224 0.00119225 0.00119846 0.00119225 0.00119224 0.00119224 0.00119225 0.00119224 0.00119224 0.00119224 0.00128223 0.00119224 0.00119225 0.00119435 0.00119225 0.00119224 0.00119224 0.00119224 0.00119357 0.00119225 0.00119807 0.00119225 0.00119224 0.00119225 0.0011926 0.00119225 0.00119225 0.00119224 0.00119225 0.00119224 0.00119225 0.0011923 0.00119225 0.00119225 0.00119225 0.00119225 0.00119224 0.00119225 0.00119298 0.00126212 0.00119225 0.00122092 0.00119224 0.00119224 0.00119225 0.00119225 0.00119225 0.00119225 0.00119224 0.00119224 0.00119224 0.00119224 0.00119228 0.00125469 0.00119224 11.3211 0.00119367 0.00119224 0.00125821 0.00119225 0.00119813 0.00119224 0.00126698 0.00119225 0.0011923 0.00119225 0.00119225 0.00119225 0.001213 0.00119225 0.00119224 0.00119943 0.00121887 0.0011923 0.00119225 0.00119225 0.00119224 0.00119225 0.00119224 0.00119224 0.00119225 0.00119225 0.00119225 0.00119225 0.00119225 0.00119225 0.00119987 0.00119225 0.00119225 0.00119225 0.00119225 0.00119309 0.00119225 0.00119995 0.00119225 0.00119225 0.00119225 0.00119248 0.00119225 0.00119225 0.00119225 0.00119225 0.00119225 0.00119224 0.00119225 0.00119225 0.00119225 0.00119225 0.00119225 0.00119224 0.00119225 0.00119224 0.00119225 0.00119224 0.00123681 0.00119225 0.00124121 0.00119224 0.00119225 0.00120627 0.00119225 0.00119228 0.00119225 0.00119225 0.00119225 0.00119225 0.00119225 0.00119224 0.00119225 0.00119225 0.00119225 0.00119224 0.001193 0.00119224 0.00119224 0.00119225 0.00119225 0.00119248 0.00119226 0.00119224 0.00119224 0.00119224 0.00119225 0.00119246 0.00119226 0.00119225 0.00119225 0.00119225 0.00119225 0.00119224 0.00119225 0.00119224 0.00119225 0.00119225 0.00119224 0.00119224 0.00119225 0.00119225 0.00119224 0.00119226 0.00119224 0.00119224 0.00119224 0.00119225 0.00119225 0.00123965 0.00119224 0.00119225 0.00119275 0.00119225 0.00119225 0.00119225 0.00119228 0.00119224 0.00119224 0.00119224 0.00119224 0.00119244 0.00119225 0.00119225 7.54618 40.5252 0.00119225 0.00119224 0.00119261 0.00122099 0.00119225 0.00119224 0.00119225 0.00119225 0.0011962 34.8634 0.00119225 0.00119224 0.0011965 0.00119224 0.00119224 0.00119224 0.00119233 0.00119225 0.00119258 0.00119225 0.00119225 0.00119225 0.00119225 0.00119224 0.00119225 0.00119224 0.00119225 0.00119225 0.00119224 0.00119225 0.00119228 0.00122514 0.00119225 0.00119224 0.00119224 0.00119601 0.00119224 0.00119224 0.00119225 0.00119225 0.00119226 0.00119224 0.00119225 0.00119225 0.00119224 0.00119225 0.00119224 0.00119224 0.00119225 0.00119224 0.00119225 0.00119225 0.00210915 0.00119225 0.00119225 0.00119225 0.00119235 0.00119225 0.00119224 0.00119225 0.00119225 0.00119225 0.00119225 0.00119225 0.00119225 0.00119225 0.00119225 0.00119225 0.0012104 0.00119404 0.00119868 0.00119451 0.00119224 0.00119225 0.00119266 0.0012938 0.00119225 0.00119225 0.00119224 0.00119225 95.2893 0.00119225 0.00119225 0.00119225 0.00119225 0.00119224 0.00119224 0.00119225 0.00119225 0.00119225 0.00119225 0.00119235 0.00119225 0.00119368 0.00119224 0.0012445 0.00119224 0.00119224 0.00119225 0.00119386 0.00119224 0.00119224 0.00119225 0.00119226 0.00124121 0.00119225 0.00119225 0.00119225 0.00119225 0.00119225 0.00119225 0.00119225 0.00119224 0.00119225 0.00119224 0.00119224 0.00119225 0.00119226 0.00119224 0.00119224 0.002154 0.00119225 0.00119225 0.00119225 0.00119225 43.2062 0.00128864 0.00119224 0.00119224 0.00119225 0.00119225 0.00119225 0.00119225 0.00119224 0.00119225 0.001193 0.00119225 0.00119225 0.00119226 0.00119225 0.00119225 0.00119224 0.00119225 0.00119225 0.0011982 0.00119225 0.00119225 0.00119225 0.00119224 0.00119225 0.00119225 0.00119224 0.00119226 0.00119312 0.00119225 0.00119225 0.00119225 0.00119224 0.00125233 0.00119225 0.00122551 0.00119225 0.00119468 0.00119225 0.00120637 0.00119225 0.00119225 0.00119225 0.00119225 0.00122018 0.00119225 0.00119224 0.00119225 0.00119224 0.00119227 0.00119224 0.00120343 0.00119224 0.00119225 0.00119225 0.00119225 0.00119225 0.00119225 0.00119224 0.00119225 0.00119224 0.00119225 0.00119225 0.00127719 0.00119225 0.00119225 0.00119225 0.00119224 0.00119249 0.00119225 0.00119225 0.00119224 0.00119224 0.00119224 0.00119224 0.00125843 0.00119224 0.00119224 0.00119225 0.00119224 0.00119224 0.00119224 0.00119225 0.00119225 0.00119225 0.00119225 0.00119225 0.00119225 0.00138526 0.00119225 0.00119226 0.00119225 0.00119225 0.00119225 0.00119224 0.00119224 0.00119225 0.00119225 0.00119225 0.00127675 0.00119225 0.00119225 0.00119225 0.00119225 0.00119225 0.00119225 0.00119225 0.00119224 0.00119225 0.00119225 0.00119225 0.00132691 0.00121396 0.00119225 0.00119225 0.00119225 0.00119301 0.00119326 0.00120433 0.00119225 0.00119226 0.00119225 0.00119225 0.00119224 0.00121324 0.00119226 0.00119224 0.00119225 0.00119224 0.00119225 0.00130895 0.00127264 0.00119224 0.00119224 0.00119225 0.00119225 0.00119225 0.00119224 0.00125548 0.00119314 0.00119224 0.00175588 0.00119224 0.00119238 0.00119225 0.00119224 0.00119225 0.00119225 0.00119225 0.00119225 0.00119224 0.00119225 0.00119225 0.00119225 0.00119225 0.00119225 0.00119225 0.00119225 0.00119225 0.00119225 0.00119225 0.00119224 0.00119225 0.00119225 0.00119225 0.00119225 0.00119224 0.00119225 0.00119225 0.00121047 0.00119877 0.00119225 0.00119225 0.00119224 0.0011965 0.00119224 0.00119225 0.00119225 0.00119447 0.00119225 0.00119225 0.00119224 0.00119225 0.00119225 0.00121123 0.00119225 0.00119656 0.00219572 0.00119225 0.00119232 0.00119421 0.00119224 0.00120137 34.4168 0.00119224 0.00119225 0.00119231 0.00119225 0.00119224 0.00119225 0.00119225 0.00119225 0.00119225 0.00119224 0.00119225 0.00119225 0.00196792 0.00119225 0.00119224 0.00119224 0.00119225 0.00119472 0.00119225 0.00119224 82.4823 0.00120399 0.00119225 0.00119225 0.00119224 0.00119225 0.00119225 0.00119224 0.00119225 0.00119225 0.00119224 0.00119225 0.00119225 0.0011923 0.00119225 0.00119225 0.00119224 0.00119225 0.00119225 55.511 0.00119813 0.00144499 0.00119224 0.00119236 0.00119224 0.00119232 0.00119224 0.00119224 0.00119224 0.00119224 0.00119225 0.00119224 0.00119225 0.00119224 0.00119225 0.00119226 0.00119225 0.00140258 0.00119224 0.00119304 0.00119225 0.00119225 0.00119224 0.00119225 0.00119224 0.00119225 0.00119224 0.00119225 0.00122761 0.00119225 0.00119225 0.00119225 0.00119224 0.0011923 58.8969 0.00119225 0.00120453 0.00119224 0.00119225 0.00119225 0.00119225 0.00119225 0.00119225 0.00119225 0.00119224 0.00119225 0.00119225 0.00119225 0.00121731 0.00119225 0.00120982 0.00119224 0.00119225 0.00119225 0.00119225 0.00119225 0.00119224 0.00119224 0.00119224 0.00119254 0.00119225 0.00119224 0.00119225 0.00119225 0.00119224 0.00120355 0.00119225 0.00119225 0.00119225 0.00119225 0.00119225 0.00119225 0.00119721 0.00119241 0.00119225 0.00119225 0.00119225 0.00119224 0.00119225 0.00119342 0.00119225 0.00119225 0.00119225 0.00126746 0.00119225 7.54943 0.00119225 0.00119225 0.00119225 0.00119224 0.00119224 0.00119225 0.00119225 0.00119225 0.00119225 0.00119224 0.00121652 0.00119225 0.00119224 0.00119225 0.00119225 0.00119224 0.00119225 0.00119225 0.00119225 0.00119225 0.00161718 0.00119225 0.00119224 0.00119225 0.00119247 0.00122806 0.00119224 0.00119224 0.00119268 0.00122296 0.00119224 0.00119225 0.00119225 0.00119225 0.00119225 0.00119225 0.00119224 0.00119224 0.00119225 0.00119225 0.00119224 0.00119225 0.00119225 0.00119225 0.00119224 0.00119225 0.00119225 0.00119225 0.00119225 0.00133301 0.00119224 0.00119225 0.00119225 0.00119225 0.00119224 0.00119269 0.00119382 0.00119225 0.00144873 0.00119225 0.00119225 0.00119225 15.5447 0.00119225 0.0011927 0.00119225 0.00119225 0.00119225 0.0013325 0.00119225 0.00119225 0.00119225 0.00119224 0.00119225 0.00119225 0.00119224 0.00119225 0.00119225 0.00119225 0.00119225 0.00119227 0.00119225 0.00119225 0.00119225 0.00119225 0.00119224 0.00119225 0.00119225 0.00119277 0.00119224 0.00119227 0.00119225 0.00119225 0.00119224 0.00119225 0.00119225 16.4353 0.00119235 0.00119224 0.00119225 0.00221768 0.00119225 0.00119225 0.00119224 0.00119245 0.00229062 0.00119226 0.00119224 0.00119225 0.00119225 0.00119284 0.00119225 0.00119225 0.00119225 0.00119225 0.00119253 0.00119224 0.00119225 0.00121058 0.00119225 0.00119225 0.00119224 0.00128204 14.285 0.00119225 0.00119224 0.00119225 0.00119224 0.00119224 0.0011923 0.00119225 0.00119224 0.00119225 0.00119224 0.00119225 0.00119225 0.00119225 0.00119224 0.00119642 0.00119224 0.00119781 0.00119225 0.00119226 0.00119256 0.00119224 0.00119224 0.00119225 0.00119225 0.00119225 0.00119225 0.00119224 0.00119229 0.00119225 0.00119225 0.00119225 0.00119225 0.00120153 0.00119225 0.00119225 0.00119224 0.00119225 0.00119224 0.00119224 0.00131867 0.00119225 0.00119225 0.00119224 0.00119225 0.00119225 0.00119225 0.00119225 0.00119225 0.00119224 0.00119224 0.00119225 107.654 0.00119225 0.00119225 0.00119225 0.00119225 0.00119225 0.00119225 0.00119224 0.00119225 0.00119224 0.00119225 0.00124778 0.00119231 0.00119225 0.00119224 0.00119225 0.00119224 0.00120034 0.00119225 0.00119225 0.00119225 0.00119225 0.00119224 0.00119225 0.00119225 0.00119224 0.00119225 0.00119224 0.00119225 0.00119224 0.00122524 0.00119225 0.00119357 0.00119225 0.00119817 0.00119225 0.00119225 0.00119224 0.00121666 0.00119224 0.00119225 0.00119225 0.00119225 0.00119365 0.00119658 0.00119225 0.00119225 0.00119224 0.00119225 0.00119225 0.00119224 26.9698 0.00119414 0.00119225 0.001424 0.00119225 0.00119224 0.00119243 0.00119225 0.00119225 0.00119225 0.00119224 0.00119225 0.00137275 0.00119224 0.0012035 0.00119251 0.00143576 0.00119225 0.00119225 0.00119225 0.00119225 0.00119224 0.00119224 0.00119225 0.00119224 0.00119226 0.00119224 0.00119225 0.00119225 0.00126124 0.00119224 0.00119225 0.00119224 0.00119224 0.00119224 0.00119476 0.00119225 0.00119225 0.00119225 0.00119225 0.00119224 0.00119224 0.00119989 271.191 0.00119225 0.00119225 0.00127571 0.00119224 0.00119691 0.00119225 0.00119225 0.00119225 0.00119225 0.00119224 0.00119225 0.00119224 0.00119225 0.00119224 0.00119224 0.00119224 0.00119225 0.00119224 0.00119225 0.00119225 0.00119224 0.00119225 0.00119224 0.00119225 0.00119224 0.00119225 0.00119225 0.00119225 0.00119259 0.00119243 56.8035 0.00119225 0.00119225 82.0493 0.00119225 0.00119225 0.00119225 0.00119225 0.00119224 0.00119225 0.00119225 32.9436 0.0011929 0.00119226 0.00119225 0.00142284 0.00119228 0.00120512 0.00119225 0.00119225 0.00119224 0.00119224 0.00119225 0.00119225 0.00119225 0.00119225 0.00119224 0.00119225 0.00119224 0.00119225 0.115966 0.00119225 0.00119224 0.00119225 0.00119225 0.00119253 0.00119225 0.00119225 0.00119262 0.00119225 0.00119225 0.00119224 0.00119224 0.00119225 0.00119224 0.00119224 0.00120289 0.00119225 0.00121446 0.00119372 0.00119226 0.00119224 0.00119237 0.00119224 0.00119224 0.00119224 0.00120343 0.00119225 0.00119225 0.00119224 0.00119224 0.00119225 0.00119225 0.00141191 0.00119225 0.00119225 0.00119225 0.00119224 0.00119224 0.00119235 0.00119224 0.00119224 0.00119225 0.00119225 0.00119224 0.00119224 17.7373 0.00119225 0.00119225 0.00119224 0.00119225 0.00119225 0.00119224 0.00119225 0.00119323 0.00119238 0.00120348 0.00119244 0.00119224 0.00119224 0.00119224 0.00119225 0.00119224 0.00119224 0.00120766 0.00119225 0.00119225 0.00119225 0.00119225 0.00119225 0.00119225 0.00119224 0.00119225 0.00119225 0.00119224 0.00119225 0.00119225 0.00120247 0.00119224 0.00119228 0.00119225 0.00130868 0.00119225 0.00119225 0.00119225 0.00119224 0.00129081 12.8437 0.00120191 0.00119225 0.00119224 0.00119225 154.211 0.00119225 0.00120949 0.00119224 0.00119228 0.00119224 0.00126436 0.00119224 0.00123752 0.00119226 0.00119225 0.00119225 10.3155 0.00119224 0.00119225 0.00119225 0.00119224 0.00119225 0.00119225 0.00126449 0.00119225 0.00119353 0.0012567 58.1201 0.00119224 0.00119317 0.00119323 0.00119384 0.00119231 0.00119502 0.00119224 0.00119225 0.00119225 0.00119225 0.00119225 0.00119225 0.00119224 0.00119225 23.7273 0.00119224 0.00119225 0.00119225 0.00119224 0.00119224 0.00119225 0.00119225 0.00140742 0.00119224 0.00119225 0.00121029 0.00119224 0.00119394 0.00119497 0.00119225 0.00123124 0.00119224 0.00119225 0.00119224 0.00119224 0.00119662 0.00119224 0.00119225 0.00119225 0.00119225 0.00124665 8.80836 0.00119224 0.00119225 0.00119225 0.00119233 0.00119226 0.00119224 0.00119224 0.00119224 0.00121119 0.00119225 0.00119224 0.00119225 0.00119224 0.00119224 0.00119225 0.00119225 0.00119225 0.00119335 0.00119224 0.00119224 0.00119225 0.00124739 0.00119225 0.00121009 0.00119225 0.00119224 0.00119225 0.00119224 0.00119225 0.00119225 0.00119225 0.00119224 0.00119225 0.00119225 0.00119225 0.00119224 0.00119225 0.00119225 0.00119224 0.00119225 0.00119225 0.00119224 0.00119225 0.00119241 0.00119225 0.00119224 5.01438 0.00119225 0.00119224 0.00119225 0.00119225 0.00119759 0.00119224 0.00119225 0.00119225 0.00121378 0.00119225 0.00119225 0.00119224 0.00120246 0.00119224 0.00119224 0.00119224 0.00119224 0.00119224 0.00119224 0.00119225 0.00119225 0.00119225 0.00119233 0.00119225 0.00119225 0.00119804 0.00119225 0.00119224 0.00119225 0.00119225 0.00119225 0.00119225 0.00119225 0.00119224 0.00120601 0.00119224 0.00123325 0.00119225 0.00119224 0.00119225 0.00119225 0.00119228 0.00119225 0.00119225 0.00119224 0.00119224 0.00119225 0.00119225 0.00119224 0.00119225 0.00119224 0.00119224 0.00119225 0.00119225 0.00119225 0.00119224 0.00119225 0.0016992 0.00119225 0.00119225 0.00119225 0.00119224 0.00119237 0.00119225 0.00119225 0.00119224 0.00119225 0.00119225 0.00119225 0.00119225 0.00119224 0.00119224 33.1034 0.00123162 0.00119597 0.00119224 0.0272348 0.00119224 0.00119225 0.00119225 0.00119225 0.00120071 0.00119225 0.0011946 0.00119224 0.00119226 0.00119225 0.00119225 0.00119224 0.00119535 0.00119225 0.00121424 0.0529918 0.00119224 0.00119225 0.00119225 0.00119225 0.00119225 0.00119225 0.00119225 0.00119224 0.00119224 0.00119224 0.00119226 0.00119224 0.00119225 0.00119224 0.00119224 0.00119224 0.00119225 0.00119225 0.00119225 0.00119224 0.00119224 0.00119224 0.00119225 0.00119225 0.00119224 0.00119225 0.00119225 0.00119225 0.00119225 0.00119224 0.00119225 0.00119225 0.00119225 0.00119224 0.00119225 0.00119224 0.00119224 0.00119225 0.00119224 0.00119224 0.00119224 0.00119224 0.00119225 0.00119226 0.00119225 0.00119999 0.00119225 0.00119225 0.00119225 0.00119225 0.00151546 0.00119249 0.00119224 0.00119225 0.00119716 0.0015045 0.00119224 0.00119225 0.00119225 0.00119225 0.00119225 0.00137235 0.00119245 0.00119864 0.00119237 0.00119225 0.00120431 0.00119225 0.00119225 0.0011923 0.00119224 0.00121706 0.00119225 0.00119225 0.00119225 0.00119224 0.00119225 0.00119224 0.00119224 0.00119225 0.00123548 0.00119225 0.00119225 0.00119245 0.00122997 0.00120291 0.00119225 0.00119225 0.00127336 0.00119225 0.00119224 0.00119225 0.00119267 0.00119225 0.00119239 0.00119225 0.00119921 0.00119224 0.00119406 0.00129905 0.00119225 63.9882 0.00119225 0.00119225 0.00119225 0.00119224 0.00119225 0.00119227 0.00119224 0.00125608 0.00119225 0.00119225 0.00119227 0.00119224 0.00119225 0.00119224 0.00119225 0.00119225 0.00119226 0.00119233 0.00119225 0.00119225 0.00119225 0.00119225 0.00119225 0.00119225 0.00119225 0.00128313 0.00119225 0.00119225 26.0003 0.00119225 0.00119224 0.00119224 0.00119225 0.00119224 0.00119225 0.0011948 0.00119224 0.00119225 0.00119629 0.00119225 0.00119225 0.00119225 0.00119225 0.00119225 0.00119224 0.00119225 0.00146614 0.00119238 0.00119232 0.00119225 0.00119225 0.00119225 0.00119224 0.00119225 0.00119225 0.00119225 0.00119225 11.5095 0.0011923 0.00119258 0.00119706 41.6692 0.00119224 0.00119224 0.00119225 0.00119224 0.00119225 0.00119225 0.00119225 0.00119225 0.00119225 0.00119225 0.00119225 0.00119313 0.00119224 0.00119224 0.00119224 0.00119225 0.00119225 0.00119224 0.00126578 0.00119225 0.00119225 0.00119224 0.00119225 0.00119225 0.00119225 0.00119224 0.0011923 0.00119225 0.00119225 0.00119224 0.00119225 0.00119225 0.00119225 0.00119224 27.0037 0.00119224 0.00119227 0.00119224 0.00119225 0.00122985 0.00119239 0.0011923 0.00119224 0.00119224 0.00119224 0.00119225 0.00119225 0.00120937 0.00119225 0.00119225 0.00119225 0.00119792 0.00119225 0.00119355 0.00119547 0.00119225 0.00119225 0.00119226 0.00119225 0.00119273 0.00119757 0.00119225 0.00119224 0.00119225 0.00119225 0.00119225 0.00119229 0.00119225 0.00119225 0.00119225 0.00119224 0.00119225 0.00119225 0.00119225 0.00119225 0.00119224 0.00119242 36.2565 0.00119225 0.00119225 0.00119225 0.00119224 0.00119225 0.00119225 0.00119225 0.00119225 0.00119227 0.00119225 0.00119224 0.00119225 0.00138573 0.00119224 0.00119225 0.00119225 0.00119224 0.00119225 0.00119224 0.00119225 0.00119224 0.00119224 0.00119225 14.186 0.00119225 0.00124723 0.00119225 0.00119225 0.00119225 0.00119224 0.00119225 0.00119225 0.00119225 0.00119225 0.00119224 0.00123445 0.00119225 0.00119224 0.00119225 0.00119225 0.00119225 0.00119233 0.00119245 0.00119225 0.00119225 0.00119225 0.00119225 0.00119224 0.00119233 0.00119224 30.9492 0.00119225 0.00119225 0.00120496 0.00119428 0.00119224 0.00119224 0.00145234 0.00119225 0.00119224 0.00119225 0.00119225 0.00119225 0.00119224 0.00119225 0.00119224 0.00119225 0.00119224 0.00119225 0.00119225 0.00119224 0.00119225 0.00119225 0.00119224 0.00119225 0.00119225 0.243761 0.00119225 0.00119367 0.00119227 31.7385 0.00119224 0.00119225 0.00119224 0.00119225 0.00119224 0.00119224 0.00119225 0.00119225 0.00119224 0.00119225 0.00119225 0.00119225 0.00119224 0.00119225 0.00119224 0.00119539 0.00119227 0.00119224 0.00119224 0.00119224 0.00119236 0.00119227 64.9794 0.00119237 0.00119225 0.00119225 0.00119225 0.00122949 0.00119225 0.00119225 0.00119225 0.00119225 0.00119225 0.00119225 0.00120258 0.00119225 0.00119225 0.00119225 0.00119225 0.00119225 0.00119225 0.00119224 0.00119224 0.00119312 0.00119225 0.00119225 0.00119224 0.00119224 0.00119225 0.00119225 0.00119225 0.00119226 0.00136251 0.00119224 0.00130703 0.00129339 0.00119225 0.0012027 0.00119225 0.00119225 0.00119225 0.00121652 0.00119224 0.00119224 0.00119225 0.00133051 0.00119225 0.00119224 0.00119225 0.00119225 0.00119224 0.00119232 0.00119224 0.00119225 0.00119225 0.00119224 0.00119408 0.00119224 0.00119225 0.00119225 0.00119225 0.00119224 0.00119224 0.00119225 0.00119225 0.00119225 0.00119225 0.00119238 0.00119225 0.00119225 0.00119225 0.00119224 0.00119225 0.00119224 0.00119225 0.00119225 0.00119233 0.00119224 0.00119225 1348.48 0.00119225 0.00119225 0.00119225 0.00119225 0.00119225 0.00119224 0.00119227 0.00119224 0.00119225 0.00119225 0.00119224 0.00119226 0.00119224 0.00119233 0.00119242 0.00119224 0.00119224 0.00119225 0.00119225 0.00119224 0.00123294 0.00119224 0.00119224 0.00119224 0.00119224 0.00119225 0.00119225 0.00119224 0.00119224 0.00119224 0.00119225 0.00119224 0.00119225 0.00119224 0.00138979 0.00119224 77.8113 0.00119225 0.00119224 0.00119562 0.00119225 0.00119225 0.00119225 0.00119225 0.00119224 0.00119225 0.00119225 0.00119225 0.00119224 0.00119225 0.00119224 0.00119225 0.00119225 0.00119225 0.00119225 0.00119224 0.00119224 0.00119225 0.00119225 0.00119224 0.00119225 0.00119225 0.00119225 0.00119224 0.00119225 65.8317 0.00119225 0.00119356 0.00119224 0.00119225 0.00119225 42.27 0.00119225 0.00119225 0.00119224 0.00119225 0.00119225 35.25 0.00119225 0.0011923 0.00119225 0.00119225 0.00125601 0.00119225 0.00119225 0.00119225 0.00119225 0.00119225 0.00119225 0.00119225 0.00119224 0.00119225 0.00119911 0.00119224 69.0621 0.00119225 0.00119225 0.00119225 0.00119224 0.00119225 0.00119224 0.00119225 0.00119224 0.00119225 0.00119225 0.0011987 0.00119243 0.00119722 0.00119224 0.00119224 18.2152 0.00119224 0.00119224 0.00155241 0.00119755 0.00119224 0.00119225 0.00119225 0.00119224 0.00119225 0.00119225 0.00119225 0.00168441 0.00119233 0.00119225 0.00119224 0.00119509 0.00119225 0.00119225 0.00119225 0.00119225 0.00119225 0.00120436 0.00119225 0.00119225 0.00119225 0.00119224 0.00119225 0.00119224 0.00119313 0.00119225 0.00119224 0.00119224 0.00625557 0.00119546 0.00132561 0.00119243 0.00119225 0.00119225 0.00119225 0.00119224 0.00119224 0.00119225 0.00119225 0.00176543 18.0627 0.00119224 0.00119224 0.00119225 0.00119225 76.5847 0.00119224 0.00119559 0.00119225 0.00119224 0.00119224 0.00119224 0.00119225 14.186 0.00119225 0.00119225 0.00120816 0.00119225 0.00119225 0.00119225 0.00119225 0.00119232 0.00119225 0.00119224 0.00119228 0.00119225 0.00119224 0.00119225 0.00119225 0.00119224 0.00119225 0.00119225 0.00119224 0.00119225 0.00119225 0.00119437 0.00119225 0.00119225 0.00119285 0.00119648 0.00119225 0.00119225 0.00119225 0.00119224 0.00123777 0.00119232 0.00119225 0.00119225 0.00119225 0.00119225 0.00119225 0.00119225 0.00122442 0.00119224 0.00119224 0.00119224 0.00119224 0.00119224 0.00119225 0.00119225 0.00119224 0.00119224 0.00119225 0.00121755 0.00119225 0.00119224 0.00119225 151.779 0.00119224 0.00202701 0.00119225 0.00119224 0.00119225 0.00119225 0.00119225 49.4555 0.00119224 0.00119632 0.00125107 0.00119225 0.00120672 0.00119224 0.00119224 0.00119225 0.00119225 0.00119225 0.00119224 0.00119225 0.00119444 0.00119224 0.00119225 0.00119224 0.00119225 0.00119225 7.54611 0.00119225 0.00119225 74.6422 0.00119244 0.00119225 0.00119225 0.00119229 0.00119242 0.00119224 0.00121102 0.00119224 0.00119225 0.00119225 0.00122184 0.00119225 0.00119225 0.00119225 0.00143994 195.881 0.0016257 0.00119225 0.00119225 0.00119225 0.00119225 0.00119225 0.00119225 0.00119224 0.00119224 0.00119225 0.00119225 0.00119224 0.00119225 0.00119246 0.00119225 0.00119224 0.00119224 0.00119225 0.00119228 0.00119224 0.00124458 0.00119225 0.00119224 0.00119225 0.00119225 0.00119224 0.00124471 0.00119224 0.00119225 0.00119225 0.00119225 0.00119224 0.00119225 0.00119224 0.00119256 0.00119224 0.00119224 0.00119225 0.00119225 0.00119225 0.00119225 0.00119225 0.00119225 0.00119224 0.00119225 0.0011923 0.00119224 0.00119225 0.00119224 0.00119225 26.2688 0.00119232 0.00119224 0.00119534 0.00119225 0.00119225 0.00119225 0.00119225 0.00119225 0.00119225 0.00119225 0.00119225 0.00119299 0.00119224 0.00119225 0.00119225 0.00122757 0.00119225 0.00119237 0.00119225 0.00129116 0.00119225 0.00119224 0.00119224 0.00119225 0.0011923 0.00119224 0.00119226 0.00119224 0.00119225 0.00119225 0.00119225 0.00119225 0.00119231 0.00119224 0.00119225 0.00119225 0.00119225 0.00119224 0.00119224 0.00119225 0.00119225 0.00122869 0.00119224 0.00119225 0.00119224 0.00119224 0.00119224 0.00128985 0.00119225 0.00119224 0.00119224 0.00429402 0.00119224 20.238 0.00119225 0.00119224 0.00135486 0.00119226 0.00119225 0.00119241 0.00119225 0.00119225 0.00119224 0.00119224 0.00119224 0.00119225 0.00119225 0.00119225 0.00119224 0.00119224 0.00119224 0.0012646 0.00119225 0.00119225 0.00119225 0.00119225 0.00119225 0.00119224 0.00119225 0.00121743 0.00119225 0.00119225 0.00120151 0.00119225 0.00119225 0.00119296 0.00119225 0.00119225 0.00119225 0.00119225 0.00119224 0.00119224 0.00119237 0.00119224 0.00119224 0.00119224 0.00119225 0.00119225 0.00121078 0.00119225 0.00119225 0.00119225 0.00119224 0.00119224 0.00119224 0.00121814 0.00119225 0.00119224 0.00119225 0.00119225 0.00119225 0.00119225 0.00119224 0.00119688 0.00119224 0.00119224 0.00119225 0.00119224 0.00119225 0.00119225 0.00119224 0.00119225 0.00119225 0.00119225 0.00119247 0.00119224 0.00119224 0.00119225 0.00119224 0.00119224 0.00119224 0.00119224 0.00119224 0.00119225 0.00119225 0.00119225 0.0011962 0.00119225 0.00119225 0.00120087 0.00119316 0.00119228 0.00119225 0.00121789 0.00125923 0.00119225 0.00119224 0.00119225 0.00119224 0.00119804 0.00119225 0.00119319 0.00119224 0.00119225 0.00153131 0.00119225 0.00119232 0.00119225 0.00119225 0.00119225 0.00119225 0.0011923 166.688 0.00119225 0.00119226 0.00119225 0.00119254 0.00119225 0.00119225 0.00119225 0.00119225 0.00119224 0.00119225 0.00119618 0.00119224 0.00119224 0.00119225 0.00119224 0.00119225 0.00119224 0.00119224 0.00119225 0.00119224 0.00119225 0.00119225 0.00119224 0.00119224 0.00119225 0.00120327 0.00119225 0.00119224 0.00119225 0.00130866 0.00119224 0.00134066 0.00119225 0.00119224 0.00119225 0.00119224 0.00119225 0.00119224 0.00119225 0.00119224 0.00119239 0.001205 0.00119225 0.00119224 0.00119225 0.00119224 0.00119224 0.00119224 0.00119225 0.00119224 0.00119225 0.00119571 0.00119224 0.00119224 0.00119224 0.00119225 0.00119232 0.00119243 0.00119225 0.00119224 0.00148468 30.8802 0.00119838 0.00119227 0.00119225 0.00119232 0.00119225 0.00119243 0.00119225 0.00119224 0.00119226 0.00119225 0.00119224 0.00119224 0.00119225 0.00119225 0.00119225 0.00119225 0.00119224 0.00119225 0.00119224 0.00119248 0.00119225 0.00119224 0.00119224 0.00119225 0.00119225 0.00119225 0.00119224 0.00119225 0.00119225 0.00119225 0.00119225 0.00119225 0.00119225 0.00119224 0.00119225 0.00124644 0.00119225 0.00119224 0.00119225 0.00119225 0.00119225 0.00119225 0.00119225 0.00119225 0.00119225 0.00119225 0.00119225 0.00119311 0.00119273 0.00119234 0.00119225 0.0013002 0.00119225 0.00119225 0.00119225 0.00119225 0.00119225 0.00119229 0.00119225 0.00119224 0.00119224 0.00119224 0.00119225 0.00119231 0.00119225 0.00119225 0.00119224 0.00119225 0.00119224 0.00119225 0.00119225 0.00119225 0.00120354 0.00119225 0.00119224 0.00119337 0.00119224 0.00119225 0.00119225 0.00119224 39.1174 0.00119225 0.00119225 0.00119224 0.00119225 0.00119224 0.00119225 0.00119225 0.00119377 0.00119224 0.00124907 0.00119225 0.00119499 0.00119224 0.00119744 0.00119225 0.00119224 0.0011924 0.00119225 0.00126467 0.0012222 0.00119225 0.00119231 0.00119224 0.0164196 0.00119225 0.00119224 0.00119225 0.00119225 0.00119224 0.0407379 0.00119225 0.00119224 0.00119225 0.00119239 0.00119224 0.00119225 0.00121235 0.00119225 0.00119225 0.00119224 0.00119225 0.00119224 0.00119427 0.00119225 0.00119224 0.00119225 0.00119225 0.00119224 0.00119224 0.00119225 0.00119225 0.00119225 0.00119225 0.00119225 0.00119225 0.00119225 0.00119225 0.00119225 0.00119298 0.00119225 0.00119225 0.00119225 0.00120082 0.00119225 0.00121858 0.00119225 0.00120837 0.00119225 0.00119224 0.00119225 0.00122926 0.00119225 0.00119225 0.00119225 0.00119224 0.00119225 0.00119225 0.00119225 0.00119224 0.00119224 0.00119224 0.00119225 0.00119224 0.00119243 0.00119224 0.00119224 0.00119225 0.00119224 0.00119433 0.00119225 0.00119225 0.00119225 0.00119225 0.00119224 0.00119225 0.00119224 0.00119224 0.00119225 0.00119225 0.00119224 0.00119225 0.00119224 0.00119224 0.00119225 0.00119224 0.00119225 0.00119224 0.00119225 0.00119225 0.00119224 0.00119224 0.00119225 0.00119225 0.00119224 0.00119225 0.00119225 0.00119224 0.00119225 0.00125386 0.00119225 0.00119224 0.00119229 0.00119225 0.00119309 0.00119225 0.00119225 0.00119225 0.00119225 0.00119224 0.00119228 0.00119224 0.00119225 0.00119225 0.00120033 0.00119224 0.00119225 0.00119224 0.00119225 0.00119225 0.00119227 0.00135547 0.00119225 0.00119263 0.00119249 0.00119225 0.00119224 0.00119225 0.00119225 0.00119225 0.00119706 0.00119224 0.00119224 0.00119225 0.00119225 0.00119225 0.00119226 0.00119225 0.00119225 0.00119224 0.00119225 0.00119244 0.00119224 0.00119367 0.00119225 0.00119225 0.00119224 0.00119224 0.00119227 0.00119224 0.00131519 0.00122189 0.00119225 0.00119224 0.00119224 0.00119603 0.00173382 0.00127643 0.00119261 0.00119225 0.00124632 0.00119392 0.00119225 0.00119225 0.00119224 0.00119225 0.00133221 0.00119225 0.00119224 0.00119225 0.00119236 0.00300149 0.00119225 0.00119225 0.00119224 0.00119246 0.00119225 0.00119225 0.00119224 0.00119225 0.00119225 0.00119225 0.00119225 0.00119225 0.00139015 0.00119225 0.00121964 0.00119225 0.00119224 0.00119224 0.00119225 0.00127026 0.00119227 0.00119225 0.00120438 0.00119225 0.00119225 0.00119225 0.00119224 0.00119225 0.00119225 0.00119224 0.00119224 0.00119224 0.00131916 0.00119226 0.00123627 0.00119224 0.00119224 0.00119225 0.0011929 0.00119225 0.00119224 0.00119225 0.00119224 0.00119225 0.00119225 0.00119225 0.00119227 0.00119225 0.00119225 0.00119225 0.00119225 0.00119225 0.00119225 0.00119224 0.00119225 0.00119224 0.00119224 0.00119225 0.00119225 0.00119226 0.00119224 0.00119225 0.0011952 0.00119225 0.00119224 0.00119225 0.00119224 0.00119224 22.6764 0.00119224 0.00119534 0.00119224 0.00119225 0.00119225 0.00119225 0.00119225 0.00121964 0.00119224 0.00119225 0.00119225 0.00119225 0.00119506 0.00119225 0.00119225 0.00119225 0.00119225 0.00119234 0.00124812 0.00119243 0.00119225 9.94388 0.00129059 0.00119225 0.00119225 0.00122912 0.00119225 0.00119225 0.00119225 0.00119225 0.00119225 0.00119225 0.00119225 0.00119224 0.00119225 0.00119224 0.00119225 0.00119224 0.00119225 0.00119225 0.00119224 0.00119283 0.00119225 0.00119224 0.00119225 0.00119225 0.00119225 0.00119224 0.00119224 0.00119225 0.00119225 0.00119224 0.00119225 0.00119232 0.00119224 0.00119277 0.00119224 0.00119225 0.00119224 0.00119225 0.00119225 0.00119457 0.00119225 0.00119225 0.00119224 0.00119225 0.00119224 0.00121727 0.00119225 0.00119224 0.00119225 5.39362 0.00119225 0.00119225 0.00119225 0.00120435 0.00119224 0.00119225 0.00119225 0.00119225 0.00119224 0.00119224 0.00119224 0.00119224 0.00119225 0.00119225 0.00119225 0.00119225 0.00119225 0.00119224 0.00119225 0.00119225 0.0011941 0.00119225 0.00119224 0.00119225 0.00119224 0.00119224 0.00119225 0.00119224 0.00119224 0.00119224 0.00119225 0.00119225 0.00119225 0.00119225 0.00119247 0.00119228 0.00119225 0.00119281 0.101885 0.00119225 0.00119225 0.00119228 22.641 0.00119224 0.00119225 0.00119224 0.00119224 0.00119261 0.00119225 0.00119224 0.00119225 0.00119224 0.00119225 0.00119225 0.00119225 0.00119224 0.00119225 0.00119225 0.00119225 0.00119225 0.00119225 0.00119225 0.00119225 224.663 0.00119224 0.00121887 0.00119224 0.00119225 0.00119224 0.00119225 0.00123103 0.00119224 0.00119225 0.00119224 0.00119224 0.00119224 0.0011943 0.00119225 720.44 0.00131645 0.00119225 0.00119225 0.00119225 0.00119224 0.00119225 0.00119224 0.00119224 0.00119225 0.00119504 0.00119225 0.00119224 0.00119225 0.00119225 0.00119225 0.00119224 0.00119225 0.00119225 0.00119225 0.00130181 11.7777 0.00119225 0.00119225 0.00126859 0.00119225 0.00119225 0.00119225 0.00119225 0.00119225 0.00119225 0.00119225 0.00119225 0.00119225 0.00119225 0.00119224 0.00119225 0.00119461 0.00119225 0.00119224 0.00119224 0.00123626 0.00119224 0.00119224 0.00119678 0.00119224 0.00119225 0.00119225 0.00119225 0.00119225 0.00119224 0.00119225 0.00119225 0.00119224 0.00119225 0.00119225 0.00119226 0.00119225 0.00119225 0.00119974 0.00119225 0.00119225 0.00119225 11.5787 0.00124444 0.00119225 0.00119304 0.00125401 0.00119225 0.00119225 0.00119225 0.00122516 0.00119225 0.00119224 0.00119227 0.00122256 0.00119226 0.0012245 0.00119225 0.00119225 0.00120657 0.00119224 0.00119224 0.00119225 0.00119224 0.00119225 0.00125917 0.00119224 0.00119225 0.00119225 0.00119224 0.00119225 0.00119225 0.00119225 0.00119225 0.00119224 0.00119225 0.00119224 0.00119225 0.0011923 0.00119326 0.00119224 0.00119314 0.00119225 0.00119224
1 3,1,85086.9,0.0211129 12.6446 0.0211876 0.021113 0.021116 0.0211168 59.9863 0.0211326 0.0243433 0.0214402 4.67571 0.0365825 52.9951 0.0211133 0.0211138 0.0211961 0.0211146 0.0211242 0.0211128 0.0211305 0.0212337 0.0211137 15.8028 0.0212438 0.0211547 0.021113 2434.13 0.0217357 0.0212218 0.021113 0.0211127 0.0222671 0.02113 4.42594 0.0211128 0.021176 0.0211126 0.021121 24.9267 0.0211126 10.6118 48.9531 0.0211501 0.0211126 0.0326399 0.0212129 0.0211426 0.0215832 0.0211143 0.0211993 0.0211131 0.0211957 0.0216259 0.0211175 0.0211258 0.0213519 0.0211292 0.0211917 0.0212883 0.0211176 0.0211181 9.97988 0.0211204 0.0211153 0.0211127 0.0211127 0.0211128 14.4816 0.0211168 0.0211127 0.0212036 0.0214814 1405.3 0.0212518 0.0211138 0.0211127 0.0213281 0.0211127 0.0211128 0.0240904 0.0221567 0.0211168 0.0211131 46.1586 0.0211126 24.4084 0.0211127 0.0211126 0.0224881 0.0211126 15.6315 40.0569 0.0211126 0.0211127 0.0211128 3.1312 0.0212573 873.746 0.0211197 0.0553144 0.0213559 0.0213288 0.0360686 0.0211127 14.4945 0.0219155 0.0217086 1.15979 0.0211323 0.0212298 33.6537 0.0211127 0.0211131 0.0211168 0.028113 0.0212644 0.021113 0.0211128 0.021126 0.0211669 0.0211128 0.0211126 0.0211134 94.4816 0.0225782 0.0211145 29.3421 0.0211151 0.0216588 0.0211126 9.87225 0.0212767 0.0213498 0.0211126 121.205 31.6315 0.021113 0.258396 0.0211377 0.021113 0.0211208 0.0340075 0.0211136 0.0211149 0.0211128 0.0211137 0.0224762 0.021124 0.0214103 20.8451 0.0211156 0.0211471 0.0211126 0.0216054 0.0211126 0.0211985 0.0211142 0.0212057 65.4293 0.021113 0.0218033 0.0211432 0.0211165 0.0211284 0.024207 0.0211126 0.0211126 0.0211247 0.0211132 0.0211126 0.0211134 0.0211128 0.021308 1.23525 53.0962 0.0211134 0.0212377 0.0211167 0.0211611 0.021116 0.0211126 0.112295 0.021113 0.0211503 0.0211126 0.0214139 0.0215283 7.96918 0.0211391 0.0211135 3.15852 0.0211131 0.0212242 0.0211166 0.0212911 61.9523 0.0211672 0.0211902 0.0211141 0.0211129 0.0211128 0.0211132 0.0213371 0.0211215 0.0211126 0.0212441 0.0222397 0.0211129 0.0211141 0.0875533 40.0569 0.0211131 0.0250004 760.362 44.3765 0.0211126 0.0211126 0.0212707 0.0211651 0.0211134 0.0211127 0.0211464 0.0211127 0.0211132 30.7611 0.0211218 0.0211137 0.0211126 0.0211166 0.0263676 0.0211132 337.184 0.0211127 0.0253094 0.0211243 0.0211145 0.021132 0.0211151 0.021115 0.0211127 0.0211252 0.0211169 0.0215705 0.0211126 0.0211287 0.0211608 0.0211126 0.021113 0.0211128 0.0211225 0.0211126 0.021132 0.0212652 0.0212973 0.0211557 0.0211155 58.817 0.021113 0.0211134 0.021556 0.0304807 0.0222664 0.0211133 0.0211126 0.0212424 0.0212305 0.0211142 0.0211141 0.0211132 0.0211287 0.0211126 0.0211234 1.25232 0.0211134 0.0215832 0.0211385 0.0211132 0.0211127 0.0218895 0.0211176 0.0211913 28.48 0.0211133 0.0211126 15.3514 0.0211126 0.0214109 0.0211127 0.021258 51.1359 447.856 0.0211808 0.0211126 0.021114 0.0211126 0.0211856 0.0211127 0.0211311 0.0211176 0.0211129 328.061 0.0211199 66.4945 0.0211163 0.309262 0.0212613 0.0211134 0.021116 0.0211128 0.0220539 0.0213407 0.0211126 0.0211127 0.0211131 10.9617 35.8295 0.0211126 0.021118 0.0347423 0.0211201 0.0217523 0.0211131 0.0211129 0.0211184 0.021117 0.0228957 87.2751 0.0211152 0.101109 0.0225932 0.0211131 0.0211126 0.0214272 0.0217199 0.021121 0.021187 0.533073 0.0211856 0.0211283 43.7802 39.746 0.0211136 0.0593501 0.0214201 6.78849 0.0211647 0.021114 0.0211131 0.0211853 0.0211128 0.0389861 0.0211132 0.0211137 0.601736 0.0211137 0.0211652 0.0211127 0.0211194 0.0211299 0.0211128 74.6417 0.0211126 487.291 0.021114 0.0211537 0.0211276 75.1892 0.0211151 0.0211126 0.0211129 0.0211126 0.0211132 148.305 0.0211162 19.8445 0.0211128 0.0211133 0.0211656 0.0270523 0.0211126 0.0211757 0.021113 0.0211126 0.0211148 0.0211126 0.0211126 0.0215013 0.0211431 272.968 0.0211304 0.0211132 0.0211385 105.297 0.109516 0.0211137 0.0211478 52.3377 36.2887 0.0211136 0.0214952 0.0211127 0.0211313 0.0212829 0.0211221 0.0211126 0.0211126 0.0211127 0.0211129 0.0211156 0.0214207 0.0211166 0.0211127 0.0330174 0.0219027 0.0211855 0.0211213 0.0211126 0.0211127 0.0211221 0.0211492 0.0211241 28.4539 38.8278 203.813 101.406 0.0211768 0.0211147 0.0213418 0.0211267 0.0211129 0.0211962 0.0211554 28.2861 0.0211126 30.1128 165.484 0.0211168 0.0211223 0.0211141 0.0211126 0.0211779 0.0211126 0.197631 30.4234 0.0211268 0.0211132 0.0211303 0.0211214 0.0222096 0.0211153 0.0211257 10.6647 38.1433 0.379129 0.0211126 0.0211183 0.0211138 0.0211128 0.0211157 0.0211267 1075.93 0.0211128 0.0211126 0.021113 0.0211128 0.0212819 0.0225337 0.0211127 51.3654 0.0211131 0.0212031 0.0211185 0.0211449 0.021117 0.026721 0.0215793 0.0211131 0.0211133 0.0211893 0.0211126 0.0211142 0.0211282 0.0211152 0.188345 0.0211146 0.0211324 0.0211126 0.0253523 16.6631 0.0215443 0.0211126 0.0213516 0.0211178 1.50589 0.0211202 0.021115 0.0211175 0.0211126 0.021113 0.0237571 0.0211833 0.0211948 0.0211334 0.0211126 0.0212914 0.0211143 0.0214776 0.0211141 0.021115 0.0211212 0.0215284 0.226715 0.021113 15.2216 0.0211126 0.0211137 0.0216659 0.0211142 40.0327 0.0211371 0.0211218 0.0211131 0.0212014 0.0212524 0.0211586 0.0211129 0.0211147 0.0211465 0.0211585 0.021113 220.862 29.6539 0.0211178 0.0211127 0.021183 0.0216027 0.0211501 0.0211157 0.0211207 0.021113 0.0211126 0.0211126 0.0211224 0.0212681 0.0211169 0.0211181 0.0211127 20.259 0.0211133 64.1911 0.0211147 0.0211145 0.0211355 0.0211138 0.0211253 0.0211159 0.0212426 24.6812 82.4902 0.0223057 0.0211131 0.0269504 0.0211126 24.7706 0.021117 0.0211136 0.0211131 0.0214899 361.466 0.0211659 0.0211134 0.0211153 0.0211344 3.91745 0.0469177 0.0211144 0.0211133 0.0212448 0.0211131 0.0211148 41.3015 0.0211127 44.2189 0.0211138 0.0211126 0.021186 0.0211166 0.0211333 0.0219108 0.0211145 0.0211215 0.0211126 42.6613 750.64 0.0212598 0.0212239 0.0211129 0.0213505 0.0214154 0.0211135 0.021114 300.172 69.374 0.0211224 0.0212459 0.0212911 0.0211129 0.0212041 0.021125 1.22459 0.0211392 0.021114 0.0211126 0.0211154 9.59161 0.0213958 0.0211147 0.0211183 0.0242098 22.5251 0.0211148 0.0211208 0.0211135 0.0211415 0.0211139 0.021113 0.02166 0.0250001 0.0211143 0.0211245 0.0211127 0.0215417 0.0232585 8.30106 0.0211149 0.0215946 0.0211128 0.0211143 0.0224794 0.0212215 15.8304 1181.6 30.0978 0.0211126 0.0211188 0.0211239 0.0211126 0.0211127 0.0211126 0.0212433 0.0963552 0.0212337 0.0211129 0.0211135 0.417158 16.1728 0.0211153 0.0211296 0.0211135 0.0211295 0.0211209 0.0211131 0.0211126 0.0211322 0.242499 0.0211126 0.0211394 0.0211151 0.0211457 0.0211127 0.062168 0.0211126 0.0211482 0.0217197 0.0211126 15.7389 1.36049 0.0211126 101.915 0.0211126 0.0211169 123.728 0.0561511 7.27946 0.0214969 0.0211892 0.0211135 0.248982 0.0211156 102.772 0.0211457 0.021116 0.0211131 0.0211126 0.0211131 0.0211126 0.0211126 0.0211148 0.0211128 0.0211217 0.0211156 393.264 0.0224245 0.0215074 0.0221593 0.0211133 0.0218381 0.0211136 0.021113 0.0211184 0.0211712 0.021136 0.0211146 0.0211134 0.0211148 0.021631 0.0218038 0.0211126 43.9558 47.4452 0.0211127 38.2991 0.0211126 0.0211127 0.0213041 0.0211161 0.0212996 0.0211126 0.0212445 0.0211126 0.0221893 0.0285709 1.70839 0.021113 0.0211126 0.0214172 139.779 0.319509 0.0211126 0.021113 0.0211152 48.2824 0.0211143 0.0211128 0.0211154 0.0212469 21.4635 0.022923 0.021113 0.0211229 137.254 12.6337 0.0215582 0.0211128 15.3612 0.0353289 0.021133 0.0211126 0.0212996 0.0213576 0.296682 0.0213405 0.0211422 0.0211136 0.0211192 0.0211131 0.0211951 1339.54 0.0212532 0.0211126 2.77998 0.021127 0.0211126 38.1439 0.78923 24.2176 0.0211132 0.02123 0.0211126 0.0211126 0.0212223 10.9568 0.0211904 0.0211126 0.0211685 0.0211134 0.0232974 0.0212836 0.021113 0.0226015 0.0211126 0.0211133 0.0211654 0.0211488 0.0215422 0.0211126 0.0211126 0.0211146 0.0211126 0.0221982 0.0211129 636.644 0.0211136 0.0211126 0.0211226 0.021131 19.4028 0.021118 0.0211181 0.0211131 0.0211126 0.029215 0.0213871 14.0543 0.0211225 0.0211745 0.0211154 0.0211782 0.0211187 0.021116 0.0211423 20.1324 0.0299658 22.2173 0.0211129 0.0211126 0.0222053 0.021226 0.0211202 0.029262 0.0211135 0.0211584 25.2268 0.0211419 0.0211176 0.0211126 0.0211241 0.0211131 0.0211136 0.0220292 4.82559 92.6463 0.0211126 0.0212105 0.0211155 95.0605 0.0211131 0.0211127 0.0211143 0.0211139 0.0211126 690.734 0.0211129 0.0211127 0.0211164 0.0215594 0.0211458 158.124 0.0589607 0.0213821 11.0594 0.0211129 0.0211128 0.0211135 0.0211126 76.1235 0.0211136 0.0263479 0.0211126 0.0211127 0.0211172 0.0211127 0.360633 0.0211126 0.0211198 0.0237768 0.0212462 0.0212713 47.6801 70.5226 0.0284513 0.0211384 0.0211229 30.2306 2.39486 1710.98 0.0211145 0.0211126 67.0976 0.0217435 0.0211185 415.193 0.0211133 0.0211133 0.0211131 0.0211389 0.0215411 0.0211137 0.0212215 0.0924819 0.0213456 0.0211131 0.0211128 0.0217619 0.0375784 0.0593507 0.0215496 0.0211126 0.0294854 0.0211332 0.0220741 0.0225472 1361.07 0.0211131 0.0211126 0.0211131 0.0211571 0.02159 0.0211176 0.0211297 605.857 0.0211126 0.0211131 0.0211209 0.0211807 0.0211255 666.314 0.0211126 0.0214499 0.0211676 0.021391 0.0221572 0.0211134 0.0212248 0.0211143 2068.18 0.0211126 0.021116 0.0213408 0.0493608 0.0213342 0.94598 0.021113 0.275841 0.0211127 0.0211126 0.0211214 0.0230263 0.0211126 0.0211802 0.0211134 0.030311 0.0211134 0.021113 0.0211317 19.2081 0.0211126 0.0211194 0.0213671 0.0211136 0.0211141 50.692 0.0211681 0.0214083 0.0211452 0.0211126 3059.39 0.0212312 0.0228876 0.0211147 0.0211197 0.0211127 0.0211126 0.0211129 34.6173 0.0211157 0.0272809 0.0215823 0.0211142 0.0211145 1468.11 0.0211796 0.0211138 0.0211284 0.0211141 0.0211127 0.0211679 104.401 0.021113 0.0214437 0.0213616 108.958 10.5852 0.0225445 23.5792 0.0211127 15.8908 0.0211126 0.0211127 0.0211128 0.0211128 0.0212264 1564.67 0.0211126 0.0211135 54.0644 0.0214113 0.0211207 0.0211126 0.0211135 0.0222716 0.0211555 0.0211157 47.0621 0.0211144 0.0216634 1.07173 0.0211128 0.0214594 0.0231195 0.0214548 0.0216817 0.0211177 0.0211596 0.0212014 0.0212033 0.0211126 0.0211126 0.0214455 0.0211126 72.9613 0.0211581 0.0211126 0.021113 0.0211455 0.02113 0.0211129 12.8008 0.0211133 0.0211126 0.0212166 29.826 43.0932 20.2348 0.0211127 42.3605 3.33599 0.0312238 0.0361287 0.0212487 40.0569 0.0211128 0.0211129 0.0212554 0.0211127 0.0211152 0.0211126 0.0757453 0.0211135 0.0211134 0.0211169 0.0211134 48.7503 0.0211128 0.0211156 0.0211126 0.0211181 0.0211128 0.0211418 0.0213903 0.0214078 47.8449 0.0211587 0.0211131 13.8622 774.66 0.021299 0.0211941 0.0218014 0.0211126 0.0211127 0.0211434 0.0211138 11.955 0.0220321 0.0211142 0.0211126 0.0211126 0.0211127 0.0225789 0.0250657 28.4261 1.5679 0.0212106 0.0211999 64.137 0.0212828 0.0211165 0.0211163 0.0231812 0.0211126 0.0211126 0.0211126 0.0211198 2.24334 0.0211203 0.0211166 0.0218306 274.179 0.0212758 0.021138 12.0352 0.021115 0.021132 0.0211145 0.021113 0.0211226 0.0211126 0.0211145 0.0211323 0.0211231 0.0211127 0.0211351 0.0211154 194.672 103.683 0.0211131 0.0211281 0.0281456 0.0211126 0.0211164 0.0211127 0.0211144 0.0211126 0.0214407 0.0235235 0.0211126 0.0211126 218.07 0.0211135 0.0212151 0.021128 0.0211133 0.0211182 0.0211136 0.0211127 0.0211133 0.0211126 0.0211288 0.0211237 0.0211506 0.0211781 0.0211169 0.0211219 0.182075 0.0211129 0.0215582 102.882 0.0211126 0.021113 0.0211132 0.021276 0.0323776 0.0253209 0.0211317 0.0247119 0.0213059 15.5517 0.0211137 0.0212646 0.0213612 0.0213201 0.0211138 0.0211128 0.0211126 110.724 0.0211483 0.0211256 0.0211126 0.0242107 0.021247 30.4234 0.0211873 0.0211137 0.0211394 0.0211137 0.021182 0.0211505 0.0211126 0.0211128 0.0211169 0.0213623 160.87 304.383 0.021206 0.0211136 0.0211519 30.1801 0.021146 0.0211127 0.0213356 0.0211126 14.785 0.0280121 0.0211188 0.0211171 281.811 0.0214223 33.2041 0.0211423 0.0211136 0.0211551 0.0211135 0.0211131 0.0211126 0.0211126 166.824 0.0211402 0.0211381 0.0211126 0.0567266 339.233 0.0211126 0.0216046 0.0211131 91.7394 0.0211127 4.7892 0.0211126 0.0211128 0.0488985 0.021217 0.0211252 0.0212372 0.021113 0.0211222 0.0211131 0.02112 0.0234848 21.7796 0.0218419 0.0266232 0.0211126 0.0211309 0.0211363 0.02132 0.0211531 0.0211126 257.884 0.0211268 0.0211184 0.021113 0.023122 0.0211126 0.0211144 22.2802 12.3014 0.0211132 0.0225184 12.5357 0.0211126 0.0211127 0.0211131 0.021113 0.0211576 451.531 0.526299 11.2498 0.0211133 0.0211133 0.0211126 0.021547 0.0211127 0.0211296 1457.67 0.0212337 0.0228654 0.0211161 59.0211 0.0211131 0.0215753 0.0211135 0.0213101 0.0211179 0.0211256 0.0211136 0.0211193 0.0211135 0.0211127 0.0211126 0.021113 139.285 0.021113 0.0211191 933.765 0.0211165 0.0211126 0.0230611 0.0211345 0.0400882 0.0211126 56.4548 0.0212197 0.0211714 0.0211136 0.0212188 0.0211697 0.0211126 0.0213672 0.0211133 0.0307366 0.0249994 0.0211558 0.0212889 0.021113 37.3793 0.0215747 0.0211127 33.0176 0.0211168 508.486 0.0211381 0.0288919 0.0211126 0.0211137 0.0211405 0.0211126 0.021117 0.0242378 0.0211576 0.0211287 288.838 0.0211129 120.965 0.0225739 0.0211132 1965.37 0.0267572 0.0215873 0.0211181 0.0216443 0.0211151 0.0215392 0.0211126 0.0211429 0.130656 0.0211127 0.0213464 18.281 0.0211126 0.021545 0.0211166 0.0211145 0.0213683 0.0211126 0.0211126 31.2926 12.468 0.0211653 0.0211129 0.0211126 0.0211126 0.0211149 0.021233 134.915 0.0216837 0.0211343 0.0211129 649.646 0.0211181 0.021113 0.0211129 0.0213703 10.2991 0.0211126 52.2551 0.0211143 0.0239248 0.0211136 0.0211136 0.0211126 0.0211333 0.0211772 0.0212804 0.0211126 0.0211126 0.0212771 0.021398 0.0211137 0.0211129 0.0211126 207.857 0.0211382 0.0211879 0.0212174 0.0211126 0.0211127 0.0211131 0.0211232 0.0211263 0.0211712 20.2322 31.9043 0.0211129 0.0211126 0.021174 0.0211129 0.0213287 0.0211956 8.94302 0.0278889 84.0166 0.0214654 0.0211126 0.0211129 0.021464 0.0211325 0.021113 14.0122 0.0217258 0.0211126 0.0211134 0.0211155 0.0211128 5.48593 0.0219178 0.0211132 0.0211132 0.0233797 0.0211165 85.1363 0.0211342 0.021117 0.021305 0.0211126 0.0216712 0.0211413 0.0246419 0.0271722 15.2487 0.0211133 0.021122 0.0211126 113.048 2.81683 0.0211212 0.0212159 0.021115 8.9959 0.0211527 0.0211201 0.021126 0.0211147 0.021117 0.0211128 106.144 0.0211126 0.021113 0.0211128 0.0211133 0.0211127 0.021113 0.0212695 118.272 0.0211126 0.0211126 0.0211831 0.0211126 0.0211126 0.0211129 0.0211126 0.0211128 0.0211202 0.0219241 0.0216754 0.0211207 0.0211138 441.844 0.0211126 0.0211126 0.0211132 23.5694 0.0211903 0.0211601 172.752 0.0211156 0.0211126 4.42594 0.0211126 0.090052 0.0211605 0.113954 0.021171 0.0211137 0.0211126 0.0211338 0.0211126 31.071 0.0211127 0.0211751 49.4468 56.8872 0.033016 0.0211138 0.0211131 0.0211132 0.0211151 0.0211237 73.649 29.3066 76.5162 0.0211126 0.0211129 0.0211126 43.299 0.0211739 0.0211127 918.557 0.0211131 0.0219068 0.0213208 0.0211127 0.0211128 0.0247264 0.0211133 10.5349 0.0211182 0.0213089 0.0214593 0.0211128 0.0211127 26.638 0.0211133 0.0213461 0.0212522 0.0211794 0.0212033 0.0211186 0.0211181 0.0211184 0.0211128 0.0211136 0.0634377 0.0211126 0.0211126 0.0211131 0.0211183 0.0211127 0.0211281 0.021151 0.0212027 62.5224 0.021905 0.0211126 137.573 0.0212104 0.0211132 0.0211129 0.0212157 0.0212468 0.0211126 243.208 0.0211133 157.376 0.357594 0.0211137 0.0211136 0.0211132 0.0211667 12.7784 0.021804 0.0211126 237.152 0.0211145 0.0211132 0.021113 24.122 0.0211151 0.0211126 0.0211425 0.021254 0.0211129 0.0212059 0.0211135 0.0211337 0.0259742 0.0211467 73.5603 0.0211574 0.0211451 0.0211181 0.0211221 0.0211137 0.021672 0.0214033 0.021115 0.0211132 0.0211166 0.022369 0.0669491 0.0211145 0.0211386 24.9463 0.0212108 70.3936 0.0213648 41.8635 0.0211271 0.0211192 0.0219566 0.0211127 0.0215716 0.021119 0.0211434 0.0211126 128.456 0.028476 0.0213361 0.0212048 123.281 0.02118 0.0211693 0.0211137 0.0211126 0.0211364 0.0254294 0.0211129 0.0371626 64.1447 16.3736 0.0211392 80.1543 0.0211129 0.0211139 0.0212914 0.0211128 155.093 0.0211127 0.0212181 8.52662 0.0211138 0.0211647 0.0211131 0.0213514 0.0211128 0.0211317 0.0211262 0.021114 0.0211126 0.0211584 0.0220281 0.0220798 1090.47 0.0320879 0.0218383 0.0636916 0.0211128 0.0211156 0.0211139 0.0211132 0.0251369 4.30988 0.0211158 0.0212152 0.0211735 0.0211154 0.0216265 0.0211518 0.0211152 0.0211389 0.0211126 0.021147 0.0211126 0.0211292 0.0211975 0.0211153 103.728 0.0211126 0.0211821 14.1032 0.0235679 0.0211154 617.981 0.0211134 982.937 0.021113 0.0461852 0.0213254 64.9836 18.4822 0.0213258 0.0222714 0.0211129 12.2451 0.0213982 0.0215687 138.231 0.0211176 0.0311444 0.0213869 0.0237972 0.0222064 0.0226708 0.0215344 0.0213028 0.0211647 0.0211127 0.0211126 0.0211168 0.0212492 0.0211126 0.0211139 0.0211194 0.0215897 0.0212707 0.0211126 0.0211131 0.0212201 0.0211229 0.0211126 0.0211211 0.0272888 0.0211126 56.1343 0.021119 0.276929 0.0211255 0.0211159 581.408 0.0211129 0.0215046 861.909 0.0211132 0.0212809 0.0211127 42.282 0.0211129 0.021114 0.659939 20.3887 0.0211126 0.021429 274.784 2.10937 32.9651 0.0211579 0.0212602 0.0211128 0.0218047 0.021147 0.0211144 0.0376829 0.0211127 0.0211127 0.0211126 0.0211129 0.0211146 0.0211129 0.0593583 0.021113 0.021135 0.0211733 0.0211141 0.0211128 0.0211126 0.0212136 0.0211129 0.0211126 91.3729 0.0211135 0.0211126 15.0341 0.131448 1757.25 0.269857 653.914 0.0211464 0.0211126 0.0411368 0.0211128 0.0211168 0.0211127 228.851 22.3503 0.0214433 0.0211173 0.0211133 379.374 0.0211131 0.0212077 0.0217398 0.0211137 20.7541 0.0219048 0.0211268 0.0211132 0.0211249 0.0211141 115.804 0.0211127 0.0211671 0.0211131 165.579 0.021224 0.0211126 0.0224261 1.67234 0.0211133 0.0211298 0.0211595 43.6416 61.1459 27.673 0.0211126 32.5344 0.0216262 0.0211129 0.0221623 0.0212013 0.0211708 0.0211128 0.487863 0.0211548 0.0213212 0.021161 0.0211126 111.1 0.0211126 0.0211135 134.241 0.0213572 0.0211126 17.9415 0.0211127 0.0263291 0.0211134 0.0222181 0.0211139 0.0211126 0.0211129 0.0226544 0.0211126 0.0211814 0.0211401 0.021113 0.0211134 0.0211129 0.0211185 0.0211889 0.021113 0.0211139 0.0211126 0.021113 0.0211141 0.0211126 0.0211132 0.0211135 0.0211127 21.2147 0.0211135 0.0211134 0.021118 0.0211127 0.021114 27.0828 0.0211171 474.242 0.0211444 0.0212169 0.0212519 103.18 0.0211128 29.1846 0.0211144 0.0211128 0.0211129 236.151 0.0211131 0.021113 0.0216288 0.0913004 0.0213985 0.0211235 0.0211441 0.0323589 0.0221431 23.9452 0.0211367 0.0211134 0.021113 0.02121 0.0213395 45.3118 0.0211128 1533.47 0.021113 0.0211127 5.79363 0.0211141 0.0213464 0.0211126 0.0211779 0.0211129 11.1409 0.0212413 0.0213814 0.0211126 0.0214238 0.0319662 49.3317 0.0220841 0.021144 0.0320869 0.0211201 0.0212797 0.0212225 0.0211126 0.0211132 0.0211126 0.0211498 0.0213224 0.0211896 0.0211126 0.021195 0.0212888 0.021113 0.0211127 0.0211843 6.79001 0.0211126 0.021146 0.0211132 0.0212603 0.0211127 32.389 0.0211127 0.262719 0.0211126 0.02113 0.0211135 0.0213377 0.0211248 0.0212428 97.7258 0.021133 0.0213627 0.0211158 0.0212408 0.0212841 153.287 0.0211128 0.0211137 0.0211128 0.0212573 0.0211128 0.0212752 0.021364 0.0211131 0.0634914 0.0236691 0.021114 0.0211126 0.0211132 0.0211148 0.0211127 0.0211126 0.0211546 0.022458 0.0211126 0.0211165 0.0222633 6.3754 37.8886 24.2566 0.0211126 0.021113 0.0211524 0.0211126 0.0211831 0.0211126 67.5916 0.0211206 0.021156 0.0211126 0.0212311 0.0211126 0.0211126 0.0211488 0.0217795 0.0212304 0.0211126 0.0213626 0.0211126 296.353 0.0211131 0.0211126 0.0211203 0.0211126 0.0754091 0.0211134 15.5846 0.0214136 0.0213101 0.0211127 0.0211126 0.0211236 21.2186 0.0212746 159.27 0.0211131 6.94799 9.49237 70.9351 0.0211141 0.021135 0.0211126 0.0211127 0.0211126 2.77365 0.0211165 0.0221387 0.0211138 0.0211342 0.0211164 0.0211131 0.021113 0.0215083 0.022145 47.4379 0.0599509 0.0211504 0.021139 0.0211126 0.0211133 0.0211153 0.0224516 0.0230139 66.0365 0.0211135 0.0211702 0.0211133 0.0211163 0.0211414 0.0211126 0.0211317 0.0211128 0.0211188 3.91842 0.0211159 0.0211959 0.021113 0.0211128 0.0220994 34.1247 0.0211164 0.0211253 0.0223102 0.0211328 0.0211162 0.0223723 0.0211134 0.0211126 0.0228297 0.0212227 434.443 275.378 10.5514 0.0217719 0.0212286 0.0214686 0.534214 0.0211126 0.021283 0.021114 0.0211128 0.0211126 0.021266 1115.69 0.0211126 0.0211129 0.021113 0.0211127 0.0211126 292.095 0.0211998 109.797 0.0211235 0.0211136 0.0211126 0.0211129 0.0211127 0.0211422 0.0211473 2.43852 0.0211485 17.9714 36.6834 0.0211182 0.0211126 0.021258 0.0212399 0.0211148 200.805 0.0211139 0.0255934 0.0211126 337.657 0.0211126 0.0211135 0.0211166 0.0211655 0.0211135 0.0211127 0.0211127 0.0214024 556.43 0.0211148 0.021387 0.0211293 218.878 0.0212031 0.0231096 0.0211767 0.0211126 16.9842 0.0211126 173.996 0.0211418 0.0211145 0.0211188 159.391 0.314395 0.0211522 0.0211162 0.0211129 0.021209 0.0213625 0.0211143 0.0211167 0.0211127 0.520614 0.0213271 0.0253509 0.375296 0.0211134 0.0211468 0.0221332 0.0211127 0.0211136 0.0211155 0.0211126 0.0917462 0.0211166 0.021132 0.0211129 0.0211633 28.49 0.0211129 0.0211126 12.311 0.021113 0.0211126 0.0213341 0.0211213 206.936 0.0212309 0.0211126 0.0211132 0.0211139 0.0211752 0.0211129 0.0211406 4.43828 0.0211164 0.0211515 89.5924 0.0219829 0.0223472 0.0247235 0.0211219 518.927 0.0211126 0.021113 0.0211183 33.9457 0.0211132 0.0213366 42.6473 0.0211126 0.0225308 0.0212674 0.0212134 0.021118 0.0211133 0.0221209 0.0211138 0.0211147 0.021216 0.235355 0.0211166 0.0211787 0.0211143 0.0211127 0.0213968 10.4201 0.0218211 0.021113 0.021117 0.0214745 0.0212173 16.2226 24.681 0.0211127 0.0211129 304.095 0.0211403 0.0214976 0.0211871 0.0211127 0.0213167 0.0211129 0.021117 0.021113 0.0211397 0.0226171 0.0211197 70.5302 0.0211126 26.8503 0.0211982 0.0211143 0.0211507 0.0211126 0.021971 0.0211126 10.4996 11.6912 0.0211468 0.0211128 0.0211207 0.0211126 0.0215143 0.021161 0.0215218 0.0228754 0.0211167 0.0211142 0.0211127 0.0211213 0.0211126 0.0211126 0.0211126 0.0211127 0.021113 0.0211126 0.0211126 15.6839 0.0211126 0.0211128 0.0211653 0.0211135 0.0211298 0.0211152 0.0211128 0.0211748 0.0211126 0.0211667 0.0211134 0.0211376 0.0211827 0.0211126 0.0211131 0.0211127 0.021113 0.0211137 0.0211133 0.0211129 0.0211131 0.0211128 0.0211129 0.0211127 0.0211138 0.0213304 0.0215535 0.0211129 0.0211126 0.0211126 0.0212757 0.0211127 0.0211283 0.0211127 0.0372509 0.0211134 0.0211129 11.4382 0.0230087 0.0211131 0.0211154 0.0211182 0.0211203 0.0211126 0.0211166 204.737 0.0211166 0.021204 0.0211127 0.021113 0.0211524 50.3235 0.0211802 0.0211126 994.682 0.0211251 0.0211203 0.0211128 0.0211128 0.0211126 0.0211126 121.273 0.0232743 0.0211172 0.021206 0.0211145 0.0212562 0.023648 0.0211126 0.0212804 109.366 0.0213813 20.2322 0.022127 0.0211131 0.0211128 0.0215279 0.0211126 0.0455446 0.0215893 0.0211765 0.0301692 159.006 0.0213427 0.0211283 0.0211149 0.0211128 0.0211139 0.0211153 16.8212 34.903 0.0211132 18.2204 0.446421 0.0212816 0.0211227 0.0217917 0.0211131 0.0212109 0.0211126 0.0374341 0.0212014 0.0211323 0.0211131 0.0211169 0.0215408 0.0251764 0.0211479 0.0215139 0.0211143 0.022929 0.0211126 0.0211126 0.0250779 0.0211436 0.0211139 49.063 0.0211127 0.0213323 0.0211126 0.0211134 0.0213023 7.92892 0.0213993 0.0220799 0.0211133 425.187 0.0213591 1120.37 0.0213026 0.0211129 0.0218228 0.0211126 19.1909 0.0212137 23.5694 0.021158 0.0211129 0.0211356 0.0211213 0.021113 0.0211152 0.0566738 5.21781 0.0211176 0.0211345 15.8501 0.0211128 0.0212147 0.0211956 0.0211126 0.0211127 0.0211127 0.0224244 0.0211194 0.0211366 0.0211169 0.0211817 0.0592548 0.0211136 0.021113 0.0211135 165.785 0.021984 0.0211602 0.0212338 0.0390329 0.0212149 0.0211153 0.0211288 0.0211429 0.0211141 0.0211132 0.021115 0.0212982 1.04372 0.0211535 54.0115 0.0353104 0.0211703 81.1309 0.0223152 0.0211712 0.0211139 0.0211237 0.0211129 0.0212796 0.0471912 0.0213412 0.0211288 0.0211126 0.0211127 0.0211161 0.0211128 0.0211126 0.0259782 1.27094 0.021403 0.0211129 0.0213055 0.0211843 0.0211127 0.0211623 0.0215594 0.0211468 402.75 0.0211249 0.0211165 12.3207 0.021114 0.0248755 0.0211198 0.0226949 27.1059 0.0211332 0.0211126 0.0211126 0.0211129 0.0211127 0.0211138 0.0215954 0.0211532 0.021165 0.0211144 0.0211231 0.0211127 0.0211127 0.0211288 0.0212453 0.021113 0.0211126 0.0211126 0.021363 687.231 0.0211504 0.0211126 16.6631 448.359 0.0211146 65.4067 0.0211135 0.0211187 0.021113 0.0211128 0.0211132 0.0211694 0.0211189 0.0211127 0.0211126 0.0222553 13.3819 0.0211181 0.021483 31.1947 0.0287471 0.022384 9.47032 0.0211127 0.192129 0.0211131 0.0211153 0.0211135 0.0222394 0.0211837 0.49154 24.4907 0.021113 0.0211139 0.0211126 872.616 0.0211387 0.0211128 249.26 10.1497 0.0216892 0.0352971 0.0211482 0.0212975 9.23897 0.0211133 0.0211127 0.0211506 0.0211128 0.0213509 0.0211208 0.0211771 0.0211138 0.0211126 0.021649 0.0211838 0.0212139 0.0211151 0.0211126 0.0211128 0.0378153 0.0211137 0.021113 0.0235862 0.0211206 0.0213185 0.0212656 0.021113 0.0211128 0.0211126 0.0211179 0.0211132 0.0211127 0.0211267 0.0211135 0.0211126 0.0211157 0.0211244 0.0211128 0.0211524 0.0211129 39.7149 0.0211327 0.0211126 0.0211138 31.2563 0.0211126 0.0211131 0.0212969 0.021114 2.83015 0.0211128 16.4078 0.0212561 19.3911 0.0215099 0.0211126 0.0211128 206.048 0.0272332 0.0211131 17.39 12.9165 0.0211139 0.0344691 0.0211128 0.0211127 0.0212872 0.0211128 0.0211461 0.0212928 0.021117 0.0211146 0.0211126 21.6393 507.211 0.0223398 0.0211934 0.0211128 0.0215107 0.0211139 0.0211689 0.0213391 0.0211126 12.4901 86.3602 0.0211239 0.0211151 0.0211136 0.0211132 0.0211147 0.0211137 77.6814 0.022594 0.0211129 0.0211126 0.0211126 0.0217048 0.0212155 0.0211134 0.0211126 0.0211134 0.0211127 15.552 0.0213395 0.0211132 0.0211212 15.2302 0.0524293 0.0211627 0.0211126 0.0211129 0.021129 10.5514 0.0211137 0.0211129 0.022722 0.0217213 103.327 0.021114 0.0211131 0.0211131 21.1088 8.54591 0.0211234 63.1432 0.0211126 0.0211843 0.0211127 0.0211126 0.0213331 0.0211126 0.0211128 0.0211253 11.4787 0.0211126 0.0211126 0.0212841 0.0211126 0.021177 0.0211151 0.0211128 0.0211129 0.0336614 292.302 0.0211126 0.0272967 0.0214966 0.0211387 0.021113 35.712 0.0213026 34.1313 0.0211132 0.0211141 253.803 0.0211126 0.0211141 0.0211127 0.0211184 0.0211126 0.0211146 0.0211136 0.0214222 0.0211166 0.0211128 0.32385 0.0211177 0.0211126 0.0211141 0.0234335 8.69138 0.0211647 0.0211563 0.0211126 0.0213461 13.0323 0.0231988 0.0225415 0.0222418 0.0211145 0.0242131 31.167 0.0211285 0.0212086 0.0211126 0.0214234 25.2128 52.2247 0.0211191 0.0413663 0.0212573 0.0211715 0.0225525 0.0214989 59.9118 0.0211146 0.0211169 0.0211126 55.8227 0.0212155 0.0211126 0.0211443 0.021114 0.0211127 0.0211614 0.0211126 0.0211208 37.1823 0.021116 0.0211197 0.0211815 0.0211126 0.0211126 0.0211298 0.0211194 0.0211126 0.0215837 0.0211326 0.0212037 0.0215499 0.0211514 0.0211773 0.0211235 0.300741 0.0211552 0.0211128 0.0211132 0.0211126 0.0211386 0.021124 0.0211126 0.021113 0.0211668 0.0212746 0.0211126 0.0211185 0.159555 0.0211126 0.0211384 0.0211126 0.021147 0.0211791 0.0212443 0.0211126 0.0211126 0.0211318 0.0211366 0.0211129 0.0222101 0.0211464 58.3135 0.0211206 0.0211126 294.788 0.0211493 0.0211142 0.0211184 0.0217584 0.0212502 0.021115 0.0211126 0.0231256 0.0355597 0.0241144 0.021122 15.5446 217.612 15.8911 0.0211129 0.0212448 0.0211127 0.0211134 0.0214137 0.0211126 0.021113 12.4901 0.0211723 0.0211138 0.021135 0.0211497 0.0213471 0.0211129 0.0211128 222.092 0.0211608 0.0211133 0.0211131 970.084 0.0211127 3639.35 0.0211134 0.0211126 20.6705 0.0211371 0.0211127 0.0211128 118.565 0.0212011 12.4901 0.0211292 0.0212911 428.043 37.4991 0.0211803 0.021117 0.0211133 0.0211135 0.0212068 0.0211128 0.0211142 0.0211452 0.0211134 0.0211163 0.0211147 0.0211126 0.0214911 0.0211127 0.0213 0.0212975 45.9219 0.0211128 0.021117 0.0211131 0.0211126 0.0211169 0.0211127 0.0211126 0.021176 6.11946 0.0211143 0.0211405 0.0212658 0.0211174 0.0211126 0.0213047 0.0211126 0.0211147 1.43207 0.0213392 0.0212693 0.0211127 0.0213136 0.0211129 0.0242382 99.3971 0.0216697 29.9471 0.244469 0.021351 0.0216125 0.0213084 0.0211126 0.0211198 199.469 50.7967 0.0211693 0.613496 0.0218978 0.0257277 0.0211138 0.0211464 0.0211131 12.6161 0.0211126 0.0211127 0.0211264 0.0213171 0.0211148 0.0211126 0.0320239 0.0211128 0.0211138 180.743 0.0211126 0.021121 16.8041 0.889369 0.0211352 3.33498 0.021114 93.3397 0.0211126 26.6353 1.96557 0.0771363 0.0211165 0.0211131 0.0211128 0.0214911 0.0211189 0.0215427 0.0212393 0.0211266 0.0211478 0.0211127 0.0211126 0.0211127 0.021963 0.0211128 0.0211288 0.0211131 0.0211221 0.0216341 0.0211131 24.42 0.0211223 0.0211126 61.6764 0.021113 0.0488989 0.0211456 0.0211134 0.0211311 0.0211416 0.0211917 0.0222031 6.73916 0.0211126 0.0211127 41.1946 0.0211153 0.0211126 0.021164 0.021115 0.0212575 0.0211126 0.021271 0.0211163 0.0211126 0.021113 0.0226055 0.0211151 0.0211204 0.0211126 3.49621 0.021593 0.0211301 1294.98 0.0211126 0.0236182 3316.6 0.0211167 0.021113 4.22612 0.0213049 0.0211128 0.0211127 0.447843 0.021146 0.024869 0.0211126 0.0224547 0.0211137 0.0211139 0.021114 0.0211126 0.0211301 0.0211337 0.021306 0.0211134 0.0211165 0.0211126 0.0211474 0.0211129 0.0211131 0.0231236 0.0213342 0.0211132 0.0211468 119.956 0.0211126 0.0212582 0.0211126 0.0358769 0.0211126 0.0211126 0.0211126 0.0211243 0.0211157 0.0211126 8.06392 1029.71 97.7104 0.0629463 0.0211136 0.0211126 0.0214443 0.0214268 0.0211132 29.9289 0.0211214 0.0211126 0.0211126 0.0211128 0.0211128 74.2879 0.0211127 0.021122 0.0212275 0.0211145 89.0561 0.0211127 330.637 0.0211193 0.143788 0.0211126 27.6322 0.0213616 0.0211135 0.0211129 0.0211214 280.87 0.0211128 0.0211126 0.0211766 0.0211129 0.0218117 0.0211127 0.0211126 0.0211126 0.0211126 0.0212146 0.0212851 0.0211452 11.6245 0.0211198 0.0215878 0.021114 192.039 0.0211127 0.0211923 0.0212552 0.0211126 0.0211126 0.0211133 0.0211126 0.0211133 0.0282548 0.0211242 0.0211184 140.65 0.0211146 0.021156 0.0211129 22.5251 0.0211129 575.067 10.1491 0.0212418 0.0211127 13.6731 0.0211228 0.0231727 17.2692 0.0216077 0.0211127 1.40806 0.0211187 0.0211126 0.0212234 0.0211349 0.0211268 0.0212144 0.0212998 0.0211127 0.0211218 0.0211137 8.69119 21.1091 0.0213053 0.0211722 0.0211126 0.0211132 0.0211144 0.0235876 0.0211127 0.0217566 0.0211126 0.0213545 0.0211197 356.437 0.0217461 0.0211266 0.0211127 0.0412349 0.0213759 0.021139 0.0213177 0.0211136 0.0216284 0.0211128 0.0560208 0.0211136 0.0367104 0.0211483 0.0211137 0.0211179 0.0211133 0.0211148 31.0046 0.0211126 0.0212581 0.0211148 0.0211128 0.0211128 137.237 0.0211126 163.198 0.0211147 4.26172 0.0211126 0.0213646 157.844 44.619 0.0211141 0.0211151 0.0211498 14.0845 0.021115 0.0211134 0.0211129 0.021114 0.0211445 0.0211129 0.0212077 0.0211129 126.192 0.0226132 19.0845 23.0279 0.0211126 0.0245215 0.0211131 0.0211126 0.0211138 0.0211127 0.117921 0.0584574 0.0211139 0.0224544 0.0211367 0.0211126 0.231166 0.0211126 0.185175 0.0212975 0.0211579 0.0211782 0.0215643 0.0219145 0.0329801 0.0211129 0.0211493 0.0211865 150.509 0.188571 0.0211794 191.431 0.021113 200.407 0.0211126 0.0211134 0.021686 9.97982 0.0211127 0.0214325 0.0211128 0.0211131 0.0211165 0.0211142 0.0211403 0.021114 0.0211126 0.0218849 0.0211126 0.0211405 0.0211126 0.0211181 0.0211127 0.0211127 0.0211126 0.0211129 0.0211134 0.0221957 0.0211127 0.0211346 0.370427 0.0211129 309.869 173.597 0.0219312 0.0211126 0.0211129 0.0211127 0.0211137 0.02117 0.0211127 0.0211289 0.0211126 124.594 28.2689 0.0211653 0.0211554 36.4202 0.0211126 0.021812 0.021118 0.0211145 0.0212828 596.271 16.6631 0.021117 88.733 81.6435 0.0233104 0.0211435 0.0211503 22.451 0.0211141 0.0349852 17.2 0.0211154 210.072 0.0211127 0.021115 13.8336 0.0211156 0.0213835 0.0211129 47.192 0.0211127 0.12088 0.021113 0.0211145 0.0211163 65.0575 0.0211389 0.0211187 0.0211126 0.0211132 0.0211803 0.0211137 0.021114 0.0211132 0.0212865 204.206 0.0213193 0.0211838 0.0211132 0.0211281 0.0211126 0.0211133 0.0211583 0.0211131 30.9497 0.0212423 0.0284941 0.026245 0.0211425 0.0211128 0.0211249 57.7915 0.0211325 184.804 0.0211126 0.0211128 0.0211142 81.3746 0.0211129 0.0211127 0.0211132 0.0235016 0.0211131 0.0211126 0.0211129 0.0211176 0.0211702 0.0310718 0.0211342 0.0211137 0.0211139 0.0211134 0.0211126 80.1294 162.735 0.0211126 0.0211126 0.0213091 0.0213415 0.0212512 0.0211126 120.468 0.0211126 0.0211176 0.0211199 56.3735 27.7828 0.0212425 0.0211283 0.0211553 0.0211413 0.021118 0.0211127 0.0211131 0.024215 6.86746 10.8111 0.0211126 0.0211126 0.0211134 0.0211126 0.021247 0.0211139 0.0226062 0.0211127 0.0211576 0.021114 0.0211126 0.0213227 0.021254 0.0692297 0.021113 0.0211126 0.0211126 0.0212185 0.0215113 0.021115 0.0211352 15.3327 0.0211127 0.0211134 10.2118 93.1577 0.0211139 0.0520517 0.0215924 80.2201 0.0211139 0.0211156 0.0213517 24.6804 0.0211319 0.0211694 40.2229 0.0211657 68.4696 0.0211128 0.0211415 0.0211132 0.0211218 0.0211148 0.0211126 0.0211129 0.0211518 0.0211148 0.021113 0.0214174 0.0212448 0.0211134 0.0211133 0.0211126 0.0211173 0.0212967 19.909 0.0225002 0.0238964 0.0365391 0.0211142 0.0211132 0.021136 0.0211133 0.0211153 0.0211129 0.0211131 0.0211144 0.0211127 0.0211192 0.0211131 0.0211197 0.0578554 0.670485 50.3707 0.0211127 0.0211236 0.0212561 0.0211172 0.0224472 0.0211431 1669.53 0.0211153 19.7979 0.172338 0.0211126 0.0211162 0.0211871 0.0211126 0.0211126 0.0211192 0.0217365 0.0343498 0.0230095 0.0211126 0.0212055 0.0211126 0.0211166 14.425 0.0211126 0.0211143 0.0213497 0.0211126 29.5092 0.0222854 0.0211898 3729.93 0.0211664 0.021209 0.0211126 0.021208 0.0211252 10.8154 0.0212415 0.0211654 0.0211614 0.0212818 0.0211126 0.0211136 0.0211131 0.0221555 0.0211126 0.0212094 0.021132 0.0212545 0.0380851 0.0211164 0.0211142 0.0211126 0.0211133 0.0230558 0.0211128 0.0235796 43.6011 0.0211651 0.0211293 13.6193 0.0211132 0.0211126 31.9745 0.021179 0.0211149 25.5958 0.0211138 0.0242381 0.0211126 0.021333 0.0211144 0.0211554 0.0212201 0.0212161 0.0211126 0.0211139 0.0211127 0.0211861 16.8041 0.0211159 0.0211136 326.162 0.0211128 0.0212807 0.0211133 0.0211126 0.0233856 0.0211129 15.418 0.0482267 0.0257836 0.0211445 0.0211407 0.021148 13.6014 0.0217095 0.0211764 0.0212236 0.0214292 0.0211411 0.0212848 0.0212445 0.0297801 0.0211126 0.0211156 0.0211132 435.12 111.484 0.0211133 0.0211131 12.4901 0.0211126 385.93 0.0211149 0.0211127 8.51514 0.0211178 0.0211126 0.0211126 0.0211127 0.0328205 0.0211126 0.0211126 0.0211263 0.101128 24.8013 0.0211129 4.41559 0.0211128 0.0928254 0.0211202 0.0211129 0.300388 0.021159 0.0211238 9.79241 0.0214458 0.0211126 0.0211366 0.021113 0.0211141 0.021113 0.0211162 0.0211128 0.447114 0.0215386 0.0211234 0.021113 0.0212545 0.0211195 0.0211126 0.0211299 0.0211447 0.0212709 0.0211704 0.0214413 191.804 0.0211147 0.0211925 0.0211126 0.0221004 0.0211131 0.0211127 0.0211135 0.0211219 0.0211129 0.0211184 0.0214616 0.0211272 54.0329 0.0211136 0.0211126 24.8218 0.0211177 5.57389 0.0211964 0.288618 0.0211129 7.12289 0.0211146 12.2942 0.0211127 0.0211215 0.0211162 173.298 0.0212174 0.0211139 0.0213803 375.891 0.0211126 0.0221202 0.0211126 0.0211143 0.0211167 0.0211127 0.0316914 6.81361 24.5037 0.024178 0.0211149 49.5255 0.0211376 0.0211531 3.93936 0.0211132 0.0212654 0.0223234 0.0211126 0.0274291 0.0211407 15.0137 2947.75 0.0211148 0.0211126 0.022594 0.0212556 0.0211127 42.7064 0.0350191 0.0211169 0.0211126 14.4267 0.0214849 21.2883 0.0223362 7.65605 0.0211129 0.0211131 0.0211126 19.7979 0.0314929 54.1535 0.0211226 0.0211488 0.0212409 0.0211126 36.1342 0.0211194 0.0212722 0.0211126 0.0211517 0.0211132 0.0277078 0.0211604 0.0211722 0.0214706 0.0211301 0.077633 95.2487 0.0215029 0.021113 0.021227 53.5875 21.6393 0.0211126 0.0239153 0.0211127 0.023219 0.0211249 0.0211126 0.0211133 48.7268 0.0213017 0.0211981 0.021113 0.0211347 0.0219944 0.0211127 0.0211194 0.0211477 0.0211181 0.0211155 0.021258 0.0211127 0.0211181 0.0211128 0.0211126 0.159556 0.0211128 0.0260438 0.601284 27.3333 0.0211129 0.0211143 0.0211475 0.021117 0.0211126 0.750976 27.8572 0.0211129 19.5611 0.0211126 0.0211131 0.0211141 0.0211126 0.56807 0.0211698 11.3769 0.0211126 0.0212388 0.0220125 173.907 0.02136 0.0211195 19.7025 0.0211339 0.021117 0.0212198 0.0211349 0.0247988 0.0211148 0.0213531 0.0211129 996.468 0.0243283 0.0211132 0.0211934 0.0213462 0.0230453 0.0211168 0.0211227 0.0211919 0.0211444 0.0211421 100.053 0.0211156 0.021385 0.0211127 0.0211493 0.0212099 0.0211545 0.0576897 0.0211126 0.0211147 0.0211126 50.086 0.0240049 0.021176 0.0211134 55.3461 0.0211145 0.0212057 0.0212609 0.0211126 0.021117 0.0211135 0.0211135 0.0211126 0.0216313 0.0211141 0.0249118 0.0211132 0.0327945 0.0211129 0.0211128 0.029743 0.0211128 0.0211126 0.0211136 0.0211219 0.0211138 0.0213228 0.0211322 0.0215468 0.0212753 0.0211241 46.5887 0.0211126 0.0211282 12.607 182.146 0.0229444 0.0211644 0.0221981 0.0211126 0.0215093 0.0212013 0.0211126 0.0211127 0.036705 0.0212881 0.0211155 2077.48 0.0211665 0.0213611 0.0211126 0.0211142 22.0823 0.0217142 0.0220599 15.6956 0.0211168 0.0211237 0.0211128 0.0211159 0.0211168 0.0211133 376.009 103.234 0.0211133 65.8732 0.0211127 0.0211359 0.0211241 0.0211126 0.0211173 0.0211555 0.0211132 35.0974 0.0212231 0.021117 0.0211169 0.0211126 0.021117 0.0211126 0.0211144 13.8308 0.0211137 0.0211126 0.0211236 1234.97 0.0211132 77.6072 0.0215396 0.0339576 0.0211126 0.0211159 0.0214078 0.0211214 0.0211131 0.0211143 0.021118 0.0211145 0.0211127 0.0211127 0.0211171 18.7714 21.0737 0.0211164 0.0211136 0.0211165 0.0211209 0.0211148 0.0211212 0.0211126 0.021113 0.0212529 0.0211213 0.0211132 0.0211127 0.0211565 0.0211127 0.021265 0.0211132 14.0679 0.132569 0.021116 0.0211146 0.0211145 0.0211401 23.6348 0.0211886 0.0211128 35.5326 0.0211132 0.0211131 0.0211126 0.0222396 0.0211127 0.0211132 0.0211126 0.0211918 0.0211157 0.0211521 18.9621 0.0246795 54.7659 0.0211154 0.0211126 0.0214394 0.0211131 23.0628 0.0213349 0.0240967 0.0212411 0.0211126 0.0211129 0.0211729 33.2112 0.0211126 0.0211131 0.0211132 0.0211215 0.0211126 0.0211137 0.0211175 32.9651 0.0211169 10.6777 0.0231986 0.0211218 0.0211126 0.0211126 0.0211177 0.0211404 27.7033 0.0213469 0.0234847 0.0216332 0.0213167 0.0211135 0.0211127 0.0211136 0.0211129 0.02112 0.0211133 0.0212861 0.0234331 0.0211126 102.356 0.0224636 0.0216775 0.0464176 0.0211383 0.0211243 0.0212359 5.91136 0.0211127 0.0231437 0.0211133 0.0211498 0.0211126 0.0211129 0.0216056 0.0211126 33.4986 25.4113 0.0213874 0.0211128 0.0211192 0.021113 0.0211137 219.89 0.0211126 0.0211131 0.0409861 154.296 0.0211126 0.0211132 0.0211127 0.0212721 0.0211526 0.0212315 0.0211128 0.0211169 0.0211131 0.0211133 0.0211126 0.0211148 0.0211978 0.0211147 0.0211138 0.0211993 0.0211175 365.777 0.0211176 0.0211126 0.021167 0.0211126 0.0211175 0.0211132 0.0211127 0.0211351 306.556 0.0211897 0.135162 0.0211133 17.6855 0.0211814 0.0211218 0.179651 351.838 0.0211126 0.0211317 0.0211141 53.1439 0.0225917 0.0211832 0.0211453 0.021114 0.0211126 0.0211262 0.0211145 0.0211209 0.0211247 0.021127 0.0211126 0.0215166 0.021113 0.021116 84.2818 0.0211254 0.0211126 0.0211145 63.2248 0.0218595 48.2944 0.0211211 0.0211126 161.117 0.0212629 0.0211163 0.0211502 0.0211126 0.0226718 0.0211129 0.0211142 144.727 0.0211166 0.0211126 0.0214398 0.0212997 0.0211172 0.0212194 0.0212426 0.0211128 0.0211128 0.021119 81.9799 0.021113 0.0211852 32.3412 76.633 0.0212319 0.0211814 0.021128 0.0211129 0.0217973 0.0211128 0.0211348 0.021232 0.0211232 0.0211141 122.332 0.0211738 0.0211128 3.40768 0.0216135 0.0211133 127.92 0.0211177 49.5977 0.0211202 0.0221236 0.0211164 93.2627 0.0211147 0.0212094 8.84485 0.0211232 138.876 0.0211128 298.784 0.0211138 0.0211145 0.0301196 355.676 0.0211341 0.0211132 0.0215141 0.0211129 0.0211126 0.0211232 0.0211127 0.0263852 0.021127 0.0217291 0.0211189 487.055 0.0215154 0.187376 0.021196 0.0211375 15.2797 0.0214862 0.0211572 0.021208 0.0211485 17.2689 0.021459 0.0211129 0.0211197 0.0211126 0.0211128 0.0214463 264.518 0.0211126 0.0211135 0.0211152 0.0211154 0.0211834 0.0211126 0.0211397 0.0211127 0.0216589 0.0211126 0.0211723 0.0211447 0.0211129 0.0211382 0.0234437 0.0211126 0.0211145 0.0211474 46.9999 0.0211127 0.0211131 0.0218275 0.0211275 0.0211126 17.7034 0.0211126 0.0211131 0.0230324 0.0211531 0.0461586 0.0211148 0.0211135 0.021117 0.0211136 0.0211131 0.0221178 24.2566 0.0211308 127.862 0.0211127 0.0211139 20.1664 0.0211176 0.0213048 0.021114 0.021113 0.0211147 0.0211266 0.0221374 0.0211212 8.52698 0.0211136 0.0211129 33.491 37.4875 0.0211132 0.0211136 0.022718 0.0211127 0.0216818 0.0211128 0.0211132 0.0212694 361.189 0.0211129 0.0212264 35.1478 44.9138 0.0213762 0.0211235 0.0211202 0.0216751 0.0211126 0.0211132 0.021133 0.0211149 0.0211126 1.29924 1213.94 0.0217084 0.02112 0.0211133 0.0211436 0.0211126 27.3294 0.0213388 0.0211126 103.796 0.0211131 0.0211131 0.0211316 199.767 296.964 0.0211552 147.301 0.0211128 0.0211135 0.0213152 0.0211242 0.0211126 0.0542145 0.0472314 0.0211126 0.0220113 0.0211127 0.0212497 11.0277 0.0211126 0.0211131 0.0212175 0.0211135 0.0211128 0.0214187 0.0211126 0.0215317 0.0211143 0.0211128 0.0211129 0.0211742 0.0211251 0.0211126 0.0228581 0.0211126 0.0211141 29.0079 0.0211126 0.0212632 0.0211306 0.0211126 22.3462 0.0211224 0.0211128 0.0211132 0.021114 0.0218057 0.0220562 0.0211577 0.021115 0.0211126 0.021298 0.0211172 0.021115 46.8982 24.3839 0.0211126 0.0211126 0.0211128 0.0229264 0.0211126 0.0211126 166.639 0.0211128 0.0212239 0.0214603 0.0222153 0.0211285 242.315 0.0211174 0.429167 0.0916445 0.0215286 0.0211127 655.43 0.0211253 0.0211126 0.0211126 0.0211202 0.0211128 50.3707 0.0211807 0.0211934 0.0211207 0.0211126 0.0211131 0.0211145 0.0211547 0.0211183 0.0211181 0.0211129 0.021258 0.0211126 0.0211126 0.0214306 0.0211315 0.0211128 0.0211302 0.0211131 0.0211127 0.0211127 0.0211234 38.4352 0.0211153 0.0221832 0.0211132 0.0211343 0.0211138 0.021113 0.0211126 0.0211493 0.0246494 0.0211126 0.0211129 0.0211126 30.8115 0.0212293 0.0211126 0.0211126 0.0211126 0.0211126 0.0213127 0.0211143 0.0214125 0.021275 0.0211879 0.0211126 0.0211345 0.021151 0.0211153 0.0211126 0.0211132 0.0211567 0.0211136 0.0239567 0.0233678 0.0211129 0.021289 0.0211128 0.021115 0.0211215 0.0211128 0.0211304 0.0211126 0.0211136 0.0318123 0.030883 0.0211126 0.021125 202.685 0.0243512 95.0529 0.0212245 0.0211426 0.0214576 0.0211981 145.814 0.0212607 0.0211183 0.0211126 0.0211953 6.1753 0.0211133 0.0211126 0.0211465 0.0213266 0.0211134 0.0214566 0.0211144 0.0211126 8.74043 0.0211126 0.0211126 0.0211131 165.098 0.0211722 0.0211128 0.0211126 0.0211137 0.0211128 0.0250258 0.0282911 0.0211131 0.0212891 0.0211128 0.0211129 0.0211581 0.0211214 0.0211126 0.0211212 627.084 0.0211127 0.0211127 25.9208 0.0211151 0.0269698 0.0211675 0.0211126 0.021289 0.0211147 0.0211138 0.0211132 0.0211126 135.5 0.0211132 4.0158 0.021113 0.0212413 0.0211126 0.0211126 0.0211164 759.674 0.0211127 0.0211852 0.0211126 1.18395 0.021113 0.0211127 0.0211126 0.0211126 0.0211298 0.0228667 0.0228722 1.07806 0.0211977 0.0211126 0.0211126 0.0211755 0.0211131 0.021113 0.021627 0.0211138 0.0211146 0.0211279 0.0211937 0.0211456 0.0211128 0.021113 0.0211129 0.0216019 0.0211524 0.021264 0.0228703 0.0211146 0.0211222 0.0211126 0.0245548 0.02121 271.037 0.0211127 71.1631 0.0214204 0.0211127 0.0211319 0.0211147 0.0211217 0.0212125 0.0211128 0.0221502 0.0211202 0.0222864 0.0211388 554.84 0.0211126 0.0211127 32.3463 0.021118 0.021131 0.0211133 0.0211146 0.0211126 0.0211126 0.0211225 100.504 0.0211126 0.0211328 0.0211126 0.0211126 0.0211131 0.0211129 0.0211126 2652.9 0.0211262 0.0211179 0.0211128 0.0211172 0.0218802 0.0211583 0.0211126 0.0211126 0.0211126 0.0211128 0.0211128 0.0211904 17.1475 48.7028 0.021113 0.0211126 0.0211435 0.0212256 29.9204 0.0212573 0.0211711 0.0211127 0.0211132 9.70359 0.0211135 0.0216847 0.0211133 858.969 0.0213843 43.0232 0.0211733 0.0211341 0.0212228 0.0211126 9.41896 0.0211128 0.0211136 0.0250521 0.0496857 0.0211449 0.0211133 0.0211126 0.0211126 12.9967 0.0211126 21.5716 0.0211272 233.216 0.0211567 0.0258215 0.0211128 0.0211128 0.0211135 138.543 0.0211126 75.8626 14.9508 94.252 0.0211127 0.0211561 0.0211127 0.0211689 2.27612 4.94455 0.0211162 14.1032 0.0211352 53.0215 0.0211126 0.0211136 0.022513 0.0211169 29.1221 0.0211241 54.5444 0.0212497 0.0217189 0.0211126 61.9348 0.0211182 0.19249 0.0211132 0.0211126 0.0211151 0.0222702 0.0211138 0.0211126 0.0211126 0.021113 0.0213498 1.59399 0.0211127 12.9909 0.0217964 0.0212059 0.0211127 0.021128 0.0211693 0.0211478 0.0211143 0.0211131 0.0215349 0.0220146 30.7789 0.0211127 0.0215688 569.143 0.0213785 0.0211331 0.0211303 0.431135 0.0211126 0.0212425 219.046 0.021169 14.0845 0.0211128 0.0211128 0.0211132 0.0211166 886.142 0.0212126 0.0215663 0.0211962 51.642 0.0212626 0.021113 0.0211134 0.0211126 0.0211157 0.0211973 412.199 0.0211129 0.0211135 0.0211158 218.304 0.0211126 0.0211197 0.0211127 0.021113 0.0211628 0.0217008 0.0211126 0.0211887 0.0211614 878.211 0.0289666 0.0213557 0.0211126 0.0212772 0.0211126 0.0211126 0.0276502 1082.18 0.0211502 0.0211162 0.0211983 0.0236111 0.0211255 0.0211126 0.0211149 271.132 0.0211132 169.705 0.0217703 0.0211167 0.0211158 0.021127 21.4015 0.0211343 0.0212712 6426.54 0.0211613 0.0211126 0.0211194 0.0211126 0.0211211 37.6287 0.0211126 0.0211126 0.0211184 0.0211131 0.0212247 0.0211129 0.0211129 0.0211205 0.0211178 0.0211591 9.79241 0.0214242 0.0212896 0.0211136 0.0211126 0.0212513 0.0211128 22.451 0.0211155 0.0211131 0.0217841 0.021113 0.0211126 0.021459 0.0211126 0.0211129 0.135943 0.0211126 0.021125 0.0224672 0.0212021 0.0211126 0.0297703 0.0211132 0.0211187 0.021162 61.562 0.0211155 0.0211504 0.0211133 0.0211217 0.0211132 19.6495 0.0211153 0.0211129 0.0211192 0.02118 707.906 0.0211126 0.0211152 0.0211195 0.0211145 0.0211817 0.0223688 0.0211129 0.0211126 0.0211126 0.0231571 17.6934 0.107267 0.0215283 0.0211509 0.0211126 0.0211127 0.0211126 0.0212702 11.4934 0.021123 0.021113 0.0211129 321.078 0.0212234 6.97105 0.0211131 15.3323 0.0212529 1605.6 0.0289673 0.0211127 0.0211126 0.0211149 0.0211788 0.0211198 0.311312 45.2703 0.0211573 126.826 0.0211167 0.0234847 0.0211134 0.0212993 0.0212292 0.021114 0.0213145 0.0211264 7.986 0.0211163 0.936466 0.0211241 21.7461 0.0211404 0.021113 0.0220842 0.0211381 0.0225419 0.0211139 0.0211126 0.0211149 0.0211198 0.0212182 0.0211231 0.0211126 0.0211127 0.0211126 0.0211126 0.0211129 5.39502 184.98 172.142 0.0211131 0.0211136 0.0211657 0.021114 0.0211505 0.0214875 0.0211188 0.0211312 0.0211218 0.0211176 0.0212594 0.0303187 0.0211225 66.6215 317.045 0.0211134 19.6496 0.0213249 0.0211196 0.0211127 0.0211201 0.0211132 0.021127 0.0211126 0.0222802 0.0211169 0.0211129 0.0212125 0.0212115 0.0216936 0.0211127 0.0211135 0.0211642 0.0218138 0.0211126 0.0211316 43.3276 56.0888 0.021127 0.0211918 453.896 0.0211129 0.0211163 0.021113 16.5108 0.0211503 0.0211288 0.0222757 0.0213244 0.0211348 0.0212408 53.2066 0.0211137 0.0212448 0.0211242 0.0212406 0.0211126 0.0211126 0.0222701 38.5788 0.021172 0.796338 112.617 21.5716 0.0225188 0.0211128 0.0211147 0.0211127 0.0211127 0.0211131 0.0211186 23.817 0.0211128 14.7961 0.0212806 37.9432 0.0211126 0.0211157 0.0211126 0.0211126 0.0211132 0.0211128 0.0211223 0.0211128 0.0211133 0.0234331 0.0530536 0.0212426 0.0211126 0.0211133 0.0211126 0.0211126 0.0213043 0.0223924 0.0211126 0.0216299 13.7147 0.0215001 0.0211137 0.0211127 0.0257533 0.0211393 0.0211126 0.0217163 0.0211143 0.0211184 0.0211128 19.4028 0.0211132 0.0224615 0.0225032 0.0213781 0.0211274 0.0211296 0.0211132 0.0213766 309.736 0.0211133 0.0211615 0.0216908 0.0211169 0.0211208 32.8113 0.0211288 0.0211127 0.0211136 0.0216481 39.1588 0.0214732 0.0212086 0.0211138 0.0216861 0.0211127 0.0211129 0.0211129 0.0211126 0.0211145 9.53508 0.311684 0.021125 0.0211126 0.0211126 0.021172 0.0211127 0.0211135 0.0211126 0.0211135 0.0211127 0.0229715 0.0211126 30.8562 43.2158 0.0211217 38.9559 0.0211126 0.0214818 0.0211128 0.0211163 0.0211126 0.0211819 0.0213627 0.0211218 1.84582 21.4449 273.396 0.0211137 0.0211202 0.021113 0.0222434 0.0213061 57.6256 0.0211126 0.0211139 0.0212357 0.0215383 0.0211128 0.0211126 0.0211513 0.02113 0.0212911 0.0235583 0.0211126 0.0211241 0.021113 22.6813 0.0211128 0.0211968 0.0211129 0.057769 0.0211129 0.0211128 0.0232505 0.021129 0.0211126 0.0211148 0.0211242 153.002 0.0211385 0.0211299 0.0211126 0.0211677 47.23 0.0211368 0.0212957 0.0212339 0.0211149 0.0211153 0.0211143 0.0211128 0.0215327 0.0211126 0.0484889 0.0211129 0.0211128 0.0214444 0.0211679 0.0211129 0.021162 0.0211126 0.0231581 0.0215111 0.0213325 0.0259479 0.0395059 2.34326 0.0211172 0.0212667 0.0211126 0.0211146 0.021113 30.4085 12.3109 0.0211929 0.0211126 0.0211126 0.021113 0.0212442 0.0213078 0.0211241 40.244 0.0211126 0.0212047 0.0211249 0.021114 0.0211126 0.0211126 0.0211126 0.0211126 0.0211131 0.0211691 0.021596 0.0211315 0.0211691 0.0211144 0.0211148 0.0219346 0.0211138 0.0211127 0.0213641 302.666 75.1742 32.0548 0.021113 0.0211132 0.0211171 0.0211128 0.021113 0.0211129 0.0211215 0.0211129 19.2514 0.0211126 0.0246912 0.0212826 0.0211132 0.0214867 0.0228297 0.0216635 0.0211126 0.021124 0.0407418 0.0211127 0.021113 0.0216875 0.0211357 0.021113 0.0593463 151.853 0.025866 0.0211126 60.9612 0.021147 0.0211126 0.0211314 37.1823 0.0211298 10.1757 0.0211517 0.0211602 0.021113 0.0211126 13.3172 0.0211629 0.0211129 0.0211188 0.0213074 0.0211959 125.768 0.0211126 18.9263 0.0211171 0.0211237 39.7907 167.529 0.0211128 0.0211129 0.0211247 7.39963 0.0211235 0.021113 0.0211128 69.0142 0.0398044 0.0211126 0.0211155 0.0216832 0.0211126 104.561 6.80221 0.0211144 0.0211126 0.0211133 0.0229558 0.0211131 0.0212636 0.0217322 36.8253 0.0211131 73.7464 0.0211147 0.0221592 0.0211126 0.0221841 0.0211126 0.021116 12.4633 0.0211169 0.0211127 0.0211127 0.0211176 0.0212355 99.5602 0.0211301 111.819 1.55339 0.0211126 0.021113 0.0229375 0.152851 0.0284737 0.0211126 0.0211126 0.10432 0.021613 0.0211126 0.021129 52.0354 0.0211126 0.0221255 0.0211617 4.67951 0.022269 0.021113 0.0211126 0.0346194 0.0221302 0.0211151 0.0211191 83.8395 0.0222661 0.0211126 68.4587 0.0211544 0.0211238 0.0216244 0.130561 0.0211126 0.0356936 7.43851 89.8541 0.0211131 0.021147 0.0214354 0.0214582 0.0211131 0.6534 13.5789 0.0211128 0.0212253 0.0211151 0.0211546 309.094 0.0211126 252.238 0.0221869 0.0211323 0.0211126 0.219418 0.0211128 0.0211187 0.0211185 0.0211179 0.0211126 3.596 0.022096 0.0211132 0.0211146 0.0223028 0.0211128 0.0212192 0.0211166 0.021113 0.0211145 0.0211149 0.0211134 0.0213475 0.0211126 0.0211128 0.0211126 0.0211134 0.0211972 52.2446 0.0211161 0.0212225 0.0212104 0.0211126 0.02115 0.0211126 0.0858221 0.825229 0.0211496 0.0211144 0.0215807 0.0211145 0.0211126 6.68087 0.0211186 0.0213029 0.0211219 0.0211126 0.0211186 24.7706 0.0211131 0.0211126 547.461 0.0211134 0.0216261 159.346 0.0222005 14.4923 0.0211133 0.025994 0.0216676 0.0211132 0.0211173 0.0333986 0.0211504 0.0212195 0.0211238 0.0211126 0.0211387 0.0211129 0.0214762 0.0213332 20.1112 0.0212441 0.0211128 0.404492 0.021123 0.0211129 0.0215521 0.0211129 0.0211132 0.021113 0.0213434 0.021435 0.0212708 368.604 0.021116 0.0211838 0.0211126 0.0211131 0.100685 0.021479 0.0396719 0.0211174 0.0211126 0.0211759 0.0211133 6.06426 25.2786 0.021127 0.021218 0.0223008 0.0211129 0.0211127 0.0211126 0.0211984 0.0211299 2.84628 278.017 0.0300127 0.0211224 0.0211127 0.0211126 0.0211204 0.0212412 0.0211126 0.0216238 11.059 0.0211173 74.6957 0.0258222 0.0211314 0.0211126 0.0211244 0.0211179 0.0211135 0.0215638 95.1674 9.00495 21.2153 0.0211129 0.0211126 0.0223956 0.0211766 134.807 0.0211245 0.0211127 0.0211127 2827.52 0.021113 0.0212171 176.201 0.0211127 7.30309 0.0211126 0.021113 0.0211162 0.0211149 0.0212065 0.0212077 0.0211668 0.0211132 0.061387 0.0211233 4181.4 0.0211441 0.0211147 0.0212573 0.0211296 0.0216534 0.0211129 0.0211131 0.0211129 0.0211151 0.02116 0.0211298 36.0865 0.021113 0.0211332 707.713 0.021113 0.0211218 0.0212004 0.0212514 0.02456 49.1505 0.0213337 65.0697 0.0211229 0.0211375 0.0211131 17.7032 0.0211132 58.2541 0.0303575 0.0211132 0.0211126 1240.24 13.8622 0.0221924 0.0211243 0.0211127 0.0211129 0.0626708 0.0211247 0.0212614 0.0211129 0.0211129 0.0211163 0.0211767 0.0211126 0.0214355 19.3039 13.7147 0.0211256 0.0211134 0.0211135 0.314459 344.442 0.0211237 24.9354 0.0211132 0.0211154 0.0505944 0.0211126 0.0211134 0.0211137 0.0211126 0.0211157 0.0211349 0.0211494 342.96 0.0211174 0.0212066 70.5005 0.0212957 0.021113 7.75237 0.0217913 0.334279 0.0222376 0.0211155 0.021122 0.0211151 0.0238604 0.0211126 0.0211242 0.0211126 0.0214779 0.0211126 0.0211126 0.0213264 0.0211126 0.021405 18.9754 0.0211126 0.0211513 0.0211126 0.0212305 0.0212172 0.0211126 0.0213085 174.39 0.0211126 0.0258243 57.4673 0.0211164 0.021239 0.0211247 0.0211126 0.0211309 0.0211247 0.0212493 0.0211142 11.7974 0.0219371 0.0211127 0.0671252 0.0211126 0.021113 53.3225 0.0212587 0.0211136 0.0214965 0.0213316 0.0211429 0.0211128 0.0212809 0.402158 0.0222906 0.0211126 0.0211673 0.0212871 0.0211127 0.0211128 0.021113 18.5113 0.021116 0.0211127 0.0213059 0.0373796 0.0211779 0.0211128 0.0211127 0.0211457 0.0211132 0.0211127 0.0211683 150.386 0.0375673 0.0211126 0.0211133 0.0211147 41.9406 0.0211408 0.0211602 0.0211127 0.0211169 0.0211129 0.021987 0.0211126 0.0211128 246.853 0.0211474 0.0211263 0.0211126 0.0211857 0.0212146 0.0211163 0.0211127 77.9122 0.0211129 0.0215081 8.54567 0.0211128 0.0211126 1352.29 0.0213746 0.0211243 0.0211128 0.0213407 0.0211137 50.9842 0.0212302 0.0211175 0.02233 0.0211216 0.0211347 0.083652 0.0212164 0.0222761 0.0211354 0.0211147 0.0211126 0.0211128 0.0211391 0.021187 0.0212185 0.0211127 275.706 0.0213495 440.699 0.0214514 0.021164 0.0211158 0.0212729 0.0211126 0.0211126 0.0211133 0.0211128 1.66088 0.021169 0.0211127 0.0211295 0.0211141 0.0211169 0.021113 0.0211296 0.021115 0.0211133 0.0231156 0.0211126 0.0211282 0.021293 0.0211126 0.0211171 0.0403098 0.0923539 0.02149 0.0211126 0.0211133 0.0215994 302.028 4.153 0.0211479 0.0212191 0.0212238 0.0211607 0.0212218 0.0211512 188.474 133.12 5.53127 0.0211126 0.0211127 0.0211202 0.0211127 0.0213217 0.0211287 0.0211222 0.0211126 0.0212972 142.621 0.0211679 0.0211126 0.0211746 0.0211146 0.0212559 0.0212139 0.0211145 14.0845 0.0211127 0.0211129 0.0211283 0.0211126 0.0211126 249.658 0.0211614 0.0211129 1063.06 0.0211126 0.0211129 5.21792 0.0215193 0.0223259 0.0211127 0.0211245 432.952 0.0212931 0.0211328 0.0211149 0.0211242 0.0211293 0.0211137 0.0211202 0.0211309 0.0211126 0.0211329 0.0211128 0.0211126 0.0211159 0.02126 319.584 0.0211144 0.0211587 0.0211126 0.0211127 146.121 0.0211138 0.04007 0.0239329 0.021122 0.0211128 0.0211126 0.0211264 0.0211129 0.0211164 0.0211338 0.0211142 0.021113 272.281 0.0211134 0.620772 0.0211134 0.0211128 0.0211865 79.7215 0.0226215 0.0211127 0.0218764 0.021123 0.0211126 0.0211129 0.0211129 39.3032 0.0211158 0.0211341 0.0211345 0.0211128 0.0233836 0.0217129 0.021594 0.0211126 0.021113 0.0211129 26.8155 157.315 0.0211152 0.0214426 329.672 0.0211127 0.0211126 0.0211126 0.0211872 0.0211126 2.17495 0.0211126 0.0211131 0.0214821 0.0211126 36.3719 0.0211211 0.021139 0.0211126 0.0211126 21.7405 0.0211126 167.367 0.0211129 0.0398263 0.0211151 134.622 530.645 32.171 0.0211133 0.0211126 0.0211392 108.795 0.0211127 48.4081 0.0211169 0.021343 0.0211571 0.0211127 0.0211134 0.0211127 0.0211145 0.0211129 20.9137 749.095 0.0211128 0.0212316 0.0211126 19.1985 46.5341 0.0211131 0.0305076 0.021363 94.751 0.0211298 0.0211126 0.0212399 0.0211154 2028.96 76.919 0.0211204 0.0213133 0.0212055 0.0290959 0.0211136 0.0211126 0.0211138 0.0216338 0.0211127 0.0211126 0.119148 32.2707 0.0213822 82.7558 0.0211483 461.703 0.0211126 0.0211284 49.4182 82.4259 0.0211303 0.0211158 0.0211134 0.0329327 0.0211159 0.0211126 0.0217 0.0211293 16.3737 3.65653 0.0211229 0.0214906 0.0211143 33.2307 0.247412 0.0211133 0.0211126 0.0211126 0.0211142 0.392484 0.0214734 0.656168 4.42594 0.0212294 0.0211135 0.0211148 191.128 0.021113 0.0211128 20.1324 0.0211126 0.0211196 0.0211162 0.02113 92.9139 0.0211138 0.0211136 8.83645 10.3116 267.45 0.0211131 0.0211126 0.0213708 0.0214397 0.0211893 0.0211126 0.0211186 0.0330428 0.0211165 233.065 0.0211133 0.0211128 0.0211575 20.7096 0.021132 0.0211377 0.021113 0.0211159 0.0211517 0.0211127 67.4963 9.29409 0.0211177 0.0211476 0.0211128 0.0211401 0.0284095 0.0211126 60.7668 0.0211153 10.9553 0.0227633 0.0211145 0.0211128 0.0211131 0.0212059 0.0220692 0.0211129 0.0211126 0.0223385 29.8992 0.0211144 574.136 0.0213633 0.0350782 132.408 0.0211423 38.2924 24.5365 0.0211152 430.644 0.0211127 11.9235 184.238 0.0211126 0.0211264 0.0237211 0.021565 0.0213084 0.0211126 0.0211475 0.0211126 0.0217321 0.021154 807.541 0.0211193 0.021114 0.0211146 0.0211176 0.0211126 0.0211133 0.0211605 0.0211129 24.7779 0.0211487 0.0217577 0.0211131 0.0211126 0.0211288 0.0213206 0.0211132 0.616646 0.0211178 0.0211128 0.0211235 12.1087 0.021398 14.785 0.021516 0.0211126 0.0211128 0.0211127 0.0211126 0.0211126 0.0265209 0.0211132 0.0211134 0.0211218 19.1892 0.0211126 0.0211373 0.0211126 0.0211923 0.0211134 0.0211726 0.0211126 0.0280119 0.0211254 1.85145 10.9115 0.0211458 0.0211417 15.6115 0.0211127 0.0214076 0.0211225 0.021115 0.0211195 0.0211449 0.0211132 30.9655 0.217106 0.0222044 0.0211262 0.0211126 0.0211126 33.6948 0.0211162 0.021118 0.0211151 0.021136 14.6242 0.0211514 0.0211525 0.0211134 23.5694 183.183 0.0214417 0.021114 25.5997 0.021242 0.0229236 0.0211311 0.0211428 0.0211126 0.0211176 0.02154 0.0211273 0.0211141 0.0211126 0.0211126 93.0687 0.0211436 49.4912 0.0211126 0.0211127 0.0211152 0.0220029 43.344 0.0212573 0.0211126 0.0213386 0.03553 29.9471 0.0215336 0.021174 0.0211129 0.0211274 0.0211166 0.0211148 0.021166 114.295 0.0211126 386.359 0.0488332 0.0211145 0.0211128 0.0212341 0.0211133 0.0211126 0.0211131 0.0211127 0.021175 0.0211377 0.0211128 0.0211143 0.0211129 0.0211185 0.0211545 0.0211126 0.0527891 0.0211141 0.0211165 0.0211126 0.0226686 0.0214888 0.0212053 0.0212053 17.0888 0.0211138 0.0211501 363.232 0.0226741 0.0211172 0.0214429 0.0211186 0.0211146 0.0211131 0.0211126 0.0211128 0.0217162 0.0211126 0.0211155 0.0354671 0.0314699 0.0212019 0.0212753 0.0211127 0.0211126 0.0211126 0.0211238 0.0214752 0.0211172 81.1634 0.021114 0.0211905 53.867 122.056 0.0211171 0.0211127 0.0211266 0.0211214 0.0211169 0.0211126 0.0211247 0.0212951 0.0211128 0.021113 0.0227642 0.0211352 0.023011 32.308 0.0211128 0.0211601 0.0211126 0.0212324 0.0583416 0.0212847 0.0211309 0.0211126 0.0257065 0.0211215 0.0211214 0.0211126 0.0211218 9.58642 0.0213082 69.1112 0.0217806 0.0211127 17.2698 0.0211126 0.0211132 0.0211132 0.0211167 0.141174 0.0211267 29.9928 0.0211133 0.0211187 0.0330326 0.0211397 0.0211194 0.0211127 0.0212201 0.0213496 0.0211128 64.1312 0.0211129 0.146345 0.0211591 0.0211128 0.0211745 0.0212561 33.6605 24.5585 0.0211127 0.0211135 0.022592 0.0211126 0.021114 0.0211269 0.0211126 0.0211405 2.17381 0.0211161 0.0211128 0.0211569 0.0211134 0.0290125 0.0214012 0.0211286 0.0214687 0.0211283 0.0211128 0.0215085 0.0211126 0.0211126 0.0211126 0.0211129 0.0211252 0.0242186 0.0212879 0.0211149 0.0211146 18.047 0.0212557 0.0211158 0.0211155 0.0216187 0.0352843 0.0211408 0.0211134 0.021113 0.0211156 298.927 0.0211181 0.0216275 0.0211126 0.0212702 0.0211126 0.0211272 0.0211126 0.0212227 0.0215152 0.0213007 0.0211154 0.0215198 0.0212052 0.0237193 0.0221328 0.0211169 0.0285571 0.0211129 0.0265275 0.0216823 1188.88 0.971685 0.0211372 14.9698 28.2107 0.0211126 0.0211243 0.0214496 0.0211205 0.0211132 39.5524 0.0211142 0.0211128 0.0211136 0.0211134 0.0211221 0.021116 0.0211129 0.0880879 0.021113 0.0211203 0.0214438 0.0216818 0.021113 0.0213352 0.0211126 0.852036 77.8691 0.0211129 0.0232285 16.8041 0.0211163 0.0212058 0.0212109 0.0211169 42.9662 0.139138 0.0214321 0.0211129 0.0216034 20.7858 0.0211206 0.0211128 0.0211134 0.021145 0.0211218 0.0211387 0.0212823 0.0214423 0.0217618 0.0211126 423.429 21.3606 0.0211133 0.0211126 0.0211415 0.0288234 0.0211162 0.0215578 0.0211213 0.0211136 0.0211126 0.0211634 190.84 58.5875 0.0228744 0.0211151 0.0211148 0.0211126 0.0211168 0.0211126 0.0211126 0.0211139 0.0212232 0.0211145 20.3201 0.0211126 0.0211126 0.0211574 0.0211127 0.0211129 0.0211535 0.0211126 0.0211999 0.021113 0.0212544 0.0211167 0.0211134 0.0213668 0.022881 25.0098 0.0211201 0.0211154 0.0221613 1.39247 0.0211126 0.0225819 11.7974 0.0211137 0.0211152 0.021115 610.482 0.0211653 0.0211695 29.229 0.0211293 0.0211978 225.471 0.0211145 0.0211174 0.0211328 181.453 0.0211129 0.021164 0.0211156 0.0211143 40.7669 27.982 0.0234505 0.0211127 0.0211169 0.0577407 0.134971 0.0211127 0.0211187 12.5874 0.0211127 0.0211134 0.0212646 0.272438 0.021113 0.0211263 25.4177 95.5846 91.0036 0.0223206 0.0211127 25.956 0.0211843 0.0211208 0.0212411 0.0211143 0.0211131 0.0211167 0.0211127 0.0211126 0.0211494 0.0211127 31.784 0.0211147 0.0211296 0.0213142 0.0234846 0.0211309 0.0212293 0.0211128 0.0212689 0.0226194 23.8743 0.0211141 0.0211126 23.2251 0.0211126 0.0211183 0.0211136 2.39018 0.0212311 0.0211127 0.0211147 0.021348 0.067943 0.0211271 0.0211164 0.0211126 83.0218 0.0211147 0.0211127 0.0211165 0.0211133 0.0211128 141.515 0.0211126 0.0211129 0.0211131 12.0649 23.9027 0.0211129 0.0211128 0.0211181 0.0213003 7.17121 0.0211135 0.021118 0.0211576 0.0226269 0.0211467 0.021115 0.0211166 0.0211175 0.0211126 23.4546 0.0211133 0.0214215 0.021134 0.0247603 0.0211126 0.0211286 0.0211129 0.0213197 222.071 0.0211147 0.0211129 0.0211382 0.021113 0.0211126 0.0226428 0.0911394 0.0211133 0.021114 0.021254 48.6387 0.0211127 0.0211126 0.0211976 0.0240243 0.0212237 0.0211129 0.0211134 3.93939 0.0328487 0.0211133 0.0237906 0.0211126 23.5694 0.0211127 0.0211126 0.0241028 0.0211141 0.0211394 0.0211126 0.0212744 0.0211132 0.021113 0.0211127 7.94508 0.0211154 0.0223928 0.021114 0.0211133 21.8078 0.021168 0.0213172 0.0211626 0.0211143 0.0211127 0.0211129 0.0211181 0.0211133 0.021114 0.0211205 0.0211131 6.26534 0.0211137 0.0211126 0.0214071 0.0211127 0.0216499 0.0211141 0.0211171 0.0211128 0.0243418 15.8471 0.0211141 0.0211126 0.0413447 0.0211128 331.475 0.0211161 0.0211129 35.1097 108.033 0.0211137 0.0211643 0.0211215 0.0211126 1211.8 0.0211128 0.0211126 0.0211134 0.0211184 33.4314 0.0211137 0.0211195 0.0211128 29.2089 0.0211231 0.0211154 0.0211138 0.0211126 0.0211127 0.657232 0.0211451 0.0211126 0.0211126 0.0211126 0.0211434 0.0211231 0.0211874 0.0211126 0.0211126 0.0211126 0.0211126 0.0212684 0.0212223 0.0212381 0.0214429 0.0211127 0.0212673 0.0211126 14.1306 0.0211474 0.0211499 0.0211127 0.0224775 0.0211309 0.0211148 0.021164 0.0211126 0.0211131 0.0211353 0.0212787 0.0211148 0.0211129 0.0211525 0.0211126 233.707 0.0211129 0.021113 0.0211764 0.0211515 0.0211129 0.0212774 21.6793 0.0211129 0.0211127 0.0211137 0.0341223 0.842256 351.071 0.0211127 0.0211126 0.210539 0.0226014 0.0211126 18.6657 0.0343711 0.0211129 0.0211127 0.0211167 1226.92 0.0662108 0.0211128 0.0211221 0.0211129 0.0211132 139.55 0.0211126 0.0211126 0.0211134 0.0211397 0.0211126 67.5844 0.0211126 0.0211126 0.0211199 0.0211126 0.0211137 0.021196 0.0211126 0.0228701 0.0211126 284.446 0.0217459 0.0211126 0.0211126 0.0219066 0.0235084 0.021579 0.0211127 0.0211127 671.995 0.0238304 0.0211129 0.0211126 0.0211126 0.0211126 0.0211126 0.0211363 0.0211547 0.0226288 0.0211126 0.0211126 67.7832 411.164 0.0211128 0.021116 0.0211141 0.0211133 596.047 0.021149 0.021125 0.0211151 0.0211126 27.2934 0.0214071 0.0211126 0.0211159 12.9372 0.0211451 0.0211289 0.0211137 62.3949 0.0211497 18.467 0.0211215 0.0728729 14.9117 0.0212111 0.0226096 49.7679 0.0211702 0.0211128 190.722 0.0211133 0.024339 0.021289 63.6263 0.0211126 0.0211128 0.0211132 0.0211126 0.0236395 177.419 0.0211131 0.0211211 0.0211731 0.021113 36.9061 0.0211127 0.0211172 0.0211184 186.078 39.3618 0.0211604 0.0211694 0.0211162 0.021272 0.0211143 0.0216963 0.0211269 257.354 0.0234164 0.0214788 0.0211128 0.0211127 0.0211131 17.7027 0.0211126 0.0213383 0.0211401 0.0211126 0.0211145 0.0211126 0.0211133 0.0211126 0.0258239 0.0211133 0.0211137 0.0211126 0.0211144 0.0212198 0.0211126 278.123 0.0211424 0.0211147 41.398 7.61644 0.0212039 0.0211134 0.0211126 0.0211126 113.452 0.02117 0.0211126 0.0215751 0.021483 0.0215428 0.0211733 104.392 79.5378 0.0211128 0.0211297 0.0211845 0.0211126 0.0211186 19.3024 193.848 0.0211126 0.0211126 0.0212094 0.0324211 0.0211649 0.0228569 0.0211127 0.0211264 0.0211126 0.0211831 0.319526 0.0211185 0.0224283 0.0211136 0.021115 0.0211128 97.78 0.0211126 0.0211151 0.0211127 0.0211204 35.341 0.0211127 0.0211127 0.0238339 0.0211293 162.484 0.0211127 0.0211126 0.0211133 0.0216837 0.0211687 0.0211131 0.0211281 0.0213494 20.2217 171.331 0.0217696 0.0211126 0.0215884 0.021115 0.0216187 0.0549779 0.0211867 0.0211126 0.0535656 0.0226614 0.0211136 70.7712 0.0311258 0.0211131 0.0211126 0.0511829 0.0211379 0.0214367 0.024539 0.0214267 0.0227848 0.0211128 0.0211166 0.0211878 0.0211126 0.0211126 0.0217029 0.0211141 0.0211135 0.0236862 0.0211132 0.0211148 13.873 5.57389 0.0219401 218.431 0.0211129 0.021113 0.0211176 0.0375039 0.021168 0.0211138 0.0211131 0.28005 0.0211126 0.0211378 0.0217454 0.0211157 0.0211135 0.0211787 42.9338 0.0213559 0.0211525 0.0261318 35.9551 0.0211126 0.0211408 0.0211156 0.0211478 0.0215599 0.0212499 0.0211126 0.0211127 0.0211137 0.0211156 0.0211141 0.0212428 30.4483 0.0211126 0.0212937 0.0211128 0.0211162 0.0211151 0.0211126 0.0211126 0.0211126 0.0211152 0.0211216 0.021435 0.0211706 27.0215 0.116302 0.0213121 0.0211126 0.0214936 50.5823 675.695 0.0211131 0.0211127 49.3816 0.0211647 0.0211229 1752.17 78.9483 0.0211155 0.0211356 0.0211131 4.22904 0.0211126 0.0211126 41.1931 83.12 0.0211126 0.0211129 0.0211897 0.0211228 0.0212106 0.0211816 0.229548 0.0212203 0.0293585 0.0211131 0.0211134 0.0211129 0.0212106 0.0211154 0.0220941 0.0212565 0.0211262 0.0211131 0.0211535 114.019 238.907 0.0211126 0.0211175 30.2293 7.39952 0.0215 0.0211257 0.0211126 0.0211138 1364.38 0.0213079 0.021137 0.0211337 0.0247966 0.0211148 0.0471851 0.02138 0.0215166 0.021116 0.0211408 0.0211126 31.6685 0.0211148 0.0211176 0.0211163 0.0211126 0.0211148 27.8975 0.0211126 0.433061 0.0211128 0.0211127 0.0211128 0.0211143 219.606 0.0211148 66.1299 0.0211134 0.0211127 0.0219706 0.0256532 0.0211349 0.0211394 16.0272 0.021113 0.0211126 0.0211126 19.6567 0.0211126 0.0211225 0.0211126 0.0223069 0.0212172 0.0211126 0.0211126 0.0211136 0.0212026 0.021115 0.0643527 0.0211127 0.0211126 0.0211437 0.0211862 0.0211126 0.0211222 0.0213321 9.23897 0.0211669 0.0211508 0.0211129 0.0211126 234.335 0.0211481 0.0211126 0.0215246 0.0220505 0.0211144 0.0214 0.0211322 0.0211126 0.0211133 0.0211126 0.0211402 0.0211684 0.0214146 0.0211136 391.611 0.0214521 0.0382196 0.0212782 0.0212783 0.021113 31.071 0.0211137 0.0211184 16.3737 0.0211126 0.0250776 0.0211129 0.0211174 0.0211126 0.0280659 0.61041 0.022434 0.0211136 0.021113 0.0211358 0.0225109 0.0211129 336.717 0.0211209 0.0943469 1.43253 0.0211461 0.0318006 0.0211128 0.021119 0.0216877 0.0212049 0.0461048 0.0212668 0.0211263 0.690836 0.861241 0.0212282 0.0211819 0.0211346 0.0211126 6.27589 0.0211131 0.0211129 0.0287919 34.4706 0.0211132 0.0212319 0.0211134 0.0211127 34.6328 0.0211132 0.0211126 0.0212619 9.00496 0.0211175 0.0211143 1.43253 323.382 0.0211317 0.103518 0.021128 0.0211143 0.0211138 0.0212128 0.0211614 0.0212778 80.4475 0.0211126 0.0211147 207.274 0.0211129 0.0211134 0.0258225 0.393575 0.0211126 0.0211126 0.0216991 0.0211126 0.0211126 17.3621 0.0211212 38.445 0.0212738 0.0211129 0.0211128 0.0211126 0.0573384 0.0211335 0.0211185 0.0211614 0.0211126 0.0211316 11.3796 0.0212058 0.0216087 0.0212899 0.0211126 19.673 0.0211132 0.0211126 974.561 0.0211221 0.021113 0.0218347 0.0211271 10.9462 0.021157 95.8563 0.170482 95.7312 0.0211129 0.0211126 0.0211138 0.021114 0.0211153 0.0227584 0.0211126 0.0211492 0.0211656 0.0211126 0.0212817 0.0211128 100.336 0.0211126 0.0211143 0.0212227 21.6965 0.0211126 0.0888906 0.0211138 0.0215885 0.0212658 0.0212292 0.0211135 0.0211348 0.0213948 0.0214398 0.0211131 0.0211138 0.0211136 0.0212311 0.0211126 0.0211133 0.0224814 0.0211126 0.0216601 0.0211208 0.0211126 0.0211127 0.0213784 0.0230608 0.0223764 0.0211229 0.0211157 0.021113 0.0211137 0.0211807 0.0211127 0.0211126 0.0211919 0.0211134 8.44965 0.0212241 0.0211136 0.0212416 0.0211126 0.022095 0.0218718 0.0211131 0.0211126 0.0214431 0.0211126 69.824 0.0214063 0.0211137 0.0211978 0.0211128 0.0211135 0.0211127 0.0211126 0.0211384 0.0211548 0.0211692 0.0365392 19.088 0.0211206 0.0211735 0.0211302 0.0211126 0.0314368 0.0211127 0.0214005 0.0212233 0.0211141 0.100353 0.0211141 1344.77 0.0211126 0.0213622 2.09182 0.0211126 0.0213839 0.0211128 0.0211142 0.0213676 0.0211126 0.0211126 0.0211126 0.021113 0.0545694 0.0211679 0.0211126 0.0211129 0.0211133 0.0219587 0.0213741 0.0211143 399.065 0.0211128 12.2911 0.0211127 0.0211126 0.0211127 0.0211467 0.0211139 0.0211126 0.0211127 0.0213546 37.8099 0.0211128 0.0211821 0.0211372 18.5801 659.417 0.0211352 0.0211133 0.0212658 15.3054 0.0211855 0.0211127 0.0220568 0.622423 0.021113 0.0211127 0.0211127 0.021239 29.182 0.0212596 0.0211456 0.021113 0.0211324 0.021113 1712.44 0.0211208 0.0211129 0.0212424 0.021113 0.0211127 0.021113 0.021114 0.0211742 0.0211174 0.0211128 163.018 0.0211256 0.023158 0.0211129 0.0212918 0.0211219 67.5359 0.0232495 0.0211213 0.0267819 0.0211128 0.0211132 0.0211143 0.0265963 0.0211126 0.0211138 0.0211201 0.0211126 0.022329 0.0211139 0.0212003 0.0214428 0.0211343 0.0212832 0.0211352 0.0211131 0.0211145 46.7135 0.021113 0.0211136 0.0211126 0.0211134 0.0211181 0.0218409 0.0211225 34.1392 0.021113 0.0211308 0.0211126 0.0211127 0.0211126 0.0211745 0.021113 0.0211128 36.9061 0.522839 0.0211126 0.0217679 0.0212121 0.0211346 0.0211569 0.0253526 252.272 0.021113 0.0213252 40.9262 0.0211128 0.0211126 0.0211382 0.446645 0.0212039 105.269 0.0234687 0.0222412 0.0211162 0.0211128 0.0211138 0.0211372 889.265 0.147307 0.0215198 0.0276065 0.0211132 0.0211126 0.0758335 0.0211133 70.7036 121.361 0.0211126 0.0211148 0.0218547 0.0211308 0.0211172 0.0211473 0.0211211 0.0211126 97.5824 14.0845 0.0211345 0.0211161 0.0761747 0.0211134 0.0215296 0.021151 0.0211126 0.0211128 0.0211138 204.819 0.0211954 0.0211131 0.0233495 0.021114 40.8367 0.0211128 11.9819 0.021247 0.021113 0.0211188 0.0211127 0.0211151 0.0212924 0.0214146 0.0211142 0.0211176 0.0211138 1017.88 0.0211312 0.0215706 0.0211139 0.0222492 16.271 0.021128 0.021238 0.0211134 376.119 0.0211247 0.0211126 0.03203 16.984 0.0212768 0.620538 0.0211229 0.0211179 0.0223548 0.0211135 16.4361 0.0211327 0.0211126 0.0211129 0.0211138 0.0212836 0.0211141 0.0211568 0.0211126 0.0211294 0.0227292 219.497 0.0211128 0.0260005 40.9598 0.0222667 0.0218996 38.0232 114.022 0.0211285 0.0211214 0.0211144 0.235808 0.0211836 0.0212602 0.021116 0.118433 0.0211134 0.0213498 0.0211507 0.0610433 0.0211187 0.0211132 0.0212313 0.0211293 0.0211873 44.7985 0.0211145 0.0211131 0.0211133 483.919 55.2862 63.8216 0.0211126 13.3872 0.0215506 0.0211312 0.0211135 109.239 0.0211126 973.833 0.0211128 0.0212306 0.0211126 0.0211126 70.5182 0.0211142 0.0211126 0.0211281 3.00073 0.0211132 0.0211126 0.0211143 23.4739 0.0211135 0.0211133 0.0211126 0.0211126 108.104 349.929 0.0257317 0.0245938 529.177 0.0211168 0.0213392 0.0211126 0.0211126 0.0211139 0.02117 0.021127 9.9808 0.0226109 86.3116 0.0211126 16.7775 0.0211253 0.0212723 0.0211126 0.0211126 0.0211129 0.0220883 0.0211129 0.0211288 0.0211129 0.0214301 0.0211234 0.021127 0.0211135 0.0211126 0.0211126 0.17728 0.0211136 14.9533 0.0211136 112.24 0.0211128 0.0211126 0.0211127 0.0211136 0.0592734 0.0211143 0.021482 0.0213326 0.0211136 0.0211634 0.0212492 0.0211595 0.0211126 0.0211129 0.0211135 0.0211127 0.0216741 0.0213372 0.0211126 33.5059 126.706 0.0212495 0.0215181 0.0211126 0.0216601 0.0211187 0.0213623 0.0211126 0.0211126 32.4777 0.0211128 121.457 0.021113 0.0211129 153.064 0.0213444 0.0212848 0.0211963 0.0211304 0.0213802 0.0211126 0.0211315 0.0240361 6.86747 0.0211126 0.0211131 0.0212284 4.12265 0.0211244 0.0211377 24.5604 0.0211396 0.0211126 49.7682 0.0213349 0.0211135 0.0211159 0.0211134 0.02117 0.0211128 0.0254751 0.0211779 0.0211128 0.0211128 0.0211142 0.0211499 28.1515 147.29 0.0211126 0.0211476 0.0211132 0.0211126 0.0211128 0.0211134 0.0211126 0.0211141 42.9543 0.0358819 0.0584674 0.0211138 0.0211195 0.021431 0.0211659 0.0211243 0.0211128 0.0211133 0.0211643 0.0211138 0.0211352 0.0212058 522.27 0.0211132 0.0211126 0.0211129 0.0211175 10.3374 0.0211135 0.0211126 16.4709 0.0211141 0.0211126 0.0212074 0.0211135 88.8055 0.0211134 0.021116 0.0211685 0.0211134 0.0211133 7.03043 0.0211126 0.0211142 0.021113 9.58642 0.0211126 0.0217416 0.796126 0.0211126 85.9936 0.0211127 0.021159 0.0211164 0.0211411 0.0211329 0.0211681 0.0212003 54.3878 0.0213191 0.0211297 0.0212626 18.6195 0.021131 0.0211126 0.0214808 0.0222962 0.0211129 0.021113 0.0211126 0.0212307 0.0225257 0.0211142 0.0211271 0.0211126 0.0220471 1.37137 0.0211186 0.021113 0.021349 0.0211126 0.0211167 0.0211158 0.0211148 0.0212189 74.4437 0.0211129 0.0211698 0.0211133 0.0215038 42.8231 0.0211875 0.021114 452.785 0.0211181 0.0211273 0.0211126 680.051 0.0211128 0.0211127 0.0211127 0.021115 21.6282 0.0211135 0.0211127 0.0211135 0.0211131 0.0211144 0.0211307 0.0211513 0.0211146 0.0211126 70.2545 33.0297 0.0211492 0.021114 91.9802 0.0424259 0.0211339 0.0211301 0.021355 0.0212105 14.1865 0.0211126 0.0211314 31.4543 0.0211127 0.0211214 11.4373 0.0211126 479.69 0.0211349 0.0211165 0.0211265 0.0211126 0.0212508 0.0225245 0.295007 0.0212796 1502.09 0.0211419 22.398 0.0211131 0.0493095 0.0211132 0.0211128 0.0211126 0.0211127 0.0212672 0.0211126 0.0211127 0.0211126 679.227 0.0211222 0.0211128 35.8918 0.0212082 0.0216591 0.0211248 0.0211147 0.0211127 0.0214271 0.0211135 0.0211126 0.021346 0.0211126 0.0213466 0.0211134 72.5353 190.291 0.0211492 0.0211315 0.021181 0.0211607 0.0211132 0.0211129 0.0211155 0.0211128 0.0211795 890.159 0.0302168 0.0211388 0.0211126 0.0213097 0.021116 0.021113 0.0211126 0.0211168 0.0211133 0.0211127 0.0804269 0.0211129 0.0317705 0.0211764 76.7597 0.0211127 0.0211157 0.0211597 0.0211127 11.0445 0.0211126 0.0211128 794.198 0.0211133 7.04733 0.021113 0.0283649 0.021236 0.0211127 0.0211126 0.02115 0.0216164 0.0211127 0.0211127 0.0211206 0.0211126 0.0211126 0.0211128 0.0211133 0.0211589 0.0212969 0.021372 0.0211131 0.0211157 0.0211233 0.02127 0.0211126 0.0212185 0.126883 569.463 0.0211126 0.021494 0.0211244 0.0211161 0.0211126 0.0265442 0.0211139 0.0211138 0.0469432 0.0211481 0.1046 0.0211126 0.0211126 0.0211126 0.0211126 0.0211154 0.0211126 56.7953 0.0211127 0.0211265 0.0211205 0.0211134 0.0212532 0.114193 80.8512 0.021153 17.3187 0.0211132 0.0211132 94.8227 0.0211129 0.0211131 0.021113 0.0211751 0.0211126 0.0211127 0.0211143 0.0211126 834.379 0.0211137 0.0211214 0.0211146 0.0211249 0.0211126 0.0211135 0.0211128 0.0232828 0.0211126 0.0211131 0.0211133 0.0211436 0.0211127 0.0211128 124.129 0.0211167 0.0213328 0.0211126 0.0211128 0.0212941 0.0245195 510.745 0.0211614 0.0211127 0.0211152 0.0211135 763.252 12.3855 0.0211128 0.0211165 0.0211229 0.0211129 0.021396 0.0211292 0.0211759 59.3788 0.0211136 0.0211167 0.0212094 0.0211159 8.10792 0.021113 0.02137 0.0211136 0.021113 0.0214175 0.021114 0.0216832 0.0211126 0.0211131 0.0211126 0.0211131 0.0256654 0.0211129 0.0211319 0.0212854 0.0218422 0.0211164 0.021116 0.0842473 0.0211149 0.0213658 0.0219692 0.0211869 0.096689 0.0211211 0.0211126 91.1614 0.0211142 14.2296 0.0215123 0.0211589 0.0211127 0.0211202 0.0211144 0.0211126 21.1137 0.0211169 0.021113 0.0220557 0.0211127 0.0211134 0.0211403 0.0211131 0.0353022 0.0941061 0.0211131 0.0211214 0.0211131 0.0211126 19.5801 0.0211146 0.0211141 0.0211126 0.0211139 0.0211126 0.0212689 0.0211133 0.0211127 0.0217095 0.0211127 0.0211127 0.0213801 0.0211376 0.0211213 0.021113 0.0211129 0.024454 0.0211128 0.0211285 0.0211188 0.0211174 10.3252 313.876 0.0211126 0.0246583 0.0211922 0.021203 0.0228245 27.7871 0.0211672 0.0211128 0.0214118 18.9621 0.0227799 0.0211129 0.021118 0.021113 0.0212382 0.0222075 0.0211126 36.2155 0.0211334 0.028408 0.0211206 0.0211129 0.0228681 0.251972 0.0211138 0.0211127 0.0211126 0.0211128 0.0211821 0.0212173 6.59932 0.0211126 0.0211267 0.0215722 0.0211126 0.0215988 0.0211136 0.0211127 0.0211131 223.682 0.0211169 29.1201 46.0797 0.0213583 0.0211787 0.0211195 0.0211141 0.0211313 0.0211222 0.0211128 0.021676 22.2159 0.0211127 0.021681 308.478 0.0212134 0.0212687 0.0211132 0.0211227 141.935 0.0211129 104.722 234.584 0.0211161 13.3445 0.0211816 0.0211127 0.0211126 38.5492 0.0211313 0.0211127 0.0211161 193.002 0.0211734 25.3007 0.0211126 10.1481 0.0211126 0.0211204 0.0211128 21.4851 0.0211126 0.0252424 0.0211132 1443.79 0.0211434 0.0211314 0.0211126 31.2865 0.0211133 0.0211135 0.0211142 1.30208 0.161304 0.0212936 534.277 0.0211173 0.0211128 0.0211127 0.0211459 0.0215079 0.0211676 0.0211239 0.0211128 0.0212253 0.0215468 0.0211333 0.0211131 0.0211134 0.0211127 0.0325109 0.0211148 0.0211257 70.2915 0.0219513 0.0211312 0.0211292 0.0211162 0.035961 0.0211126 0.0212061 0.0211153 0.021114 446.538 34.0654 0.0211127 0.0224918 0.0211127 0.0211126 0.0228745 0.0223932 0.0211126 0.0211333 0.0211155 0.0211919 0.0211126 0.0221486 22.6744 0.0212798 0.0211129 0.0211136 0.0211128 0.0211129 0.0211136 0.0211777 0.021121 0.0211826 0.0211133 0.0211135 0.021121 0.0211126 0.0211388 71.9704 630.148 0.0268514 0.101084 0.022233 23.944 0.0211131 0.0215135 0.0211132 0.0211131 0.0211573 0.0211666 0.0212578 0.0211127 23.2601 0.0214805 0.0233108 0.0211144 0.0262175 30.867 0.0211362 0.0211127 0.0211186 0.0211126 0.0211158 0.0217359 0.0253535 0.0211129 0.0211402 0.0211432 0.0248621 0.0211305 0.0211181 0.0211148 0.0211188 0.0211273 0.0211135 0.0211126 0.0221167 0.0211579 0.021169 0.0211126 0.0211173 0.0211132 22.2535 0.0211127 265.878 1.12124 0.0211218 0.0211127 0.0211269 0.0211126 0.0211129 0.0211129 0.0214688 79.9808 0.0352707 0.0212136 0.021177 0.0211126 0.021115 0.0211131 0.0211126 0.0211171 0.0224789 0.0211126 185.983 0.0211127 0.0218861 30.867 0.0211136 0.021142 0.021117 0.0212309 0.0211127 149.339 0.0211126 0.0211129 0.021346 0.0211127 0.021253 0.0211126 0.0211126 65.7556 0.0211152 0.02129 27.3542 0.0211126 0.0211128 0.0211135 8.99602 0.0211128 1420.37 0.0213199 6772.04 0.0211145 0.0211129 0.0211126 0.0211126 0.0211253 0.0211805 0.0211126 47.5354 246.44 0.0211127 0.0211134 0.0211185 13.3705 0.0211131 0.0211126 0.0211212 0.0211126 0.0211128 0.0368316 0.021117 36.3615 0.541174 0.0211126 1323.32 0.0212404 0.0211128 59.4842 0.0216833 0.0211126 0.0212236 0.0212359 0.0212176 26.3385 0.0211127 0.0211131 0.0211162 10.5511 0.0211129 0.0214242 0.0211126 0.0211336 0.0242184 0.0211191 0.021116 0.0218705 0.0211126 118.155 0.0211128 489.951 0.0211192 795.926 0.021115 0.0211446 1.74604 0.0211744 0.021113 0.0213535 0.0211944 0.0211476 0.0222811 0.0211126 0.0211143 36.4702 0.0211141 0.0211127 0.0211126 0.0211126 0.0211127 0.0215873 0.0230049 0.021113 0.0252066 23.2903 0.0211386 3105.52 0.0211191 0.0211129 0.022098 232.915 0.0212316 0.0211127 0.0284795 0.0213923 33.5081 13.9744 0.0211169 0.0211172 0.0211758 0.0211307 0.021437 0.0211194 101.952 0.0211136 70.1197 0.0261103 0.0211126 0.0211344 0.0215966 0.0211181 0.0211129 0.0211133 0.0211147 0.0211127 0.0211253 0.0211142 0.0211676 0.0212904 0.0211606 115.956 0.0230471 0.0211144 0.021159 0.0212424 0.0352693 0.0211154 0.0211127 11.771 0.0211962 0.0211129 0.0211238 371.724 0.0211126 103.594 0.0211166 0.0211212 0.0216433 0.0211132 0.0211139 0.0211172 0.0211524 0.0211143 0.0211271 0.0211127 0.0211127 0.0213231 30.5732 0.021113 0.021113 0.0211126 0.0222412 0.0213438 0.0211981 0.0211136 0.0211126 0.021128 0.0211148 36.108 789.601 0.0211126 0.0211631 0.0211137 0.021116 0.021113 11.0591 0.0211126 0.0211134 0.026811 0.0211129 0.0211126 0.0212009 96.6234 0.0212706 0.0211126 0.0211126 28.0455 0.0211143 28.325 0.0211177 0.0211605 0.021114 0.0273964 0.0211137 0.0211896 25.2268 0.0211322 0.0281318 0.0211316 0.0211126 0.0211126 0.021115 0.0211681 0.0211135 0.0564627 0.0211128 0.0211165 0.0211127 0.0211133 83.3326 0.0211984 0.021113 0.0211127 0.0211549 0.0211151 0.0211199 0.0211631 0.0211366 0.0233002 86.8208 0.0211267 0.0211152 0.0211936 38.8727 0.021113 0.0224218 0.0211131 0.108349 0.0211129 0.021144 0.021115 0.021129 0.0211131 0.0211135 0.021113 0.0211126 0.0218669 0.0211126 0.0211126 0.0256229 0.0211126 0.315658 0.0211627 172.015 0.0211176 0.0211142 0.0211126 238.012 0.0211178 0.0211126 0.0211128 0.0213161 0.0211127 21.1876 0.0301331 0.0211126 0.0214966 113.305 0.0211264 0.0211126 0.651523 63.0958 0.0211134 0.0211126 0.0211134 0.0804155 0.0211129 0.0211126 0.0211126 0.0211132 0.0450076 342.149 0.0211126 0.0214252 0.021655 0.0212069 6.21772 0.021119 0.021114 0.0211126 0.0707359 0.0548935 0.0211126 0.0211408 0.0211136 0.0211163 0.0211976 0.0211621 0.0270091 0.0211126 31.6315 0.0213504 8.56519 24.1671 23.9572 0.0211129 195.971 0.021123 0.0211206 0.0211126 0.0211128 0.0211679 0.0211126 100.554 0.0212205 0.0220875 0.0211127 14.2242 0.0217146 0.0211128 177.282 22.4126 0.0279385 0.0211126 0.0211135 0.0211614 0.0211294 2264.45 2.30143 41.6579 0.021196 0.0213105 0.0211126 0.0211567 0.0211126 0.0211126 0.0211194 0.0213139 0.0211126 0.0211316 0.021715 0.0211144 0.0212059 0.0211129 0.0211132 1.71626 0.0211406 0.0245825 0.0211132 0.0211126 0.95136 0.0211856 0.0214366 151.08 0.021282 0.0211126 15.1071 0.0211137 0.0215598 124.504 0.0211126 0.0215831 0.021631 0.0277979 19.6786 0.0211245 31.3185 0.021254 0.0211144 18.2581 0.0211136 0.0367637 0.0211129 0.0212587 0.0211221 0.0211127 0.0211126 0.021116 0.0211165 0.0211559 0.0211554 0.022563 0.021207 0.0211128 0.0211127 0.0273776 0.0211129 0.0211153 0.0211144 0.025789 274.058 0.0211126 0.021159 162.477 0.0212046 10.5359 0.0211126 0.0211172 0.0211232 0.0221991 0.0227459 0.02114 0.0211126 0.0216085 0.0244067 0.0211128 0.0211127 0.0211143 0.0211129 0.159555 1020.24 43.341 0.0211127 0.0211865 0.0211597 0.0214221 0.024238 5.21788 19.9026 361.836 0.021181 0.0211221 0.021113 0.0237698 0.0211793 0.0248478 0.0211925 0.0211158 0.0211127 0.0211133 0.0212378 0.0211277 0.0211126 366.353 0.0213719 0.0211134 0.0212543 0.0216544 0.021466 0.0211135 0.0212407 0.0260507 0.0323604 0.0211134 0.0211131 0.0215559 60.1228 0.0211127 0.0253756 0.0211134 0.0211463 0.0212641 0.0211131 0.0212037 0.0212945 0.0211127 0.0498225 0.0211134 0.0211126 0.0211309 0.0211129 0.0219095 0.553292 0.0211131 0.0211126 0.0212522 0.0453787 0.0211171 22.2535 0.0211985 28.1843 0.0211139 0.0211134 0.0215168 0.0212204 0.0211988 47.7261 0.0279064 14.0121 0.0211128 60.5112 23.9583 0.0215019 0.0211264 0.0211127 0.0211126 0.0211127 0.0211136 0.0218452 0.021113 0.0211509 0.0211137 0.0211129 0.0226822 0.0212182 0.0211126 0.0211128 3.21052 0.0211134 0.0216035 0.021128 0.0212187 0.0215086 0.0211132 0.0212464 0.021295 0.0211141 0.0211977 0.0211141 0.0211126 0.0211151 0.0214256 18.4074 16.6631 0.0211157 106.04 0.0211128 0.0349313 0.360318 0.0211174 0.0211126 0.0211132 0.0211167 22.2162 35.3999 0.0211149 11.3358 0.021179 35.8621 0.0211133 0.0211129 0.0211546 0.0211126 0.021116 0.0211945 0.0212582 0.021116 0.0211417 0.0211655 0.0221558 0.0211296 0.021113 0.0212806 0.0216869 0.021116 0.0256719 0.0211127 0.0211289 0.0227281 0.0211128 0.0211126 0.0211128 0.0211126 0.0211549 0.0503635 0.0211143 0.02112 0.0211507 0.021191 0.0221348 0.0211751 268.823 15.4056 0.021113 0.0212874 2002.76 0.0211127 0.021163 0.0211133 281.253 0.211622 0.0211131 0.0691721 0.021192 0.0211127 0.0211127 0.0211312 0.0211762 0.0211126 0.0211139 0.0220121 0.0213921 0.0211974 0.0211126 0.0211134 0.0211205 0.0212587 0.0211176 0.0214477 0.0213598 35.4642 0.0211138 0.0211693 0.0211128 0.0211132 0.0211144 645.311 0.0211482 0.0211127 66.4434 0.0211126 32.9959 0.070358 0.0211157 0.0211128 0.0211126 0.0214047 79.4331 0.0228012 12.2785 0.0234846 0.0211288 0.0211207 0.0211656 0.0237958 0.0215893 0.0211145 0.0211544 0.0211132 0.0211133 0.0211126 0.0211126 0.0211229 0.0214592 0.0211194 0.0211186 0.0212329 0.0211141 0.0211138 0.0211129 0.021113 0.0211126 0.0211127 0.136799 0.0227919 0.0211896 0.0222605 26.6722 0.0211126 0.0211221 0.0212762 0.0211127 63.2103 0.0211126 0.0212473 0.0211128 0.0211128 0.0211151 0.0214281 0.0212455 0.0211131 24.9135 38.7625 353.406 0.0211127 0.0211127 0.0211126 0.0211153 0.0211134 0.0211203 0.0211131 25.427 0.0241361 0.0211153 0.0234318 0.0212589 0.0231575 0.0211128 42.3654 0.0222399 0.0212496 0.0211378 0.0213834 0.0211173 0.021114 0.021251 0.0212962 0.021115 0.0219293 0.0211129 0.0211421 213.241 0.021127 0.021114 0.0211128 0.0212128 0.0211148 0.0211126 209.602 0.0211172 0.0211128 0.0212965 0.0211126 0.0211134 0.0211831 0.021113 0.0211126 0.0211126 0.18882 0.0211134 0.0234287 0.0211128 0.0212208 0.0211181 0.0211974 40.7948 0.0211131 0.0211128 0.0211127 0.0211128 0.0211843 0.0211127 0.0217998 0.0211129 176.132 0.0211558 0.0234846 0.0211352 0.0211137 0.0211127 0.0211459 0.021114 0.0211127 66.6146 0.0211343 0.0211456 0.021113 0.323153 0.0211126 97.7812 0.0211283 0.0211128 0.0211126 0.0211128 0.0211126 0.021131 0.0211132 0.0211523 108.194 0.0212698 0.0211126 0.0211141 41.7001 0.021115 0.0211452 17.5092 0.0211127 0.0211126 34.3798 0.0211128 0.0211199 0.0227253 0.0211173 0.0211134 0.0274928 0.0211194 0.0211129 30.8573 16.8235 0.0211135 0.0211259 0.0211126 0.0211178 0.0211132 0.02113 0.0211217 1.91599 0.0211243 0.0211128 0.10343 8.65762 0.0211126 0.0211132 0.0211142 0.0211148 0.0211126 260.675 0.0211135 0.0211126 0.0211129 0.0211137 0.113866 0.0219086 0.0213174 0.0213576 0.021179 0.0277599 0.0718358 0.0211133 0.0990324 0.0211132 0.0257645 0.0211197 0.0211126 0.0211179 0.0211126 0.0211126 0.0211689 0.0211126 0.0211132 18.9176 0.0215164 0.0214472 0.0216005 0.0211952 0.0211159 0.0212002 0.0211131 0.0211126 0.0211126 0.0211706 0.0211239 0.0212138 0.0212903 0.0211131 0.0212762 0.0214296 0.0212112 0.0213036 0.0211479 0.0225911 0.189353 0.0211133 0.0211212 0.0211138 2.94511 0.021117 0.0211127 0.021113 0.0211131 0.0211927 0.68454 92.8979 33.3892 0.0211399 0.0211126 0.360114 0.0211478 0.0211129 0.0212635 0.0211204 0.0216938 0.0211174 0.107383 0.021272 0.0211134 64.0515 0.0211126 73.1122 0.0211273 0.0229799 0.0211205 0.0217625 0.0211154 0.0211135 0.021113 0.0211417 0.0212471 0.0211127 136.61 0.0211133 0.0211127 0.0211133 40.0569 0.0211127 33.6803 0.0211126 0.0213474 0.0212385 0.0212211 0.0211126 15.4965 0.0211357 0.021272 0.0214708 0.0211126 83.4857 0.0211128 38.8356 0.0211477 0.0211228 0.021262 0.0211126 0.0211129 0.0211152 0.0211126 0.0211134 0.434705 0.0222083 0.0841813 0.0214302 0.0211127 0.0211347 0.0217627 0.0211429 0.0212821 405.114 0.0211126 22.5251 262.482 0.021588 0.0211126 0.0211505 0.0211922 8.89326 0.0211137 0.0211126 0.0287945 0.0217021 0.0211129 0.0211152 0.0211127 0.0211129 0.0211127 0.0213512 0.0212441 0.0211126 0.0244437 0.0211764 0.0211136 0.0211356 0.0211923 0.0232098 0.0211126 0.021995 0.0211127 0.0216071 0.0212731 0.0213683 0.0211126 59.2727 0.0211127 0.0211126 0.0211137 2.34873 105.777 0.0504918 0.0211126 0.0211283 0.0211937 0.0216268 0.0211127 0.0211789 0.021251 0.0211187 14.0845 0.0211181 0.021113 0.0211452 0.0211127 0.0211308 0.0211126 21.5716 0.021123 0.0259266 0.0211227 0.300508 0.0211254 0.0211126 0.0211291 0.0421587 0.0211616 0.0234847 0.0211139 0.0999217 0.0211127 0.0211126 0.0215208 0.0211126 0.0211172 0.021501 683.231 0.0211129 0.0211624 0.0215277 0.021184 0.13251 0.0211284 0.0211471 0.0213462 0.0212178 36.9005 0.0211387 0.0216787 0.0211545 0.0212476 0.0223568 0.0211155 0.021281 0.0211128 16.6793 0.0211183 0.0211129 0.0212933 79.9494 0.0211128 0.0212173 0.0211136 0.0216595 0.0211126 0.0211126 0.0211128 0.0211127 45.7985 0.021115 0.0211126 0.0211129 0.0211548 0.0211128 0.0211723 0.0211127 0.0211443 0.0220233 0.0212136 0.0211193 0.0221605 0.0211154 0.0211916 0.0211129 0.0211266 0.0211129 0.0371634 0.0211126 0.0211748 0.0211141 0.0211126 48.7867 0.0215325 0.0211161 161.59 0.021642 15.862 0.0211163 0.0211556 0.0227684 0.0211128 0.0211295 0.0211142 0.0211131 0.0211126 0.0211128 0.0212958 85.1918 18.1528 0.0215897 0.0211162 36.9841 184.701 0.021305 0.0211126 0.0277796 0.0211162 258.037 0.021419 219.141 0.0211148 0.0211127 0.0211138 699.642 0.0211138 0.0212088 0.0211264 0.0231288 0.0211131 0.0211128 0.0286062 0.0211235 312.1 0.0211126 0.0211152 0.0211183 0.0211176 0.02118 95.2884 0.0211232 0.0211132 0.0215072 0.0213408 0.0211126 14.9117 0.0211132 0.021117 0.0211161 0.0211129 0.0213489 0.0211236 0.0211126 422.428 0.0220722 0.0212841 0.0211127 0.0211127 0.0211129 0.0226179 0.02113 0.0211141 0.021113 0.0211127 0.0211259 0.021123 0.0211127 0.0366164 0.0211456 0.0211137 0.0211127 0.0211126 0.0212104 0.0211128 0.0223198 0.0211537 47.4767 36.4229 0.0211679 42.9298 6.69554 0.0211215 0.0212599 0.0226802 0.0215577 81.2637 0.0211344 0.0235152 0.0211514 33.586 0.0281495 33.5895 0.0211294 0.0212278 0.0214909 90.7442 0.0211406 0.0211128 0.0279873 0.021113 0.0211128 0.021114 0.0211285 0.021276 0.0215347 0.0211465 0.0261229 0.0212589 0.0211145 0.0211129 0.0211128 38.5082 109.669 0.0212465 0.0213543 50.4566 0.0232889 18.0839 0.0215591 0.0255212 0.0229344 0.0211126 0.0211133 0.0224239 423.162 0.0211987 0.0211128 0.0211126 208.57 0.0261002 140.14 0.022013 110.772 0.0211127 0.022268 15.8983 0.0213653 0.0215075 0.0211137 195.74 0.0211126 0.0219414 0.0216128 0.0211158 0.0211128 0.0244367 0.0211618 0.0221319 0.0211515 0.0211127 0.0211825 0.0706622 0.0211148 224.24 0.0211139 0.0211399 0.219136 0.0211136 51.4894 24.4179 0.0211136 0.0214583 0.0211298 0.0211665 0.0211126 0.0211487 0.0211133 0.0211126 0.0215497 0.0219616 0.021113 59.0438 0.0211129 0.0211126 32.1207 0.0211127 0.0212523 0.042137 0.0211166 0.021272 0.0211135 0.0211127 0.021115 18.5046 43.8606 0.0211776 786.918 501.244 0.021113 0.0211923 0.0223164 0.0214723 0.0211135 0.0212663 0.0211183 0.0211151 0.0211126 0.0211307 0.0211721 0.0211126 1.89335 0.235203 0.0211127 0.0211262 0.0211132 0.0211184 0.0211474 0.0211145 0.0213075 6.614 0.0211135 0.0211126 171.486 0.0233869 0.0211139 0.0212223 0.0211268 0.0213703 103.056 51.5224 0.0211265 7.39959 0.0211142 2485.91 0.0215958 0.0212092 245.937 0.0211427 0.0211126 0.0212627 0.0211226 0.0211317 0.021113 0.0213301 51.6652 0.0211141 0.0211126 0.0211916 0.0211126 0.0211275 0.0211191 0.0211245 0.021113 0.0211126 212.605 0.0211151 0.0211129 0.0211126 0.0211129 0.021989 0.0211547 0.0213148 108.53 0.0211153 0.0212272 0.0211142 12.2221 124.046 0.0211128 0.0211126 0.0211137 142.241 0.0211216 0.021127 0.0211126 0.0211132 0.0211143 0.021128 0.0211362 18.7957 0.0213408 0.0230794 0.021137 0.0211131 32.5394 4562.72 0.0211612 0.021121 0.48037 0.0214172 0.0211191 0.021126 0.0211126 0.0211129 0.0211188 0.0385326 0.0211129 0.0211286 25.2765 0.0211126 87.3881 0.0211126 78.033 19.9855 0.0416977 0.0211134 0.0212203 49.9711 0.0211215 0.0212227 0.021373 0.0211131 0.0211229 0.0211141 0.0211126 0.0211305 0.0211153 0.0211133 0.0215476 12.9135 0.0211475 47.7105 0.0211213 0.0211135 0.0211154 0.0211485 26.8817 76.6807 11.0315 177.476 80.8575 0.0211133 0.021135 0.021113 55.2625 0.0211128 0.0213293 0.0211128 0.0217041 0.0211126 0.0243814 0.0211127 0.0211131 2.03943 16.6631 0.0211126 1.62049 0.0229579 387.576 0.021792 0.0211128 0.0211126 20.1798 0.0211126 1101.28 1.44846 0.0213553 0.0211971 140.38 2.48424 0.0211133 233.422 0.0212677 0.0253324 0.0211134 0.608996 0.0211237 0.022501 0.0211617 0.0211286 33.7048 0.0213224 0.0211126 55.2711 0.0211153 0.0211132 0.0280416 0.0211127 0.0211129 0.0211276 0.0211844 0.0211126 0.0211482 0.0211126 0.0211155 0.0211386 17.0052 0.0211126 0.021115 0.0211126 0.0211126 0.0213105 0.0211443 25.2268 0.0211126 0.0211127 0.0211238 38.4899 0.0211131 0.0214024 0.0211126 0.0211126 0.021128 0.0211135 0.0211126 41.5442 0.267106 0.0211224 80.6779 0.0211126 786.261 0.0211127 0.0211158 0.0212634 0.0211193 0.0211136 0.0211136 0.0211159 192.933 0.0212585 0.0211158 0.0211127 0.0211535 0.0265938 0.0211279 0.0211126 0.0211182 0.021266 287.583 0.0211488 0.0211126 0.0237574 0.0211137 0.0212777 0.0211126 0.0211413 0.021123 0.0211129 0.0211129 0.0211126 15.234 0.0211223 0.0215557 0.0211126 0.0211408 0.0211132 0.0211126 0.0217664 0.0231552 0.0214036 0.0211129 0.0211242 0.0220029 0.0211391 0.0213979 136.707 0.0216508 0.0213496 0.021124 653.354 0.0211129 0.0211271 0.0211429 296.257 0.0211134 0.0217143 0.0211126 0.0213269 326.822 0.0211201 0.0211143 0.0211554 0.0257417 0.021307 0.0211712 0.0234562 0.0213272 0.0211129 0.0298132 33.8462 0.0211386 0.0211491 16.8041 0.0211155 0.0211136 5.57389 0.0221973 0.0211126 118.392 0.0218389 0.0211127 0.0211131 18.1603 0.0211127 0.0214145 20.55 0.0211137 0.0211139 0.0211334 0.0213076 0.0211127 34.8743 0.0211207 0.0211547 0.0212084 0.0211142 0.0211134 0.0211133 0.0212636 0.0211632 0.0212935 21.3872 0.0211128 676.669 0.0211129 0.0214219 10.1029 0.0211127 0.0211127 0.0211427 0.0211136 0.0211167 0.0211126 0.0211133 20.8061 0.0211151 74.2813 0.0211133 0.0211411 0.0212068 0.0211126 0.0211915 0.0212375 0.022085 0.0211134 0.0233854 0.0211225 24.4858 0.0211136 0.0211126 0.0211167 0.0211161 17.7686 0.0211126 0.021497 0.0211127 0.0211523 0.414776 0.0211131 0.0211145 0.0211245 0.0211641 0.0211126 0.0230231 0.0211126 0.0238041 0.0212992 0.0211252 0.0211266 0.0697263 0.0211255 0.0213451 0.0211128 0.0211126 0.0211126 0.0211143 0.0211128 0.0211592 0.0211132 0.021113 0.0212543 0.0211126 15.5286 18.4227 0.0211136 0.0211126 50.6047 0.0211126 0.0211137 0.0211161 0.0211128 0.0212826 231.957 0.0211155 42.7065 0.0211127 0.0211325 0.0211154 0.0211141 75.4231 0.0211128 0.0212608 334.391 0.0211131 0.0211227 0.0211126 0.0211127 0.0211126 0.0211129 0.0211126 0.0212753 0.0751544 37.8745 20.6705 0.0211147 0.0211136 0.0212571 492.679 0.0213007 0.0211126 0.0211126 0.0211146 117.248 0.0211127 0.0211127 0.0214675 0.021113 16.3294 30.9033 0.0211284 0.0224096 0.0212104 10.3358 0.0213226 0.0211654 0.0218293 0.0213604 0.0214321 0.0211136 0.0211133 0.0211128 0.0616316 0.0448842 0.0211217 0.0211127 0.0211131 0.0326867 41.5443 0.0211126 12.279 0.0211651 0.0211126 0.0212077 0.0211155 0.0211126 19.3962 0.0212039 0.0211127 0.0211126 0.0211379 28.8753 0.0211127 0.0211158 0.0224214 0.0211138 0.0211132 0.0211128 0.0211157 0.0211126 1482.56 0.0211129 0.0267934 0.021113 4.99824 0.0211126 0.0211151 0.0211153 0.021117 0.0211151 0.0214161 0.021113 0.0211126 24.9107 0.0211131 0.0211193 0.0211126 0.0211129 0.0211126 0.0211577 0.0211127 0.0217131 0.0215472 0.0233809 0.0211128 64.5597 13.5228 0.0212466 0.0211148 59.108 0.0216254 0.0211131 0.0211126 0.0211127 0.0212819 14.4816 54.158 0.0211176 0.0211131 0.0212079 0.0211274 0.0211127 36.9061 14.1847 0.0211128 0.0211126 0.0211334 0.0211614 0.021119 0.0211129 0.0211508 0.361806 0.0211126 0.0215774 0.0211713 0.0212409 0.0211126 152.151 0.0212051 0.0335555 13.5111 11.6306 0.021113 0.0211901 0.0212279 0.0211148 0.0211131 0.0211126 95.8369 0.0211126 0.0211128 0.0211173 13.8333 0.0224795 0.0211126 0.0215817 5.797 0.0211169 0.0214593 0.795849 24.8013 0.0211128 70.9857 0.0404136 0.0211128 0.0211427 0.0211131 0.0211586 0.0211128 0.05799 0.021375 15.2458 0.021119 0.0212257 0.0211707 0.0211585 0.0549802 0.0211262 1803.97 0.0211131 0.0211149 0.0255393 64.5222 0.0224999 0.021192 0.0211136 0.0211127 0.0211167 0.0212304 0.0211134 0.0211419 469.51 0.022081 0.0211128 54.1522 56.849 0.0211127 0.44402 0.0213654 35.2737 0.0211127 0.0211165 0.0211127 0.0211126 0.0211272 0.0219502 0.0220907 0.0211166 0.0214601 0.0211141 0.0211212 0.0211128 0.0211543 0.0211135 0.0246587 0.0211127 0.0211138 0.0211127 0.0211238 0.0211126 14.8717 0.0211299 17.9714 17.2157 0.0211173 0.0211131 0.0211185 0.0211269 0.021113 0.0211127 70.0795 0.0213258 106.051 0.0211136 0.0211688 0.0215678 0.0212166 0.0211579 0.0211307 0.021113 71.1961 0.0213832 11.0592 0.0211836 0.0212093 0.0212619 0.0211831 0.0645162 0.0211441 0.0211126 0.0211238 0.021114 0.0211126 0.0211132 0.0211134 8.98927 0.0307644 0.0211127 0.0219238 0.0211127 0.0211127 0.0211296 0.0211845 0.255676 0.021114 16.1888 0.0211145 0.0211126 53.7291 0.0211159 0.195676 0.110615 0.0211582 0.0211188 0.0211126 0.0230604 0.0211131 997.925 0.0231463 38.5004 0.0211181 35.6795 0.0211792 0.0216809 0.0211705 0.0211127 0.0211531 0.0213527 76.2222 0.0269924 0.021118 39.9566 0.0214267 0.0211147 333.064 0.0211217 0.0216108 0.0211127 89.4408 0.0211381 0.0211155 0.021273 0.0253051 0.0211129 0.0217132 0.0211126 0.609151 0.021409 0.0211126 1.95604 4.42364 198.73 0.0211657 68.9639 0.0211164 0.0211133 0.0211132 0.0211144 0.0211126 0.0211126 0.0211134 0.493091 0.0211126 0.0215361 10.5853 0.0211172 0.0211126 0.0292067 0.0211137 0.0211179 0.0211126 15.5688 0.0211126 0.0211137 0.0213002 0.0211126 0.0211127 0.021116 34.2871 0.0213897 0.0211148 31.4634 0.0211156 0.0238542 10.9583 0.0211126 0.0623474 0.245166 0.0211318 7.63551 0.0211126 0.0211128 0.0211583 14.785 0.0212583 0.0212443 0.0211135 278.492 0.0211265 0.0214987 0.0211128 0.0211129 0.0229636 0.0211192 0.0211126 0.0211128 0.0218287 28.244 37.7136 0.0211126 0.0211134 0.0215793 0.0211126 0.0211159 0.0211897 0.0211127 0.0211137 8.40187 0.0217265 0.129887 0.0211129 0.0211495 0.0211198 0.0215009 0.0211126 0.0211202 0.0212573 0.0211126 227.608 0.0211143 168.825 0.0211126 0.0211132 0.0211126 0.0211133 0.0214739 0.0211126 0.0211131 476.817 0.0211126 0.0215191 0.163132 0.0211126 0.0211168 0.0211263 1264.57 0.0211236 0.0211129 0.0286099 0.0213031 0.0211131 0.0211134 0.0216238 0.0212441 0.0211126 0.0213168 0.0211136 0.0211127 0.0735048 0.0211126 0.0211133 11.3699 0.0220241 442.186 0.021721 0.0212537 0.0213881 0.0211202 0.0211509 50.4183 0.0530799 0.0212971 0.0211127 482.11 0.0216375 0.0211252 44.0042 57.0293 50.4139 0.0211126 0.0213086 28.4563 0.0232467 15.73 1.9779 0.021131 0.0211127 0.0211128 0.0211214 0.0211181 229.815 0.021113 0.0214333 0.0211467 0.0211126 6.94796 0.0211128 77.238 32.7618 0.0212067 30.2184 0.021116 0.0212131 0.0212911 0.0211127 0.0211135 0.0219634 0.584086 1366.97 0.0211135 0.0211142 0.0211147 224.396 0.0211147 0.0211172 417.554 0.0213806 0.71221 0.0215339 0.0211203 0.0211126 0.0211134 0.0211184 0.0211128 0.0496285 0.0211133 0.0214287 0.0211596 0.0211313 0.0211317 0.0211126 26.5126 0.0211159 0.0211129 0.0211139 0.0211126 0.0211143 0.0211132 0.0211138 0.0211164 5.20148 539.089 0.0211429 0.0211138 0.0217159 0.0211133 0.0211359 0.0211168 0.0211128 0.021252 0.0323961 0.0211129 661.376 17.6668 0.0212573 0.0938409 0.0211132 0.0214078 0.0211127 0.0212272 0.0211232 0.0211133 0.0211893 0.0211128 87.2736 0.0222681 0.0227193 0.0211127 0.0211148 0.0211126 0.0219614 0.0211148 36.637 0.0211385 0.0212235 0.0211894 0.0211127 14.8336 0.0211126 0.0216483 23.2225 0.0211219 0.0217436 0.0211201 0.0211287 0.0211325 0.021113 0.0211133 0.0211134 0.0211138 0.0211126 0.021122 0.0214992 0.0219262 0.0211155 0.0398163 0.0214215 343.886 0.0212467 0.0211129 0.0211129 0.255217 0.0211128 0.0211128 0.0211127 0.0211127 0.0269502 0.0217217 0.0211613 0.0211129 0.021113 0.0211146 0.0211194 161.057 7.12251 0.0211146 230.409 0.0211126 0.0226698 0.0211221 0.0213236 0.0211126 0.0211126 0.0323419 0.0211132 0.021113 0.0211126 0.0211129 5.57389 0.0211141 0.0211126 0.0211131 0.0211305 0.0211128 0.021117 0.0211148 10.8145 0.0211128 0.0211242 0.0213294 0.021113 15.5002 0.021383 33.1207 0.0211154 0.0211129 0.0211126 45.2931 58.3549 11.3732 0.0211128 16.0272 112.951 11.6912 0.0211171 0.0212076 0.0266639 0.021113 6.21772 309.307 0.0211152 0.0211126 0.0211296 0.0211289 0.021179 0.0213556 5005.94 0.0211138 0.021113 0.0211184 0.0211126 0.0316206 0.021115 2.40063 0.0211127 0.0211407 0.0217433 0.0222 0.0211936 0.021113 0.0211133 0.0211126 0.0211131 0.0211141 0.0214646 0.021115 0.0211202 0.0211126 0.021116 0.0211126 0.0241157 0.0211135 0.021316 0.0211546 0.0211151 24.6458 0.0211426 0.021114 0.02113 0.0211172 0.0211126 0.0211146 38.8038 0.0211625 0.0424728 0.0211133 0.0215329 0.0211126 0.0217183 0.0211129 0.0211131 0.0211126 0.0211159 0.0215894 0.0211171 0.022217 0.0211126 0.0211127 0.0213585 111.37 0.0211193 186.652 15.7915 0.0211135 0.0290529 0.0211527 0.0212037 31.6915 0.0211126 0.0211971 19.8951 0.0211355 297.757 0.0211952 0.0212257 0.0211616 0.0211137 132.661 124.655 0.0211333 0.0211251 0.0211328 0.0211127 0.021119 0.0211203 0.0211147 0.0211812 0.231168 0.0211793 13.1713 0.0211131 0.0212715 40.1266 0.0211128 0.0211129 0.0211834 0.021113 0.0211226 0.0211127 0.022818 41.398 0.0211129 0.0211128 0.021118 0.0211162 247.277 0.0211126 0.0211274 0.0211322 0.0211449 0.0211126 0.0211126 31.6315 0.0211126 0.0211134 0.0211399 0.0211182 788.809 0.023077 0.0211315 0.021113 0.0211129 77.5233 0.0586951 0.0213587 0.0211356 0.0211126 0.0212906 0.0223225 185.566 41.6114 0.0211156 3.96318 0.0318044 0.0244158 0.0211773 0.0212026 0.0212387 0.021113 163.776 0.0212889 0.0211933 0.0234641 0.0211137 0.0215348 0.0211127 0.0427595 19.4667 0.0214472 0.0211126 0.0211145 712.044 0.0211221 0.0211126 21.9758 12.311 104.139 0.0211126 105.691 56.7672 0.0211127 0.021157 0.0213939 19.6786 0.021201 0.0215275 0.0211138 0.021113 0.0211132 0.0211642 0.0212025 0.0213927 62.9116 0.0211132 0.0211497 0.02129 0.021163 11.7972 0.021243 0.0211149 0.0219035 363.502 0.02163 0.0211231 105.536 0.0211126 0.0211126 13.7149 0.0211313 0.0212109 0.0211126 0.0211126 0.0213087 0.0211127 0.0211227 0.0211221 0.0211126 0.0221549 0.0211131 0.0211126 0.0217837 0.0211139 0.0211128 0.0211126 577.612 0.0211156 0.021114 0.0211126 7.3996 0.0211404 7.39942 0.0211127 0.0211129 0.0211126 0.0294491 0.0211153 0.0211404 0.0211136 30.2066 0.0215682 0.0211349 0.021115 0.0223308 0.0211133 0.0211135 0.0220732 634.688 0.0249404 0.0211572 0.0211128 0.021232 0.0211126 0.0211138 0.0214323 0.128157 0.0211129 0.021116 0.0211356 0.0211128 0.021125 0.0212387 0.0211126 0.0211414 0.0211347 0.0211129 0.0211126 0.0211131 0.02112 0.0211138 1.11164 50.1523 0.0214037 0.0229704 0.0211127 3.90985 0.0211126 37.8832 0.0234664 0.0211126 0.0211126 0.0447295 0.0211223 0.0211126 0.0212436 0.0211135 0.0212866 0.0211128 0.0211126 0.0211126 0.0211126 0.0212218 0.0211126 0.0291461 0.0211679 0.0213911 0.0211126 0.0211131 0.0211172 0.0211126 0.0211127 446.343 0.0221055 0.0322949 0.0211209 0.771506 0.0244184 0.0211133 0.0211237 0.0212421 0.0211126 0.021113 50.4789 0.0211127 58.9926 0.021114 0.0211144 0.0211126 81.7565 0.021159 182.523 0.0211146 2834.78 0.0211142 0.0217611 0.021115 4.18113 0.0213808 0.0211131 0.0315125 0.0219464 9.95786 0.0258483 0.0211131 0.0211172 0.0211126 0.0211135 0.0211128 0.021113 0.0211356 0.0211126 0.0211177 0.0211151 0.0211127 0.0223556 0.0211126 0.0211145 0.0214798 0.0211126 0.0211286 0.0211126 0.0211937 0.0211149 0.0211126 0.0211126 44.3561 0.021113 20.681 0.021113 0.021532 0.0212468 251.193 0.0211374 527.359 0.021114 0.0211136 29.4541 115.019 0.021114 0.0211132 0.0212914 0.0213551 0.0211126 0.0211127 0.0211234 20.526 0.0211126 0.0211137 0.021152 0.0493907 0.0211131 0.0211856 0.0215526 0.0211134 0.0211126 0.806036 141.508 0.0211129 0.0211157 0.0211131 0.0301593 0.0211167 0.0211129 0.0211128 205.258 0.0211126 0.0211126 0.0211143 0.0211137 0.0211126 0.0211126 0.0211456 0.021644 0.0211126 14.0903 21.9054 0.0211128 0.0211126 23.7486 23.3735 0.0211206 17.0694 0.0211406 0.0211171 0.0211132 0.0211126 0.0211137 0.0211134 0.0211325 0.0211126 0.0211139 0.0212781 0.0211131 0.0211127 0.0212155 20.0394 0.0211141 0.0215284 0.0213308 0.0211126 0.0211126 199.227 0.0212228 0.0211126 0.0212008 0.0212722 0.0211136 0.0211819 31.2058 0.0211128 0.0211358 0.0211169 0.0211126 0.0211127 0.0211129 0.0211134 0.0212962 0.0243586 0.0211137 0.0211501 0.0211213 0.0211188 0.021163 1.43203 340.629 0.0211573 0.0211126 0.0211162 7.486 0.021113 0.0225511 0.0374745 0.0212701 0.0211153 0.0220233 14.8653 0.0211598 0.0211387 0.0211578 10.5759 0.0211844 102.371 13.8494 0.0211725 0.0211571 0.0211583 0.021152 0.0211126 0.0211126 0.0211159 0.0214644 0.0225282 0.0211327 0.0211173 0.0212532 0.0211173 0.0211126 0.021113 0.0226016 0.0214366 0.0213679 0.0211127 0.022349 0.0211903 6.21772 0.0211126 0.0211174 0.0211132 0.0211128 0.0211126 0.02148 0.0211126 0.0211126 0.021131 0.021114 0.0212971 0.149329 0.0211154 0.0211148 0.0213059 0.021153 0.0211129 0.0211126 0.0211126 0.0230194 0.0214021 10.1497 0.0238338 0.0211213 0.0369047 0.0211135 0.0211216 0.0452048 0.033246 0.0211133 0.0212313 0.108936 1.04885 0.0749246 0.0211186 0.021174 0.0211212 0.0212088 21.2854 0.0211134 0.0211126 0.0211322 13.258 0.0274006 0.0211129 0.0211397 0.0211276 0.0211147 0.0212062 49.6159 0.0212899 0.0211126 0.0211298 0.0222258 0.0211127 0.0211127 0.0566755 0.0211127 0.0222959 0.0211126 0.0211131 0.0216792 0.0212073 0.0211126 0.0211155 0.0211731 0.191413 0.0211133 0.0227113 0.0211132 20.6705 0.0211702 0.0211428 0.0211838 24.9228 0.0313151 0.024079 0.0211136 0.0211126 0.0211126 0.0317007 0.0211314 134.185 31.6235 0.021113 32.5013 0.0211126 0.0246881 0.0211127 0.021144 0.021113 0.0551127 0.0211127 0.0211885 0.0224054 75.1528 0.0211129 0.0211131 0.0211134 0.0307152 0.025091 0.0211323 0.0211203 0.0211179 467.405 0.0211128 0.0211126 0.0211129 0.0211132 0.0211855 0.0211126 0.0211127 0.0211127 0.0211128 0.0211426 212.451 0.0211154 0.0211129 0.0214285 0.021114 0.0253847 0.0211133 761.405 1.67181 0.0211126 0.0211171 411.915 0.021119 0.0211132 0.0211126 0.0211133 0.0211449 0.0211302 11.3879 0.4379 54.7013 0.0211141 0.0211254 18.3114 0.021114 0.0211622 0.0211134 22.8987 0.0211132 0.0212348 0.0211134 0.0215881 0.0211412 0.0212157 0.0211423 0.0226702 0.0211126 0.021397 0.0212177 0.0211126 0.0211126 0.0211129 0.0214483 0.021923 0.0227431 0.0211133 0.0237855 0.021583 0.0211133 0.0211702 0.0212565 0.0211323 0.0211126 0.0211128 0.0211275 0.0211209 0.0237361 0.0212633 0.0211356 1981.26 0.0213384 0.021113 0.0211136 0.0211126 0.0211593 0.0211563 0.0214493 0.0216071 0.0212443 0.0211131 315.421 19.8951 0.0211135 0.0230885 0.0213101 0.021113 0.0211126 0.0211126 0.0211126 0.0211129 0.0211176 0.0211136 0.0213832 0.0211126 0.0848852 0.0211307 0.0213381 0.021114 0.0213044 0.0211223 0.027829 0.0211346 0.17511 0.0211129 0.0213874 0.0211332 0.0212095 0.024171 0.0211397 0.021122 0.0211127 0.0212153 6.36668 0.0211137 0.0263947 0.0211155 0.0211134 0.0211138 0.0211167 0.0211126 0.0211126 64.312 0.0211287 0.0211126 0.0211171 178.777 0.0213896 0.0211127 0.0212618 0.0211126 0.0211126 0.0215342 24.0354 0.0211128 0.0211168 0.0211126 0.0213367 11.5824 0.0211369 0.0211126 243.253 26.4933 0.0211133 0.0212227 0.0211288 0.0213382 0.0211773 0.0211146 1180 0.0211142 24.7706 145.325 0.0214955 0.0211155 20.1112 0.0211126 0.0211126 0.0211133 831.691 0.0211126 0.0211324 0.0211129 0.0211213 150.708 1.48898 0.0218949 0.0211134 15.6275 0.0211137 0.0212361 0.0211185 48.0356 193.807 0.0211265 0.0211128 0.0211126 0.0211338 0.0211135 0.0211126 0.0212458 0.0211136 4.17965 0.0211131 0.0211134 0.0211566 15.0453 0.0211129 26.9449 0.0211301 23.9418 0.516041 0.0222406 0.0211131 0.0211179 0.0216569 0.0211127 0.021164 0.0211126 0.0211128 0.0211126 0.0211126 0.0215115 0.0211126 0.0223351 0.0211133 151.703 0.0211126 35.8122 1.43223 0.0211133 0.0211129 0.0211126 0.0211128 0.0233536 0.0211126 0.0211459 457.746 0.0211126 0.0211593 0.0211139 0.0211126 0.0211126 0.0212111 0.0211141 0.0215904 0.0215528 0.0211142 0.0258985 0.0211126 0.0212258 0.0211131 0.151908 0.0213693 0.0212016 50.9137 2.30252 0.0211126 0.0211164 0.0211127 0.0211165 0.0236574 0.0242477 0.0214856 0.0211142 0.0211183 0.0290279 0.021309 0.0211896 0.0226336 0.0211127 0.0213628 0.0211427 0.0213001 0.0212591 0.0211144 14.5669 0.0211126 0.0211149 0.0212264 53.0209 0.0211127 0.0211371 0.0211543 0.0211199 0.0224344 0.021191 0.0212494 0.0220923 16.6632 0.0211211 0.0217189 0.0470948 2772.58 0.0212604 55.8621 0.0212542 0.0215041 0.0211879 0.0211126 0.0211223 0.0211533 0.0211128 0.0219777 0.0211126 0.0211127 0.0227227 39.384 0.021121 0.0211126 0.0214115 0.0212721 0.0211141 0.0211126 0.0211284 0.0212121 0.0218804 0.0211398 0.0211127 0.0211132 1.65832 0.0241225 12.5405 0.0212092 0.0211232 0.0212297 50.1121 0.0211133 0.0211126 0.0211135 1228.74 0.0211129 0.0231283 40.2043 0.02114 0.0227564 0.0211126 0.0211131 0.0211129 0.0223383 0.0213732 0.030499 0.0211126 0.0323326 0.0211241 0.0223991 0.0212053 4.06479 63.1502 0.021154 0.021554 0.0211126 0.0211136 0.021114 52.3064 0.021113 0.0211126 0.0212107 0.0211133 0.0211407 0.0231488 0.0211257 21.9731 0.021113 0.021113 0.0211128 0.0211133 0.0211943 0.0211128 0.021117 0.256624 0.0211126 0.0211131 0.0211296 0.0211288 0.0225387 0.0211173 0.0211127 0.0211126 353.46 86.8186 0.021114 0.0211127 0.0211537 0.0211129 0.0211134 0.0211158 0.0212934 0.0211375 177.151 2640.56 0.0212773 36.1153 0.0215682 0.0211128 0.0563429 0.0211204 0.0211126 0.0211136 0.0211127 116.088 0.0211128 0.0211147 0.021118 0.0211238 0.0299732 0.0211147 0.0211128 0.0211131 0.0211189 0.186497 0.0211127 0.0211136 0.0211176 0.0216424 0.0211234 0.0211164 0.0211126 72.8545 0.0211131 0.021257 0.0211481 0.0231035 0.0211128 314.351 0.0213902 0.0211132 0.0211132 0.0211129 0.021113 0.0217978 0.0211132 0.021113 0.0211256 0.0241568 0.0211148 0.022268 0.0211126 0.021176 0.0211129 0.0211904 0.0211717 47.2585 0.0211127 21.6292 0.021115 0.0211139 49.767 0.0223991 0.0830094 11.1313 0.0211129 0.0211472 9.10745 0.424368 0.0211271 0.0231395 11.7974 0.0211128 0.0211126 0.0211133 0.0211135 0.021166 0.0211202 0.378536 0.0213611 0.0246079 0.0211126 12.8718 0.0220881 0.0558324 0.0211164 0.0323526 0.0211261 0.0211569 13.3445 113.577 0.0232264 0.0211126 0.0211126 10.2358 0.0211747 0.0215211 0.0212481 0.0211126 13.6062 0.168719 0.0213555 0.0472633 0.0211378 1172.82 0.0211392 0.0211131 0.0211126 17.9167 9.31136 0.0211836 0.0211138 0.0211129 0.0211126 0.0224933 0.0220924 0.0211129 0.0211152 0.0212485 0.0219873 0.0211126 0.0211161 7.91273 29.2361 0.0213665 0.0243103 0.0212648 58.7931 0.0211126 0.0212181 0.0211126 20.9622 0.0231266 0.0211306 0.0212072 50.8502 0.0211207 0.0211135 0.0211418 0.0211178 0.0211126 0.0211139 0.0275063 130.566 57.9464 9.00495 0.0211131 0.0211135 0.0211756 0.0211137 0.0211126 0.0211128 0.0212066 21.1127 0.0211137 0.021114 0.0211129 0.0211161 0.0211145 0.0211128 0.0217118 1.14598 0.0211141 0.0212548 0.0724156 0.0214795 0.0211127 0.0211133 0.0211126 0.0211126 0.0211126 0.0211132 0.0211161 0.0217664 0.0211126 0.0211127 859.663 0.0211141 0.0212219 0.0218678 0.0211898 0.0211126 0.0211126 0.0211244 0.0211238 0.0211309 668.461 0.0211126 0.0211138 0.0212343 735.999 1.51677 23.0406 0.021641 0.0217518 0.0211365 437.91 0.0211139 0.0211129 0.0211126 0.0211132 0.0211129 141.086 0.0212404 0.0211128 579.524 0.0211852 0.0452037 253.685 0.021113 17.1274 0.0211129 33.069 0.0211126 1203.59 0.0211127 0.0211158 0.0211154 24.7706 0.0211126 28.7971 0.0211126 0.0211506 0.0211128 0.203799 0.0213226 0.0211134 0.0211351 0.0211135 0.0211144 0.0227873 0.0211126 0.021123 0.0211126 0.0212529 0.0211798 0.0211137 0.0211129 0.0211128 0.0282931 0.0211129 0.0211127 0.0211157 0.0341334 0.0211128 0.0231452 375.725 13.3045 0.0211336 0.021139 67.6462 0.0211692 0.159554 0.0211143 447.113 0.0211136 0.0211131 0.0211593 0.0211283 0.021116 0.0211169 0.0211133 0.0211148 0.0211126 0.0211315 0.0214332 0.0211204 0.0214663 0.0211129 0.0211136 0.0211127 0.0219241 25.8423 0.0212828 0.0211134 113.113 0.021113 0.0211126 0.0211255 0.0248657 0.021113 0.0211126 0.0211337 0.0211126 0.02169 0.0211127 0.0273312 0.0211491 0.0211186 0.0211242 0.0211126 636.926 0.0211652 0.0214471 0.0211128 0.021127 0.0211936 0.0274574 0.0211126 0.0214269 0.0306676 0.021113 0.0211346 0.0212361 0.0211831 0.0229628 0.0211143 0.0211127 0.0211126 0.0211136 0.0211277 23.5471 0.0211128 0.021479 0.0211131 0.0220089 0.0211889 0.0211126 22.5251 14.068 3.05086 0.021427 0.0222116 0.021113 0.0211126 0.0218137 0.0227714 0.0211138 0.0212937 0.0211126 0.021171 0.0211126 0.0220143 7.63998 0.0211126 14.5185 0.0328887 43.4682 77.5451 0.0245065 0.0211127 0.0211129 0.0211134 14.2599 0.0211126 0.0211135 0.0211129 6.63754 0.0211133 0.0211131 0.0331826 0.106774 0.0211131 0.0211127 0.0211177 0.0211249 248.748 0.0211137 0.0211204 0.0212724 0.0211177 0.0211147 0.0211128 0.0211134 0.0211495 0.0211148 48.9524 0.0276582 0.26971 0.021114 0.0211129 0.0211127 0.0211133 0.0211126 0.0211299 0.0211139 0.0211129 0.0211149 0.0211135 0.021113 0.0211288 0.0211131 0.0211126 0.0215938 109.989 0.0216417 0.021113 0.129139 14.2296 0.0211126 0.0211145 0.0219118 0.0211266 0.0211126 0.0211929 0.0211128 0.951113 27.7068 12.5879 0.021113 0.0215395 362.583 0.0211126 60.3557 0.0211127 0.0211234 0.0211697 0.0211126 0.0211139 0.0211163 0.021151 0.0211141 20.8316 0.0211487 0.0211215 0.0211126 0.0220058 0.0211127 0.0211133 0.021174 0.0211313 0.0343943 0.0211132 199.06 0.0213576 0.0211427 0.0211635 0.0211129 22.398 0.0211133 0.021113 0.0211296 0.0211128 67.3518 0.0211127 70.4289 0.0211433 107.16 0.0213003 0.021115 0.0211132 0.021126 0.0212506 1596.26 0.0211128 0.0212146 0.0251254 0.0212551 0.0211134 0.0212415 0.021113 0.0211126 0.0211128 16.3517 0.0211127 0.0212153 0.0211135 0.0211131 0.0212123 0.0211234 0.0211131 0.0211128 0.0211135 0.0211382 0.0211126 0.0211131 0.0211126 0.0211284 0.0211134 0.0211127 0.0211351 0.0211126 0.0211133 0.0212204 0.0212487 0.0212121 0.0214979 0.0211135 0.0211126 0.0300289 1.2992 0.0212444 0.0211139 0.0211539 0.021284 51.9363 0.0211127 182.868 0.021113 0.0211129 0.0212428 3.34961 0.617971 0.0211127 0.0211372 0.0227493 0.0211263 581.479 1281.24 0.0270326 0.0211129 0.0211143 0.0211126 94.338 0.0452061 0.157202 0.0211128 0.0211126 0.0211126 0.0213676 0.0211126 0.0211202 0.0211345 0.0211166 0.0211136 0.0212166 0.0213845 1706.59 0.0211132 24.0585 0.0213874 0.0218525 0.0211137 0.0211127 0.0211519 0.0238274 0.0212094 0.0211126 0.0211126 0.0211126 0.0211135 0.0211144 0.0212874 0.0211175 0.0211278 0.0211128 0.0211126 0.0211126 11.3143 0.0218498 0.027442 0.0212603 0.0211136 15.0009 0.021113 0.0211534 0.0211127 0.0211126 0.0211216 0.0211126 0.184152 0.0214144 0.0216274 0.0211432 0.0211131 0.159556 0.0211126 172.483 0.0212994 0.0211126 0.0211126 0.0211127 0.0213072 2888.69 0.0211126 0.0211131 0.0214295 0.0374019 606.367 0.0211127 0.0211246 0.0211126 0.0213563 0.0213636 0.0211143 0.0211457 0.021113 0.0211184 0.0211623 0.0211126 0.0211126 0.0212641 0.0211175 475.33 0.0211141 0.0211136 0.0211127 0.0211137 0.0212055 9.01086 0.0211953 0.021147 0.0211126 0.0211126 0.021169 0.0211274 421.934 0.0211126 0.0216091 0.0211126 0.0211142 0.0284108 0.0211147 0.0211329 0.021113 0.0211126 0.0211133 0.0211352 148.827 0.0211151 0.0211133 39.0713 0.0211137 0.0212504 0.0211141 0.0211126 18.4196 0.0211133 0.0211176 0.0213085 0.0211131 0.0582158 0.0211131 0.0212513 0.0211126 0.0211126 0.0211127 11.7026 0.0211129 0.021184 0.0211128 11.9052 0.0213013 0.0212904 0.0211133 0.0211171 42.9623 0.0211128 0.021129 0.0211128 0.0211478 40.9852 0.0211127 0.0211584 0.0211143 0.0211184 0.0223987 83.0539 0.021163 20.259 0.0211126 0.0211129 0.0281132 0.0212271 0.0211126 0.0220514 440.825 0.677308 0.0211126 0.0211126 0.0211529 0.0357814 5.08266 0.0211135 0.021117 0.0211128 0.0211126 0.0211133 0.0211135 0.0214645 0.0211132 0.0217844 0.0211126 0.0211132 0.0211216 0.0211128 0.0211132 0.0211127 0.0211425 0.0211391 24.7706 0.0211126 0.0211151 0.0211398 0.0211143 0.0211128 0.0211343 0.0211473 0.0211208 0.0212065 0.0211126 0.0211132 0.0211186 0.0211127 0.0215439 0.0211126 0.0212754 0.0211138 152.779 0.0211126 0.0212108 0.0211126 0.0211157 44.6159 0.0211213 0.0213053 6.3774 0.170134 5.10297 0.0213008 0.0211132 0.0211126 0.0211129 0.0212439 0.0211126 659.122 0.0211144 168.023 0.847818 0.0211169 0.0211146 0.0211133 0.0214969 0.0212983 0.0211132 0.0211971 0.0211129 71.0505 0.0211132 0.021157 0.0211138 0.0211132 0.0211315 0.0212028 0.0211137 2938.12 0.0211135 282.547 0.0217881 0.0211852 0.0211126 0.0211131 0.0211126 0.0211136 167.405 0.0212902 0.0211174 13.2975 0.0211131 4.35613 0.0211832 0.0211133 0.0211133 0.0211131 0.0211191 25.3116 0.0211222 0.0235608 0.0216698 0.0211126 0.0218038 0.0211142 0.0211174 0.0212179 0.0213821 0.0211302 0.0217698 0.0211145 0.0211132 81.8086 128.178 0.0213878 50.2779 0.0218644 0.0211867 0.0211131 0.0211132 0.0211164 0.022185 31.2112 0.0211146 0.0211126 0.0211142 0.0211128 0.0211126 0.0211126 25.2026 0.0235561 0.0213352 0.0211126 0.0221191 0.0211194 0.0211134 0.0211136 0.0211255 0.0222462 0.0211353 27.8194 0.0215506 26.0017 0.0211136 0.0211126 235.97 0.0211167 0.0211128 0.0213329 0.0211322 0.0213023 0.0211138 0.0335009 0.0211175 0.0582693 0.200124 0.0212576 0.0211191 0.0211144 0.0211136 0.0624224 0.0211394 0.0211162 0.0211127 0.0225716 0.0211132 0.0211127 2.54493 59.2703 0.0211136 0.0212479 0.0211295 0.0211225 0.0211264 0.0211131 0.0211229 0.0211824 0.0222481 1347.98 0.0211128 0.0211127 0.0211126 0.0214256 0.021114 0.0215915 0.0211131 0.0211133 0.0213165 0.0212194 0.0211329 0.0211126 0.0211126 9.41666 0.0218498 0.0212904 198.656 0.0211218 15.6837 0.0211139 0.0211128 0.0211161 0.0211688 0.0212051 0.0211126 0.021114 0.0211139 0.0211131 0.0211126 0.0223165 0.021121 0.0211171 0.0211126 0.0216048 0.0211169 2.12317 0.0211126 0.0223656 0.0211128 0.0490259 8.54581 0.0214137 0.0212701 0.0211329 0.0364119 0.0215022 30.3803 0.0211131 0.0211138 0.0211128 11.959 0.021113 374.667 29.2937 0.0211135 0.0211126 0.0211135 266.282 0.021248 0.0211128 0.0366527 295.401 0.0211128 0.0211127 0.0211126 0.0269089 0.0211755 0.0211128 0.0216543 0.0211176 0.0211343 0.0214478 38.1842 0.0211225 0.0211133 0.021439 0.0211129 0.0211211 0.0211127 0.0211148 0.0211126 0.0211143 0.0211126 0.0211128 0.0211136 0.0211929 0.0211126 0.0211132 0.0211126 0.0212293 0.0211216 0.0211127 0.0293088 0.0226135 0.0211139 0.0211938 0.0211147 0.428476 14.1033 0.0211197 0.0222791 0.0211592 0.0286879 0.0211151 0.0218569 3.30187 0.0553499 0.03394 72.3359 0.0211126 0.021113 0.0211137 0.0211126 6.63588 0.0211136 0.0211129 0.0211148 13.2944 0.0212433 0.0226392 621.827 145.233 0.0211131 0.0211678 0.0211126 0.0211209 7.23014 0.0211483 0.0212663 0.0211614 0.0212426 0.0211452 0.0211224 0.0211133 0.0211133 6.6133 0.0211128 0.0212294 0.0211126 0.0211771 0.0213898 0.0212731 128.878 468.268 0.0211966 0.0213956 12.1088 1.54488 4.8923 0.0211126 0.0211135 0.0429616 0.0211136 0.0211195 0.0211126 0.0211313 0.0211127 0.0211847 0.0211132 0.0211958 93.5415 53.5552 105.994 0.0211272 0.0211126 0.0211126 0.021115 0.0211126 0.0211495 0.0211154 33.1056 0.0211185 0.0211131 0.0211248 0.021113 0.0211126 0.02112 0.0211126 0.0211437 45.7959 0.0211126 0.0211128 3164.82 10.8028 36.3888 0.0211126 0.021115 0.0211126 0.0211135 0.0211494 0.0211132 0.021113 0.0211148 0.0211127 0.0211138 6.04611 0.301829 0.0211126 0.0211132 0.0211152 0.0334305 0.0258198 29.6931 0.0211128 0.0211128 0.0211132 0.0211166 0.0226673 0.0696021 0.0213302 0.0211145 0.021195 0.0408782 0.0211134 0.0211342 0.0211317 0.0211128 70.7496 0.0211126 0.021671 0.0224925 174.75 0.0211133 0.0214233 0.021113 0.0211126 0.0211417 25.1706 28.1487 0.0211921 0.0211908 0.0211849 0.0211141 0.0211144 0.64056 0.0225993 28.8093 0.021161 0.0211137 47.3796 26.6363 0.0211126 0.0374304 0.0211129 0.0211126 0.0211128 0.0211129 0.0213694 0.0211126 0.0211131 0.0212046 0.0211126 0.0211132 1.14713 0.0211126 0.0211382 0.0213847 0.0211406 0.0218026 0.0211128 0.021113 0.0211128 0.0215104 0.0211289 0.0211145 155.743 0.0211134 0.0211127 0.0250654 0.0211596 0.0211128 0.0211126 10.4988 0.267661 0.0211739 0.021113 0.021133 0.0211131 0.0211137 5.2742 0.0211182 0.0211155 0.0211495 0.0211126 0.022858 13.663 0.0224831 0.0211422 0.0211175 0.0211244 15.8688 0.0211126 0.0211129 0.0211132 0.0211128 0.0211127 0.0212723 127.937 0.0211466 0.0211138 0.0211129 10.8074 0.0211131 15.2118 0.0211391 0.0237542 0.0212616 0.0211126 0.0211495 0.0211352 0.021113 0.0211142 0.0211132 71.0281 21.9668 0.0211126 0.0211151 0.0211126 0.0211126 0.0211128 1.13793 35.999 0.0211253 0.0211449 0.0216006 0.0515598 0.0216055 0.0217027 0.0211266 0.0211162 0.0211133 0.0211127 6250.43 0.021206 0.0211732 0.0211437 0.0211359 0.0212244 0.0211127 0.0211128 0.0211599 0.0211127 0.0234475 0.0215952 0.0213626 0.0233494 0.0211126 0.0211133 0.021738 0.0211161 0.0211238 11.7982 0.0211126 0.0211126 0.0211172 0.0211126 0.0211135 14.0845 0.0211127 0.0216398 0.0211128 0.0211133 0.0212654 0.0212443 0.0211129 0.0668906 0.0211127 0.0211131 0.0211553 8.59646 0.0211126 0.0212593 0.0236302 0.0211534 0.0212515 18.9621 0.0215793 0.0211129 0.0211126 371.139 0.0215916 0.0211127 0.0211145 0.0211128 333.385 0.0227735 0.0211775 0.0211161 0.0262748 0.0211147 0.0211237 0.0211307 0.02115 0.0211127 0.0211322 0.02791 0.021115 0.0211126 0.0211227 0.0211126 0.0234972 0.0211133 0.0211177 780.314 0.0211131 153.629 0.0231987 0.0217806 0.0211902 0.0211189 0.0211863 0.0211132 0.0211138 657.418 17.5076 1.77922 0.0211141 0.0211176 0.0211136 4.95938 0.0347884 0.0212134 0.0211134 0.0217688 4.78274 0.0211293 0.0211164 0.0536801 111.909 46.8449 33.938 19.7979 0.0216968 0.0211134 0.0211639 0.0211128 0.0263325 0.0211129 0.0218629 0.0212738 0.0244488 0.0211255 0.0211126 0.0211222 0.0211347 7.39987 0.0232943 0.0211241 0.0211135 0.0211454 0.0211212 0.0211127 107.287 45.2427 20.9573 0.0257127 0.0593254 0.0366889 0.0211139 0.0211126 0.0211126 0.0211129 0.0579905 0.0211126 0.0211126 0.0211136 0.021274 0.0212081 0.0211838 0.0211204 0.0211126 575.798 0.23214 0.0211128 0.0211131 0.0211134 0.0211167 0.0211737 0.0211608 0.0213922 0.0211126 0.0211392 0.29773 0.0211142 0.0211657 0.0211127 0.0213072 25.8616 0.0211434 0.0211126 0.0231652 0.0211221 0.0211139 0.0211141 148.308 0.0211128 0.0212694 60.8018 251.079 0.0211939 0.021215 0.0211141 0.0211146 0.0211133 0.0211134 0.021114 0.0211652 0.0211128 0.0211126 0.0211356 0.0211476 11.6632 0.0211126 0.0211129 0.0211756 0.0212243 0.0212066 0.0211134 0.0211745 0.0211153 0.0211974 322.373 876.926 0.0211133 0.0211126 0.0332756 0.0211143 0.0212122 0.021177 0.0211134 0.0211126 0.021113 0.0211133 0.0229631 0.0211635 0.0211128 0.0211131 0.0211134 0.0211126 0.0211129 0.021118 0.0211158 0.0211136 0.0211642 0.0213135 0.0212295 0.0211213 0.0211144 0.0214672 0.0211154 0.0211251 0.0211137 0.0211193 0.0215776 6.4164 2.68627 0.0212496 0.744694 22.4885 0.0211141 0.0211203 0.0211132 0.0211893 0.0216469 0.0211153 0.618012 0.0211296 0.0211126 0.0211131 24.2468 0.021114 0.0211126 0.0213679 0.021113 0.021113 14.4816 0.0211138 0.0211138 0.021113 0.0211138 0.761371 0.0211126 0.0211229 0.02199 0.0234911 0.021118 0.0211147 0.0211181 0.0211209 0.0213363 0.0211184 0.0213481 0.021172 0.0211128 0.0211128 57.976 34.5314 0.0219784 0.0211132 0.0211176 0.0213313 0.0211722 0.0211156 0.0211145 0.0211695 0.0211169 0.0211127 0.0211128 0.0211131 0.0211157 0.0211138 0.0211145 12.1909 0.0211126 0.0211376 0.0211142 0.0212177 0.0211147 0.0211126 0.0212437 0.0211135 0.0211142 60.1675 0.0211126 0.0211127 15.5959 0.0211143 0.0211773 0.0211134 0.0211126 161.069 0.0212033 0.0211586 0.0648663 0.0212278 71.9815 0.0211135 0.0211158 0.0211178 0.0211361 0.0211126 0.0212883 56.4525 12.2911 0.0229255 0.0211128 14.6618 0.0211126 1.33638 0.0211128 14.7368 0.0211161 0.021186 0.0311387 107.239 0.0211126 38.1067 0.0211127 0.0211465 0.0211158 0.0211133 0.0211126 0.0211181 0.0211126 0.0211755 0.0211132 0.0211144 0.0212382 0.0211256 0.0211126 0.0218379 0.0211132 8.56448 0.0211176 0.0211278 0.0211142 13.6616 0.0211126 0.0211126 0.021129 0.0211128 0.030114 0.0212378 0.0494783 0.0211126 0.0211128 0.0212113 10.6588 0.0211576 0.0216964 0.0219345 0.0211404 9.96996 0.0211141 0.0211134 0.0211126 0.021158 14.8289 0.0212958 0.0211126 0.0214854 0.0211364 0.0216825 0.0211147 0.0215831 0.0211293 0.0211141 0.0211126 0.0211135 33.5469 0.0211214 0.0211126 0.0211129 0.0211174 0.0211131 0.480043 0.0211134 0.0211212 0.0211126 0.0211132 32.9651 0.0214005 0.0211133 0.0211288 0.0218598 0.021113 0.0211136 0.0211807 0.0234847 42.4573 0.0239276 0.0211754 266.053 0.0211162 0.0211746 0.0211751 0.021113 0.0211126 0.0211126 0.0211131 0.0211245 0.348175 0.0211133 344.268 0.0211155 0.0211441 0.021115 0.0211126 0.0211207 0.0211173 204.586 0.0211126 0.0211532 0.0211129 0.0211246 0.0211126 47.0868 0.0211126 0.0211136 0.021116 0.0211172 0.0226086 79.0434 0.0211127 0.0211736 0.0211216 0.0500679 0.0248025 0.0212036 0.0211919 0.0211156 4.38999 966.826 0.0211133 0.021131 0.0211128 0.0211126 0.0235097 0.0211126 0.0211299 2222.03 0.0245763 21.6727 0.0211281 0.103424 0.0211129 0.0211126 0.0211228 0.0211126 0.0211166 18.628 0.0211128 329.476 0.0211129 0.0211152 0.0211126 0.0211143 0.0212251 0.0211132 0.0217457 0.0211126 0.0289666 40.6162 0.0211132 2745.96 0.0211132 0.0211131 0.0216926 0.0232662 15.5002 0.0217197 0.0211126 0.0211169 0.0211609 0.0211142 0.0211127 0.0211126 0.0211126 0.0211153 0.0211195 12.4901 0.0211172 0.0211127 0.0211131 0.0211128 0.0211139 0.0211127 0.0214677 0.0211467 0.0211126 0.0211136 367.96 0.0211126 0.021724 0.0211757 0.0211131 0.0211126 0.021389 0.0211971 0.0212442 5.21996 0.0211177 0.0211225 188.607 0.0223576 0.0291002 0.0211452 0.0211132 0.0211165 0.0211299 0.0215494 17.3402 0.0213141 0.0211275 0.0233668 0.0211144 12.4901 165.397 0.0211177 0.021113 0.022274 0.0211138 107.698 0.0211175 0.0211126 0.0212515 0.0211134 0.0211126 0.0211221 0.0211134 97.288 0.0212131 3.62252 0.0211127 150.398 0.0211135 0.0217027 0.0211687 0.0211133 0.0211126 12.9511 0.0218619 0.0211624 31.2856 0.0211709 0.0606738 0.0211129 18.3756 27.5125 1.4265 17.398 0.0229348 71.3694 0.0215262 0.0211127 0.0211219 0.0211139 78.6814 0.0211126 0.0211139 0.0211133 7.48143 0.0211153 0.0218525 0.021438 18.1276 35.5771 0.0211982 0.0211515 0.0211882 0.0211128 100.229 0.0211126 0.0211132 0.0211989 0.0211711 0.0211808 0.0221157 835.177 0.0211128 0.0213511 0.0211126 0.0211154 0.0211126 0.0211126 0.0270264 0.0454028 0.0212781 0.0225007 0.021174 0.0211126 0.0211132 92.9675 0.0211416 0.021113 17.2689 0.0211126 0.0354448 0.0211157 0.0211135 0.0216812 0.0211177 0.0211155 0.0211134 0.0211139 0.0211886 37.924 0.0211319 0.0211128 0.0219278 0.0211127 0.0436671 47.5577 12.4355 0.0211543 0.658927 0.0211265 9.38471 0.0211693 0.362919 0.021167 0.0211165 0.0211134 0.0213228 0.0211127 134.058 0.0211126 0.0211126 0.0211992 71.3927 0.0211181 0.0211893 0.0211844 0.0211132 0.021113 0.0211127 1061.57 0.0211127 0.0213849 0.0211331 0.0211149 0.0211138 0.0214391 0.0212102 0.0211194 88.6877 0.0211194 0.0211131 0.0211864 0.0211131 0.0213057 173.116 0.0211132 0.0227466 0.0211296 0.0211917 0.0211126 0.0211132 0.0211132 35.3627 0.0211524 0.021122 0.0211186 0.0211131 12.4144 0.0211232 0.0211372 0.021123 0.0211153 0.0211563 0.0211131 21.5716 0.0211126 0.0211307 0.0211128 0.021113 0.0211128 0.0217049 0.956571 0.0211752 0.0211126 0.107004 0.0212163 0.0302414 0.0211129 0.0211135 0.0211488 0.0215002 1054.64 0.0211151 0.0211126 0.021463 0.0211907 0.0211127 0.0211126 532.988 0.0211221 0.022403 0.0213699 5066.85 0.0211314 86.4038 0.0211185 0.0212232 0.0213471 0.0211541 0.0228098 0.0211126 0.0211159 0.0211845 0.0212164 0.0211128 0.0281004 12.311 0.0214386 0.0211126 0.0233741 0.021276 0.0211133 0.0517501 0.267819 0.0211127 0.0211128 0.0211148 0.0211126 0.0211656 0.0211145 0.0211133 306.329 0.0211128 0.0211338 0.0211128 0.0211261 0.0212661 10.9153 0.179344 0.0211126 0.021153 0.0211174 0.0211139 40.0654 0.0211126 24.6976 0.0211126 0.0211131 0.0211131 0.0211129 0.0211127 0.0211126 0.021113 0.0211127 0.0222147 0.0211126 0.0211126 0.0211207 0.0212292 0.0211129 0.0211129 0.0214539 0.0211152 0.0214473 154.602 0.021228 0.0214044 0.0211128 0.0211246 0.0211129 0.0211132 0.0241063 0.0211154 161.783 0.0211136 0.0211646 0.0212115 0.0213058 0.0211132 0.0211126 0.0657821 57.4871 49.1785 0.0211128 0.0213274 0.0211144 0.0211725 28.2772 0.0212935 0.0212291 0.605331 0.0211128 34.2935 0.402209 0.0211284 0.0211136 0.0211126 0.0236512 0.0213601 0.021142 0.0211386 0.0212493 0.0217124 0.0211152 80.0021 0.0211378 0.021168 0.0211127 44.5771 0.0226857 0.0211126 0.0216881 0.0211347 0.0276518 0.0211126 0.0212028 19.4958 0.0211134 0.0211552 0.0211129 0.0215535 15.6811 0.0214409 0.0429891 0.0211832 11.3879 0.0211168 0.0211129 0.0211128 0.0214982 40.1319 0.0212129 30.97 0.0211127 349.201 0.0212274 0.0211126 0.0212948 0.0211131 0.0211324 0.0211155 0.0270568 0.0234176 0.0212742 0.0214016 0.0211457 0.0211147 0.0211178 0.0211128 0.0211126 0.0211126 0.0211126 0.0221382 0.0211129 0.0557003 0.021115 0.0232885 0.0212311 0.0211489 0.0211444 0.0211129 0.0211127 0.0211434 0.0211437 0.0211129 0.0329446 49.3753 0.0211126 516.572 0.0211307 0.0211126 0.0211242 0.021113 0.0211225 0.0211138 0.0226678 0.0211126 0.0215527 0.0211651 0.0211128 0.0211128 0.0211136 0.0211127 0.0211252 0.0211126 0.0211138 0.0211127 0.0246552 0.02113 0.0214921 0.0211184 35.448 0.0211296 46.1853 0.0215944 0.021203 18.4661 3.14496 0.0211128 0.0225621 0.0211126 155.543 175.448 0.0211129 0.0211126 0.0211226 26.6712 20.2217 4.85452 0.0211127 0.0211126 0.0211132 0.0211126 0.0211176 0.0211144 0.0211134 0.0341188 0.0211126 0.0211134 0.0212207 0.0211128 0.021178 0.0212159 0.0211129 0.0211127 0.0211126 0.0211126 40.3717 0.0353024 0.0212222 0.0211849 0.0211126 0.0211126 0.0399925 0.021118 97.0238 0.0212417 0.0211145 0.0211131 0.111033 0.0211196 0.231167 0.0211126 0.0212446 0.0522512 0.0216302 0.319422 0.021113 0.0211375 0.0303102 0.0211156 0.0211133 0.0211145 0.0211129 0.0213849 0.0211576 0.0229323 0.0211136 0.0211127 0.0211133 289.011 15.3334 0.021114 0.0211126 62.1416 0.116112 0.0211864 0.0213442 0.0211126 0.180451 0.0212403 0.0211172 0.0212118 0.0211134 0.0211362 0.0211214 0.0211129 0.0211313 0.0211126 0.0211127 42.1642 0.0211235 0.0211132 0.021114 0.0211126 0.0212918 370.279 0.0211135 0.0211128 0.0211142 0.0211126 0.0213849 0.0211192 0.0943778 0.0213131 0.0211126 22.2535 0.0211133 0.0212336 40.3277 0.0211143 0.0935263 0.0211126 1311.67 95.6804 180.978 0.0212579 0.0215101 0.0211126 0.0214147 0.0348493 0.0211128 0.0211209 0.0224548 0.0211127 84.4771 0.048926 0.0211128 0.0214096 0.0218013 0.0213261 0.0212887 0.0211127 0.0211126 0.0212094 0.0211127 0.0315646 0.0211135 0.0211176 0.0211126 0.0211676 0.0211134 0.021141 0.0211129 0.021124 0.021184 649.47 18.5747 0.0212056 10.9577 0.0211132 0.0211478 0.0211172 0.0211133 0.021113 0.0211147 0.0380446 0.021114 0.0211136 0.0211138 0.0211136 0.021132 0.0211127 25.8908 0.0431992 57.7172 236.34 9.57115 0.0211133 0.0211174 77.2283 0.0211132 48.9855 0.0211126 210.027 0.0212659 0.0211127 0.0211129 655.705 0.0211127 0.0211126 0.0211126 0.0211135 0.0211126 0.0211309 0.0211522 0.021114 44.6877 74.8946 0.0211126 0.0211126 0.0211127 0.0211127 0.0211129 0.0211127 0.0211126 0.021114 0.0211127 0.0211129 0.0230695 0.0211158 0.0212189 0.0211149 0.0211126 0.0211133 0.0211176 70.2199 0.021115 0.0211127 61.0068 0.021119 0.0211451 0.0211128 0.0215483 0.0212421 0.0211127 0.0243587 30.849 0.0213512 0.0211126 0.0211494 0.0211126 0.0211127 0.0211172 0.0211126 0.0211138 0.0211885 0.021222 0.0217954 0.021113 0.02118 0.0212057 0.0211517 24.0856 0.0212517 0.0211127 0.525628 0.0211188 0.0212996 0.0211131 0.0211127 0.0237108 0.0211128 0.0211126 29.1613 0.0211533 0.0211218 0.0211128 0.0211126 0.0237884 0.0211137 0.0211369 0.0211126 0.0211126 0.0211132 0.0211195 0.0211521 0.0211181 0.0211131 0.0211232 0.0211834 0.0213269 0.02129 0.0211131 0.936488 0.0211129 0.0211765 0.0212345 0.0211128 0.0211143 0.0211134 59.0303 0.0212089 0.0212225 0.0211355 0.0211448 0.0211131 0.02117 0.0211212 0.0211189 0.0276106 0.0211182 0.0231101 0.0211142 0.0211126 0.0211129 19.7979 0.0229639 0.0211166 0.0282381 1.06057 84.9547 0.0211137 0.0211127 0.021149 0.0223983 122.398 34.103 0.0211128 0.021121 0.0211129 0.0211131 0.0211128 0.0213097 0.0211133 0.0397721 0.0211179 1076.4 0.0211136 0.0211126 0.021127 0.0211126 0.0211136 0.0218204 0.021116 149.248 0.0211151 0.0220247 0.0211128 0.0211698 0.0214548 0.0212773 0.0211165 0.0211126 0.0211363 0.0219109 0.0211126 0.0211131 0.0211126 0.021206 0.0211585 0.0211126 0.0211137 0.0211198 0.0211128 0.0211141 0.0214634 0.0212509 0.0211199 0.0211137 140.091 0.0211522 0.0211182 11.8614 0.0211127 0.021113 0.021278 0.021208 103.14 0.0211128 0.0211143 0.0211477 0.0211514 51.3533 0.0211328 0.0213298 0.0211312 0.0231862 0.0211322 0.0211156 0.021113 30.6782 0.0213698 59.2358 0.0225064 0.0211134 0.0213392 0.021274 0.0211181 0.0211164 0.0211439 0.314406 0.0213947 0.0397173 102.518 0.0211236 0.0211126 0.0211128 0.0228161 0.021113 54.5362 0.0212452 0.105659 0.0211132 0.030091 0.0211127 0.0211126 0.0211182 128.44 0.0211139 24.8953 0.0211163 0.0211139 0.0211126 0.0211145 0.0211361 0.0211245 0.0211126 0.0211134 0.0211127 0.0211154 0.0211135 0.0211127 0.0228964 0.0213451 466.174 0.0211135 0.0211126 0.0211126 1.80743 0.0229963 0.0211126 0.0211455 0.0212657 0.0211132 0.0211154 0.0211127 0.0211126 0.0212628 0.0211141 0.0243834 0.0211127 0.0211126 18.0823 0.021191 101.368 0.322656 0.0211141 0.357706 0.0213105 0.0211135 0.331761 0.0211403 0.0218498 0.0211141 0.0211414 0.0211661 0.0211135 0.0211126 550.085 200.328 0.0211138 0.0211128 0.021121 0.021114 0.0211126 5.48271 0.0211251 0.0211126 49.4324 0.0211871 0.0211129 0.0211135 0.0211126 0.0211246 17.0052 0.0211128 0.0211137 0.0211508 0.0215398 0.0211127 0.0211143 0.021113 0.021127 0.0211764 0.0256594 0.021389 0.0211594 91.5297 0.0217129 0.0211176 0.0234672 0.0211126 0.0211408 0.0211126 0.0211851 0.0242055 0.0460896 0.0246312 0.0211135 0.0211126 94.8576 0.0211131 20.6902 0.0211126 0.0211132 0.0211132 0.0211339 0.0211288 0.0211128 0.0211166 0.0211352 0.0217789 0.021113 0.0212864 0.0211129 88.6257 167.28 0.0211346 0.021114 0.0211156 0.0211126 0.0211134 69.1943 0.0243601 0.0211126 11.5424 0.0220375 0.0211976 0.0211128 0.0211141 0.0211133 0.0212398 1.95007 0.0211126 0.021172 0.0216645 0.0211126 14.6643 26.0377 0.0284378 0.0211126 0.0214247 0.0211577 0.0211344 0.0211153 5.46823 58.4487 0.0211244 0.0211981 52.4764 0.0227337 0.0211146 0.0211156 0.0234846 0.02127 0.0258232 15.3329 0.0211132 0.0211485 0.0212333 0.0211129 10.9872 0.0211126 0.0211404 0.0211126 3.18985 94.5272 0.0211166 0.0211142 0.0211129 0.0211274 0.660102 0.021287 0.021114 0.0211171 0.0211658 0.021133 0.0211456 0.0211345 0.0211917 15.409 0.0211371 0.0211126 268.538 0.0211144 0.0213351 0.0211129 5952.01 0.0211131 0.0211154 0.0211136 10.3172 0.0211247 0.0211176 0.0211131 0.0211438 0.0422133 0.0211705 0.0211393 0.0214092 0.0211134 0.021116 0.0213298 0.0211126 0.0211843 0.0212135 2.11294 0.0211128 0.643735 0.021234 0.0211154 0.0211133 0.0235895 0.0214992 0.0211209 0.0211624 23.127 0.0211133 0.0212856 0.0211696 145.695 0.0211129 0.0211185 0.0211126 0.0211129 0.0212661 0.0211183 0.0211985 115.767 4109.19 0.0211224 217.855 0.0211151 0.0211978 0.0211126 0.0211126 0.0211126 0.0211126 0.0211148 0.0211127 0.025537 0.0211485 0.0211128 17.2693 0.0211244 0.0223352 15.4132 79.6267 0.0211131 16.7598 0.0211126 0.0211126 0.0215989 0.021983 0.0211126 0.0211126 0.0266251 0.0211624 0.0211341 0.0211138 0.0211129 0.0212694 435.684 0.0211815 0.0211136 0.021561 0.0211126 0.021115 0.0211134 33.5142 0.0211126 0.0211126 0.0211126 19.1278 0.0211149 0.0211127 0.0211133 0.0211137 0.0211144 0.0211214 0.0211288 0.0211128 0.0234848 0.0211145 0.0211128 0.0211882 0.0211262 0.0211128 0.0212423 0.0211126 0.0212623 0.0211128 108.871 0.0211145 0.0212524 0.0211505 0.0211129 0.0213307 262.408 0.0211191 0.0211144 412.007 0.0229349 0.0211136 0.0211126 12.9618 0.0221516 0.0211139 464.941 0.0301341 0.0212097 0.100797 0.0211129 54.6023 71.1939 0.0211153 43.7535 0.0230755 0.0211436 0.0211137 0.0211136 151.649 31.7472 0.0211376 0.0337589 0.0211165 0.0211162 0.0211133 0.0211126 0.0211126 0.0211177 253.207 0.0211165 30.6634 14.0845 0.0213636 0.0211126 0.0211456 0.0695147 0.0334788 0.0211128 0.0211851 2174.93 0.0211771 0.0211251 0.0213291 0.0211136 0.0211158 0.0211126 0.0211126 0.0211178 0.0211331 0.0211126 0.0211128 0.0211134 0.021113 0.0211126 0.0211126 0.0211428 0.0211136 19.4934 0.0211131 0.0211129 119.866 0.0211782 0.0276698 0.0211234 0.0215817 0.0211181 0.0211128 0.0283882 0.0211126 0.0218862 0.0211132 0.021114 16.0707 0.0212052 244.637 0.021172 0.021113 0.0211127 0.0211127 0.0211126 0.0212441 0.0211162 0.0216127 0.0211128 0.0211129 0.02115 0.0211126 18.612 0.0211129 0.0211154 0.0211162 5.57389 65.307 0.021113 0.0211361 0.0211141 0.0211169 0.0247109 15.035 0.0211126 0.0211131 0.0211126 0.0241144 0.0211126 0.021113 0.02115 0.0211911 0.0211148 17.6855 0.0211175 0.0216284 0.114001 211.671 0.0212363 0.0211132 0.0211145 0.0211126 0.0211126 0.0211133 0.0211173 0.02113 0.0211849 0.0216113 0.0211647 0.0213034 0.0211129 0.0216972 93.4064 0.0211129 0.0211127 0.0211226 28.947 13.7748 0.0211129 0.0211126 0.0218637 0.0213178 0.0211129 0.0212766 0.0211166 0.021113 0.0211258 0.0211126 0.0211258 0.0500948 6.1718 244.317 0.0211126 0.0213456 122.635 58.9778 0.022725 0.021114 0.0211126 298.1 0.0211132 182.511 0.021141 108.24 53.4991 0.0211131 32.3061 0.021123 169.052 0.0211746 0.0277646 42.9528 0.0211129 0.0211914 0.021114 0.0211215 0.0211126 0.430005 0.0211133 0.0211126 0.0211133 0.021113 0.0211126 0.585848 128.237 0.0211137 25.2877 0.0211131 0.0219138 0.0212156 0.0211427 0.0211178 0.0211128 0.0211137 0.0211137 0.151148 0.0270142 0.0211873 0.0211126 83.4093 0.0211183 0.0211135 0.0226729 0.0211127 0.0212063 0.0211225 19.1312 0.0211328 0.0235427 0.021114 0.0211126 0.0218195 0.0211129 23.9194 0.0211164 3069.29 0.0211126 0.0218278 0.0281053 0.0214077 0.0211126 0.0211349 0.021154 0.0211133 18.4273 0.0211139 0.0211129 426.669 0.0213617 0.0214686 137.332 0.0220505 188.672 0.0212773 0.0212328 15.3329 0.021329 0.0220808 0.0211199 0.0211129 15.7524 0.0211126 0.0212634 0.0212962 0.021129 0.0213041 193.388 0.0211129 49.2134 0.0211131 0.0211126 0.0211225 0.0211126 0.0211132 0.0211387 0.0211177 0.0211722 0.021119 0.0211714 0.0215095 339.577 0.0211126 0.0215651 100.313 0.0212606 0.0211236 0.0211126 0.0211127 0.0211129 0.0211266 0.0211126 0.0211161 0.0211126 0.0211126 0.0211492 0.0211129 0.0213376 0.0211274 0.021254 0.976418 0.0211132 0.0212147 0.0211359 0.021114 0.0211126 0.0211145 0.0211126 0.0211138 0.0211126 0.0211237 0.0217991 34.303 0.0211155 0.0211145 0.0211126 0.0211174 0.0211127 0.0211126 225.755 0.0211126 0.0211429 31.5207 0.0222335 0.0211126 0.0216275 0.0211146 0.0211126 18.6494 0.021115 0.0211126 0.0212159 0.0211962 58.0611 0.0211169 0.0211245 0.0211126 42.1465 0.0211614 0.0211954 0.0211131 0.0211129 0.0255371 0.0346795 0.0211126 0.0211214 0.0211126 18.4273 0.0211213 0.0211132 0.0211126 0.0211127 0.0211433 0.0211126 0.0211147 0.0211131 0.0599456 0.0222679 0.021114 0.0219843 0.0323968 0.021113 0.0211942 0.0211129 0.0211778 0.0422885 0.0211126 0.0213296 0.021113 14.0845 0.0211126 0.0211336 0.0211139 0.0211229 0.0211126 51.3254 0.0349683 0.0211258 0.0211143 0.0211236 0.0211131 0.0214252 0.0211126 0.0211478 0.0211129 0.0211126 0.021113 0.0212513 0.0211213 0.0683269 0.021519 0.0211133 0.0211129 0.0211235 20.1112 0.0211185 0.0215876 0.0211136 0.0211252 0.0211451 0.0217429 0.0213502 0.0212936 70.2191 0.0211126 0.0211126 0.0252759 0.0211776 0.021165 0.0211156 0.0211131 0.0211836 0.021129 0.0215298 0.0211472 0.0212776 0.0217507 0.0215469 0.0211128 0.0211128 0.0211159 0.0211514 0.0211401 0.0211131 0.0211126 0.0211129 0.0211309 0.0214875 0.0211126 0.0211306 0.0214185 0.021714 0.0211126 0.0234847 0.0211132 0.0211126 0.0211126 0.0211129 0.0211136 0.0211127 10.2989 0.0216035 0.0211136 0.0211128 0.0211135 0.0213138 0.021198 0.0211149 0.0211142 0.0211128 0.0211136 0.0211165 0.021149 0.0211128 0.0211465 0.0211133 0.0212974 0.0211137 0.0211464 0.0238281 0.028367 0.0211165 0.0211127 0.0211136 0.0218264 0.0214315 0.0211131 0.0211126 0.0213268 0.0211464 0.0212858 9.9541 0.0213511 0.0211145 0.0220757 0.0216999 0.0211248 0.0211128 0.0224962 0.0211565 0.0212538 0.0211614 0.0212205 0.0211128 0.0218168 0.0212884 0.0211126 0.0211202 0.0218283 47.4146 0.0211131 0.30046 15.0208 0.0211126 0.0211138 0.0211515 0.0211136 0.0211127 0.0211126 0.0211161 0.0215557 0.0211134 0.0213307 0.0211126 147.565 0.0211142 0.0212219 0.0213345 0.0211133 0.0211154 0.0212369 0.0211126 0.0481969 0.0211889 0.0211129 0.0211557 0.0211137 72.3602 0.260097 0.0213714 0.0211128 0.0232459 0.0211579 0.0211136 0.0211136 267.366 0.0211128 0.0211126 0.0211126 0.0211126 0.021116 0.0211126 0.0212542 0.0211128 0.0211133 0.0211171 0.0216861 0.021113 0.021119 0.0212313 0.0211126 0.0221287 0.225861 0.0211126 0.0211132 0.021113 0.0214384 0.0211127 0.0211773 10.0229 42.5696 0.0211654 472.654 0.0211135 0.0211132 0.0211199 0.021113 0.0211297 0.0213071 0.0211142 0.0211144 0.0211164 340.438 0.0211126 0.0217344 0.0211473 0.0211126 59.0726 0.0211126 0.0211167 0.0211126 0.0211126 0.448511 28.41 0.107902 0.0211794 0.0215239 0.0211127 0.0211134 0.0211129 0.0212741 0.0211126 0.021114 109.582 123.593 0.0211245 0.0211126 0.0211127 0.0238588 12.2982 0.0212599 62.392 0.0211885 0.0211148 0.0211281 0.0211176 0.0211168 0.0211126 0.0211151 0.0213434 0.021819 0.0277809 109.393 0.0217899 0.0211129 199.727 0.0211126 0.0211136 119.219 0.0217436 0.0212654 0.0211256 0.0211264 0.0211147 0.0211129 0.0214321 0.0211126 0.0211128 0.0211998 0.0211257 0.0211762 0.0211173 0.0681454 0.02116 0.0211132 0.0211134 0.0211719 0.0213294 0.0217465 0.0211128 0.0211126 23.5694 0.0211126 0.0211139 0.0213056 17.0843 0.0211126 0.0234787 0.0211166 3.33909 0.021113 0.0211126 0.0211126 66.5029 0.0214872 0.13953 0.0213084 32142.3 0.0213309 13.2324 0.021115 0.0211238 0.0211144 0.0211605 0.0211166 0.0213796 49.0203 0.0211126 0.021131 91.3565 0.0211126 0.0211763 23.238 0.0211133 0.0211128 0.0211162 0.0211309 135.75 3057.1 20.2403 0.0212295 6.538 0.0211128 0.0211126 0.0211138 0.0214847 0.0211378 0.021114 0.0211126 0.0211141 0.0211152 0.0213236 0.0211126 0.0224492 0.0211375 0.0211962 0.0211209 0.0211138 236.319 0.0211131 0.0211126 0.0211127 0.0212585 0.0211264 0.445236 0.0211484 73.5976 0.0211126 0.021113 0.021113 0.0211138 0.0211151 0.021113 0.0211305 355.791 0.0212183 0.0211128 545.571 0.0215316 0.0211528 0.0211893 0.021657 0.0211142 0.0212552 0.0211162 0.0211274 0.0211133 15.3327 0.0211126 0.0230072 12.2451 0.0211133 0.0211167 0.0211126 0.0211343 0.0213922 0.0211126 0.0211126 0.0213552 27.6106 0.0211126 73.6484 0.0220881 0.0211192 0.0211239 0.0211135 234.835 0.0211141 0.0211758 0.0211578 0.646275 21.6758 0.0211126 0.0211147 0.0211151 0.0211131 0.0211132 73.6088 0.0211131 0.021114 0.0211238 0.0211204 0.0212547 0.0212001 0.0238366 42.0113 0.0212095 0.0211395 0.0211133 0.0211971 0.0211335 0.0211187 0.0212647 73.5677 0.0211132 0.021196 0.021128 0.0211129 0.0213554 0.0221618 0.0214279 0.0211126 14.8336 0.0211132 0.0211127 0.0282669 0.0211648 0.0211127 0.0212298 0.021113 25.2958 0.0211138 0.0211128 0.723189 0.0211963 0.0211149 159.609 0.0211144 0.0211697 0.021786 0.0211128 0.0211217 0.0211133 0.0211126 22.5251 0.0211127 0.0211656 0.0211127 26.1366 0.0220066 0.0212324 0.0211126 0.0211405 0.0234846 0.0211185 189.725 0.0211127 0.022042 0.0211555 0.0211179 0.0211132 0.76282 0.0212102 0.021113 0.0218381 10.8594 23.6863 0.0211131 24.6813 0.259641 0.0597294 16.2278 0.0211395 0.0380578 0.0211157 0.0211126 0.0212122 40.3753 0.021114 137.865 0.0211242 0.0211126 0.650192 0.0431797 0.0211141 0.0211156 0.0211126 36.9061 0.0218017 0.0211126 0.0211126 0.021113 0.02128 0.0211126 0.0242606 0.0211129 0.0212165 0.021127 0.0211126 15.0325 0.0211131 0.0211128 0.0211179 0.0211133 0.0214141 0.0211138 370.366 0.0211126 0.0211138 0.0213763 0.0211127 0.0211137 0.021216 0.0212002 0.0219076 0.0212334 0.0246486 0.0211132 0.0211129 0.0211208 0.0211132 0.0211189 0.0211155 0.0211309 0.136608 0.0211143 0.0211126 0.0211168 0.0229631 0.0212778 0.0213066 0.0211131 0.0211126 0.0212151 0.0211136 0.0211358 241.202 0.0211325 0.0211181 0.0211532 30.6837 0.0214926 0.0211146 0.0211142 11.0592 0.0211134 0.0211129 0.0211224 0.0212625 0.0305758 0.0212889 0.0218887 298.815 0.0211128 0.0211126 44.6782 0.0211126 0.0211126 0.0211126 0.0212731 0.0212685 90.9565 0.021113 0.0211132 45.9937 0.0211441 0.0211126 30.867 0.0211319 0.0211126 0.0211128 0.0220474 0.021113 0.0211162 0.0218624 0.0211428 26.0967 0.0214888 0.0216425 0.0211129 0.0212163 0.0212057 0.0211129 20.0042 0.021117 0.0211172 0.021113 0.0211132 0.347763 0.0213365 0.0211982 0.0211127 0.0211126 23.0523 0.0211132 0.021113 0.0214201 0.0212413 0.0211205 0.0211126 37.1569 0.0217147 0.0211158 0.021115 0.0211779 0.0297373 0.0211128 0.231603 98.0754 0.0211126 0.442527 0.0211191 0.021113 0.021113 0.0256086 0.029212 14.6643 0.0211149 0.0211131 91.2648 0.0216998 98.0382 0.0211126 0.0211128 110.913 18.3971 0.0212186 96.6922 0.0215674 0.0214164 0.0211707 0.0211153 0.021113 0.603612 15.8412 0.0211148 0.0216281 174.545 0.0211524 0.0211129 0.0211413 0.0211213 0.0211137 0.0213998 0.0211126 0.0212458 0.0213262 0.02117 140.311 15.9018 0.0226559 0.0230413 0.0213426 0.0211154 0.021116 0.0211134 0.0357555 0.0212171 0.0211133 0.0213035 29.2979 0.0211126 0.0211134 122.73 0.0211144 0.0211308 0.0418082 0.0211269 25.8274 0.0211126 0.0212094 0.0211127 0.201898 0.0211137 0.0212411 0.0211133 0.0212884 0.0211217 0.0211157 0.0211149 21.0987 54.9065 0.0211244 0.0211139 11.4993 18.8184 0.0211155 0.021118 0.021325 0.0211126 0.0211158 33.2605 0.0211131 0.0212205 0.0211481 0.0211126 0.0211157 0.0521645 0.0211225 0.0211451 9.57683 0.021113 0.0211126 0.0213423 4167.19 0.0211456 0.0211137 11.4934 0.0212465 0.0212195 0.021509 0.0211127 37.1753 0.0211126 0.0211738 0.0211166 0.021272 0.021114 0.0211128 0.0211318 66.8316 0.0213304 0.0211135 0.0211127 0.0211157 0.0211126 0.0212824 0.0211134 0.0211136 7.78022 0.0212144 0.0223231 0.0211131 0.0211184 0.0211127 0.0211128 0.02113 0.0211126 0.0211126 0.0213383 0.0211126 0.0211143 0.0211126 0.0211164 0.0225562 0.0211131 0.0211126 0.0211136 0.0211126 0.0211735 0.0214309 0.0211712 120.804 50.8683 0.0211133 0.0211979 0.0213928 226.334 234.827 0.0211136 0.44802 0.0211899 0.0211134 0.021162 0.0211144 0.0211136 0.0211192 1032.96 0.0211755 199.48 10.2824 16.7845 0.0211129 10.4988 0.0213677 0.0211126 0.0211128 0.0211186 27.8886 0.0211161 0.0211132 0.021113 25.727 0.0211183 0.0211126 0.0211822 0.0211139 0.027938 0.0211718 0.0213048 0.0211127 0.0211138 0.0211126 0.0221891 0.0211308 0.0211584 0.0211133 0.0220965 0.0211126 1.91447 0.0211135 0.0234759 0.024474 0.021113 0.0211128 18.4196 0.0211276 0.0211129 0.0211145 0.0214668 100.943 0.0211138 36.8253 31.9985 0.0211141 0.021158 123.203 0.0211156 0.0211126 0.0211576 0.182518 0.0211132 55.137 0.0211653 0.0211128 0.0211127 5.9155 0.0211126 0.0211134 0.0211132 0.0211132 0.0211531 0.0211126 137.071 0.0211715 0.0211143 0.0212962 0.0211159 0.02112 0.0211166 0.0211134 0.0211126 0.0212906 0.0215336 0.0211129 195.431 0.0211241 0.0213089 0.021113 100.252 0.0211139 0.0211207 0.0211126 0.0211637 353.51 0.0211126 0.0211127 0.0211127 0.0211131 135.501 0.0211129 0.0215079 733.276 0.0211825 0.0211127 0.0323503 0.0225163 0.024655 0.0211131 0.0242268 3.36704 0.0211136 0.0211126 0.0211561 0.0211132 0.0211475 0.0211173 0.0211133 0.0211127 0.0217128 0.0211126 0.0223746 14.6643 54.645 0.0211126 0.0211126 0.0211126 0.0211138 0.0213306 1786.8 0.0211152 0.0211133 0.0211126 0.0275535 0.0211796 0.0211131 60.2368 0.0211873 0.0216162 0.0211154 0.0211978 0.0212447 0.0218737 0.0211139 0.021142 15.0341 0.0211294 0.0211598 0.0211408 0.0306925 0.0213475 0.0211133 0.0211785 0.0211158 0.0225778 0.0212299 0.0212422 0.021253 0.0211137 0.0211141 0.021227 0.0211127 0.0211127 0.0211126 0.02122 414.048 0.0212017 0.0211126 0.0211126 0.0211126 0.0211131 1.42345 0.0250666 0.0211128 0.0211129 0.0213546 0.0211137 0.0212013 0.0211127 0.0211129 0.0211146 0.0211201 0.0362042 0.0211128 0.0211146 0.0211136 0.0211128 0.0211229 41.5829 0.0211238 0.021113 0.0211126 75.3622 33.5874 0.0211627 0.0211922 0.021143 0.0212083 906.482 0.021125 0.0211998 0.0211129 0.0211489 0.0211134 0.0211565 0.0211126 0.0278167 0.0211126 0.0211135 0.0211127 0.0211206 0.0212351 0.0211126 0.0245952 0.0669568 0.0211134 0.0211359 0.0211169 0.0211127 15.3329 0.0216036 0.91173 0.0211131 0.0211278 0.0211126 0.0211326 0.0211145 0.0229453 0.0211131 0.021114 0.0211127 0.0211303 71.9646 0.0211168 0.076492 6.40126 0.0211126 0.0211173 0.021218 0.0211126 16.7617 0.0212303 0.0211211 59.8607 0.0211152 0.0212328 0.0220593 0.0213049 0.0211126 0.0211128 0.0213636 0.0211131 0.0211134 0.0212946 0.0211137 2.17108 0.0211132 0.0211126 53.0186 12.2911 0.0211134 0.0211126 0.0244162 0.0211129 0.0224649 0.0351418 0.0212198 0.0211161 0.0211169 0.0211329 0.0211126 0.0211136 0.0211128 0.0211133 0.0211126 0.0211127 0.0818941 32.5704 592.026 0.0211751 224.741 6490.12 0.0212853 0.0211131 0.0211226 0.0211129 0.0211186 0.0211126 17.3616 0.0211131 0.021143 174.507 0.0211138 0.0211191 0.0211127 0.0211126 0.0211157 0.0212529 185.132 0.0211657 19.6958 0.0211329 0.0212354 0.0211898 0.0211126 0.0211126 0.0211126 0.0216461 0.0211126 0.0211128 0.0226318 0.0234845 93.311 0.0212215 100.743 0.0211143 0.0211126 0.0215573 0.0211161 103.281 0.0212452 0.0215529 0.0211129 0.0211126 0.0211271 0.0211129 0.021113 13.4274 0.0211126 0.0211126 0.0211127 0.0211126 0.0211126 0.0211126 0.0211294 0.0211135 11.2204 0.0211136 0.021113 0.0214298 0.0211312 0.0211129 0.0211127 0.0214619 0.0211144 0.0211128 0.0211131 0.0215615 0.021122 174.361 16.1587 0.021153 0.0211138 0.0211133 0.0211393 0.0343558 0.0211134 46.2541 0.0262465 0.0211129 0.021115 0.0229103 0.0211153 0.0211129 0.0228015 0.0211195 0.0211284 0.0211462 342.911 0.0447775 0.021138 433.494 0.0211129 0.0211222 99.2739 0.139132 0.0211126 0.0211149 0.0211154 0.0212017 0.0211275 0.0211269 0.0426023 9.23897 0.0211128 0.0257804 72.0779 0.0211126 0.0211126 37.6239 0.0211126 0.0211126 0.021393 20.1324 0.0211406 20.8648 0.0211237 0.021113 0.0211126 0.0211375 0.0211141 0.0211127 0.0211227 0.0211145 0.0211137 0.0211129 0.0211164 0.0211128 0.0211589 72.204 0.0211126 0.0228321 166.357 17.9415 0.0211421 8.84117 0.0220829 141.641 0.0211128 0.0211126 0.0211126 27.8616 0.0211126 139.82 0.0211126 193.711 0.0211129 0.0211126 0.0212254 0.0211763 0.0211127 0.0211126 0.0211127 0.0211934 0.0211126 0.0211127 0.0211129 0.0211128 0.0211128 0.0211565 0.021116 0.0211341 0.0211136 0.0213418 0.021113 0.0211142 0.0211196 0.0213413 0.0211127 0.077923 0.0211241 0.0211518 0.021114 0.0211221 0.0211127 0.0211136 0.0211227 0.0211133 0.513175 69.9698 21.6592 0.0211132 0.0212161 0.0213486 0.0211154 0.0765998 0.0211126 603.969 0.0211126 0.0211126 0.021113 0.0213707 0.0211126 23.2672 0.040688 0.0220113 0.0213358 0.0211135 27.1384 0.0211139 0.0221569 0.0211127 0.0211132 0.0211127 0.021113 0.0244555 0.0211465 0.0296956 0.0211127 0.0211129 0.0211222 0.0213628 0.0211131 0.0214044 0.0215315 0.0211126 0.0211128 0.0211179 96.985 0.021129 0.0211134 0.0211129 0.0235391 0.0211733 0.0212964 0.0211569 21.0737 0.0211126 0.0211496 0.0211138 0.0228424 0.0211126 0.0211126 27.5632 0.0225865 0.0211128 173.793 0.0211715 150.349 0.0211129 0.0211261 0.0211134 0.0212665 0.0222658 0.0211221 0.0211131 0.0213034 0.0211581 0.021246 0.0229556 0.0211126 0.0211126 0.0211126 0.0211126 0.0211126 0.0211486 0.0211127 0.0211242 0.0214938 0.0211186 0.0211249 0.175906 0.0220643 0.0211126 0.0211128 0.0211896 0.0211127 0.0297064 123.915 0.0226107 0.0220683 0.0211127 0.0212291 0.0211126 0.021113 0.0211126 0.0213895 0.0211127 0.0211992 9.29433 0.0211653 0.0211185 0.021113 0.0211295 0.0211133 0.0211126 0.021113 0.0211847 0.0211157 0.0211126 0.0213414 0.0211225 0.0211128 1058.53 5.35987 0.0211159 0.0216563 0.0211366 0.021182 0.0215134 0.0211131 0.0211253 0.0211161 0.0214177 65.9652 0.0211429 0.0211132 0.021113 0.0211178 206.315 0.0223072 0.0283807 0.0501223 0.0211128 0.0211126 1067.53 18.6657 0.0214234 0.0211129 0.0211135 21.6974 0.0211279 0.0211131 0.021132 0.0211126 0.021113 0.0211126 0.0211132 0.0211126 1267.1 22.7447 0.0211129 0.0211126 0.0211142 0.0211709 32.5753 0.0211129 0.0211129 0.0211127 0.0213617 57.0948 0.0211142 0.0212956 0.0212286 0.0211135 0.0211214 0.0211126 70.0833 0.021122 0.0212803 0.0211598 30.2645 0.0211706 0.0211434 19.0259 0.0220022 0.0218711 0.0211619 0.0211127 0.0211126 0.0211141 0.0211746 0.0211126 0.0224752 0.0211274 0.0277659 0.0211126 0.0211126 0.0213124 0.0211179 176.989 0.0211127 0.021113 0.0211718 28.6645 55.2963 0.0211126 0.0211213 0.0211149 0.18733 0.021113 0.0221747 0.0211131 0.0211126 0.0215469 22.451 0.0213119 0.0213636 80.3273 0.022637 0.0211614 0.0211129 0.0211752 0.0211126 0.0211138 0.0213715 0.0214635 0.0338682 156.047 0.868012 0.0211132 0.0211128 0.0211135 0.0211127 0.0211127 13.8657 0.0211134 0.0211128 0.0211127 31.3045 0.0211128 9.41493 34.5424 0.0211126 0.0211687 0.0211749 0.0211381 0.0211944 0.0219389 0.0211396 0.0215525 0.0211126 0.0211183 18.1965 14.2401 0.381508 0.0211126 0.0211228 0.0220533 0.0211252 0.0869632 0.0211185 0.0235562 0.0211225 0.0211134 0.0213173 0.0213184 25.7 274.51 0.0274535 0.0211176 0.021113 0.021113 0.0211126 68.626 33.6505 0.138885 0.0216055 87.1375 0.0211129 0.0211147 0.0517929 0.0211132 0.0211272 0.0211268 0.021613 385.664 733.355 0.0214167 0.0212067 0.0211133 0.0227257 0.0211126 0.0211166 0.0211856 0.0211126 0.0211166 10.5514 0.0211264 0.0237628 11.2188 0.0211127 0.0211155 0.0211141 0.0211127 0.0211126 0.0211126 37.1824 0.0219252 0.0220061 0.0211193 11.8761 0.0211358 95.5419 0.0211473 0.0211961 0.021128 15.0341 0.0211126 0.0213961 0.0211143 0.0211198 26.3386 262.384 0.0211126 0.0211126 0.0226912 0.0211126 0.0211135 0.0211128 0.0212179 0.0211502 0.0211128 0.0211767 0.0211126 0.0212777 0.0211155 0.021113 0.0211136 53.6389 0.0211538 0.021262 0.0211176 0.0211135 0.0212816 0.0211158 0.0211331 0.0211127 0.0211127 0.0211166 0.0211126 0.025759 6.21772 0.0211185 9.96996 0.0211248 0.0211126 0.0211137 0.0211243 0.0211226 188.966 0.0211902 0.0211126 0.0471934 300.614 0.0214395 0.0218582 0.021129 0.0211126 25.8455 0.0211146 81.0518 0.0211146 0.0211126 48.0136 0.0211136 0.0223217 0.0211414 0.0211292 484.7 0.0213044 0.0211773 0.0211609 0.0211128 0.0213401 124.706 0.0211126 0.0211128 0.0211209 0.0211933 0.0211126 66.2942 0.0211129 0.0211326 0.0211126 0.02141 0.0211189 0.0211126 0.0211128 0.0211132 0.0211412 0.0211127 0.0211128 0.0211223 0.0214456 0.0211222 0.0211127 52.023 0.0214668 29.4105 0.0211129 0.0211141 0.0214251 0.0211174 0.0211207 0.0211183 0.0211129 0.0211127 0.0211126 0.0211129 0.0211176 0.0212141 11.3291 0.0211126 0.0211129 17.2716 0.0211189 0.0211931 13.7711 0.0211126 0.0211126 0.0212059 0.0211136 0.0211174 0.0211167 0.0211139 0.0211248 0.0211146 0.0211207 0.0211136 0.0211129 0.021195 0.0213136 0.0212605 117.678 0.0211128 274.306 0.0211722 0.0211149 0.0212965 0.0211127 42.94 0.0211136 18.2038 0.0211268 0.021148 59.2708 0.0211128 0.0211126 0.02118 0.0211126 0.021115 0.0211129 0.0211126 0.0211127 0.0211294 0.0211127 0.528257 0.0211242 0.0211127 0.0211432 0.0211131 0.0211131 0.0211139 0.0211328 0.267651 21.4425 0.0211126 0.0211132 0.0211139 0.0211126 0.0211127 0.0211283 0.0211955 0.0211142 0.0214626 0.0211126 0.026985 0.0211126 0.0211366 0.0211206 0.0211651 0.0216577 0.0211131 0.025626 0.0211127 0.0211126 0.0215507 0.0211132 7.37809 0.0211126 0.021346 16.9906 0.0211129 0.39672 0.021117 0.0211162 0.022239 0.0211126 0.0211328 0.0259722 130.356 0.0212147 845.619 0.0211248 315.891 0.0211155 0.0211437 0.0211127 0.0211152 0.0211127 0.0211126 0.0211127 7.30697 39.4325 0.021117 0.0216581 542.524 1724.24 0.0211126 0.0211126 0.0211135 0.0211127 1488.71 0.0211126 0.0211126 0.0211126 0.0211129 0.0211391 0.0211157 10.1422 0.0211126 0.0211427 0.0211127 0.0213034 0.0211758 0.0211317 0.0211132 0.0391488 0.0211232 0.0211126 0.0211126 0.0211129 80.5297 0.0211126 0.0214026 0.0211129 0.0214105 0.0211253 0.022622 0.0211126 489.662 0.0212942 0.021114 195.504 0.0213746 142.598 130.556 0.0211624 0.0212183 0.0213182 0.0217058 0.0217183 0.0211126 943.822 89.3907 0.0211126 0.0212307 0.021122 0.0216883 0.0212801 0.0211134 0.0211138 1895.9 0.0211128 0.0222547 0.021113 0.0211126 0.0211181 0.0211152 0.0212762 0.0211126 15.9023 0.0211688 0.0211161 0.0256142 0.0211284 0.0487649 240.338 1.19838 0.0211144 0.0211466 0.0266059 0.026696 0.0211684 0.02224 0.0211127 0.0212393 0.0211387 0.0211129 0.0211193 0.0211545 0.0211144 0.0211193 0.0211395 0.021917 33.3258 0.0211353 0.0211128 0.0211558 0.0211127 0.0211126 0.0214852 0.0211129 0.0211126 0.0211154 0.0211239 0.0211205 28.0779 0.0211136 0.0213438 0.0211145 0.0211126 0.0238513 0.0212007 0.0211131 0.0211138 0.0211126 0.0211745 0.0211172 0.0211533 1.18157 0.0211129 13.5228 0.0211132 0.0211145 0.0211161 0.0211133 0.0211138 0.0223404 0.0211133 0.0211395 0.021158 0.0211126 0.021115 0.0211132 0.0217205 0.0211329 2518.5 0.0211637 0.0211253 0.0211146 0.0598165 24.8622 0.0211343 0.0211135 0.0211126 0.0211134 0.0211136 0.0211126 0.0211126 0.0211131 0.0211129 0.0211126 0.0211142 0.0276681 0.0211126 0.0211126 0.0211127 0.0211128 0.0211133 0.0215306 0.0211129 0.0219672 0.0211641 0.0219763 6.59932 0.601344 0.0214902 0.139249 0.0211126 0.0211152 0.0211127 0.0211591 0.0211537 0.0211162 0.0211126 0.0211303 179.166 15.7189 57.1208 0.0211147 0.0212079 0.0211126 0.0814775 0.0219364 0.0211201 0.0211128 0.021391 0.0211143 71.2191 0.0211197 0.021115 0.0211131 0.0211128 0.0211128 0.021113 0.0216314 0.0211992 0.0211153 0.0211225 0.0211131 0.0213199 0.0211135 0.0211126 0.0211126 0.0211271 0.0211202 0.021113 0.0211126 0.0276549 0.0211127 0.0219513 0.0211354 0.0211329 0.0211153 115.377 495.99 0.0211183 19.777 194.55 0.0211989 0.0211128 9.3113 0.0211162 0.0211211 0.0211139 0.13859 0.0306438 0.0211135 0.0211126 0.0211229 0.0211478 0.0221343 0.021115 0.0211164 29.4605 0.0579919 0.699808 0.0211143 0.0211126 0.0211422 0.021436 0.0215321 0.0211126 0.0212758 0.0211129 0.0211126 0.021208 0.0211307 0.0216973 0.0211126 0.021113 0.0211128 0.504282 0.0211401 0.0211131 0.0211144 520.249 0.0211129 12.0909 0.0214294 0.0211126 0.0211133 0.0211128 0.243271 0.0211281 0.0212421 0.0284582 0.0211257 0.0211336 13.3362 2.07254 0.0211126 63.1342 0.021114 0.021113 0.0211131 32.1329 0.0211659 0.0211352 0.0211222 138.841 501.736 0.0212831 0.0211127 0.0211126 0.0211129 0.0212136 0.021159 15.919 0.0211135 210.58 0.0211234 0.0242511 0.0219097 0.021305 0.0211132 0.0217771 0.021113 0.936478 0.0211136 0.0219494 0.0211129 0.0212432 13.8188 0.0211151 0.0211176 0.0211126 0.021201 0.267801 0.0212793 0.0212755 0.0211317 305.79 0.0211127 17.9714 0.0215 0.0270509 0.0211783 0.0211158 0.0211126 0.0211126 0.0211293 0.0211127 0.0212459 0.0211127 0.0217993 0.0211126 0.0213455 0.0214281 0.0216826 43.6754 0.0214245 1425.65 0.0216341 0.0680794 68.0075 0.0211127 0.0211126 0.522368 19.0278 0.0211129 0.0211317 0.021114 0.0211126 0.0211126 0.0211161 54.3428 0.0211501 0.0211684 7.3781 0.0211602 0.0211174 0.021115 0.0211126 0.0211144 0.0225109 0.0211137 0.0211188 0.0211213 0.40036 16.2235 0.0211133 122.208 0.02118 0.021116 0.0211148 0.0211362 0.0211325 0.0274171 0.0211219 0.0216008 0.0221992 0.0219412 0.0211193 0.0211131 0.0211151 0.0211127 0.022845 0.0211352 29.471 15.85 0.0216221 0.360549 65.5624 21.5145 17.7027 0.0212437 0.0214921 0.021179 0.0211193 0.0211126 0.0217547 0.0211126 0.0211127 0.0212343 27.3211 0.0211127 0.0211202 0.0211129 0.0211747 0.0211312 0.0623325 168.515 0.0212201 0.0211126 23.9778 0.0211132 0.0212152 0.0211151 0.0211126 0.0211129 0.0211127 0.0211648 192.94 0.0211126 30.5398 0.0211337 0.0211129 0.0648159 0.0211129 0.0211204 0.024882 131.196 0.0211126 0.0211143 0.0211852 0.0211127 0.021194 0.0211222 0.0211392 25.4411 0.0212041 0.0211128 0.0211127 0.0211751 0.0212107 0.0211147 0.0211427 0.021117 11.2808 0.0211135 0.0220128 0.0211134 0.0211693 0.021115 0.0211395 619.463 0.197631 29.7853 0.0211168 0.0211175 0.0211134 0.0211132 0.0743042 0.0211126 0.0211148 0.0212484 0.021132 0.0211126 0.0211126 0.0214279 0.0230995 52.9664 0.0211126 0.0214103 0.0211126 0.0211126 0.0232776 0.0211201 0.0212473 0.0214257 0.0211134 0.021116 0.0211127 265.597 0.0211129 15.4394 442.07 0.0407066 0.0211126 0.0216592 0.0216341 0.0212452 0.0211133 0.0242905 0.0211154 0.0213 24.5037 0.0215493 0.0264761 0.0211128 0.0214366 0.021135 0.0211159 0.0219589 0.0211132 29.125 0.0212405 0.0212473 0.0494291 1.33884 0.0211181 0.0217242 0.0211888 0.0211206 0.0211126 0.0342336 0.0211127 0.0211126 0.0211128 0.0211571 61.3808 0.0211135 176.221 529.369 0.0212579 0.0211137 0.0211304 0.0211413 0.0211133 0.0211404 0.02118 22.2978 0.0211382 0.0211202 0.0211127 0.0211615 179.173 0.0214353 0.0211126 0.0211126 0.0211128 8.74243 0.0221429 0.0211127 0.0257866 0.0211126 0.0211126 88.9006 0.0211155 0.0211131 0.0211179 0.0211126 0.0211156 0.0211128 0.0211132 0.0211724 0.0211225 0.0213807 165.033 0.0211126 0.0211126 0.0212304 0.0223344 36.2569 0.0211421 0.021115 0.0211126 0.0215216 0.021113 0.0214147 0.0225124 0.0211582 19.3859 0.0211861 0.0211126 0.0212546 0.0211134 0.021144 89.4797 32.6298 37.7884 0.0211126 0.0211195 0.021189 0.0211129 0.0213498 0.0221823 0.021189 0.0211195 0.0211126 0.0211298 0.0212077 0.0216468 0.0211277 386.31 0.0211126 0.0211126 0.0211801 0.0214356 0.0211126 0.0228061 0.0211126 51.5318 0.0212807 0.419459 37.8128 0.0211128 0.0211126 0.0211222 0.0211826 0.0211225 0.0212247 0.0211126 0.0211126 256.241 2561.9 0.021175 0.0211172 11.4837 0.0214316 0.0211697 54.131 0.0211335 0.0211141 0.0211126 0.0220304 0.0211952 0.0211415 0.0211126 0.0211126 0.0211197 36.9061 0.0211241 0.0211128 0.0211126 0.0211126 0.021158 0.021113 0.0211134 0.0294222 915.126 0.0212883 0.0219707 0.0211127 0.0222067 0.0213066 0.0212355 268.147 0.0211126 0.0211129 0.0214132 0.0211126 30.9691 0.0211316 0.026786 0.0211883 0.0211205 0.0211127 0.0212496 257.349 0.0211131 15.0341 0.0213137 14.8562 0.0211222 0.0211231 0.0211148 0.0211128 0.0211142 0.0211141 0.0211731 0.0218072 0.0211451 0.0217364 0.0211132 0.0223821 0.0211127 0.0211148 0.0213528 0.0211129 0.0275513 0.0211126 0.0215946 37.4028 0.0215236 20.8248 0.0211518 0.0211126 0.0211129 0.0213055 8.83645 12.6404 0.0211524 0.0211309 107.861 0.0211164 0.0211126 152.137 0.0211195 0.0221571 0.0211126 0.0214937 0.0212824 0.0211161 0.0211126 0.0211175 0.0211126 0.0211501 0.0232839 0.0211134 0.021332 0.0211129 0.142925 0.0211521 0.0225261 0.0211127 0.0211126 0.0211129 0.0211126 0.021142 0.021166 0.0212523 0.0211462 0.0211132 0.021496 0.0211134 0.021113 0.021221 0.021136 0.0211382 0.0211422 0.0211126 0.0211126 0.0211126 0.021114 0.0211127 0.0211129 0.0211126 20.1184 0.0211134 0.0211313 0.0211184 0.0211181 0.021114 0.0211126 0.0211128 0.021477 0.0211184 0.0211328 0.0211126 0.0211133 0.0255029 0.0211126 0.0211135 1341.24 0.0213064 0.0211128 0.0212267 0.0211126 0.0215627 0.021113 0.0253668 0.0211126 0.0211167 0.0211143 0.0211134 0.021709 7.67179 0.021278 0.0294827 0.0211333 0.0211128 0.0211135 0.0211825 0.0215307 0.0211448 0.0292541 0.0211137 0.0233874 0.0211133 0.0217289 69.0185 0.0213691 0.0211127 220.921 0.0271397 0.0211594 0.0211136 0.0213426 1985.79 0.0212184 0.021113 0.0211126 0.0211148 0.0211126 0.0211134 0.0211142 0.857429 0.0212012 0.123295 0.0212425 34.6655 0.0211137 0.0211201 0.0211139 0.0215473 0.0227399 0.021351 0.0211126 2.39142 0.0213547 0.0211167 0.0211128 0.0211127 0.0211126 0.0221393 0.0211129 0.0211129 0.0212914 0.0211127 0.0212013 0.0211126 0.021114 0.0211126 0.0211126 0.0212654 0.0211158 0.0211126 0.0613866 0.0211137 0.789489 0.0211917 0.0649796 0.0211159 26.2919 0.0211308 0.0211637 0.0215302 0.0211182 0.0211428 0.6564 0.0211126 0.0212169 0.0217579 0.0211131 62.9726 0.0211175 17.2692 0.0211218 0.0211139 0.0211138 0.021231 0.0488985 21.5716 0.0211343 0.021113 63.9881 0.0211191 55.4844 0.0211181 0.0211127 0.0216971 0.0211126 0.0211293 0.0211458 0.342727 20.8085 0.0211521 0.0215943 0.0211129 0.0211203 0.0211126 0.0211323 16.7573 0.0211131 0.0212566 0.0211126 0.0211153 0.0211597 0.0211126 0.0211132 0.0211126 0.021113 0.0211245 0.0211754 0.0211295 0.0211131 0.0211398 0.0320726 0.021118 0.0913803 0.021113 0.0240356 0.0211126 0.0222913 0.0211179 0.0211147 0.0215018 0.0211312 0.0211136 0.0265941 0.0211134 0.0211126 0.0211687 0.0211128 0.0211149 0.0211186 0.0211137 0.0211204 0.0211162 0.0211126 0.0211126 0.021115 0.0211142 0.0211143 0.0211221 0.0211133 0.0211132 0.0237798 0.0211237 0.0227251 0.0211132 0.0214736 0.0211195 0.021134 91.0988 0.0211219 0.0211286 29.9077 0.0211131 0.0211133 0.0211126 0.0211126 0.021113 0.0211141 0.0211135 8.52677 6.59932 0.0211131 0.021203 0.0212229 0.0211127 29.4402 273.303 0.0211202 0.0211237 0.0211134 118.902 0.0211134 0.0213966 0.0211126 0.0247696 38.794 0.0211135 0.0213297 0.0211131 0.0211126 0.0211126 0.0211142 0.0611699 383.328 0.0211443 0.0211188 0.0211283 0.0211131 0.0211126 0.0213791 33.1504 0.02116 0.021114 0.0212622 0.0214722 0.0211128 2.58059 34.2641 0.0211251 0.0211126 0.0211127 0.0211129 0.0211142 0.0211126 0.0211235 0.0211126 0.0211126 1.30699 0.0215152 18.1276 0.0212097 0.021113 0.0257565 0.0211126 0.0211843 0.021113 29.525 0.023312 0.0211141 0.0211221 26.5337 0.0211132 0.0211126 0.0211128 0.0211139 0.0212597 0.0211126 0.021113 0.0211126 0.0211126 0.0211329 0.0211128 0.0211126 11.2306 108.063 152.242 0.0211128 0.0211152 0.0211143 0.0211152 0.0221514 0.0211127 0.0211126 0.0211139 0.0211126 0.021123 0.0211287 0.0211129 0.0211133 0.0211163 0.0212048 32.2939 0.0211198 0.0211127 0.0211128 0.937011 0.0213032 0.0211143 0.0212003 0.0211143 0.0211166 0.0213803 0.0213224 0.0211207 1769 0.0211126 0.021113 0.0211146 0.0211136 0.0211143 0.0227578 0.0212065 0.0211529 0.0211126 50.6376 0.0211126 0.0211126 0.0211126 0.0211136 56.7425 471.659 0.0211645 0.0211126 0.0211288 0.0211246 0.0697503 0.0211144 0.0211526 0.0211141 0.0220721 122.245 0.0211164 0.0211132 0.0223693 0.0211798 0.0211508 0.021174 0.0211805 0.0211452 0.0211128 0.0219111 0.0211126 0.0211129 0.0211126 0.0211126 0.0211132 112.38 0.0211133 30.867 0.0211129 53.0163 0.0211486 0.0211135 0.0211126 0.0226399 0.0211132 0.0217685 0.0211226 0.0211129 74.3981 41.0202 0.021642 0.0211129 0.021398 2.8005 0.0211812 0.0211127 0.0211484 0.0211166 16.6631 0.0211126 0.0211298 0.0211128 0.0211137 0.0211141 0.0211502 0.0211126 0.0211126 0.0223142 0.0212066 0.0211241 0.0211844 0.0211142 0.0211321 0.0211131 428.646 0.0211129 14.1036 0.0211605 0.0211319 0.0211131 5.54866 0.0211171 0.0211127 0.0211204 0.0214705 0.0211126 0.0211133 0.0211466 0.0211134 0.0211126 0.0211129 0.0284784 162.836 0.0212169 0.0211137 0.037619 0.0211172 0.0211156 0.0211679 0.0211681 0.0211126 0.0211136 0.0211126 68.3313 0.0212278 0.0211134 0.0211256 0.0212224 0.0212829 0.0211138 0.0211128 0.0212131 0.0211213 0.0211126 0.0211126 0.0211663 0.159555 0.0581112 0.0211126 0.0220726 0.0212774 17.5088 0.0211155 11.0591 0.0214552 0.0211186 0.0211126 41.6757 0.0211217 0.0211127 0.0211131 0.0211135 0.0214354 0.0211126 0.0211384 0.0211127 0.0211318 0.0211495 0.0211269 229.769 0.0218277 0.0211126 0.0211126 0.0230094 0.0211132 0.0226498 0.021471 0.0211128 0.0211634 0.0211126 0.0211994 0.0211179 0.0213785 0.0211133 0.0211127 0.0211126 0.0349845 3.42391 0.0211704 46.3342 0.0211521 55.5452 0.0211126 27.1086 0.0211126 0.0212038 0.0211773 0.0212571 0.0211398 0.0211126 0.0211133 0.0211275 0.0214746 0.0214575 0.0212718 0.0211256 21.1095 0.0211143 0.0211126 0.0211126 0.0211132 0.0288223 0.0211126 58.7635 0.0211947 0.0211128 0.0212438 0.0211131 0.0213431 0.0228132 0.0211129 0.0211591 0.0211356 0.0211153 20.1908 0.0211126 0.0211129 0.021113 0.0211552 0.0211281 0.0211135 0.0211282 0.0211127 0.0217617 0.0211656 0.0211126 0.0211129 0.0211176 0.021271 0.0211463 0.0791972 0.021245 0.021135 0.0214689 0.0211597 0.0211148 0.0225 0.0215215 0.0211133 38.9159 0.0211131 0.0303306 0.0213313 0.0218347 0.0212492 0.0211427 0.0234847 149.108 0.0289539 0.0211854 0.0211133 0.0211128 0.0211173 0.0211126 0.021113 0.021665 0.0212233 0.0211343 1.30107 0.0222307 0.0211126 0.0470018 1501.25 0.021116 0.0211168 0.021115 0.0211126 15.8936 0.0211144 0.0211152 0.0337936 158.237 0.0211127 0.0214166 0.0211266 0.0211129 0.0214801 0.0211147 0.0211367 0.0211126 17.5193 0.0212798 0.0238609 0.021116 0.0211309 0.0213114 0.0211129 0.0211126 0.0211222 15.4242 0.0211126 0.0211126 1026.93 0.0211139 0.0211221 0.0211358 33.0834 0.0211307 0.0211126 0.0211139 0.0211141 0.021114 0.0211133 0.0211136 0.021115 166.17 30.867 0.0211225 0.0211169 0.0225719 0.0211133 0.0211231 0.0211128 0.0211136 0.0211168 0.0211126 0.0211161 0.0226372 0.0211128 0.0211158 0.0211129 149.028 0.0212073 0.0211132 0.021114 0.0211126 561.128 0.0212574 0.0212082 0.0211131 0.0211127 0.0211126 0.02122 0.0211438 0.0234621 0.0211216 0.0219528 12.7966 0.021114 0.0215973 0.0211271 0.0211131 0.0211147 0.0215223 0.0211126 192.406 0.0211134 0.0211133 0.0211167 0.021192 200.026 0.0211127 0.0212224 0.0218353 0.0211314 0.0211126 0.0211371 0.0211871 0.0211126 0.0211402 0.0211183 42.8312 13.43 0.0211131 0.0211152 0.0305234 0.0211137 0.0211845 0.0211143 0.0430745 0.0211127 0.0211309 0.0225193 0.0211144 0.0212102 0.0214051 0.0211475 0.0223306 0.0211787 0.0213967 0.0212176 0.0211126 0.0211145 0.0211126 0.0211853 0.0215155 0.0212008 0.0211126 0.0861944 0.0215516 0.0211128 0.0211126 0.0211246 0.0250454 0.0211127 0.0211131 0.0212198 0.0211151 0.02114 0.022529 0.0211126 117.602 314.856 0.0214602 0.0211194 0.0214366 12.3109 95.5267 24.5575 226.337 0.0211126 46.1722 0.021114 84.9713 0.0211126 0.0212441 0.0212486 0.0211153 9.8281 165.664 0.0211134 0.0211158 0.0211126 0.0211232 0.0211158 0.0211141 19.6496 0.0282447 0.0211131 0.0211126 0.0215687 0.0211158 26.6338 0.0211126 0.0211126 0.0238324 0.0211126 0.0211225 0.0211196 0.0211134 0.021113 0.0212473 0.0216639 0.657677 0.0211145 0.0211139 0.0211151 0.0211134 123.352 0.0262254 0.0212078 0.0211256 0.0211133 0.0211832 0.0211133 0.0211126 0.0212079 0.0211128 0.0211135 82.7223 0.0227914 0.0211426 0.0211126 36.2684 0.0211136 70.5755 0.0217551 185.72 0.0211725 0.0211126 0.0211499 27.1835 94.3504 22.2386 0.0211127 11.1667 13.8622 0.0211126 0.0211128 0.0220216 0.0211128 0.0212941 0.0211189 0.0440356 0.0215132 18.1287 0.0211128 0.0211157 0.0212356 0.0211126 0.0211126 0.021139 0.0211134 573.803 0.0215077 0.0211214 0.0211327 0.0211126 0.0211132 0.0309517 0.0211134 0.0214705 0.0212002 0.0213862 0.0211126 0.032928 0.0212109 0.0211164 0.0211702 16.35 0.021113 85.3278 42.2858 3.0017 0.0211685 0.0211133 80.119 0.0211569 0.0211128 0.0211128 0.0211126 0.0211161 0.0211132 149.094 0.0303662 0.0251525 136.846 0.0211129 0.0214218 0.0211135 0.0211131 0.0211126 0.0211126 0.0212911 0.0212165 0.0211126 0.0212665 85.3009 0.0211126 0.0211126 0.0211126 1.40273 0.021697 0.0211128 0.0216276 0.0211152 0.0211218 0.0212386 0.0211126 109.107 34.4528 0.0211126 0.0212109 0.0212443 0.0211128 0.0211582 0.0211344 0.0579901 0.0213117 0.0211126 0.0211131 1.44107 0.021113 0.0211307 0.0212022 0.0211919 0.161316 0.0213816 0.0211147 0.0282429 0.0211138 0.0215269 0.021434 0.0211155 0.0213873 0.0211157 0.021404 0.0211505 40.939 0.022323 138.265 0.0214045 0.0212038 0.0211126 0.0211609 0.0211719 0.0211957 0.0211767 0.0211132 11.8776 0.0213218 0.0211135 0.0212264 0.0211818 320.249 0.0211137 0.0211126 149.377 0.0211126 0.0211215 764.458 0.021778 0.021259 0.0211964 0.021113 0.0212644 0.0212488 257.356 0.0221502 0.0211126 18.1072 0.0212761 0.0211132 0.0211333 0.0211126 0.0211194 0.0211168 0.0211944 0.0211127 0.0211167 0.0211142 0.021113 0.0211126 0.0211127 0.0211132 109.839 0.0211129 269.609 21.0866 0.0211476 0.0216042 0.0212571 0.0785679 13.7149 22.2047 0.0211127 0.0211126 0.0213697 0.0211126 0.0215966 0.0211129 0.0211128 0.0211126 0.0211126 153.859 0.0211566 0.0239477 0.0211133 0.0211734 0.0211154 0.0212234 0.0211332 0.0211136 0.0214281 0.0211649 0.0211134 0.021114 0.0213036 0.0216451 35.5799 0.0211517 0.0211133 0.0211134 0.0211138 0.0211132 0.0211126 0.0211262 0.0212314 0.0211851 1557.29 164.752 0.0211126 0.0211143 0.0215683 0.0211127 0.0211129 273.79 0.0212542 15.2994 400.006 0.0211128 8.16171 19.8614 0.0211132 0.0212287 0.0211133 0.0211132 0.0211132 0.0211317 0.0212399 0.290298 0.0211139 0.0211127 0.0211191 0.0214294 0.0211127 163.56 0.0211126 0.0211127 0.0283912 0.0211194 6.31157 0.0212335 0.0211201 0.0211129 0.0361066 0.0211135 0.0211229 0.0211459 845.049 0.0211126 0.0215738 29.9471 0.0211126 25.4497 139.495 0.0212914 0.0220284 0.195501 0.0211965 0.0213047 0.0223005 0.13034 0.0211126 0.0211129 0.0211126 0.0211408 0.0211145 450.77 0.0211126 0.0211153 0.0212925 0.0212033 29.2402 0.0211132 104.081 0.021214 0.0211136 0.0212327 0.0211241 0.0211126 0.0211134 0.0213754 0.0211135 0.0211132 0.0211284 0.0212949 0.0215203 0.035199 0.0211133 0.0211358 0.0211814 0.0211162 0.0213142 0.0214159 0.0211152 0.0211135 0.0218638 119.322 0.021114 0.0211151 0.0211131 0.0211139 0.0211836 383.478 0.0211176 17.9327 0.0211373 0.0211126 129.491 130.214 36.2155 0.0211155 0.0211538 0.0233517 0.0211134 0.51451 0.0211605 0.0327735 0.0211137 0.0211598 0.0211476 0.0211146 0.0211547 0.0211162 0.02112 0.0211126 0.0217727 0.0217283 12.9947 0.0211126 0.0211127 0.0211308 0.0211311 0.0211398 0.0211126 0.0245403 0.944774 0.0214132 0.0211126 0.021113 0.0211126 0.0211128 0.0211136 0.0261002 0.0211135 0.0211126 0.0214188 59.4995 0.0211126 33.9559 8.05191 87.2695 0.0212742 0.0211388 0.0211701 0.021113 0.0211289 0.0212296 0.0211224 0.021647 0.0211131 0.0211146 0.0211126 0.0211408 0.0211133 0.0211126 0.0211149 0.0211126 0.0211156 77.2538 0.0211128 57.5227 0.0211132 0.021149 0.0211127 0.0211126 0.0211136 0.0220794 0.0211128 5.11481 0.0213286 0.0211126 0.076056 0.0211575 0.0211198 0.0704061 0.0211128 0.0211127 22.0635 0.0211132 0.0211133 103.825 0.0211139 0.0211198 0.0214516 0.0211953 0.0211261 0.0211145 17.9714 0.0211126 0.0211128 0.0211263 0.0211159 0.0211126 0.0223441 0.0211127 0.0211126 0.021116 0.0211131 0.0211126 0.0211201 0.021116 0.0211145 0.0219025 0.0211126 0.0211242 0.0211332 0.0211167 0.0211144 0.0211127 0.0211128 0.0211126 0.0211238 0.0211134 0.0211138 0.0211127 0.0211177 0.0211128 237.488 0.0305588 0.0211129 22.39 0.0211135 0.0211162 0.0212688 0.021225 0.0211175 0.0211127 0.0212286 45.0736 0.0212749 0.0211159 0.0214003 0.0211126 0.0211149 0.0211126 0.0211484 0.0211127 0.0211742 0.0211164 64.4635 0.0211128 108.977 0.0211472 0.0211126 0.0211231 305.168 0.021113 29.6449 0.0211269 0.0211269 0.0211837 0.0212522 17.7906 0.0211173 0.0211547 0.0211126 0.0211126 0.0211319 0.0211905 0.0211169 7.62189 0.256503 0.0223166 16.2303 63.285 0.0211126 0.0211176 0.0211128 12.2907 0.0211126 0.0211145 0.0211126 180.098 0.0211126 23.3676 0.0211126 0.0211136 0.0212782 0.0211316 18.9621 0.0211312 0.0211126 0.0211126 0.0219772 0.021144 0.0212526 0.0211466 0.0211128 0.0211126 756.132 0.0211489 0.0211634 0.0212059 0.0211904 26.5943 26.6185 0.0211129 0.0211127 79.7792 0.0212787 0.0211151 0.0211132 0.0270421 0.0233512 0.0219003 0.021115 0.0211126 90.493 0.0212178 118.859 0.0212529 0.0211126 0.0211133 0.0212218 28.5002 0.0211564 0.0211126 0.0211129 0.0211131 0.0510983 0.0211259 0.0211195 0.0211327 0.0222045 0.021113 0.0211168 0.0211469 12.8817 0.0211191 0.0211134 0.0211126 6.59829 0.0264542 0.0211126 0.0211126 0.0514504 0.447381 0.0211126 0.0211202 0.0212282 0.021141 0.0211127 0.0211573 7.75325 0.0212555 0.0211287 0.0211135 0.0211147 0.0211126 0.0217091 0.0211326 0.0211221 0.0211133 163.5 0.0222779 0.0211132 0.323035 0.0211126 0.0211546 0.0211126 0.0213532 0.0211132 0.0211126 0.021161 0.021114 0.0211671 0.0211126 0.0211147 0.0211126 0.0211277 0.0211134 0.0211185 1.42724 1.19783 0.0211138 0.0211126 32.4678 35.1598 0.0211132 0.0211127 0.0211126 0.0326481 0.0219478 0.0211131 0.0211133 0.0211126 0.0211133 0.021195 0.0211204 0.0234007 0.0211185 0.0211126 0.27313 0.0211126 0.0212009 1411.17 0.0211129 0.0211126 0.0211742 240.201 120.345 0.0211152 0.0211136 0.0211126 0.0211126 0.0211223 0.021113 0.0211163 0.0211128 0.0211169 0.0211126 0.0516377 0.0211286 0.0211233 623.826 0.021113 0.0211126 0.0211151 0.0212321 0.0211126 0.0211338 0.0211372 0.0211131 0.0211126 183.76 0.0211128 63.0711 0.021882 0.0211133 0.0211129 0.0211126 0.0211148 0.0211134 0.0458206 0.0211131 0.0211126 0.0224458 0.0233517 0.0211156 0.0213457 78.8674 0.021113 113.921 0.0249188 0.0211153 0.0211235 0.0211317 0.0303025 0.0211129 0.0232715 2233.33 0.0212574 0.0211418 0.0211293 0.025877 0.0211223 0.0211127 0.02265 0.0211132 0.247803 0.0211554 0.0226541 0.0234847 0.0211128 0.0234895 0.0211209 0.0386031 0.0212272 17.2168 0.0211126 0.0211128 1354.14 0.0211165 25.3106 0.0211575 0.0211127 29.767 0.0211307 0.0211128 0.0211404 31.2083 0.0211915 0.0211845 0.0211126 95.6191 0.021114 0.0211126 0.0211196 0.0211134 0.0227862 0.0211126 0.0211128 0.0211132 0.0211194 0.0211129 0.0211512 31.3768 0.0211152 0.0211794 0.0211134 109.358 0.0211127 0.0211128 0.0211127 0.0211228 50.985 0.0211401 0.0215 0.0211467 0.0211635 17.6413 0.0211462 0.0280355 0.60082 0.0211845 202.556 0.0211757 0.0211127 35.0499 0.0211143 0.0211538 0.0211134 0.0211126 0.0211131 0.0211558 0.0212032 0.0211126 0.0211131 0.0213449 0.109323 0.0211134 0.0211127 0.0211141 0.0211129 0.0213297 0.0211227 0.0211126 11.6632 0.0211353 0.0211243 513.119 0.0211132 0.0211142 0.339909 0.0211129 0.0211126 0.0211127 0.022135 0.0211129 0.0211141 0.0211142 0.0211365 0.0211185 0.0213417 0.0211126 0.0211395 0.0211126 0.0211126 0.0211128 0.0211131 0.0215101 0.0233807 0.0871632 0.038425 0.0211193 0.0254053 0.0211134 0.0211126 0.0211137 0.0211128 0.453198 0.0211172 0.0211126 0.0211257 0.0211833 0.0211127 307.609 18.4068 0.0211126 0.0216316 0.0211583 527.473 0.021275 0.0211126 49.7932 0.021136 0.0217116 0.0212204 0.0211126 0.0211127 0.0211399 0.0211147 0.0211126 0.0211347 0.0213917 0.0211126 0.0212075 0.0211325 16.0401 0.0212177 30.6334 24.5334 73.2292 0.0211126 0.0211126 0.0711984 0.0212287 0.0211127 0.0211126 0.0211127 0.0211271 0.0211139 0.0211135 0.0211224 0.0320672 106.052 0.0237913 21.6393 0.0211148 0.0211672 0.0213067 20.6902 1308.35 0.0211126 0.660122 0.021113 0.021321 0.0974336 0.0211127 0.0211738 0.0211158 0.0424386 199.635 0.0216249 0.0211265 61.5702 0.0211258 0.0211532 0.0211342 116.026 0.0211201 0.0211346 0.0211141 0.021113 0.0212464 0.0211138 126.754 293.755 0.021113 0.0211129 0.0214078 0.0211145 0.0212127 0.0211131 0.0212491 0.0211131 9.23897 0.0211128 0.0211144 0.0211238 0.021238 0.0211226 29.1818 0.0244058 0.0214046 0.0225738 0.0211289 267.342 0.0211129 0.0211287 0.0246576 0.0224372 0.0211128 0.0211168 0.0211247 36.0023 0.0211156 0.0211929 0.0211138 0.0214071 0.0234306 237.846 0.0211127 40.9573 0.0212318 0.0211134 0.0252713 0.0211137 0.0212922 0.0211625 0.0244179 11.9964 0.0211129 0.0211131 0.0211327 0.0212273 0.255986 124.568 0.0211139 144.153 0.0214035 0.0218482 0.022723 0.0211635 0.0211172 0.0214188 0.0211173 126.535 0.0213304 0.0211127 0.0256869 0.0212255 0.0211126 13.1403 0.021119 203.668 0.0211132 0.0222014 0.0262355 0.021165 0.021114 0.0211623 0.0211126 0.0211952 31.0168 0.0211139 0.0211316 0.0217592 0.0211938 0.0211807 0.0211127 0.0211126 0.0458722 0.0211134 0.0211137 0.0211129 0.0801613 0.0213116 43.6617 0.125836 0.0211133 0.0211126 0.0211181 0.0211227 37.5649 0.0211126 0.0211197 0.0211814 0.0211137 1.02658 0.0211354 0.0211137 0.0220851 0.0211127 0.0211126 0.0211126 0.0211253 0.0211134 0.0211158 0.021118 0.0211134 0.0234905 0.021248 0.0211129 0.0213699 0.0211128 0.0211179 0.021234 119.085 0.0211155 0.0211133 0.0212347 12.7862 0.0212258 0.0246189 0.0211127 0.0211204 0.0211452 0.0211129 0.0211126 0.021218 0.0211129 0.0211127 0.0211126 0.0332885 341.117 0.0211181 0.0211402 0.0211154 0.0212524 0.0211161 0.0211151 0.187507 69.9588 0.0211293 0.0211131 60.2903 0.0211242 0.021113 0.0211153 0.0211389 58.0034 8.43097 12.3495 0.0211129 0.0211271 0.021113 0.0211129 0.0211189 0.0212397 0.0211126 0.021115 0.0211159 0.0211133 0.0215062 43.0943 23.2124 259.646 0.0211126 0.021173 0.0211136 0.0211126 0.0211126 0.021113 0.0211129 0.108316 0.0211376 0.0211126 0.0229356 0.021114 0.0211936 0.0213664 0.0211129 15.3323 0.0211126 0.0211128 0.0211141 0.0213856 0.0211188 0.0211126 0.0211126 0.0211127 0.0215657 0.0212401 0.0211326 0.0211172 0.021122 104.762 97.0832 0.0211128 0.0211231 0.021272 0.0211353 0.0211139 0.0213681 0.0211126 97.7542 0.021128 0.0211126 48.8524 0.0211154 0.0211133 0.0211126 0.0211126 0.0211132 0.0211146 0.233687 0.0211218 0.0211656 0.0211782 0.021172 36.8253 0.0211128 0.0211693 0.0211653 0.0211174 0.0211632 0.021114 0.0211139 0.0218299 0.0211127 0.0211232 0.0211135 0.0214005 0.0211136 0.0211127 0.021114 0.0217177 117.594 0.0211147 0.0211169 0.0211213 684.798 0.0211198 0.0212978 108.355 33.5874 0.0211127 0.0211262 0.0315319 0.0211193 0.0211415 42.9613 0.382531 0.0212702 0.0218758 0.0211126 0.0212114 0.0211131 0.0211127 0.0211972 0.0211205 0.0266567 1033.02 0.0211127 0.0211141 0.047461 0.0214609 23.0304 0.0211131 0.0213022 0.0212124 0.0211128 0.0212197 0.0211689 0.0214052 0.0211134 0.0211126 0.021113 0.0211149 0.0211319 0.0211127 509.697 0.0261825 0.0211133 361.524 0.0211236 0.0211129 18.5801 0.0211467 23.0304 0.0374931 0.0211135 0.021114 0.0211126 40.0569 0.0211126 2195.92 0.0212573 0.0211128 76.6396 0.0211145 0.0378428 0.0211126 0.0211464 0.0211161 0.0211249 0.021113 168.674 0.0211375 0.0211184 0.0211173 0.0212449 0.0211132 0.0211223 0.0211126 0.0211135 0.0211126 290.157 0.0233685 0.0224867 0.0218785 0.0211139 0.0214592 0.021121 0.0211258 0.0211852 0.0213389 0.021113 0.0228827 0.0211126 21.5692 0.0211683 267.799 0.0211128 0.0339462 0.0211151 0.0213191 0.0211221 0.0211309 624.118 0.0242596 0.0211155 0.0215125 954.977 0.0211126 0.0211401 0.0211132 0.0211324 0.0211464 46.5441 0.0211137 0.197631 458.162 0.0211202 0.0211401 0.0211776 0.0211127 0.0211144 0.0224611 0.0211158 14.0925 0.0211136 0.406899 0.0212141 0.0212086 129.41 0.0212883 0.0214021 0.0211147 0.0218382 140.434 0.0211217 0.0211127 0.0211143 1059.91 0.0211156 0.021113 0.0211133 0.0211128 0.880512 0.0216779 0.0211135 277.108 0.0211133 0.386592 0.0211128 0.0211135 0.021504 0.0211192 0.0211127 0.021113 0.0212093 16.1388 59.1657 0.645345 0.0211167 0.0211126 0.0211129 0.0246549 0.102122 0.0211932 0.0240669 0.0211133 66.2494 0.0372319 0.0211168 0.0211147 0.0211588 0.0211126 0.0227699 0.0211126 0.0211241 0.0211126 0.0215653 0.0234695 0.0211126 0.0211128 0.0211802 0.0211126 0.0211467 0.0211605 0.0211126 0.0211128 0.021113 33.5112 0.0267374 21.0796 0.0211184 0.0579914 0.0211141 0.0212448 0.0224079 0.0211135 0.0211144 19.3821 0.0211127 0.0211128 0.021196 14.1026 0.0212183 0.0211358 0.0211837 0.0211131 13.5748 0.0211133 0.0215793 0.0211143 0.022622 0.0211126 0.0211165 2.5795 0.0211129 0.0217297 0.0211126 0.0211126 9.88448 20.7288 0.0212143 0.0211127 0.0211126 0.0211157 0.021131 0.0211132 0.0213486 0.0211126 0.0211127 0.0211126 967.634 0.0211126 0.0211162 0.021113 0.0214441 909.329 0.0211601 0.0212401 0.0212784 0.0211131 0.0211139 0.0211373 0.0211156 0.0211693 0.0211126 0.0211133 0.0211298 0.0211126 0.021113 0.021139 0.02478 0.022487 0.0211496 39.5567 0.0258228 18.6143 0.0211194 148.148 0.0211128 0.0211153 0.0211129 0.023683 0.0211133 0.0489259 0.0211127 0.0212397 0.0211289 0.0211136 0.0211249 0.0211129 28.3904 27.8947 0.0211271 0.0211135 0.0211139 0.0211139 0.0225922 0.0211141 0.0211128 0.0211235 0.0216018 1088.07 0.024416 0.0214093 0.0211157 0.0212224 0.0211128 20.2032 0.0372302 32.6298 0.0212202 0.0211126 0.0213814 0.021283 0.0211132 0.0211672 0.021113 0.0211126 0.021835 0.0211128 0.0211711 53.6321 0.0211127 61.3346 0.0211239 165.16 0.021582 0.0211163 0.0211126 0.0211144 0.0212865 0.0215202 0.0211126 0.0211151 0.0211126 0.0211131 0.021118 51.629 30.5943 16.4263 0.021122 0.0211127 0.0211131 56.9884 0.0211126 16.2289 0.0217277 0.497688 0.0211623 0.0211699 0.0214007 0.0211128 0.0211216 0.0211132 0.0211136 0.0211127 0.0211134 0.0211128 0.0211166 0.0211253 0.0211149 0.0211127 0.0211155 0.0211516 0.0211733 0.0211174 0.0211126 0.0211126 93.6292 58.7339 0.0211129 0.021113 23.195 46.5147 0.0211314 0.0246026 14.987 0.0211536 1.27093 0.0211959 0.0211127 0.0211128 0.0211126 0.0212244 0.0211673 0.0211128 0.0211417 0.0211138 0.0217825 41.8635 0.0211131 0.0211169 0.0211128 0.021113 0.0217656 0.0212907 0.021113 0.0211126 27.6887 0.0211139 0.0211473 0.0212123 0.0211176 0.0211206 0.021504 0.0224783 0.0212068 0.0211128 0.0211127 230.561 68.0631 0.0211134 0.0211198 0.0211131 0.0211138 0.0211219 0.0211281 17.7607 11.5999 0.0211131 0.0211128 0.0211141 0.0211129 0.0211206 0.0211126 0.0211352 0.0211126 0.554233 0.021362 0.0211126 0.0211126 719.338 0.0211822 0.021233 0.0212698 0.0211126 0.22336 0.0211128 0.0211131 0.0211126 0.0211126 0.0371629 0.0211848 0.0211826 0.0211147 0.0211144 0.0211126 0.0227296 0.0211132 98.4012 17.7419 0.0211127 0.0343511 0.168864 138.309 0.0211252 56.4306 0.0211298 0.021117 0.0211145 57.0048 0.0211129 0.0211166 0.0211146 0.0211662 0.0211126 0.0506269 0.0211129 0.045684 0.0211126 0.0211262 0.0221611 0.0211126 268.818 0.028867 0.0211126 0.0211129 0.022449 0.0211626 0.0215052 0.0211498 0.0211889 0.0211186 0.0211133 0.0211128 0.0211284 0.021132 0.0211126 0.0211127 0.0213188 0.0211127 0.0211126 0.0211129 0.0736191 0.021113 0.0211126 320.284 0.0211283 0.0211132 77.6584 0.021118 10.8203 0.0211126 0.0211127 19.3859 0.0211141 12.1226 0.0211126 0.0211126 0.0211394 0.0211363 24.9267 0.0211142 0.0211127 15.8642 0.0211128 923.683 0.0211131 0.0216074 94.195 43.2841 0.0213506 0.0211142 0.0211126 0.0211126 0.0220433 0.021313 0.0211146 0.0211128 0.0211945 174.759 75.4712 0.0211903 0.0212412 0.0257544 0.021113 0.0211133 0.0211635 29.4166 0.0211126 0.0211407 0.0211538 0.021122 0.801907 0.0211131 0.021116 0.021539 0.0211438 0.0211395 0.0211133 0.0212024 0.0215074 0.0211126 0.0211438 0.0211135 0.0211126 0.0211413 0.0211126 0.0253247 0.0211212 0.0211175 0.0211127 330.461 0.0211138 0.0211186 119.646 705.407 0.0211176 0.0211127 0.0212682 0.0211126 0.0335531 0.0214111 0.0211347 91.1403 0.0222853 33.5253 68.6902 0.0214254 0.0211127 0.0211128 0.0211141 0.0211128 0.0211243 0.0212048 0.023636 0.0211126 49.6503 231.281 0.0211126 0.0211128 0.0211126 0.0211126 0.0211126 0.0211127 0.0211172 3425.89 0.0211126 0.0211126 0.0211134 0.0211466 18.0155 0.0211683 0.030832 0.0211132 0.0211129 0.0211126 0.0211136 0.0211167 0.0218472 0.0211136 0.0211129 0.0211139 236.644 0.0211126 0.0211126 9.23271 0.0221999 0.0211132 62.3185 0.0211786 0.0211423 0.0211126 159.608 0.0211134 0.0211128 56.2114 0.0213639 351.184 0.0211779 130.367 0.0211127 0.0211132 0.0216966 0.0211128 0.0211303 0.0211127 0.0222206 0.0211945 0.0215601 0.0211657 0.0211127 0.0213791 0.0246402 0.0211126 0.0217129 0.0211127 0.021225 0.021147 0.0211157 0.0212647 0.0211134 0.0211171 0.0211127 0.0211126 0.0211169 15.5931 0.0211201 0.0211369 0.0212571 0.0214305 0.0269819 0.0212409 392.143 0.0211126 0.0211127 0.0269123 0.0211127 19.9168 0.0211126 0.0211126 0.0211126 32.9274 0.0211126 0.0211485 66.2217 0.0211171 0.0211153 0.02135 0.0213766 0.021139 0.0211131 0.0212167 17.9415 0.0211128 0.0211128 0.0211383 0.021187 0.0211126 0.0211167 0.0211127 37.4447 0.0211145 0.021119 0.0212187 0.0211126 0.0212839 0.0211126 0.0211838 0.0211193 0.0211343 0.0211126 102.421 0.0211126 0.0229586 39.2679 0.0211131 0.0211966 0.0211128 0.0211216 0.0755626 0.0244162 276.74 0.0211127 0.0211126 16.6631 0.0211128 0.0211134 0.0211131 0.0212026 0.0211126 0.0211131 0.0211143 337.386 0.0211126 0.0211134 0.0212279 0.0211127 45.7548 0.0211126 0.0211126 0.0211127 0.0211582 110.033 0.0211435 0.111054 0.021114 0.0211136 34.1427 316.419 0.0211126 0.0211604 0.0212429 0.0211178 0.0212226 0.0211453 0.032828 0.0211463 0.0528632 0.0211128 0.0211131 0.0211415 0.0211126 0.0214397 0.0212263 0.0211143 0.0243316 303.378 0.0211536 84.6412 2493.09 0.0211126 0.0213243 0.0212362 0.0211131 0.0211134 0.0211126 166.549 0.0214684 37.1823 0.0215145 0.0211519 0.0557009 0.0211171 0.0211145 0.0211553 0.0211176 0.024049 0.021113 0.0291464 0.0211126 0.0211146 0.0211129 0.0211529 90.1523 0.021113 3.12193 0.0220009 0.0211135 0.0211384 0.0273926 0.0211387 238.334 47.118 0.0214856 0.6148 0.0211228 0.0211216 0.0219468 0.0211132 0.0211918 0.021119 36.7273 0.0211139 0.0211126 0.0215444 0.0211137 29.4496 0.0251142 0.0211127 0.0211137 0.0211145 0.0211133 0.0211133 0.0211132 0.0211524 0.0211126 0.0211126 0.0211136 0.0211187 10.3375 0.0211372 0.0211131 0.021678 0.0221575 0.0215135 0.0211144 0.0212867 0.0211127 0.0213206 0.0211129 0.0212023 0.0211128 0.0211738 0.0211126 0.0211451 0.0211136 0.0212298 0.194812 0.0211133 0.0227349 666.967 0.0211854 0.0221349 0.0227026 0.0211126 0.0211127 0.0218801 0.0211126 0.0211262 0.0211404 0.0212082 0.0211132 0.0211157 0.0213684 0.0212511 0.0211171 0.0211128 0.0213472 0.0214518 0.021118 3.34869 0.0211128 0.0211128 0.0211428 14.1318 20.259 0.0211129 0.0211445 0.0211761 406.452 0.021113 15.4132 70.6649 0.0212213 0.0211126 0.0211126 0.0211141 0.0211133 0.0211132 0.0211725 0.0451399 11.6776 0.0211131 0.0211128 0.0211144 0.0211126 347.548 0.0211245 0.0213398 0.0211129 11.7974 0.021134 0.0211132 0.0236166 0.0211148 0.0212874 0.0211126 0.0211512 0.0211126 0.0368313 0.0211131 358.059 0.0211127 63.6337 0.0211265 0.0215091 23.749 9.01508 0.0213381 0.0211126 0.0211152 0.0211126 0.0211376 0.0211126 0.0211132 0.0211126 0.0211486 16.9041 0.0211127 0.0213329 0.0211126 0.0211232 0.0211126 0.0211324 0.0211349 0.0211127 2752.17 0.0211127 0.021351 0.0216705 0.0571113 0.0211141 0.0220471 0.0211229 0.0211127 0.021131 0.0213514 0.0211895 0.0212431 94.795 11.4934 0.0211126 25.1716 26.8061 531.587 0.02462 0.0211126 0.0211126 15.0341 258.686 0.0211799 0.0211129 184.352 0.0221389 0.021127 21.2465 0.0211131 0.0211347 0.0211153 0.0212346 0.0213586 0.0212177 67.8323 0.0291192 0.0211208 27.2175 0.0211126 0.0211126 0.0219424 0.0224768 0.0211228 0.0211151 0.0211127 739.854 0.0247271 0.606297 0.0211375 0.0211983 34.7694 241.2 32.8749 0.115029 0.0211164 0.0211146 11.1581 0.0216434 0.0215036 0.474147 0.0211128 0.0211153 0.177657 0.021114 0.0211219 0.0235958 16.1175 267.351 0.0211199 0.0211127 310.474 0.0211141 0.0211126 0.0211137 60.9083 0.0212065 0.0211221 137.382 0.0211716 0.0211135 0.0214638 0.0222652 0.0211179 0.0211126 0.0211131 265.673 0.0211143 0.0211126 0.0211153 0.0211134 0.0211136 0.0211128 0.021122 0.0213338 31.4133 0.021113 0.0211363 9.96996 0.0211149 0.0212739 0.0211937 656.806 0.0211769 0.0213554 0.0214862 0.0211179 0.0218918 0.0214427 0.02112 0.0211349 0.0421292 0.0211244 0.0211178 0.0211201 0.0211127 0.0935311 0.0211131 0.0211128 0.0211133 0.0211127 0.0213866 0.0211291 90.9252 0.0211129 0.0211141 0.0211126 0.0211558 0.021225 0.0211149 0.0211127 0.0211131 0.021113 0.0226176 0.0211129 0.0219045 0.0223737 0.0211134 0.0211822 12.311 0.0211126 0.0242649 0.0211126 0.0211633 0.0211431 0.0211126 0.0211138 121.956 0.0212119 0.0211189 0.0211344 281.559 0.021857 0.0910221 44.7525 0.021113 0.0357416 0.0211564 218.12 0.0211126 0.0211131 0.0214004 0.0211131 0.0211134 4008.9 0.0211129 0.0211126 0.0211262 0.0211546 0.0211241 0.0372047 49.3131 0.0211235 0.0231609 0.0211146 0.0211126 0.021113 0.0213012 0.0211126 0.0211881 111.267 0.0212158 60.1845 0.0211126 0.0211335 48.46 0.0211138 0.0211128 0.0211129 296.956 0.0211132 0.0211126 0.0211279 775.559 169.797 0.0211126 0.0211127 0.0211134 0.021343 0.0211956 0.0216274 0.0425336 0.021113 0.0211126 0.0218153 0.0211189 0.0211127 0.0211995 48.0136 0.0213002 0.0213953 0.0211135 0.0211126 0.0231093 0.0214286 0.0274147 1005.28 11.4934 0.0211149 0.0211386 0.0211127 0.0211126 0.0211175 0.0211219 15.3329 0.0211127 0.0211147 0.022098 0.0211135 0.0213502 0.033921 0.021113 0.0211905 0.0211137 72.7566 0.0363549 0.0211128 0.0211135 0.0211289 0.0211128 17.3187 72.4445 0.0266731 0.0211139 0.0211362 0.0223613 0.0211481 19.8092 30.0005 0.0211156 0.021113 0.0211129 0.0216434 0.0492776 21.0333 23.9759 0.0211127 0.0218196 0.0211128 0.0211376 22.8453 0.0211152 0.021143 0.0211128 0.0211491 0.0211127 0.0211126 0.021113 189.565 0.0211615 0.0211728 107.833 0.0211951 0.0213035 0.0212396 0.0214803 0.0211131 0.0211134 0.0211255 0.0211129 0.0211126 37.4458 0.0211749 0.021267 33.6435 0.0211138 0.0211126 0.0220753 0.0214276 0.0213676 20.259 0.0211126 0.0211135 0.021639 0.0211231 34.5617 0.0211433 0.021113 0.0211137 0.0211132 0.0211847 0.0211131 0.02127 123.433 0.0211126 0.0211213 0.021131 0.0211128 0.0211149 18.6549 0.0217702 0.0211126 0.0212573 0.0413004 0.021113 50.3155 0.021113 0.0211126 0.021113 0.0221893 0.0229108 0.0211468 0.0211134 0.0211212 28.0994 0.0211211 0.0211126 0.0211176 0.0217815 0.0211128 0.0211882 0.0211126 0.0211126 0.0212034 0.0211142 96.0386 0.021113 143.096 0.0796165 0.022829 0.0211154 0.0271066 0.02117 0.0211127 0.0212004 0.0211127 0.0211532 0.0211528 0.0233718 0.024684 0.021123 0.0212338 0.0230816 0.0211126 0.0211369 0.0211176 0.0211127 0.0211196 28.3804 0.0211361 0.0211178 0.0211134 0.0213371 0.0211128 0.0211175 0.0211129 29.3174 0.0211687 0.0212338 0.0211408 0.0215146 0.0211704 0.0211129 0.021115 0.0352962 0.0211142 0.0211126 0.0211207 0.0211133 0.0211128 0.0211131 0.0211497 0.0211126 0.0211126 0.0227573 133.947 0.0214484 0.0211133 12.2451 0.0211146 655.454 0.0213311 556.343 0.0290762 0.0241185 6.83046 0.0211133 0.021118 0.0211917 0.0315324 0.0214968 15.8983 0.021142 0.0211245 51.8393 0.0211126 0.0211126 0.0211132 0.0211126 0.0211127 0.0211128 0.0211129 0.0211371 0.0692164 0.0211135 38.7601 0.0215857 0.0211126 296.166 0.021645 0.0214911 0.0294592 0.0212553 0.0211135 0.0211156 53.2554 0.0211836 0.021117 0.0211146 0.0211324 0.0488976 0.0211205 0.0211126 0.0211188 0.0211127 0.0232105 0.0211154 59.254 10.6945 0.0255644 0.021127 0.0211126 0.0212058 0.0211128 47.9169 0.0211126 0.025775 0.0211126 0.0211147 0.021211 136.004 0.021116 0.0211126 0.0211936 0.0211126 0.549101 0.0211134 0.021113 0.0211563 0.0211126 0.0211126 1.04206 0.0211131 0.0242574 0.0482363 0.0211126 0.0295691 0.0211126 70.435 0.0211127 0.0211128 1.83384 0.0211126 157.788 0.0211158 0.0211533 0.0211185 806.817 0.0211129 0.0211126 0.0211339 0.0211136 0.0211126 0.0211129 16.0272 0.0211258 0.0214215 0.0211158 0.021285 0.0211126 0.0211387 0.0211126 0.021136 0.0232224 0.0211126 0.0211126 64.3885 31.1573 0.0211135 0.0211126 0.0211126 0.0211129 0.0211633 0.0212408 0.0211133 0.0211126 0.0211412 0.0212148 0.0212803 21.2511 0.021125 0.0223911 420.835 0.0211282 0.0211134 2050.18 0.0211563 0.0211274 745.829 0.0211128 13.3901 2612.51 0.0230554 0.0211126 0.0211617 0.0211644 0.0211126 84.2281 34.2733 0.0211126 0.0211214 8.99592 0.0211128 0.0211128 0.0211128 0.0211129 0.0218241 0.0211138 0.0211126 93.8068 63.9414 353.414 0.0211532 28.7307 0.0211126 0.0211555 43.0758 0.021365 0.0211126 0.0211126 0.0232484 0.0211131 0.0211131 0.0211697 0.0213103 0.0212284 0.0211179 0.02112 66.5403 596.596 0.0211126 0.0211126 0.0212092 0.0211196 0.0213282 18.7723 0.021113 0.021115 0.0211127 0.0211129 0.0211127 0.0214067 0.0211126 0.0215244 3.01416 0.0211129 0.0217519 0.021113 0.0225267 0.0211133 0.0211466 0.021128 0.0211126 90.0769 24.7706 0.0211142 20.652 0.0211166 0.0251862 112.02 0.021122 0.02167 0.0211126 0.0211132 0.0211618 0.0211127 0.0211132 0.0349076 19.9168 0.0211425 0.0465725 49.8991 0.0211186 0.0212525 0.0356974 0.021505 0.0212034 0.0217197 12.3723 0.0211128 0.0343771 0.0211126 0.0214134 0.0211169 0.0211902 0.0219079 139.613 0.0211129 0.0211154 97.312 0.0211151 0.02129 0.0211526 0.0211126 0.0211301 0.0211126 0.0211176 0.0211659 0.0230297 93.8569 10.3173 0.0211126 0.0218326 0.0211129 0.0211126 0.0211126 0.0211128 0.0213637 0.0211126 80.5221 0.0211653 96.8192 0.0214326 0.0211126 0.0211368 0.0211137 0.0227197 0.0211129 0.021904 0.024438 0.0211213 0.0211126 0.0211132 0.0211127 0.0211175 32.8575 0.0211229 0.0213107 0.04224 0.0211127 0.0211696 0.0211126 0.0211141 0.0211127 0.0211562 0.0211237 0.0211308 0.0211127 0.0211169 0.0211147 0.0211205 0.0218212 0.0211148 0.0211132 0.0211146 0.0211179 0.0211164 61.0732 0.0211129 0.0211283 626.682 74.5112 0.021115 0.0211176 0.0211126 0.0212382 0.0211127 0.0211175 0.0211127 0.0211132 0.0211127 0.0211131 0.0211138 0.0211172 0.0211163 0.0211136 0.0211126 0.0211127 0.0275173 0.0211127 67.552 0.0211128 0.0211134 0.0211133 0.021113 0.0211132 0.0211139 0.0211131 0.0211126 0.0211126 253.257 58.0888 0.0211387 0.0211128 0.0211331 0.0211164 0.021522 0.0211129 0.0212371 0.0211159 0.0211131 0.0211132 0.0211128 0.0211128 0.0211474 0.0215461 0.0227474 148.509 0.0211126 22.6983 0.0211127 0.0211129 0.0211201 0.0211129 0.0211383 0.0211205 0.0211131 0.0230434 0.0211313 0.0211126 0.0211128 0.0211129 164.294 0.0628733 0.0211142 0.0211844 0.021115 0.0211188 122.656 0.0215353 0.0211151 114.918 3433.13 7.87018 0.0212021 0.0214972 0.0584124 58.815 0.0211131 0.0297701 0.0211963 11.2717 0.0705136 0.0211142 0.0211194 0.0215644 0.0212203 0.0211279 89.002 0.0212824 0.0211138 0.0211126 0.0211349 0.0211143 0.0273229 0.0213245 115.334 0.0212558 0.0211133 0.0216053 0.021122 0.021114 0.0211803 0.0211129 14.5672 66.9306 0.0211128 0.0211126 0.0211126 0.0211135 0.0211126 0.021113 0.0211126 0.0211495 0.0211134 0.0211132 0.0215661 0.0211154 0.0213295 0.0212234 1.34086 0.0211126 0.0211583 0.0211126 0.0211133 0.0211478 0.0211126 0.0211126 0.0214729 0.0212433 151.289 0.0211841 0.0212164 0.0221193 0.0211126 0.0218196 0.0211131 0.0211127 0.0211166 0.0216399 0.0212166 0.0211153 0.0228037 0.021476 40.7412 0.0244172 0.0211138 0.0211131 0.0211152 0.0211126 838.693 0.0211126 130.862 0.0211452 0.0214676 1386.13 0.0214134 0.0248507 0.0213421 0.0212478 0.0211127 0.0211135 0.021136 0.0212409 0.0211142 0.0211128 0.0211126 0.0211956 73.0927 0.0213957 0.0211137 0.0211656 0.021254 0.0212085 0.0211131 0.0211956 0.0211507 0.0211128 22.7959 229.012 0.0211128 0.0211128 9.66502 0.021962 0.0220676 0.0211126 31.5434 0.021113 0.0211226 0.0211146 0.0211126 0.0212548 32.9651 0.0211127 0.0211274 0.0211126 0.0221036 0.0211126 0.0212618 0.0211137 0.0211126 0.0212241 0.0529712 0.0211567 19.6314 0.0211128 78.481 0.0211126 0.0471878 0.0211806 0.0211631 0.0233671 0.0211146 0.0212882 2398.84 0.0211126 0.0218346 0.0211127 0.0211126 0.0211233 43.2573 0.0213819 0.0212347 0.0211126 0.0212406 0.0211158 0.0211653 0.0211392 0.0211126 0.0211393 0.0211345 0.0211128 0.0215783 0.0222706 0.0211299 0.0211127 0.0212067 0.0211508 0.0211126 0.0211126 0.035301 0.0211127 0.0211137 19.3859 18.4842 56.8163 0.0212473 0.0211809 0.021113 0.0211212 0.021613 0.0211126 0.0211136 0.0211141 0.0211532 0.0229728 0.0211127 13.8788 123.738 0.0211281 62.5228 0.0211131 0.0211126 0.0217902 0.0211132 0.0212233 0.0211136 0.0211126 31.29 117.343 0.0211675 41.0125 0.0211131 0.0211173 24.7946 0.0211126 0.0211142 0.0211127 0.0297933 0.021113 0.021113 0.0211126 0.0211197 9.17868 755.658 0.0211127 0.0211298 0.0211392 0.0211138 0.0211138 0.0211128 0.0211133 8.54579 0.0211126 0.0211383 0.0211127 0.0212166 0.0211134 6.08694 0.0211631 0.0235431 0.0211138 0.0211131 0.677923 5.46823 0.0211206 0.0211172 0.0211126 288.306 0.0211126 0.0211138 0.0211126 0.0635141 0.021117 184.962 0.021113 0.0216792 0.0212659 0.0212965 0.0216634 0.0215129 0.0212877 0.0211127 213.228 0.0211931 0.0211889 0.021149 0.0211282 0.0217653 0.0212176 200.644 0.0226586 0.0213047 0.0211359 0.0211127 0.0217176 0.021113 0.0211801 0.0211152 0.0211142 34.5032 0.0211484 0.0211156 0.021452 0.021113 0.0215931 0.0211134 0.021114 0.021113 0.0211203 0.021546 0.0211131 0.021113 0.0215033 0.0215763 0.0211128 0.021155 0.0211666 0.0213643 0.0211127 0.0211132 0.0211126 0.0211517 0.0212023 0.0211131 210.351 0.0211126 0.0211161 0.202817 0.0211185 0.0211127 0.0214293 0.0211172 169.348 0.0211429 0.0211142 0.0211141 0.0211131 0.0211126 0.0211127 0.0211274 0.0212583 0.505695 0.0551577 0.0219843 0.0222039 0.0211126 0.0211137 3.26648 0.0211126 20.9409 0.02112 296.352 186.113 0.152144 0.0215741 0.0211126 0.0211881 0.0211222 50.2992 0.0211126 0.0211147 0.0211126 0.0212559 0.0211134 0.0211127 0.0211129 0.0211703 0.021169 0.0211126 0.0211127 0.0211165 0.0211126 0.0211185 0.0211139 0.0211145 160.126 0.021113 0.0211146 0.021113 0.0211741 0.0216398 0.0211126 187.921 0.0211127 271.93 0.0214373 0.0227459 0.0212883 0.0211182 0.0211128 0.0211148 130.455 0.0211152 0.0211232 0.0211223 26.07 0.0211386 0.0211132 66.3946 413.68 0.0211405 0.021149 0.0211126 0.0211346 0.0211144 33.9364 0.0211136 0.0213389 7.49896 39.4988 0.0211126 0.0213152 18.2554 0.245563 11.3797 0.0211673 0.0211127 0.0211252 0.0211128 0.0214172 0.0211309 0.0222673 0.10938 0.0211586 0.0211129 14.0543 0.0211346 0.0211136 366.887 0.0299972 0.0211131 0.0211808 0.0212829 0.0211312 0.0211126 780.407 389.802 0.0211131 0.021117 0.0211129 43.1265 0.0215986 3.12295 0.187647 372.216 99.9013 3.69589 4039.73 77.2775 0.0211316 0.0211422 0.0211662 19.963 2.03967 0.0211129 0.0211148 0.0211126 0.0212576 0.0211126 0.021113 0.0211134 0.021157 0.0211127 31.4499 0.0211129 0.0216359 0.223415 0.0211126 0.0211246 0.0211126 0.0211133 0.021113 0.0211196 0.0215202 29.6184 0.0211129 63.6498 1306 0.0313178 0.0211134 92.2321 0.0211594 0.0211206 0.0211229 0.391124 0.0211628 0.0327032 0.0211126 112.591 0.0211126 0.0211131 0.0211379 0.0353101 0.0211126 0.0211144 0.0212694 0.0211126 0.0211185 0.0215911 249.827 0.0211132 53.2394 15.4907 49.9064 0.0211126 0.0230157 0.209749 0.0211132 0.0213941 623.393 0.0211133 0.0216063 33.6669 0.021129 0.0211334 37.1845 0.021195 0.0215559 0.0211294 0.021113 131.794 196.9 0.0211954 0.0211379 0.0223514 0.0211126 0.0225596 0.0211126 0.0211631 0.0211126 0.0216267 0.0213011 0.0211397 0.0211815 0.0211131 0.0213752 0.0211352 704.701 0.0213888 0.0211149 0.0211136 0.0211136 69.811 0.0211132 0.0211136 1.66441 0.0211126 3203.22 8.69632 0.0211247 0.0211211 0.021113 300.261 0.0211165 0.0211127 0.0212172 0.0211489 731.646 0.0211138 0.0211214 0.0211199 0.0211131 0.0211127 0.0211127 0.0213317 0.0211418 0.0224607 8.71618 20.8984 0.0211359 0.0214928 0.0216022 1.35354 0.0211181 0.021129 0.0214475 0.0211132 0.0212216 0.0211142 76.5479 332.71 0.0211131 0.0211132 0.0217458 134.848 0.0211218 0.0211127 0.021113 0.0211547 0.0211127 0.0211563 0.0211128 0.021115 0.0211237 0.0211151 0.0211493 2.56464 0.0211126 0.0211126 80.1713 0.0211126 0.0211126 0.0211126 0.0214581 24.2566 0.0211126 0.021294 0.0230381 0.0211168 0.0212954 0.0211126 0.0211131 0.570636 0.0211176 0.0211133 0.0213362 0.0212133 0.0633972 0.0211142 12.926 0.0211251 36.2155 0.0211129 0.0211137 0.0211671 0.0211147 0.0212033 0.0211152 0.0211129 0.0211126 23.5694 0.0211307 0.0214514 0.0211126 0.0211126 0.0211129 0.0211131 75.2377 0.0211134 208.458 0.796409 43.6366 0.153966 0.166748 0.0211534 1.14001 0.0211185 0.0211126 0.0214978 0.0211127 0.0211156 0.0211157 0.0257845 0.0213159 0.0211126 0.0211227 0.0211145 0.113681 0.0218264 0.0264087 0.0211167 0.0280366 0.0211126 0.0211173 0.0211231 0.0211132 0.0212781 0.0211534 0.0211126 0.0211131 0.0211172 0.021121 0.021138 4.45455 0.0211186 0.0211157 0.0224003 0.0211136 0.0211132 0.0211128 0.0211139 0.0211126 0.02144 56.1155 0.0211127 15.5481 23.6287 0.0211158 0.0211206 0.0211147 0.0211127 0.0214374 0.0211864 0.0211129 0.0211126 23.5702 0.0211127 0.0216414 0.0211148 0.0231724 777.72 0.0211282 0.0215681 118.935 0.0211126 0.0211622 0.0211499 290.929 0.0211374 0.0211151 0.0211129 22.8132 0.0211159 127.19 0.0211156 0.348078 0.0211209 0.0221197 5258.6 0.0211128 0.021113 51.9163 0.0211131 0.0211131 0.0211126 0.021113 0.0211126 0.0211346 0.0212078 0.0211276 0.0211421 0.021113 0.0211584 0.0214807 0.0211134 0.0211126 0.0222649 0.0211135 0.0211128 0.0211135 0.0233323 0.0211156 0.0211814 0.0211159 0.0211421 0.0211128 3.4349 19.1062 0.021113 0.021113 0.0211127 0.0215383 0.0211126 0.0211563 0.0211729 0.0211694 0.0211276 0.0215278 0.0211128 0.0211128 0.0211126 0.0223358 1373.28 0.0211134 0.021321 0.0216127 8.55742 0.0211419 0.0211143 75.0785 0.0211379 0.0212513 0.021538 15.0306 0.0212193 12.9613 0.0211169 0.0212066 0.0212044 0.0211317 0.0211932 0.0211309 0.021118 0.0236189 0.0211199 15.4263 0.0211126 7.4493 0.0212504 0.0211135 0.0211181 0.0211128 0.021254 0.0211151 29.844 0.0216333 0.0211126 0.0211126 0.0212066 0.0211132 0.0211126 0.0211137 0.0211286 0.0211663 0.0263668 0.0211128 0.0211186 0.0212657 0.0256529 0.0213088 0.0211194 84.1646 0.021113 0.0211156 0.0211206 0.0212981 1.19239 0.0235465 0.0211128 0.0211129 0.0211155 0.0212861 0.0217217 0.0211131 0.0211224 0.0211129 0.0211128 0.021125 628.661 0.0212003 0.0216873 0.0222394 531.637 0.0214104 0.0211147 0.021116 0.0211129 0.0211134 0.0218382 0.0212317 0.0211157 0.0211697 0.021113 32.7653 0.0211134 41.4396 0.021113 0.0211126 0.0219054 0.0211126 0.0211137 186.459 0.021113 0.0211143 0.0212208 0.0211127 29.3633 0.0212169 0.0211126 88.8315 0.0211126 80.9787 225.599 0.0212274 0.0211172 0.0211137 0.0211145 0.0211442 862.038 0.0211126 0.0211463 123.102 0.02139 0.0219945 0.0211135 0.0211127 0.021809 0.0211304 0.0211127 0.432985 0.0211508 0.0214674 0.0211129 0.0211831 114.423 0.0212668 0.0215265 0.0211134 0.0222281 0.0211131 0.0211128 0.0213586 0.0211132 0.0220095 0.021632 0.0211132 0.0211174 0.0211131 0.021152 0.0211153 130.646 7.28757 0.0211354 0.0211299 0.022749 0.0237248 0.0214149 147.615 0.0212524 0.0211793 0.0213089 0.0213239 0.0211126 0.0211146 0.0211156 0.0211126 0.0212473 0.121836 0.0351546 0.0211148 0.0213105 22.3031 0.021113 11.7706 0.0211168 0.0211128 35.0739 0.0211126 0.0211129 0.0211126 89.4416 0.0276585 6119.68 0.0211131 0.0211126 0.0211139 0.0212108 0.0212501 0.0542472 0.992998 0.0211128 0.0254404 0.0211151 0.0306361 0.0211126 0.0211126 0.0211947 0.0258553 0.0212054 0.021297 0.0211126 0.0233672 0.0211162 0.0211998 0.040181 0.0211127 35.0229 0.0456482 40608.7 0.0211126 0.0211186 0.021113 45.0318 0.0211985 0.035011 0.0214055 0.0213007 0.127465 0.021118 0.0212583 0.0211144 0.0211126 27.1207 0.0214995 40.5018 0.021161 0.021113 0.0211198 0.0211126 63.4818 0.0212541 0.021156 0.0211142 0.0211135 0.021196 0.0211126 0.0211253 0.0213134 0.0211126 0.0211126 0.0212363 0.0215305 0.0260091 0.0213879 190.86 0.0211262 0.0211128 0.0211127 0.0211126 0.0211126 0.0211368 0.453583 0.0478239 0.0211178 0.0211126 0.021113 11.3916 0.0211128 0.0225285 0.0211126 0.0212558 3.56667 95.587 0.0211126 37.1497 0.0211128 0.0211457 0.0211129 93.092 0.0211139 0.0211129 0.0211126 0.0211269 0.0211126 0.0211126 0.0211797 0.0211832 0.0211126 0.0211126 0.0211477 0.0211137 0.0216827 0.0211131 0.0211167 0.0211144 0.0211129 0.0338156 0.0211126 0.0211211 0.0215048 0.0818277 0.0211166 0.0211127 0.022085 0.0211126 0.0211126 21.5716 0.0211309 0.0881821 343.261 0.0211126 0.0211126 0.0214615 52.2606 0.0214206 11.4787 0.021123 20.6705 0.0212674 0.0212126 0.0211144 282.317 0.0211131 0.0211145 0.0211192 0.0212401 0.0211127 0.021114 0.0211133 0.021218 0.0211127 0.0211166 952.998 0.0211126 1074.74 0.0211127 0.0211127 0.0626372 0.0211126 0.0211358 0.0211654 0.021599 0.0229357 0.0211147 0.0211127 0.0211129 0.0211321 0.0211173 0.0211138 0.0211128 21.4425 0.0211216 0.0211127 128.307 0.0211205 0.0234847 0.0211185 0.0211523 0.0211126 0.0213003 0.0211132 0.0211145 2.96672 0.0224815 21.2731 0.0211293 0.021159 0.0225918 0.0211142 0.0211379 0.0211127 302.05 0.021156 0.0211126 30.7086 0.0211152 0.0211216 0.0211865 0.0211129 386.279 0.021224 0.0211227 0.0211133 0.0211534 0.0211485 0.0211796 0.0211482 0.0215256 0.0211772 0.0211129 0.0686689 0.0215332 0.0245846 0.0211165 0.0211141 0.0211282 0.0211141 0.0211126 0.0211136 0.0214917 0.0211132 0.0211135 0.0281131 0.0211283 0.0211357 0.0215874 0.021174 0.0211189 0.0211127 0.021365 0.0211992 0.0237032 53.406 0.0217237 0.0231543 0.0211351 0.0211212 0.0211305 0.0211126 0.0213154 142.815 0.0211136 0.102734 0.0211126 0.0211732 0.0211161 0.101577 0.0211156 0.0211219 0.0212005 0.0213674 0.021113 0.0211131 0.0211128 0.0211132 34.6521 0.0211129 0.0212691 0.021127 1.15982 0.0211392 0.0314134 0.225853 0.0212549 0.0211487 0.0211129 0.0212439 0.0212147 439.403 0.0211567 7.88286 0.0212067 423.867 0.0211128 0.0211132 434.904 0.0211126 0.0211132 0.0211127 0.0211129 8.996 0.0211236 0.0211126 0.0211126 0.0211308 188.623 0.0218668 0.0211301 0.0211198 0.0211138 0.0211128 0.0211135 17.8782 0.02129 35.8132 320.786 0.0211156 0.028503 0.0211126 0.0221073 0.0211901 0.02141 0.0211132 0.0211877 0.0212218 0.0211404 0.0211126 0.0211126 0.0212716 0.0212441 0.0211127 0.0211162 0.0211579 0.0211126 0.0211126 0.0211128 0.0211148 0.0211128 0.0211126 0.021113 0.021117 0.0211133 0.0211315 64.1137 0.0211162 0.0211753 0.0211129 0.021223 0.0211126 0.0211137 0.0211162 0.0211306 0.0211139 0.0211139 0.0211732 0.0222338 44.7463 0.0211324 20.1112 0.103631 0.0211328 0.0212397 0.0211277 13.2151 0.0269998 0.0211129 0.0214203 0.0211126 0.0214367 0.0212417 0.0211561 0.0220332 0.0211129 0.0211131 52.456 0.0211615 0.0222699 0.0211126 0.0211126 0.021114 0.0211385 0.0211126 0.0213863 0.0212232 0.0211127 59.4099 0.021419 33.2439 0.0211714 0.0211167 24.6811 0.0212143 0.0211267 0.0211165 29.4636 0.0211126 0.0211311 0.0211129 0.0211321 0.0211547 0.0276777 0.0211154 0.0211129 0.0211353 0.0211126 0.0211129 0.0215383 0.0211246 81.6161 0.0278383 0.0211128 93.787 0.0211128 12.1388 0.0212494 0.0211444 0.0211126 0.0211126 0.0211138 0.0230812 0.0211298 0.0211161 7.69347 0.021175 0.0212238 0.021118 0.0211256 0.0211126 0.0213073 120.677 0.0211132 0.0211134 0.0211126 0.0211126 0.0211131 0.0211658 0.021208 0.0211136 0.0211133 10.1294 0.0211131 0.530864 0.0211605 0.0212342 0.0211159 0.0211138 0.0211248 29.9471 0.0212417 0.0211126 0.0211132 334.982 0.0211127 0.0211126 0.021187 0.021201 0.0211677 0.0316203 20.3976 0.0211245 0.0211126 0.0211136 0.0214615 0.0221819 0.0211167 0.0214382 0.021114 0.0211131 0.021217 0.0211126 0.0211141 0.0211617 0.0211478 67.0816 0.0211315 17.6855 0.021132 0.021206 0.0238893 1.07025 0.021131 0.0211159 0.0212475 0.0480638 0.0211127 0.0211329 0.0211134 2.9728 28.6483 0.0211925 0.0212247 0.0211131 0.0211139 0.0211126 0.0213243 1.3826 0.0211287 0.036596 0.0211126 0.0211129 0.0211128 0.021114 0.0212509 0.021837 0.0223734 38.5252 0.0220116 0.0211132 0.0211195 0.0239821 13.8657 0.0214144 18.6549 0.0211126 0.021254 0.0211131 0.0212979 0.0211126 0.0685797 0.0211742 78.6919 0.0212386 0.021226 0.0211131 79.898 0.02115 0.0211126 0.0211137 0.0211398 0.0211126 70.9596 0.0211126 0.0211136 0.0211337 0.0211126 46.2567 0.0211417 0.0211129 0.0439126 0.0213167 0.0211132 0.0211141 0.0211151 0.0211271 0.0212088 0.0211138 0.0211142 0.021333 0.0211135 0.0217952 0.0211126 0.0211126 56.9891 0.0211126 0.021158 0.0211862 0.0211151 10.446 0.0211126 58.4547 0.0211126 0.0211474 0.0211246 0.0211129 0.0214319 0.0211451 0.0212733 0.0211155 15.2531 0.0216335 0.0211128 0.0211129 0.890175 0.0211126 0.0211133 0.0211126 0.021206 0.0211126 0.0211126 0.0211126 256.052 5.05706 0.0211398 0.0211509 0.0211232 0.021113 0.0211498 0.0211126 0.0211284 0.0211132 0.0211127 337.88 0.0211536 0.0211224 0.0211129 0.0211164 0.0221109 5.95651 3.47241 10.5021 0.0211127 0.0367396 0.0211134 0.0211151 0.0211126 13.9149 0.0211147 0.0211126 0.0211132 81.7043 0.0211129 0.0211427 0.0211495 754.52 14.6568 0.0211406 0.021113 0.0211203 0.0211646 0.0211409 0.0211127 0.0211131 0.0211304 83.5922 0.0211201 0.0211126 0.0211134 0.0211845 0.0211136 0.0219588 26.0027 0.0211128 44.426 0.0212189 0.0211133 67.4301 0.0211211 0.0329147 0.0211126 0.0212522 0.0211126 0.0229505 0.0211142 30.7104 0.0216257 0.0220073 0.0211127 198.132 0.17998 0.0211126 0.0211126 0.0211212 4.04136 0.0211133 0.0211166 0.0211126 0.0211127 0.0211127 0.0216972 0.0211128 0.0216473 0.0211126 0.0211245 0.021122 0.0211126 0.0224779 0.0211133 0.0548246 0.0211126 0.360743 128.226 0.0212624 0.0211222 0.0211126 37.43 0.0211295 0.0211144 0.0211126 0.0211404 0.0251088 0.021146 0.0217695 0.0211128 0.0211126 0.0214499 0.0211157 0.0211135 233.824 0.0211126 0.021115 86.0195 0.0272866 0.0211345 0.0212946 0.247952 0.02112 0.0218983 0.0211174 0.0211728 0.602707 0.0211126 0.0211152 0.0211549 0.0212874 0.0211128 0.0211134 0.0228694 0.0211127 0.0211298 0.0211132 0.0233853 0.0211129 198.677 0.0211128 0.0211179 0.0363506 0.0410394 0.0213162 0.0211143 0.0211138 0.0576564 0.0211253 41.2498 0.0211444 0.0211127 0.0214572 21.6592 0.0211665 0.02112 0.0211191 0.0212239 0.0211129 0.0211131 0.0211303 0.0213708 0.0211129 0.0211126 0.021113 0.0211126 345.213 0.021387 0.0219206 0.0211127 0.0605974 0.0214712 46.99 0.0211127 0.0214918 0.0211128 0.0211128 0.0211129 0.0211138 0.0211131 0.021919 0.021113 0.0211127 0.0211145 6.59829 0.0211948 0.021121 0.0211203 0.021114 0.0211157 0.0211145 8.54521 0.0211126 38.6855 0.0227948 0.0211177 0.0305023 0.0211127 5.76816 12.8207 0.0211153 0.0211129 0.0299078 0.0311469 0.0211306 0.0213891 0.0211126 0.0211133 0.0211146 0.0211576 0.0211291 0.0211127 0.0211489 0.0211453 215.568 0.0211137 0.0211126 0.0211126 0.0211136 0.0220894 0.0211126 0.0212642 0.021117 0.0211127 282.7 40.4994 0.0211126 0.0211131 0.0211135 0.021131 0.0211222 0.0211127 0.0211129 17.2 0.0211127 0.0211133 0.0211137 0.0211479 0.0211126 0.0211631 0.0211126 0.0211562 0.0211583 0.0216434 47.7473 0.0211128 0.021113 0.0211126 0.0236491 0.0211128 0.0211129 0.021117 96.9504 306.388 0.021125 0.0221963 0.0211126 0.0218148 0.0213712 0.0211128 0.0211126 0.0211157 0.0211126 0.0211127 0.0211157 0.0212201 0.0211162 0.0217012 0.0211128 0.0211186 0.021113 0.0211128 28.5861 130.835 299.433 0.021113 0.0323526 0.0211186 0.0211126 0.0214787 0.0211167 724.292 0.0211153 0.0211202 0.0231149 10.0916 0.0211151 0.0211149 0.0211169 0.0214759 0.0211196 0.0211137 0.0211126 0.0254647 0.021515 0.0211132 0.0211131 0.0211126 0.0211693 91.1812 0.0211256 0.0211144 0.021206 47.212 0.0215445 100.319 0.0211132 4.32215 0.0211128 0.0211128 0.0211128 0.0264788 0.0760765 1584.86 0.0215211 0.0211192 0.0211126 0.0211212 0.0211126 0.0211588 0.0211126 29.9942 0.0212386 0.0211126 0.0239182 154.749 0.0211127 28.0995 0.0211129 0.025153 0.0566717 45.8308 0.0211136 0.022309 0.0241462 0.0211126 0.0211161 0.021114 0.0211134 0.0211127 0.0211127 0.021147 0.0211126 0.0211479 0.0211131 0.0211126 0.0212662 0.131433 0.0211129 0.0211168 253.274 0.0211189 0.0213924 0.0228523 0.0211809 0.0211133 0.0211139 0.0211126 0.0211139 0.0211129 0.0222415 0.0254294 86.957 0.0211135 0.0211294 0.0211406 0.0227249 0.0211166 0.0211186 0.021115 0.0212847 0.0216738 0.021129 0.0211126 0.021113 0.0212923 0.0211126 0.0211129 0.0215886 0.0211175 0.0222119 0.0211126 0.0211192 0.021189 0.021115 0.0211837 0.0215624 0.0211126 0.0211126 0.0211135 0.0212966 0.0211132 0.0217087 0.0211135 0.0215064 0.0211805 0.0211138 11.8761 16.2278 23.0359 22.3114 0.0211126 0.0211126 0.0215063 0.021129 0.0211128 0.0211126 0.0250795 0.0213112 0.0233025 0.0211126 0.0211126 0.0211127 0.0211129 201.259 0.021113 0.0211126 0.0211725 0.0211126 0.0211134 0.0211126 0.0211166 607.86 481.513 28.5781 0.0211128 0.0211126 0.0211126 36.9242 0.0211131 0.0211129 0.021128 0.0212261 0.0211946 0.0211126 0.0211126 0.0211179 0.021113 0.0211395 0.0211126 0.0261002 0.967947 1929.79 0.0213224 21.7551 0.0229395 0.0237834 0.0211138 0.0211126 0.0211135 0.0211134 30.6394 0.0256593 75.954 0.0211199 0.0211354 0.0211136 0.0220472 0.021113 0.0211132 0.0212318 306.326 0.0211263 0.0221989 0.0213538 0.0211128 45.8245 0.0218952 0.0211151 0.0211127 0.0211126 0.0211706 0.0211126 0.0211818 0.0212857 0.0211129 0.0212082 0.0211126 0.021328 0.0211181 0.0211128 0.021115 7.31562 0.0211126 0.0211291 0.0211177 129.186 0.0211131 145.879 0.0211126 0.0213906 0.373615 0.634237 0.021115 0.0211138 15.2216 0.0211131 0.02113 24.2566 0.0212636 0.0211126 0.0211132 8.24601 0.0213098 0.0211126 0.0211126 0.0211359 0.0211129 0.0211203 0.0215135 0.0211132 0.0212973 0.0212832 0.0211133 0.0213268 19.4927 0.0211388 360.206 0.0211127 0.0211128 0.0211126 0.0211262 72.5455 0.021139 0.0211126 11.3699 0.021124 0.0211134 0.021262 208.733 0.0211127 0.0211523 0.0211128 4.80774 0.109328 0.0211161 0.0211129 0.021113 0.0211296 0.0294772 0.045971 0.0211953 177.335 0.0212708 0.0211132 0.0322713 0.0211169 0.0211128 0.021358 0.0212774 0.0211132 0.0213353 0.0223687 0.0211126 0.0211127 0.0211131 0.0211126 0.0212034 0.0211126 0.0212879 0.0211129 33.3091 0.0211126 275.541 0.0213244 47.6769 0.0211129 0.0211128 18.2926 112.768 0.021198 0.0211127 84.1502 0.0211223 0.0211126 0.0211126 0.0211246 0.0211126 0.0211126 0.0213854 0.0211572 0.0211141 0.0212245 0.0211126 2.48705 0.0228109 0.0211263 0.0211128 67.8606 33.7898 0.0221962 0.0211158 0.0211128 0.0211957 0.0211128 0.0230799 37.939 0.0218525 0.0211126 0.02113 0.0211132 0.0212448 5.79699 0.0211135 0.0211663 0.0211126 0.0211134 0.0211312 42.9491 100.377 18.837 0.021113 0.0211798 0.0211128 0.0211416 0.0211126 0.0211627 0.0248327 0.0211194 0.0211129 0.021119 0.0211132 17.857 0.0211126 0.0211126 0.021171 0.0213606 0.0211558 0.0212289 0.0211126 0.0212878 72.2482 0.0211126 0.0211127 0.0212233 0.0211379 0.0211126 75.3857 0.0211133 0.0253959 0.0211354 0.0234609 0.0211126 0.0211127 0.0211134 0.0375549 20.5047 0.0211129 50.8614 0.0211158 0.0211309 0.0211126 0.021254 0.021115 40.5965 0.0211126 0.0852382 0.0212088 0.0211127 0.0214007 0.0213221 33.7092 0.0211127 0.0216344 0.0211132 38.1917 0.021321 0.0211135 0.0211128 0.0211467 0.0211127 0.0211143 0.0215727 0.0211376 0.0212678 0.0211246 0.0211131 0.0211392 0.0214455 0.0218633 0.0211623 0.0211163 0.0211274 0.0212682 356.722 0.0211138 0.0212595 0.0211926 294.504 0.021113 0.0218449 30.6861 0.0234261 0.0215588 0.0214112 0.0211136 0.0211127 0.0211704 0.120119 7.03932 0.0211126 96.8722 0.0211712 0.0211754 0.0212039 0.0211218 0.0211214 0.139934 121.095 0.0211133 0.0211128 0.402237 0.0211126 0.0211135 0.0211182 0.0218519 0.0218346 0.0219415 0.021113 0.0212187 29.0786 0.021113 0.021113 503.302 210.004 0.0215893 0.021121 156.991 0.0211136 0.0211144 0.0211126 0.0212441 0.0211126 0.0211787 0.0213637 0.0212354 12.9243 0.0211126 0.0211552 0.0211131 0.0211126 0.0211514 0.0211139 90.8749 145.336 0.021115 0.0211801 0.0212348 0.0214078 0.021158 0.0211132 0.021602 56.076 0.0211305 0.21038 0.0218755 0.0211126 0.0211127 0.0211126 0.0211129 0.0211223 0.0211529 0.0211134 0.0211135 0.0211755 0.0211157 0.021262 0.0211126 0.0211129 0.021113 0.0211127 0.0211187 0.0211126 0.0211282 0.0211953 0.0211126 0.0211364 27.9 0.0211395 0.0213487 0.0211126 0.0211126 0.0211641 0.0211126 0.0212401 0.0211126 16.984 0.0212279 0.360663 0.0211211 0.0212417 0.0211656 0.0211156 0.0211141 0.0213301 0.0211126 0.0211664 0.0211129 2.48941 0.0211126 0.0211129 10.4788 0.0211128 0.0234847 0.0211128 0.0211201 0.0211447 0.0211233 0.0211134 0.0211307 0.0222655 0.0211166 0.0211147 2.45521 0.0211487 0.0211128 0.0211143 0.0211127 0.0211134 0.0215722 0.0211126 0.0211126 0.0211189 222.761 0.021116 0.0211126 0.0211129 0.0340227 0.0212609 0.0213689 0.0211263 0.021115 0.0211317 0.0217967 0.021113 0.0356955 0.021113 0.0212699 0.0211179 0.021116 0.0211291 0.0211144 0.0211129 0.0218278 0.0211131 0.0211126 0.0211126 62.8173 0.0211715 0.0211127 0.021336 0.0211141 240.624 0.021113 0.0211435 0.0368969 0.0211237 35.5238 0.0211136 43.5672 0.062118 0.0211129 0.0211126 0.0211135 0.0211126 373.895 0.021126 1.07792 0.0211126 0.0216596 0.021117 0.0211634 0.0211224 0.0211126 0.021119 0.0225666 0.0212861 0.0211127 0.0214837 0.021113 0.0211133 0.0211153 0.0212411 22.4923 0.0418657 0.0211127 0.0686252 25.0776 0.0211136 0.0211325 0.0211129 0.0211126 0.0211126 0.197631 10.8594 0.0211126 34.6723 0.0211133 0.021336 0.0211128 0.0211136 0.0211126 0.0211138 0.0211138 0.0211129 109.231 27.5632 0.0213902 15.6926 0.0290187 0.0211591 0.0211127 0.0211131 0.0211128 0.021275 0.0211712 0.0211126 0.0211126 100.532 0.0211223 0.0222444 0.0211133 0.0211127 0.0211137 0.0211353 0.0211135 15.7189 0.0211129 112.114 0.0211133 0.021113 0.0211153 0.0222799 0.0211127 0.0230965 14.196 0.0211126 0.0211134 0.0212421 0.0211139 0.0211393 0.0212486 0.0211895 0.0603673 70.413 0.021189 0.0223695 0.0211127 0.0211153 0.0211144 0.0211126 0.0211169 0.0211132 0.0211126 0.0211137 0.0211133 0.0231255 0.0211126 0.0212386 0.0211184 0.0211126 0.0655937 0.0212486 0.0253228 0.0211133 0.0212382 0.0211126 0.0211167 0.0212616 0.0211653 40.1031 0.0211387 0.0218036 0.0211569 0.0211142 73.0847 418.721 0.0211135 0.0221448 62.6638 0.0211725 113.624 0.0211255 0.0211126 0.0211188 0.0211285 0.0211126 0.0214331 0.0211126 0.0211137 0.0211177 24.6815 102.097 0.0211139 0.048866 0.0212884 1626.87 0.0211127 0.0223587 0.105781 0.0211137 0.0211131 0.0211199 0.0211185 0.0211706 0.0212941 0.0211762 0.0226084 0.021156 0.0211126 0.0507011 0.0211144 7.58056 0.0211128 0.0211126 140.702 0.0212166 0.0211126 0.0211126 0.0211131 0.0211373 0.0211129 0.0211178 0.0211405 167.167 0.0215682 0.0244874 0.0336484 0.0211126 72.9007 0.232866 0.0213539 0.0211138 0.0211126 0.0230627 0.0216351 0.0211137 0.0211165 0.0211173 1973.05 0.0211126 0.0212517 0.0211126 0.0211128 0.0211366 0.0212647 0.0217452 0.0211132 197.245 0.0211127 0.028374 0.021113 0.021113 0.0211127 0.0290705 793.103 0.0212307 0.0211168 0.0217612 0.0211134 0.021114 0.0211129 0.0211218 0.0213774 0.0211134 0.0211235 0.0211176 0.0213366 0.021185 0.182276 0.0211158 0.0212879 0.0211136 0.0211126 130.923 0.0214823 0.0211481 0.0211126 0.0211376 0.0212761 0.0211227 0.0212189 0.0211182 0.0211186 0.0211126 0.0211298 0.0211126 0.0212648 0.0211132 0.0211126 0.0218031 0.0211489 1.27355 0.0211212 0.0211132 0.0211148 0.021113 22.5251 0.0211689 0.0211135 0.0211255 0.0212124 0.0211128 0.0211136 0.0211161 0.757487 0.0211571 0.0211126 50.5855 0.0211133 0.0322915 0.0211139 0.0475916 0.0212942 0.0211807 0.0211128 0.0211223 0.0211127 0.0211528 0.0211128 22.9364 0.0211126 0.0211126 0.0211129 78.7917 0.0211126 224.458 4.46968 0.0213882 0.0214722 20.1314 105.904 0.0211133 0.0211126 0.0211146 0.0211172 1038.09 0.021154 0.0211674 0.0211141 0.0215881 0.02119 0.0211126 0.0211127 0.0212072 8.18942 34.4722 0.0211149 5.797 0.0213202 0.0211138 0.0223205 0.0212386 0.0293661 0.0211796 0.0211149 145.552 0.0211146 0.021113 0.0211131 0.0213957 0.0211175 13.5758 0.0212538 0.0211126 0.0211132 0.0211171 0.0271179 0.0211126 0.021133 0.0257181 0.0211323 0.0214331 0.0211829 0.0211142 0.0211126 64.2946 0.0211365 0.0557002 0.0211295 0.0211537 0.0211389 0.0211139 19.6175 0.0211162 0.0211138 0.0223374 0.0211134 0.0211227 0.0211136 0.0211134 4.83816 0.0499219 0.0211229 0.0211129 0.0211127 0.021116 0.0211175 46.4968 0.0211143 0.0213701 0.0211129 0.0211138 0.0211132 0.0211149 0.0211902 0.0211131 0.0211135 382.4 0.0211439 0.0211126 0.0213768 0.0211932 0.0211126 0.0212013 0.0211133 56.6532 0.0211128 0.021113 0.0211126 0.0211126 0.0211126 0.0211136 0.0211126 0.0211136 0.026788 0.0211126 0.0211127 0.0211301 0.662644 0.0211138 0.0211155 6.68095 0.0211137 163.738 0.0211133 0.021113 0.0211126 0.0211169 0.0211241 0.0211343 14.0845 0.03931 0.0211131 95.3729 0.021113 0.0211126 0.0216892 0.0211144 0.021126 0.021219 0.0211126 272.425 0.0223312 163.001 0.0215457 0.0211129 0.023197 0.0216731 0.021235 9.50827 0.021276 0.0211371 74.5255 0.0212573 0.021396 0.0219568 0.021338 0.0211126 0.0211304 0.0211127 0.021119 0.0211128 0.0211129 0.0211127 15.2217 0.0211126 0.0211514 0.0211145 0.0211135 0.0211163 22.8238 0.0212645 0.02113 0.0214315 0.0211126 0.0211657 0.0211139 0.0211126 0.0211127 0.0211127 73.6609 0.0212441 12.1087 0.0211171 0.669008 0.0211128 0.0211131 0.0227945 0.0211126 0.0211132 39.0598 0.0212972 118.961 0.0211126 0.0211131 0.0211395 0.0211207 46.5116 0.0211938 0.0211852 0.0217861 40.0959 138.057 0.0211126 14.6643 0.0211164 58.6023 0.0211167 1716.27 0.0211131 0.0211642 0.0228515 0.0211126 0.0258269 0.0211148 0.021359 0.021113 0.0211131 14.7805 0.0211161 0.0211134 0.0211126 0.0211131 0.706987 0.0211129 0.021189 50.4088 370.093 0.0211517 0.0212251 0.0211127 0.0211126 0.0536167 0.0598437 0.0211126 0.0211291 0.0211699 0.0211232 0.0211134 0.0213704 0.0243094 22.3747 11.6095 0.0211126 0.0211139 0.0211212 0.027946 0.0211139 0.0211128 0.0211141 0.021116 22.2094 11.4934 0.0211614 0.0213637 0.0211139 0.0211142 5.05717 0.021142 0.0211621 0.0211131 26.7199 0.0211126 37.4715 0.0211129 0.0455258 106.905 0.0288721 0.0223689 0.0211126 0.0211127 0.0455259 62.3396 0.0214 0.021363 1.0196 0.0211157 0.0211614 0.021114 0.021186 0.021115 0.0211126 0.0211225 0.0211788 0.0213306 0.0212849 0.0311551 0.0217841 0.0211129 15.7189 0.0211248 0.0211126 9.71708 0.0211737 0.0211127 116.216 0.021128 0.0212014 0.0211375 0.0213465 70.494 0.0211134 0.0232138 0.0218376 0.021303 0.0211569 0.021113 0.0211129 0.0211126 16.6909 0.0211126 0.0211126 469.824 0.0211141 0.0414485 0.0211129 0.0211312 569.927 129.261 453.945 0.0211128 0.0211301 0.0211806 0.0211126 37.8835 533.097 0.0211146 0.0211126 0.0211127 0.0211415 0.0211176 0.0211126 0.0211132 0.0211131 0.0211126 0.0211136 0.0222295 24.2051 0.0211128 0.061555 0.0211129 12.3704 192.123 0.0211244 0.0213061 0.0211131 0.0211191 0.0211449 0.0278862 0.0211857 0.0211136 0.021279 0.0211134 215.726 49.0481 41.6105 0.0211532 0.0211135 0.02135 0.0211141 0.0211126 0.0213883 13.1403 0.0211126 0.0211145 8.21575 0.0211215 0.0212343 0.0593511 0.0211136 0.0272983 0.0488986 0.0211127 0.0292685 0.0211129 0.0211126 0.0211568 0.0211137 0.0211126 0.0215219 0.0211144 0.0224091 0.0877384 0.0211134 0.0211181 0.023807 0.0211143 0.0211154 0.0211138 0.0211126 0.303986 264.928 0.0211571 94.9345 0.0211141 0.0211129 0.0211126 0.0214675 485.285 0.0212747 38.0424 665.225 0.0229064 8.13835 86.972 0.0212791 84.7669 0.0211538 0.0212035 0.0212295 0.0211128 0.0213738 0.0211683 0.0212156 12.1388 0.0211158 2.56471 0.0211126 0.0211126 0.0211127 0.0211176 118.92 0.0214342 60.1311 0.0212456 0.021113 0.0211126 0.0211303 0.0365891 0.0215135 111.228 0.0212457 0.0211126 20.3895 0.0211128 65.6491 0.0211153 0.0212845 0.375304 0.0211126 0.0352795 10.7565 0.0211126 0.0211133 0.0211926 0.0211127 82.5322 0.0211163 18.9621 0.0278972 37.1211 0.0211126 0.0211127 16.9042 0.0212249 18.0706 0.0224647 0.0211126 0.021116 0.021113 0.0211137 0.0211716 16.1161 0.0211134 31.0927 0.0211143 0.0212254 0.0213482 0.0211226 11.0123 0.0212452 0.0211251 0.0211132 0.0211185 61.7973 213.616 0.0211376 0.0225143 0.0211144 0.0211158 0.0211703 0.0211127 498.43 0.0211139 0.0211133 0.0211222 0.021279 0.0211128 0.0211126 73.1837 0.0216955 0.0211136 0.0211263 0.0214618 0.0211149 0.0213016 0.0212914 530.743 0.0211126 0.0211129 0.0211126 319.128 0.0211889 0.0211643 0.0211128 0.0211129 0.0211126 0.0213419 0.0215766 56.8068 0.475911 0.023186 0.0212816 0.0211135 0.0211179 0.0211416 0.300285 0.0225357 0.0217708 0.0287423 0.0215278 0.0211127 0.0211495 0.0211145 43.2804 0.021131 0.0211979 16.5638 0.0211643 0.0211126 0.0211127 261.814 0.021143 0.0211145 0.049764 0.0211127 79.5095 0.0211132 0.0211524 0.197647 474.493 0.0212356 49.8586 0.0211912 0.0214756 0.0211129 46.5373 0.0211135 0.0211274 0.0211132 0.0211126 0.0214527 0.0215833 0.0234179 0.0211229 499.076 0.021114 0.0211127 0.0211126 66.7392 0.0211163 80.3101 0.0211131 0.0212504 0.0211126 9.15345 0.0211126 0.0213801 0.0213012 6.17021 0.0211133 0.0211126 0.0211133 0.0211461 0.0211126 0.0211126 0.0211818 0.021114 0.0211128 0.0211919 0.021114 0.021113 0.021182 0.0211886 0.0211167 0.021113 0.0213049 0.0211405 0.0211126 0.0211126 0.0211131 169.712 0.0211126 0.0259748 0.0937904 0.0211127 0.0211126 0.0211128 55.2988 0.0211189 0.0521452 0.0228211 0.0212385 63.8784 0.021122 0.0211126 0.0211209 0.0219581 0.0211183 0.021113 139.069 18.5801 0.0211128 0.0211132 0.0211348 0.0211593 0.0211346 0.0211305 0.0231214 0.0211363 0.0212168 0.0211257 0.021247 0.0211126 1776.3 0.0214608 0.0211384 0.0211141 0.0211126 0.021551 0.0211174 0.0211149 0.0215793 0.021125 1087.99 0.0211415 0.0212799 0.0211127 0.0227038 0.0211135 0.0211132 0.0211132 0.0211127 0.0211126 0.0220366 0.0211201 0.0211141 0.0212505 0.0211785 2041.67 0.021113 0.0211183 0.0211281 1.8587 64.3741 0.0211128 0.0211168 13.3445 123.923 0.0213246 0.0211126 0.0213638 0.0211572 0.021143 0.0230518 0.0212396 0.0579909 0.0211722 0.0211345 0.0212188 0.0211137 0.0211126 0.0211142 147.851 339.695 0.0211406 0.0211172 0.0211139 0.0211175 0.0214802 0.0211212 0.0211139 0.0211135 0.0220197 0.0211131 0.0211127 0.0211294 0.0211129 0.0211139 0.021114 0.0211133 0.0211285 0.0211182 0.0211127 0.0211145 0.0213737 974.574 19.2091 0.0211126 0.021243 0.0211126 0.0211279 0.0211126 0.0223207 0.0211876 0.0211126 0.0216493 0.0211134 0.0211689 0.0211251 0.0211167 121.912 84.059 72.5975 0.0211177 0.0323312 0.0211693 0.0212056 0.0211188 0.0211153 0.0211132 0.0212115 261.813 0.0211126 0.0212781 0.0211126 0.0211126 0.0214652 0.0211939 0.0211147 0.0211138 4.46827 0.0211126 29.4732 0.0211127 0.0943586 0.0211129 0.0211128 0.241839 0.0211136 0.0211133 0.0211391 5.57389 0.0211126 247.96 0.0216951 0.0211228 0.0211126 182.978 0.0211128 0.021115 0.0211126 0.021132 0.0254799 737.397 0.0211126 0.0211284 0.0211132 126.669 0.0211126 0.383278 0.0223195 0.0211126 0.0212794 70.0384 0.0211586 0.0217198 0.0212126 0.0211126 229.333 0.0850423 0.0211126 0.021125 0.0211159 51.7917 0.0211136 0.0211806 0.0211638 0.0211143 0.0211458 0.0213698 30.867 0.0219168 0.26818 0.021113 0.0215063 0.0212667 0.0211612 12.9618 0.0211569 980.426 24.9267 0.0211135 0.0211133 0.0211249 0.021119 0.0212473 0.021173 0.0211126 0.0211786 33.5387 0.0211128 0.0212385 2.38131 0.0211138 1.34462 0.0211126 0.0211945 34.6944 15.926 373.212 0.0212171 0.0211151 0.0290332 0.0211127 0.0211231 0.0211129 0.0211136 0.021113 0.0211169 0.02114 1142.72 0.0211142 0.0211159 0.0287388 0.0211126 0.0212647 11.6912 0.0211199 0.0211136 61.7677 5.90275 13.1215 0.0211378 9.57686 0.0211206 0.021129 0.499817 0.021154 0.0211126 29.7094 0.0211135 0.0211155 0.0217499 0.0213221 143.65 0.0211132 0.0211329 0.0211127 0.0230712 0.0211128 0.0211135 210.619 0.0211127 0.0338989 0.021118 0.0211129 0.0211128 0.0211126 0.0211139 0.0211128 221.458 0.0211596 27.4164 0.0212193 23.2891 0.0211143 0.0211126 0.0211207 0.0211132 0.0212113 0.0211128 932.28 0.0211139 0.0211538 0.0211201 0.0211126 0.0214939 0.0214354 0.0211127 0.0212833 0.0211126 17.4178 0.0211128 0.0211175 0.0211333 0.0212119 0.0211133 0.0211956 0.0211378 153.97 0.021206 0.0211274 0.0211127 0.0212077 0.0211126 14.9861 0.0211126 0.021113 0.0211973 0.021113 0.0211633 0.0211131 126.485 0.0211183 0.0211126 0.0220566 0.0211136 0.0211341 0.0211133 0.0211126 0.0213499 0.0351216 0.0212398 10.9521 424.734 105.81 0.0211546 0.021113 0.0211127 0.021113 0.0211193 22.1994 0.0211462 0.0213386 0.0211126 0.0232661 0.0417131 0.0211127 0.0211146 0.0214366 0.0211144 0.0211135 0.0211148 84.6274 0.0296417 0.0211152 0.0211143 0.0211133 0.0211141 0.0211128 0.0212464 0.0211129 0.0343595 0.0211139 0.0211128 0.0211143 0.0211126 0.0211169 0.0211126 412.833 0.0211185 0.0222319 0.0214456 0.0211511 0.0211478 0.0211133 0.0211129 0.0211126 0.0212441 0.0212573 20.0321 53.0804 0.0211189 0.0211296 0.0211254 0.0213223 0.0211135 0.0212518 0.0211157 0.0211738 0.0211129 0.021392 3.68301 10.9055 0.029283 0.111935 0.0211368 0.0211132 0.0211126 22.7655 0.0211126 0.0211266 0.0211135 0.0211126 0.0211152 1025.76 236.926 0.021138 0.0211127 0.0212151 0.021113 0.021118 0.0211126 0.0212676 0.0211164 0.0212051 0.0211129 0.0211126 0.0211129 0.0227145 0.0211128 0.021166 0.0211136 0.2109 0.0211156 0.0211127 66.3604 0.0214311 0.0211134 0.0211133 0.021113 0.0211126 84.7912 0.0211129 0.0211126 0.0211126 0.0211133 0.0211205 0.021113 303.8 0.0211126 0.0211132 892.891 365.808 0.0211212 0.0211129 73.9783 33.9559 0.0211129 0.0211218 0.0211136 0.0211151 0.0212178 0.0211128 0.0211133 22.6993 0.0211142 11.1271 0.0212962 0.021113 0.0211127 0.0211127 0.0214271 799.858 0.0211133 0.0231583 0.0257758 0.0211127 0.0211587 0.0211127 0.0211126 0.0324685 0.0211135 0.0211141 0.0211129 0.0279431 0.0246578 0.0213119 0.0211134 0.021113 0.0211127 0.215748 0.0211136 0.0211126 0.0222217 0.0211135 0.0211126 0.021113 0.021117 0.0213267 0.0212296 89.0854 27.9573 0.0211227 0.0211218 0.0211126 25.9924 0.0211126 18.4677 0.0211126 0.0213797 0.0222054 0.0211217 95.9066 0.0211129 0.0211126 0.0211681 0.0211134 41.2889 0.0211126 0.0211131 0.0211126 0.0212921 2840.07 0.0211343 0.021118 0.0211381 0.0211178 0.021113 0.0236433 0.0211128 0.0211129 0.0211127 0.02112 0.0211137 0.0220033 0.0226721 0.0211126 0.0310357 0.0211126 0.021364 0.0211126 0.0211153 0.0211764 4077.2 0.0211129 198.691 0.0211134 0.0211126 26.0617 105.459 0.0211129 0.021141 0.0211131 0.0215949 0.0211126 0.0211212 0.0211229 0.0230684 0.021272 0.0211963 0.0229207 0.0214783 0.0211126 0.0211171 0.021533 0.0211126 0.0211134 212.756 0.0211201 49.1099 0.0212068 0.0211126 38.9383 0.0213012 0.0211132 0.0211702 11.7569 0.0211126 0.0211287 0.0211136 0.0213429 0.021113 34.4062 0.021113 0.0211138 0.0211126 0.0214466 0.0211133 0.0211126 0.0211153 0.0211368 0.021115 0.0211126 0.0211225 0.0211236 0.0211127 0.0212088 180.122 0.0211135 153.272 0.0213386 0.0211156 0.0211134 0.0211126 0.0212374 0.0211231 0.0211985 0.0211643 0.0211126 0.021224 0.0211134 0.0211348 347.815 0.0212558 16.9225 0.0211126 1.1595 0.0211132 0.0211819 0.0213089 0.0211211 0.0696184 0.0213911 0.379735 0.0211155 0.0211152 0.021114 755.44 41.8182 0.0211256 0.0654447 0.0211178 26.4215 425.563 0.0211418 162.16 0.0513334 37.5978 0.498195 0.0211147 0.0211126 0.0236794 0.0211905 50.7385 0.0212032 0.0212806 0.0211131 0.0211219 0.0211128 0.0215858 0.0211154 0.0211563 0.50452 33.4986 0.0211134 0.0212448 74.0044 0.0211127 0.0223796 0.0211893 0.021116 0.0244827 0.0211138 17.9415 0.0211151 0.0211457 19.6869 0.0211524 562.862 0.0211858 0.0211131 0.0218473 0.0211166 16.4658 0.0211144 0.0227338 0.0212079 0.0211126 0.0211498 87.1654 0.0211126 0.021113 0.0211136 0.0211134 0.0232389 84.1189 54.2996 0.0298281 0.021459 0.021504 0.021113 0.021119 99.0938 0.0211129 731.293 0.0214776 0.0211201 0.0211142 0.0211249 0.0211145 0.0211132 0.0211655 0.02126 0.021159 0.0211131 0.0211126 0.0211132 3570.88 0.0605391 0.0218509 0.0249067 0.021273 0.0211144 0.0211127 0.021114 0.0226996 0.0223688 0.0211151 0.021113 0.0245549 13.7149 0.0211128 0.0211132 19.8945 0.0211139 0.0213382 0.0211126 0.0211697 0.0211349 0.0211161 0.0214892 21.5716 0.032422 0.0211127 0.0211515 0.0211161 98.0725 0.183251 0.0211175 0.0211855 18.8167 0.0211143 0.0211138 0.0211146 0.0211142 0.0211244 0.0211154 0.0211132 0.0212077 0.0211129 0.0211127 0.0211614 0.0211576 30.6084 0.021225 0.0506797 0.0211126 0.0212903 0.0211131 0.0215562 0.0211141 0.021113 18.6657 0.0211126 0.0230407 0.0211935 66.7633 823.243 0.0211126 0.0211856 0.0215186 0.0211315 0.0211127 0.0211146 0.0211217 0.0211129 0.0211126 20.2217 0.574468 0.0211126 0.0223338 1.7708 0.0211128 0.0211205 0.0211132 202.718 0.021116 0.0211316 0.0211132 0.126852 0.0211292 61.8175 102.809 14.0845 0.0211126 0.021114 0.0211572 0.0211128 0.0211129 0.0222452 0.0211145 0.0211402 0.0211892 20.9112 14.0688 0.021168 0.0211987 0.0211129 0.0211142 0.021114 0.0211132 0.0217189 0.0211129 0.0211129 0.0213157 84.6751 20.996 0.0696213 0.0211137 0.0211592 0.0211483 0.0212141 0.0211141 0.0212504 0.0486252 0.0211126 0.0211127 0.0217401 0.0211133 10.8166 0.021482 0.0211837 340.241 0.0211641 0.0212518 0.0211137 0.0211126 0.021113 0.0211126 159.697 343.947 0.0211135 0.0244161 13.8879 0.0221254 0.0211651 0.0211224 0.0213973 0.0214236 0.0223549 0.0211127 0.0213993 0.0211126 0.0213051 0.0211132 0.0211126 0.0211128 0.0211159 0.0211126 0.0211164 0.0211153 15.7189 0.0276719 0.025364 0.0211132 34.6451 0.0211455 0.0211423 0.0211153 0.0211558 0.0211193 0.0211309 0.0211143 5.57389 0.0211137 0.021113 0.0211127 0.0211135 0.0211126 0.0211348 0.0211276 0.0211145 0.0211212 27.865 0.0211263 0.0211128 0.0211132 20.2647 0.0238454 0.0211282 19.0502 0.0211137 0.0215525 0.021431 0.0211213 0.0211136 39.6382 0.0211479 0.0211515 0.0211135 0.0211351 0.0211135 0.0211126 0.0211132 0.0211145 0.0211134 0.0211126 0.0621404 0.0212983 0.0211158 0.0214844 820.03 0.0240773 986.597 0.0211631 0.0211246 0.0219251 0.0211126 54.9768 0.0211126 0.0212086 0.021231 0.0212822 0.0213021 0.0211127 0.0211138 0.0211128 0.0211128 0.021115 33.5484 0.0211127 0.0211309 0.0212074 0.0211126 0.0211147 174.845 0.0211235 0.0211129 0.0211127 25.8582 0.0211594 0.0211126 0.0211126 0.0211126 0.0211163 0.0213432 19.9168 0.0211126 423.966 0.0211692 35.862 0.0223784 0.0213339 0.0211127 0.0300525 0.0214256 116.376 0.0211126 108.066 0.0216291 11.4934 0.0211336 0.0211352 0.0211287 0.0211137 0.0211162 0.0212632 0.0211145 0.0211126 0.0211126 0.0211136 0.0211128 0.0212992 0.0212972 3.58426 0.021166 18.9621 0.02151 16.8529 17.7419 0.021214 10.6608 0.0211155 0.0211126 0.021315 0.021114 0.0211157 0.0211909 0.0211126 0.0211135 275.682 0.0211152 0.0211126 0.0211126 0.0211167 0.0233243 0.0211262 9.9805 0.0211139 0.0211128 159.809 0.0211126 0.0211132 0.0211262 0.0211315 0.0211133 0.021113 8.24601 50.5157 0.0211126 0.0211152 0.0211174 0.0211126 25.6154 0.0211129 0.600256 0.0343669 0.022085 0.0211383 0.0211132 0.0211127 2009.74 0.0235877 18.2979 0.0211281 0.0211413 0.0211128 0.0216567 0.0211146 0.0211449 1336.83 0.0211556 0.0211128 0.0211128 0.0211138 0.0211812 0.029037 0.021125 0.0211694 0.0212107 0.0211736 0.0211127 0.021114 0.0211467 0.0211264 0.0292719 0.0211137 0.0211963 0.659488 0.0211172 0.0212449 111.183 0.0211934 0.0211148 0.0211248 0.021113 0.0211139 238.138 0.0211134 0.0256065 0.0211129 0.0241472 0.0251383 0.0214965 0.021374 0.0212845 0.0211126 0.0211126 24.3332 0.0211149 0.0212611 0.0269714 0.0211158 0.0213931 0.045217 0.0212066 0.0211126 6.89722 0.021113 0.0211128 0.0211355 0.0211127 0.0211544 0.0211482 0.0211128 0.0211134 0.0219561 14.8672 0.0211129 272.385 0.0263924 0.0211132 0.0211146 0.0211126 0.0211126 7.47861 0.0211208 0.0211126 0.0211136 24.8473 0.0219434 0.0979907 184.726 133.072 0.0211642 0.0211141 0.0211127 0.11015 0.0222609 0.0211982 0.021249 0.0211463 0.0217329 0.0211135 0.0211255 0.0211128 0.0211958 0.0211128 13.3445 0.0211575 0.0211126 0.0211333 0.0211322 0.0211295 0.0211338 0.0211128 0.296871 0.0211126 0.0211132 0.0211343 91.285 0.0259302 0.0707766 0.0211128 0.0211154 0.0211324 34.5407 0.0211289 0.0211217 0.0211585 0.0211974 0.0211203 0.0216341 51.015 0.0211141 328.411 14.0845 117.536 0.135034 0.0211126 0.0211126 0.0211126 0.0211126 0.0211479 0.0211134 25.4076 0.0221294 0.0211129 0.0211126 0.0211541 0.0211126 2.35824 0.0212698 0.0211126 0.0211128 0.0211126 0.0211127 0.0211126 0.0211127 0.0211193 0.0217936 0.0211126 0.0212204 0.021113 0.0233087 0.021113 0.0211185 0.0211211 0.0211129 0.021114 0.0211126 0.0211126 0.0213518 0.0211128 0.0211146 21.6205 0.0212534 0.0211151 0.0211242 0.0211133 0.0213333 0.0211354 0.465987 1.66728 0.0211126 0.0211511 0.0219996 0.0211155 0.0211126 0.0213419 0.0211321 1.08898 0.0211131 0.0211129 0.0211208 0.0211129 0.0233485 0.021114 842.012 199.028 166.282 0.0211128 0.0498235 0.0211208 0.0211126 14.425 0.0253269 0.0211181 0.021114 0.187409 0.0211554 1041.67 0.0267966 0.0212038 0.0211128 0.0213456 0.0211126 0.0284076 0.0211127 0.0211127 0.0211128 198.313 0.0243481 0.021145 0.021127 0.0211128 0.0227219 0.0211187 0.0221091 0.0217678 0.0217283 0.0211135 10.2314 0.0211339 0.0211408 0.0211163 0.0211364 0.021122 0.026365 0.0215372 10.6944 0.0211551 0.0211139 0.0211315 0.0211933 0.0211126 239.39 0.0211138 0.0211129 587.041 0.021113 15.973 0.021113 0.0211135 0.0211141 0.0211147 0.021113 0.0215707 0.0215736 0.0311371 0.0211126 10.7303 15.409 0.0211138 0.0211126 0.0211141 0.0211138 15.2344 0.0211798 0.0211484 0.0211129 0.0211127 0.0211623 27.0281 0.0211126 0.0213134 0.0211126 0.0211568 20.7096 0.0213826 21.9257 0.0211128 0.0211126 0.0213206 0.0218037 0.298966 0.0211133 99.4771 0.0523298 0.021157 0.0211212 0.021116 0.0212385 201.43 0.0211129 0.0211128 95.9002 0.0211152 16.4166 0.0212095 29.9471 20.6164 0.0211126 0.021181 0.0211143 0.0211159 0.0211201 0.021114 0.0212866 0.0211126 0.0213414 0.0211126 0.0212881 0.0211126 28.1487 0.256003 0.0211207 0.0211126 0.0211128 0.0211641 0.0211128 0.0214667 0.0211153 0.0214409 0.0214645 0.0211126 0.0211228 35.4293 1525.81 0.021119 0.0211126 0.0211286 0.0211132 0.0212473 206.517 0.0212268 0.0211126 43.869 0.021113 0.0211131 17.3621 0.0211127 0.0216084 0.0211132 0.0211155 0.0211142 0.021113 0.0211148 0.0211879 0.0211129 0.0211299 0.0213418 0.0211126 0.0211127 0.021151 0.0287118 0.0213211 0.0211133 186.507 0.0211127 0.0212769 0.0211126 0.0214389 0.0211145 0.0211355 0.0211127 16.2278 0.0254875 0.0214627 21.0138 0.0211131 0.0213751 0.0211134 208.817 113.595 0.0211129 0.0211134 0.0211126 0.0211175 0.0211146 0.0212298 0.0211375 0.0211126 0.0216897 6.88417 0.0211136 0.0211131 0.0211314 0.0221608 0.0211186 0.0211136 0.0211138 296.764 0.0211132 0.0211141 0.0213391 0.0211221 0.0211127 0.0211126 0.021113 0.021509 0.0211126 0.0220397 0.0215938 0.0310878 18.4068 0.021289 0.0211777 18.4196 199.355 0.0211138 0.0211126 20.9477 0.0211129 0.021139 0.0211193 0.0216565 0.0212045 0.0211131 0.0211227 0.021272 0.0211141 0.0219696 0.0211144 0.0212532 0.0211837 33.6169 0.0211128 0.0211145 0.021174 137.052 0.0214886 236.352 0.021144 0.0212271 148.015 0.0211926 0.0211127 0.0243124 0.0214299 42.9408 0.0211797 0.0211133 48.6854 0.0235154 0.0211147 0.0211126 0.021146 0.0211141 0.0211126 0.0211131 0.0211614 0.0211126 0.0211128 0.0211128 74.2989 0.0211239 0.021786 0.0211127 0.0211129 0.0211126 0.726404 0.021117 0.0211147 0.0211127 141.727 0.0211175 0.0228425 153.974 0.0211126 0.0211126 0.0211138 0.0211127 28.5169 0.0211131 0.0211569 0.0221012 0.0212626 0.021122 0.0211652 0.803551 0.0211131 0.828727 0.0211137 0.0211235 0.0211656 0.0211126 19.0841 57.1175 0.0212227 0.0211126 0.0212441 0.0211142 0.0211126 0.021121 0.0211131 0.021123 0.0211256 39.9385 0.0211127 0.0211129 0.0211126 0.0211136 0.0211367 5.79909 0.0211926 0.021121 0.0212533 0.0211175 0.0211484 395.369 0.0238823 19.4024 0.021114 7.46567 0.0212551 0.0211126 0.0212981 0.0215502 0.0211145 0.0211129 0.0211817 0.0316989 20.7096 0.0211137 0.0211201 0.0211126 0.0211132 0.0211132 0.0211259 0.0211129 112.222 0.0211133 0.0211127 0.0211126 0.021127 13.5453 0.698917 0.0211875 120.805 0.0211126 65.5601 0.0214643 0.0215576 381.792 0.0211498 0.0327955 239.083 0.0211145 0.0211126 0.0211141 0.0211148 0.0211126 0.0211134 0.0219682 0.0211525 0.0211137 275.235 0.0211229 0.0211192 0.0217486 0.0213251 892.304 0.0211126 0.0211127 0.0211126 339.555 0.0211126 0.0211129 0.0234863 43.2587 0.0215145 0.0212088 0.0212334 0.0211172 0.0215455 21.0178 0.0211126 0.0211126 10.012 0.021117 0.0212294 0.021114 483.482 0.0212591 13.0325 0.0211178 0.0211128 0.0213847 1750.72 0.695572 0.0211142 151.609 0.0211378 47.8874 0.0211126 27.6032 0.0278826 0.021556 0.02113 0.0211182 0.0211126 0.0211746 0.0211154 0.0211305 0.0211126 0.0211132 0.0211206 0.0211126 0.0360045 4.27361 0.0211167 0.0211126 0.0211128 0.021303 0.0211131 8.89236 0.0211396 0.0211126 0.021115 72.2932 33.7784 4.39016 0.0212207 0.0528535 9.06078 0.0211456 0.0211279 0.0213497 0.0211135 0.021113 0.0211151 0.0211132 4.99097 0.0213287 0.0211244 0.0221827 0.0211127 0.0211147 0.0211126 0.02113 235.54 0.0211318 31.3267 0.0211133 0.745097 0.0211152 0.0211158 0.0211126 0.0211176 0.0211399 0.0211126 0.0211135 106.707 772.821 0.0211411 0.0211472 0.0211347 528.603 0.0211133 295.707 0.0211203 0.0211126 0.0211992 0.0211126 58.5414 0.0211126 0.0211326 31.8628 0.021113 0.0211129 0.0211127 0.0211158 0.0250716 0.0211129 0.0211166 1.29786 0.0211141 0.0212987 0.0211128 0.021114 0.0211659 0.0211126 0.0211487 35.1518 0.0211127 46.3341 17.2672 0.0211789 0.0220575 0.0211126 0.0211126 0.0212294 0.0211126 0.0211128 0.0211129 0.0211141 26.7199 0.0211126 0.0211129 0.0211134 0.0211155 0.021114 0.0211144 0.024029 0.0215258 9.46283 0.0212526 0.0613866 0.0211126 0.02113 11.3497 0.021131 4.16985 0.0211158 24.1175 0.0211127 0.0211157 0.0211126 0.0211331 0.0211165 0.0211129 0.0211129 0.0211208 116.323 0.0225919 0.0211126 0.0211652 0.0211127 0.0211165 561.046 6.40943 0.0211151 0.0211596 0.0212552 0.0211129 0.0211127 0.0214617 0.02121 0.0211127 0.0211129 0.0211648 106.029 0.0211165 0.0211305 0.0211189 0.021113 54.0686 0.0211129 0.0211131 0.0211132 0.0211126 0.0211181 0.0211127 0.0377304 0.0238567 221.549 0.0211129 0.0211129 0.0212199 0.0211126 0.0211133 0.0211126 0.0211126 0.0211126 0.0214567 0.0211134 0.0211486 178.205 0.0211185 18.7192 0.0211134 14.125 0.0211133 0.0211132 0.0211319 0.0211135 0.21699 0.0211126 1.21314 0.0211262 148.588 0.0211592 0.0211963 0.0211148 0.0211215 0.0400149 0.0211131 0.0217261 0.0211155 551.683 21.0718 0.0216598 0.0253356 0.0211758 0.0211126 0.0211146 0.0211199 0.0211129 0.0211128 0.021159 0.0211178 0.0689247 0.0216043 0.0211891 0.0211157 0.0211159 0.0211156 0.0211126 0.0211894 0.0211184 0.0212096 0.0340454 0.0211213 0.0211126 0.0211126 220.423 0.0212136 0.0211126 0.0211138 0.0211126 0.0211128 0.0211126 0.0211496 0.0211126 0.0211129 0.0212391 0.0211126 0.0211347 0.021166 0.021113 0.0211155 0.0211162 0.477384 26.1925 0.0211341 0.0212911 0.0211127 41.8267 0.178619 0.0211436 0.021113 0.0211201 0.0211194 1.43207 0.0211258 0.0211436 0.0211158 0.0211271 1.3706 0.0224643 0.0211136 0.0218803 0.0211126 0.0218069 0.0211126 0.0211393 0.0211138 0.0211126 0.0211127 0.0211168 0.0212573 0.0214937 0.0213182 0.0211196 0.0407356 0.0211128 0.021113 0.0211126 70.0456 18.3685 0.0213434 0.0212646 0.0213348 30.5331 0.0211129 0.0211339 0.0211888 0.0211143 0.0211128 0.0211126 0.0211141 28.3253 0.0211127 0.0228742 0.0211754 0.030649 0.0211344 0.0211145 0.0211181 0.0215726 0.0211145 70.0849 0.0211771 0.0213358 0.0230475 0.0211134 41.1177 18.466 0.0379021 0.0211137 0.0211126 0.0211569 0.0211154 0.0211126 0.0214439 0.0212422 0.0211126 0.0211126 0.0211429 0.0211126 0.0211128 0.0212278 0.0214542 0.0211126 0.0211279 89.4737 0.021123 0.0539216 0.0214315 0.0211238 0.0211485 0.0241325 0.0211271 0.0211127 0.0211134 182.351 0.0211126 0.0211219 8.14369 0.0211137 0.0211162 0.0211127 0.0211131 0.0211126 0.021858 0.0216018 0.021115 2.4803 0.0211126 0.0212571 212.98 0.021113 0.0213832 0.0211229 0.0211349 85.0129 0.0211126 0.0211643 0.0211358 0.0211203 0.0211242 0.0212483 0.0211161 0.0211126 0.0211128 0.0211136 0.0211132 0.0211305 35.4517 0.0211132 0.0214995 0.0211171 272.889 0.0228646 0.0211136 53.9592 11.828 0.0216586 46.5116 0.0252462 0.0211126 0.0211323 16.092 0.0211126 0.0211304 0.0211126 0.021117 373.286 0.0211242 6.78735 0.0211184 0.0211287 0.0211126 0.0211145 0.0213478 0.0211719 0.0211133 0.0211127 0.0211319 0.0211126 0.0211128 0.021401 0.0211128 0.0211126 0.0663864 93.0834 0.0214417 37.8601 0.0211635 0.0211138 0.0211261 0.0211127 0.0212183 0.0211931 0.021113 0.0211126 0.0211159 0.0211127 573.992 0.0211176 0.0211128 0.0213461 0.0211591 0.0211131 0.0211135 0.0212389 0.0211126 20.0903 0.021141 258.322 0.0218803 730.604 0.0211126 0.0220727 0.129418 0.0211145 0.0211129 0.0211666 0.0211138 0.0211126 0.0211126 0.0211767 0.0211135 0.0211126 0.0211437 0.0211319 0.021133 0.0211126 13.9651 0.0211791 0.0211126 0.0211126 0.0211129 0.0211561 0.0211126 58.5889 0.0214251 0.0211127 0.0211127 0.0211361 0.0215166 0.0256744 0.0211187 0.0211432 51.3677 0.0215129 0.0211126 0.0211687 0.0211184 0.0211126 0.0211249 379.689 0.0211128 0.0902944 0.0211162 0.0211142 0.0211298 0.021143 0.0211141 0.0211126 0.0211135 0.0277577 0.0212379 0.0211126 0.0360349 0.0211141 73.745 14.5674 190.4 0.0211148 0.0211126 0.0211139 0.0211223 8.08099 0.0294979 0.0211321 0.0212229 0.0269774 53.5366 0.0211126 14.567 0.0211221 0.0227287 0.0211225 185.656 107.204 0.0212372 0.0212409 0.0211132 0.0211126 0.0211161 0.021117 0.0211191 0.0211126 0.0211198 0.0245365 0.021304 0.021303 0.044156 0.0211303 0.0211129 0.0214815 16.0699 0.0216244 0.0211578 0.0211129 0.0213875 0.0211231 0.0211168 0.0211126 0.0213252 0.0211126 0.0212494 0.0211136 0.021113 0.0211334 245.863 0.0211138 0.021113 0.0211132 0.0218191 0.0211134 0.0211479 0.0211193 0.0211343 0.0211128 0.0211138 0.021366 0.0217303 147.62 0.0211731 11.3867 0.0211215 0.0212158 0.0211153 0.0211145 0.0212821 0.0211126 0.0211126 0.0211126 0.0212296 81.7517 0.0211127 0.0212671 0.0211136 0.0211184 0.0211758 0.0211155 0.0211145 0.0212898 0.0211132 1.01823 119.718 0.0215057 0.0211934 0.0211603 0.0211245 7.39972 0.0211872 29.1472 0.0211126 0.0211546 79.7965 4.37164 0.0211129 0.0212396 0.0211126 0.0211381 0.0211127 0.0211131 0.0218425 0.0211126 0.0211133 24.6809 0.0226263 0.0212108 11.1313 0.0211279 157.12 0.0211126 0.0211905 0.0211262 0.0211133 0.0218076 0.0211126 0.0211126 0.0351971 0.0211185 0.0211131 0.0211145 0.0211129 0.021143 0.0211143 47.6935 0.0222369 0.0211127 0.0308467 165.321 0.0211134 0.0211248 0.0211345 0.0211178 0.0211569 4.92542 0.0211467 32.915 111.611 0.0211126 0.0211133 0.0211132 0.0270431 0.0211176 0.0219936 0.0211502 0.75385 6.43807 0.0442553 732.021 0.0211801 0.0212163 0.0211126 0.0211129 0.0211126 44.6745 0.0211137 0.0211127 185.356 0.0211472 0.0211952 0.0211126 0.0211785 0.0211126 0.0211127 0.0211181 0.0211132 0.0211139 0.0211129 0.0211178 0.0211126 0.0211648 0.0211152 0.0212085 0.0211156 542.387 370.944 0.0211157 0.0213297 0.0211283 0.0211542 212.114 0.0211156 0.0211126 0.0211548 0.0211126 0.0211135 0.0211127 36.8124 0.0212174 0.0211141 0.0217429 300.695 0.0211143 0.0211154 27.8278 0.0211571 0.0211143 6.72624 0.0211138 0.0211126 9.23897 156.443 0.0211469 0.0211126 0.0211782 0.0211818 41.4748 0.0211136 0.0211171 0.021114 26.7199 0.0211128 27.2796 22.1654 0.0211507 0.021266 0.0211228 0.0211138 0.0213257 0.0211127 0.0214658 0.0211132 0.021113 0.0211126 0.0211141 0.02148 0.0211341 0.0211126 0.0212506 0.0215436 0.0211128 0.0211684 0.0211151 0.0211126 216.317 0.0211126 184.117 110.105 0.0212109 0.0211143 0.0211127 0.0211128 0.023347 0.0211245 0.021168 476.076 0.178053 0.0211126 0.0211146 0.0211126 0.0214072 0.0211128 0.0211174 6.59583 0.0222971 0.027617 0.021119 0.0217731 0.0211179 0.0211132 0.0211865 1.87224 0.0211188 0.0211481 0.0211126 0.0212071 0.0212373 0.0212174 0.0211352 0.0212489 0.021358 43.3067 0.0252226 0.0211205 0.0211126 0.0213954 0.0461483 24.2566 0.0214353 0.0211243 0.0211133 0.0211136 0.0211126 2.30597 0.0211126 0.0211325 0.0211691 0.0218386 0.0211126 0.0211403 0.0211767 0.0211165 8.64509 0.0211171 0.0211128 0.0211967 0.0212573 0.0211132 0.0211127 0.0212036 0.0211138 0.0214742 0.0223285 58.4432 0.0216609 7.04114 0.0211131 0.0211127 0.0448224 0.021113 12.3511 3.66732 0.0211376 0.0211128 0.0213425 0.0214287 0.0363801 0.0211818 0.0287142 0.0211209 0.0211162 0.0224545 0.0212067 8.59876 0.0211277 0.0211127 3.66384 78.7168 0.0211146 90.3208 0.0211126 0.0211127 0.0211407 0.0211129 0.0211458 0.0212212 0.0211126 3.86677 0.0211126 0.0211977 216.502 0.021168 0.021151 0.379671 0.021122 0.0211126 17.2168 0.0211128 0.0211393 217.7 0.0212696 0.0211127 14.6643 0.0211126 0.0211126 0.0211132 0.0213571 0.0211148 0.110869 0.0211126 0.0211128 0.0211138 0.0211154 2588.58 0.0211498 0.0212982 84.7661 0.0211126 0.0216364 0.0211549 0.0211126 26.742 17.6855 37.8888 0.0211242 0.0211219 0.0214928 14.0845 0.0515553 0.0211127 0.0211157 0.0211693 0.0211128 0.0211248 0.0211127 0.0211126 0.0211297 0.0211146 0.0211126 0.021232 145.59 8.52687 0.0213655 185.814 0.0211657 0.0211416 0.0211132 0.0211127 0.021113 0.0211134 28.6362 0.0212965 0.0211127 0.0211128 0.021113 0.0211449 303.966 0.0927498 0.0211219 0.0211137 0.0211126 0.0211199 9.05332 0.0212906 0.0211523 0.0211142 0.0211127 1.35789 0.0212157 0.0211135 0.021314 0.0211914 0.0211127 0.0211126 0.0211126 0.0211128 0.0211436 0.0219988 0.0215652 13.5228 0.0211217 0.0211142 0.0211133 0.0213999 0.021118 0.0211482 0.0211126 0.0211177 0.0211401 0.0211129 0.0211721 0.0211788 0.0211752 0.0211338 0.0213549 0.0212027 0.0211126 0.0211132 0.0211146 0.021113 0.0211318 0.0211128 0.0211387 0.0212224 0.0211305 0.0211144 0.0211126 0.0211159 0.0211262 0.0211181 0.0211139 0.0211129 0.0286734 0.0211126 0.0211136 0.0211126 0.0214601 0.0211127 0.0211157 0.021352 61.2471 70.1217 0.0211169 0.0211126 0.0211127 20.7156 0.0211126 0.0211126 0.0211127 0.0234812 0.0211312 0.0211675 0.0211234 0.0211365 0.0220519 0.0211128 0.0211285 0.0213343 2001.57 0.0211126 1661.51 95.3821 0.0211127 0.0211126 0.0723633 0.0213997 0.0211129 0.0211128 0.0211126 0.0211169 0.0211131 56.4398 0.381884 0.0217319 0.0211126 0.0216663 0.021136 0.0211133 0.0211127 0.0211141 0.021113 19.1098 0.0211308 0.0221192 0.0211126 123.52 0.0211132 13.2306 0.0211126 0.0211137 0.021113 0.0211129 0.0371615 0.0211129 0.0213618 0.021113 0.0228353 152.292 0.0213802 0.0212066 0.0212962 0.130636 0.021122 0.0211126 0.021123 0.0216677 0.0211474 0.0213781 0.0211126 0.021147 0.0214242 0.021117 0.0211195 0.0211126 0.0211133 21.6321 0.0211133 36.1551 143.865 0.0211134 0.0211942 0.0212774 0.0211134 0.0211126 2.48759 0.0211126 0.0211126 0.0211129 0.0211126 0.0211237 0.0211128 0.0211415 0.0211152 67.8841 0.0212001 0.0219022 0.0211131 0.0211126 0.0211698 0.0217585 0.0211127 0.0212573 0.0214688 0.0212078 0.0211126 0.0211126 0.0212115 0.0212396 0.0217629 0.0211127 2.5277 0.0211153 0.021433 0.0211129 0.0211176 0.0214457 0.0214127 0.175283 0.0211136 0.0215085 0.0211169 0.0211478 244.26 0.0211446 0.0212319 0.0211225 0.0452054 43.0717 55.4973 0.0211194 0.0211392 0.0217154 0.0214297 0.175703 0.0211782 0.0214959 0.0211401 0.021113 0.0236477 0.0212458 0.0211126 0.0211134 0.0211126 55.5849 0.0211138 0.0211126 0.021362 0.0211885 315.558 0.0222127 0.021197 0.0211143 0.0211132 0.0211128 0.0211132 0.0211126 54.1945 46.6012 0.0211381 0.0213646 0.0211128 0.0216979 1322.59 0.0211133 0.021113 0.0211129 0.0212404 0.0398866 0.0356948 0.0211129 0.0211146 0.0212203 0.0211155 0.0212318 0.0212794 81.7534 97.3749 0.0211126 0.0215549 0.0211132 67.7069 0.796808 0.0213415 0.0212971 0.021115 0.0211132 172.986 0.0211179 0.0217059 0.0211154 0.0211128 0.0211129 0.0222128 0.0211145 0.0211127 0.021598 0.0211126 0.0211126 0.0234787 0.0211126 0.0211156 0.03333 272.765 0.0211986 11.2638 27.1798 0.0211128 0.0239303 128.499 41.398 0.021113 0.0211131 0.0211142 14.1954 0.0216412 0.0211573 0.0211126 251.109 0.0211175 0.0222387 8.92699 27.0247 0.0212402 0.0212257 0.0211126 81.216 0.0211126 0.0211314 0.0211136 0.0211714 0.0212254 0.0211126 0.0211126 0.0211509 0.0229764 0.0211129 0.0211129 0.0411743 0.0211134 0.0211126 0.0211127 0.0211141 0.0214737 31.5529 0.0211153 0.0261038 0.0216207 0.0211126 31.0842 0.0211453 0.0211516 0.0211126 0.021116 0.0211722 0.0215514 0.0211126 0.0211649 20.6966 0.0211136 2.55513 0.0211458 0.021115 0.0216683 0.0214647 0.0212291 0.02191 0.0211131 0.0211145 0.0211229 0.0282124 0.021197 0.0211126 0.0212598 0.0214271 33.9251 0.0291255 0.0279376 0.0211126 0.0211846 0.0212082 0.0211129 0.0276484 0.0213277 0.0211141 2.65647 0.0211245 0.0211691 0.0211145 77.6505 0.0211135 0.0211129 0.0211139 0.0214596 0.021149 0.0211126 0.0211126 0.021113 0.0211176 56.2711 9.96996 0.0211126 98.9818 0.0211129 0.0211126 0.0211126 0.0211127 0.0754066 36.797 0.0211173 0.0211128 43.0513 7.36944 0.0211126 67.9953 125.789 0.0211129 106.762 0.021131 0.0211134 18.7814 0.547107 0.0211164 0.0211865 114.338 0.0211137 0.0211126 0.0211244 0.0214286 0.0211492 0.0211254 0.0211135 0.0211236 0.0211126 0.0214071 0.0211128 0.0211126 0.0303357 0.0211126 0.021117 0.0211128 0.0211214 0.0211182 0.0211126 16.9381 0.0211132 53.1495 0.0212481 0.021113 0.0212578 0.0211126 0.0211146 19.1161 0.0211127 0.0214555 5.22926 19.5355 0.021113 0.0211135 0.0211658 0.0211138 0.0211284 0.0226722 13.5455 0.0211306 0.0218918 0.021115 0.0211126 0.0230609 0.0211131 0.0211127 15.9785 0.021113 260.361 67.0715 0.0211132 0.0211126 0.0223924 24.994 87.7679 41.1126 0.0211127 0.0211417 23.3796 0.0211134 0.0244292 79.2372 0.0211983 0.0211134 0.0211126 0.0211127 0.0211154 0.0211126 0.0211145 0.0211129 59.2366 70.1821 0.0212246 0.0226402 0.0211352 0.025784 0.021115 0.0211742 0.0211126 20.3894 0.0217651 42.1231 0.0211184 0.0211129 0.0211138 0.0211131 0.0211477 0.0211128 0.021113 1.1066 0.0212013 0.0211486 0.0214258 0.022636 0.0211342 0.0211126 107.658 0.021299 8.72961 0.0211136 0.0211126 4.65964 0.0213323 0.0219229 0.0211127 0.0211126 0.0211126 0.0211126 0.0211128 0.0211126 0.0211126 0.0211255 0.0211126 0.647256 2.57365 0.080952 0.0211126 40.6162 14.785 14.8065 0.021158 0.0238595 0.0211132 0.0214885 0.0211183 0.0211481 0.0214111 0.0211128 57.3146 0.0211132 0.0211128 224.634 0.0211134 0.0450546 4.358 0.0211132 0.0211178 0.0211153 0.0211126 0.0211334 0.0212144 0.021847 0.0211336 0.245788 0.0628735 0.021422 0.0211611 0.0213234 0.0211717 0.0211126 0.0214527 3.22883 15.5097 0.0213642 0.0211157 0.0216463 0.0211131 0.0211131 0.0219913 0.0653986 0.0211219 0.0213112 0.0215301 163.94 0.0211135 0.0211128 6.4164 0.0211126 196.523 0.0211126 55.0306 0.0211126 0.0211504 0.0211136 0.0211136 0.0211679 0.0211758 0.0218169 0.0211129 0.0211149 0.0211161 0.0211291 0.0211168 0.021215 0.547815 11.6119 0.021603 0.0211128 0.0211126 0.0211143 0.021119 0.0211126 0.0211217 0.0211126 0.0211132 0.0211147 31.0991 0.0214971 0.0211865 0.0211153 0.0211136 0.021117 0.0213391 0.021114 0.0211126 0.147403 0.0217541 24.2932 0.021113 19.0069 0.0211386 0.0211127 0.0214717 0.0211126 0.0211127 0.0211126 0.0211126 378.47 0.0216417 0.0211159 0.0211131 0.0211128 0.0211149 0.0211171 0.0211144 0.0211126 0.0211146 0.0212922 0.0211141 0.0215898 0.0211637 0.0211147 0.0211535 0.0211127 0.0211603 73.9547 0.0211128 0.0211129 0.0211126 20.6705 0.0211128 0.021124 0.0212531 75.0445 0.0215401 0.0211146 24.959 0.056175 0.0217055 0.0218446 37.43 0.0211558 0.0211792 0.0211138 0.0211126 0.0211135 0.0217355 0.159556 0.0213037 0.0211131 0.0212492 0.0551154 0.0211266 0.0211126 15.8492 0.021113 0.0211126 0.0211126 0.0211129 0.0211196 97.406 0.021131 0.0211126 0.023216 0.0213218 0.0211335 0.0211373 0.0211127 0.0211145 0.0211188 0.0211158 0.0211131 0.0214646 0.0211236 0.0211126 0.0211127 0.0211129 0.0211142 68.9856 0.0211134 11.8167 0.0211126 0.0211912 0.0212125 0.0211128 0.0211134 0.0211262 484.01 0.021113 11.4209 0.0211145 0.021114 0.0211521 0.0211295 0.0212267 0.0211127 124.246 0.0211134 0.0211527 1.31352 0.0211143 28.7078 0.0211127 0.0211207 0.0217478 0.0211127 0.0211126 44.3708 0.0211179 0.0211183 0.0212801 231.778 0.0211255 0.0211131 116.579 0.0211277 0.0213858 0.064495 0.0242334 0.0211148 0.0211157 10.1769 0.0228663 0.0211127 0.0212782 28.2371 0.0211147 0.0211126 0.0211127 0.0211282 0.023599 0.247543 0.0211126 0.0212063 0.0211126 0.0211589 0.0211138 301.407 0.0211126 0.0211131 0.0211169 0.0213105 221.059 481.044 0.0211862 0.0211526 0.0211875 0.0211128 0.0211139 0.0211297 0.0211127 0.0214833 0.0211128 0.0211126 113.503 248.798 0.0220987 0.0211341 0.0211153 0.0211579 0.0211132 0.021113 0.021719 0.0904121 21.664 71.2614 0.0211136 0.0211126 0.0211134 126.539 0.0212278 0.0211209 0.0211126 0.0213215 0.0211126 0.0211134 0.023296 0.0211127 0.0211127 0.0211129 0.021177 40.4725 0.021148 0.0211772 306.619 0.0211126 0.0212998 0.021113 158.92 0.0211132 0.0211404 0.0211797 0.0211332 0.0211218 129.939 0.0211169 0.0212462 0.0211172 157.683 0.0220141 0.0211138 0.0211126 0.0211451 0.0372322 0.0222644 0.0211342 0.0211129 0.0213481 0.0228518 0.0212645 0.0211139 0.0211148 0.02112 953.533 0.0211431 0.0211133 0.0215439 0.0212012 170.124 0.0211141 0.0211135 0.0211132 0.0211126 0.0211409 0.021113 80.0267 0.0211142 0.0211162 0.021113 0.0211131 0.0211126 0.0211876 0.0211126 0.0211126 0.0212521 0.021125 0.0212559 0.0211143 0.0325074 0.0212521 0.0225696 76.4907 0.0211132 0.0211139 0.0211132 0.0211128 19.7405 0.0211126 0.998309 0.0211413 0.0211727 0.0211133 0.0211338 0.0211126 0.0211238 11.1333 0.0211129 0.0211128 0.0211126 0.0213781 0.0211132 0.0988676 0.0211128 0.0211157 0.0211889 0.0211429 0.0211126 0.0211146 0.0223618 18.8634 0.0211129 0.0231275 0.0211126 0.0211127 0.0212834 0.0211129 0.0211126 0.0211673 0.0217394 0.021113 0.0211146 0.0211269 16.5117 0.0211127 0.0211564 0.0211126 0.0211127 0.0211126 0.0211126 19.6744 0.0215475 0.0211137 0.0211994 0.0211173 0.0212121 0.0211154 0.0211138 0.0211128 0.0211126 0.0329554 0.0214085 0.0216605 0.0211126 0.0211127 0.0212723 256.377 0.0211126 0.0211126 0.021113 0.0211397 0.0211512 0.0211203 0.0211127 0.0211131 0.0211131 0.0211912 0.0211128 10.7667 47.0161 0.0212127 0.0211147 0.0211151 0.0212571 0.0211145 0.0269089 0.0211155 0.0211126 0.0211133 0.0211235 14.8653 11.1271 0.0213787 0.0211132 5821.6 0.0228222 0.0211143 0.0211126 1151.66 0.0211477 0.0213025 0.022586 0.0211132 0.0215263 0.021113 0.0211129 0.0211136 0.0213676 0.0227195 0.0211799 0.0211148 0.0211715 0.0211235 0.0211843 0.0211134 0.0589169 0.0504361 0.0213724 529.169 9.33105 44.999 0.0211126 0.0211126 0.0335874 0.0216898 0.021116 17.737 0.0211133 0.0211614 0.0251153 0.0211126 0.0211126 36.4154 0.0211211 0.0306533 0.0211126 0.0211126 0.0231152 0.0213414 0.021237 0.0211138 0.0212307 0.0211126 0.0211129 0.0214517 0.0216366 0.0211152 0.0211126 0.0211126 16.9839 0.0256174 12.5447 0.0211237 0.0211603 0.0211129 0.0211128 0.0211915 0.0211127 0.0211255 0.021113 0.0211618 0.0211224 0.0211205 0.103959 0.0587628 0.542701 0.0211129 0.113963 0.0211126 0.0211168 0.0211126 16.1412 0.0212239 0.0212118 901.643 20.6164 37.4291 0.0211128 0.0211769 11.3248 0.0211253 0.0211126 0.0622235 0.0211355 0.0211689 27.0247 0.0211126 0.0211228 12.4811 0.0211436 0.0223101 326.211 0.0211134 0.0211142 0.0216875 0.0211128 438.178 10.2979 105.809 0.0211139 0.0222028 0.0211149 0.0211132 98.1873 0.0211126 0.0211419 0.0573754 0.0211126 0.0213313 0.0237569 0.0212012 0.0214336 0.0211272 0.0211388 0.0211138 0.0211137 64.9896 0.0212289 0.0211237 0.0211126 0.021295 0.0211247 0.137737 0.0211615 0.0211296 0.0575488 34.4372 0.0225161 0.0211399 0.0211401 0.0211126 0.0211136 0.0211136 0.0211238 13.2943 104.815 124.903 0.0212023 0.021113 64.872 0.0211127 0.0211136 0.0212831 15.427 0.0211126 0.0211264 0.0211553 0.0211143 8.83425 0.0211491 0.0211913 361.273 0.0211831 0.0211148 0.0224208 0.0211137 0.0293243 0.0211126 0.0613865 0.0211128 0.0211126 75.4436 0.0211226 0.300622 0.0211131 0.0211476 0.0211155 0.0211956 0.0211126 13.5468 0.0211126 0.0211221 0.0211127 119.846 0.0211143 0.0211163 0.0211128 0.021115 31.427 0.0211171 0.0211126 0.0229626 7.16637 0.0211128 12.9618 0.754799 0.0211252 0.021113 15.1819 0.0211302 0.0213255 0.0211136 14.9001 0.0211126 0.0211201 0.0212401 1.77944 0.0213801 0.0212086 32.7665 0.0211126 0.0211318 0.0211135 0.0211151 0.021777 0.0211128 0.0211126 0.0211126 0.0211126 0.0212626 0.0221482 0.0217699 0.0211153 0.0211333 0.761095 0.0211126 0.0211129 0.0213224 0.0211136 0.0211128 0.0211315 1489.03 8.24725 0.0211146 0.0211449 0.0211126 0.0211127 0.0211478 0.0211126 0.0211253 0.0214844 0.0212597 0.0211127 0.0211213 0.021113 0.0229203 0.0535609 16.1151 0.0269147 0.0212473 0.021164 0.232618 0.0211133 0.0211132 0.0211142 0.0299871 45.8375 0.0211229 0.0211129 0.0211131 0.021139 0.0212029 0.0214332 0.0211185 0.0211128 0.0211201 0.0211349 0.0211128 0.0211126 0.0211126 0.0211128 0.0211992 23.6594 0.0226385 0.0211277 0.0211126 542.326 0.0211317 0.0214055 0.0211126 0.0219772 0.0211275 231.44 0.0211131 0.0214242 0.0211215 0.0211236 0.0216711 0.0211154 0.0211631 0.0211134 0.021136 0.0211281 0.0212684 0.0211337 0.0211128 57.6298 95.7813 0.021113 0.0211126 0.022278 0.021117 0.0211133 43.2959 9.12791 0.0211126 0.0211186 0.0211126 0.0211153 0.0212208 0.0212182 27.1558 0.0211126 0.0211135 0.0211132 0.0211144 0.0218311 0.0213714 0.0211126 7.84693 1449.06 0.0211501 0.02124 0.0211143 0.0211127 187.626 0.0211757 0.021124 0.0211139 2017.68 0.0211309 0.0211615 0.0211187 0.0211126 0.0211135 0.0224282 0.0219599 0.0211126 0.0211126 0.0211187 0.0211148 0.0211132 0.0211134 0.0211156 0.0280946 0.0211137 0.0217343 0.0211132 0.0211134 0.0213936 0.0211948 320.84 0.022635 9.4388 0.0211145 0.021215 0.0305126 0.031427 0.0211134 0.0211136 0.021113 0.0211126 0.0211154 0.021518 0.0211225 0.0242382 0.0211686 0.0211128 106.872 0.0211127 0.253036 0.0211136 0.394951 0.0211267 0.0211127 0.02131 0.0463343 0.0283826 0.0215179 2.17214 0.0213752 22.9134 0.0211151 0.0211148 0.027631 0.0211126 2104.24 0.0211127 0.023883 0.0211126 0.0214222 0.021113 0.0211668 0.0211126 0.0211149 26.0613 0.0211128 0.021113 0.0211131 0.0211127 0.0211133 0.0211126 0.0211338 0.0855577 0.0211198 0.0211127 259.809 0.0213027 0.022218 0.0211631 0.0211126 0.0211128 0.0211126 0.103643 0.0211135 0.0211832 0.0212501 0.0211165 0.022496 0.0211126 0.0211132 0.0221651 0.0211136 0.0211133 0.021117 0.0211137 0.0211127 0.0211288 34.528 0.0211126 0.0211132 0.0211128 36.1856 0.0211324 0.0216468 0.021157 0.0218451 0.0211128 0.0211235 39.0622 0.0211128 0.0211651 1030.11 0.0211126 0.0213107 0.0211126 0.0211151 0.021113 0.0211128 0.0211163 10.5512 0.0211127 0.0211127 1304.38 0.0211126 0.0211128 0.0211126 0.0211129 18.2206 0.0305848 0.0211127 10.8662 0.021126 0.0211128 0.0212726 0.0212168 0.0211157 0.0211145 33.8867 0.0211145 44.4859 0.030833 0.0211159 0.0215695 0.0211128 0.0222644 0.0211128 0.0211126 0.021119 0.0211153 0.0234336 0.0211126 0.0253052 0.0211136 0.0216365 0.0212895 0.0211128 0.0211156 330.368 0.0211479 0.0211144 6.46537 0.0214599 0.0211155 64.3159 0.0211132 0.0211126 0.0211141 0.0211452 0.0211133 8.23857 0.0211163 0.0211163 0.0231155 0.034429 13.4841 0.0211126 0.0211133 39.793 0.0211132 0.0211126 0.0211131 0.0211217 0.0211273 0.0296369 0.0211131 0.0211255 0.0211653 35.3499 0.021114 0.0211199 0.0211137 1.44546 0.0214721 0.0211126 0.0211126 0.0211131 0.0211126 0.0498938 6.1722 0.0242717 0.0212234 0.0211128 11.5481 0.0222039 0.0215501 0.0211126 0.0217077 0.021113 0.0211133 18.8281 0.0230898 0.0211136 0.0211137 52.7653 0.0211361 30.3952 0.0231761 0.0211126 0.0211174 0.0242405 0.0211126 0.0211145 0.0211222 0.0211126 0.0211127 0.0211126 0.0212891 0.0211242 0.0211966 41.398 0.0212033 499.948 0.0211126 0.021113 0.0211135 0.021113 0.0211133 0.0211127 0.0211133 0.0216976 17.7029 0.0211155 0.0211381 0.0211256 0.0211803 0.021907 0.0211128 0.0211126 0.0211126 36.4035 0.0211131 0.0216895 21.3665 0.0212574 0.0223451 0.0211128 0.021113 0.0211132 0.160983 0.0211157 0.0212285 0.0211789 0.0211787 0.0211127 0.0211126 0.0218231 2.31959 0.0211739 0.0214399 0.0211126 0.0211126 0.0211148 0.0211139 0.0213792 0.0211139 0.0211218 0.0211135 0.0211145 0.0211144 0.0248451 0.0211236 0.0211126 23.5694 0.0211126 221.367 0.0211626 0.0212148 0.0211134 29.4965 0.0211939 0.0211169 0.0386031 0.0211357 8.63914 0.0211128 0.021117 0.0211213 0.0211129 0.0211126 0.0211212 0.0211126 0.0211126 259.36 0.244661 0.0211136 0.0211126 0.0211128 0.0211127 0.0502152 0.0221309 0.0211678 0.0211222 0.0212122 0.0212001 40.9374 0.0211126 0.02408 0.0211218 0.0211139 0.0211129 0.0211129 0.0211535 0.0211131 0.0211365 0.0214893 0.0211126 0.021126 0.0211134 0.0211132 114.866 0.0211126 0.0264425 0.0211126 0.0211128 0.021113 6.59837 0.0534022 0.0212951 0.0211128 0.0212442 0.0211128 0.0211133 0.0728527 0.0211126 0.0211126 0.021147 0.0211129 0.0211774 0.0211126 0.0211126 0.0211358 0.0211978 0.021382 0.021188 0.0232104 8.91708 0.0211186 0.0245979 0.0211167 0.0215756 0.0211126 0.0211126 0.0211127 0.0211126 0.0211131 0.0211127 0.160522 0.0211283 0.0211126 0.0211132 29.2463 0.0211938 0.0211145 20.9124 0.0214025 0.0388394 47.0296 0.0219201 5.21761 0.0211128 0.0211128 0.0211141 0.0211156 454.23 0.021113 13.3705 0.021113 0.654451 0.0211155 0.021113 0.0214362 0.0211129 0.0251647 0.0218802 0.0211126 0.0214206 0.0211153 0.021113 0.021327 0.0211128 0.0211128 0.0211671 89.6221 0.0211127 0.021142 1614.03 10.1295 0.0226174 0.0211201 177.035 16.9969 0.0211457 0.0213552 0.0212049 0.0211276 0.0211127 214.576 0.0213815 0.021845 95.2578 0.0212596 0.021124 0.0211127 0.0211579 0.0211342 0.0211141 0.0211127 0.0211288 326.533 0.0213253 66.7789 0.0211126 0.0255368 0.021113 0.0211212 683.645 41.2835 133.067 0.0212097 0.0211131 18.833 0.021298 0.021113 0.0211141 2.39001 0.0211132 0.0211126
1 2 2,1 2,35922.5,0.0117962 0.0122782 121.484 0.011793 0.011793 0.0117963 0.0122629 0.0118024 24.0563 0.0117961 0.011793 0.011793 0.0118098 44.9206 0.0117936 0.011793 0.011793 0.011793 0.011793 0.011793 0.011793 0.0118125 0.011793 0.0117931 0.0117933 0.0117932 151.705 234.09 0.011793 0.011793 0.011793 0.011793 0.011793 0.011793 53.4472 0.011793 0.0117935 0.0117967 0.011793 0.0117932 0.011793 0.0120276 0.011821 0.0118027 105.613 57.6686 0.0117931 156.072 0.011793 0.011793 0.011793 0.011793 0.011793 0.011793 0.011793 0.0117938 0.011793 0.0122114 0.011793 92.6814 0.0117931 0.011793 0.011793 0.011793 0.011793 0.0117931 0.011793 0.0117995 202.269 0.0119286 0.011793 0.0117932 269.162 0.0117935 26.1497 0.011793 0.011793 0.011793 0.011793 0.0122979 39.4292 0.011793 0.011793 0.011793 0.011793 0.011793 0.011793 0.0117946 0.0118518 0.011793 0.0117932 0.011793 0.011793 0.011793 0.0118247 0.0117943 0.011793 0.0119724 0.0118178 0.0117983 0.011793 0.0118052 0.011802 44.9129 0.011793 0.011793 0.0117932 0.011793 0.011793 0.0117946 0.0117931 7.16697 0.011793 0.0117937 0.011793 0.0117934 0.011793 0.0117933 0.0118412 0.0117932 0.011793 0.011793 0.011793 0.0199505 0.011793 0.011793 0.011793 0.017089 0.0117931 0.0118161 0.0118832 0.0117931 0.011793 0.0120096 0.0119253 0.011793 74.1445 0.0118053 0.011793 0.011793 0.011793 0.0117934 0.011793 0.011793 0.0118497 0.0137328 0.011793 0.011793 0.0117931 0.011793 0.0118082 0.011793 25.7831 23.2223 65.0801 0.011793 0.011793 0.011793 0.0117932 0.0117931 0.0118522 0.011793 50.9261 0.011793 0.0118068 0.011793 13.127 0.0119101 0.011793 0.0117944 0.011793 0.011793 208.104 0.0117931 0.011793 5.65236 0.011793 0.011793 0.011793 0.011793 0.011793 50.6681 0.0117954 0.0119398 0.0117935 0.0117999 294.286 0.0118614 0.0119356 0.011793 817.096 0.011793 0.0117932 0.011793 0.011793 20.593 0.0118122 0.0118003 0.011793 0.011793 0.0118247 0.011793 0.011793 0.0119471 0.011793 0.0118021 0.0118187 0.0117931 0.011793 0.011793 0.011793 0.011793 0.011793 0.0118171 0.0117933 0.011793 0.0117938 0.0126359 0.0118019 0.0117992 45.8732 0.0117954 0.0117931 0.011793 0.0118809 0.011793 0.011793 0.011793 0.011793 0.0117941 0.011793 123.843 0.0117975 0.011793 0.0119244 0.011793 0.011793 0.011793 0.011793 0.011793 16.5736 0.0117972 0.0117936 0.0679287 69.2015 0.011796 0.0117933 0.011793 0.0124912 0.011793 0.011793 0.011793 0.0118022 0.011793 0.011793 0.0118079 0.0117931 0.011793 0.011793 0.0117942 0.0117976 0.0188479 0.0117935 14.5322 0.011793 0.011793 0.0117932 0.0117932 0.0117954 78.2115 0.011793 0.0117931 0.0117932 0.0117935 0.0118021 0.0117932 28.6037 0.011793 0.0118209 0.011793 0.0117931 0.0118016 0.0117943 0.011793 0.011793 0.011793 0.0117942 0.0117931 0.011793 0.0117935 0.0118014 0.011795 0.011793 0.0120222 0.0118028 0.011793 0.0117931 0.0117931 0.0117931 0.011793 0.0119079 0.011793 0.0117931 0.011793 0.011793 0.0117942 0.0120729 4.27744 28.061 79.4608 0.0117937 0.0117937 0.011793 0.011793 0.0117994 0.0119119 0.0117984 0.011793 0.011793 0.011793 0.011793 0.011793 0.011793 0.011793 0.0556697 221.838 0.011793 0.011793 0.011793 203.025 0.011793 0.0118021 0.0117966 0.011793 0.011794 0.011793 0.0119335 0.011793 0.0118506 0.011793 0.011936 0.011793 0.011793 4.47589 0.011793 0.011793 0.011793 0.011793 0.011793 0.011793 0.011793 0.0118913 0.011793 0.011793 27.0571 0.0117932 0.011793 0.0117933 64.6459 0.011793 110.991 0.011793 57.2317 0.011793 0.0119122 0.011793 0.011957 0.011793 0.011793 0.0117932 0.011793 0.0118903 0.0118652 0.011793 1218.16 0.0117931 0.011793 0.011793 0.0118086 0.0117948 0.0117932 0.0118064 0.0117933 0.011793 0.011793 0.011793 0.0119058 0.0408882 0.0118749 0.0118023 0.011793 0.0149807 0.011801 0.0118302 0.0117931 0.011793 0.0120583 0.011793 0.0130769 0.011793 0.0119504 0.0117938 47.617 0.0117946 0.0117933 0.0117938 0.0117932 0.011793 12.6643 0.0117959 26.9988 0.011793 0.011793 0.0117931 0.011793 0.0117974 0.011808 15.3193 0.011793 0.011793 0.0118108 0.011793 0.011793 10.6559 0.0117932 0.011793 0.011793 0.011793 0.0117941 0.011793 0.011793 0.0120296 0.011793 0.011793 0.0118753 0.0123717 0.0149302 0.011793 0.011793 0.0117934 18.5254 0.0118088 0.011793 0.011793 0.011793 0.0117931 0.0117933 0.0118058 0.011793 0.011793 0.0118095 0.0118267 0.011793 0.011823 0.011793 0.011793 0.011793 0.011793 0.011793 0.0155171 27.0891 0.011793 0.011793 0.011793 0.011793 0.0117972 0.0120283 15.9441 0.0117979 0.011793 0.011793 0.011793 0.0117931 0.0118041 0.011793 0.011793 0.0117936 0.011793 0.0117931 0.011793 9.99938 0.011793 0.011793 0.011793 0.011793 0.0118049 0.011793 0.0118026 0.011793 0.0117936 0.0118565 0.0118482 0.011793 0.0126065 0.011793 0.011793 0.011793 0.011793 0.011793 0.011793 0.0118141 0.011793 0.0118251 0.011793 0.0121107 0.0117931 0.0125829 353.989 0.0118025 0.011793 0.011793 0.0117956 112.333 0.011793 0.011793 0.0117933 0.011844 0.011793 0.0130193 0.0117934 0.011793 0.0118806 0.011793 0.011793 0.011793 0.0117949 0.011793 778.89 0.011793 0.0117935 0.0118754 0.011793 0.0117938 0.011793 0.011793 0.0141819 0.011793 0.011793 0.011793 0.0117931 0.011793 25.4634 0.0118224 0.0117938 0.0117972 0.011793 0.011793 0.011793 0.011793 0.011793 45.5468 0.0117931 0.011793 0.011793 0.011793 0.011802 0.011793 0.011793 80.9248 0.0118239 0.0118979 0.011793 0.011793 0.011793 0.0117931 0.0117936 0.011793 0.011793 0.0121286 0.011793 0.011793 0.011793 0.011793 0.0118835 0.011793 0.0117933 0.011793 0.0118288 0.011793 0.011793 0.0126838 0.0118814 0.011793 0.011793 0.0118077 0.0119152 0.011793 0.0117931 0.0117931 0.0117936 0.0117933 0.011793 0.0117932 373.281 0.0118367 0.011793 0.011793 0.0118261 0.011793 0.011793 0.011793 0.0121061 0.011923 0.0117932 0.011793 0.011793 0.0117931 0.011793 0.011793 0.011793 0.011793 0.011793 0.011793 0.0118085 0.011793 0.0123194 0.0117931 0.0117931 0.0117933 0.011793 0.0117941 0.0117931 0.011793 0.011793 0.011793 0.011793 0.0117991 0.0118638 0.0119184 54.9504 0.011793 121.708 0.0117936 0.0118576 0.011793 0.011793 0.011793 0.011793 0.011793 0.011793 0.0117931 0.0120515 0.0117931 0.0117931 0.0117931 46.9403 0.011793 0.011793 0.0117933 0.0117934 0.011793 0.0127531 0.011793 0.0251727 0.011793 0.0117945 0.0117931 0.0117931 0.011793 0.0117931 0.011793 0.011793 0.0117932 0.0117931 0.011793 0.011935 52.4865 0.011793 0.0117949 0.011793 0.0117932 0.0117931 0.0118012 3.40152 0.0118123 0.0117943 0.0117932 0.0117931 0.0118661 0.0118088 0.0117983 0.0120992 0.0117982 150.04 0.0117981 0.0117931 0.011793 0.0118451 0.0117932 0.0119572 0.011793 0.011793 0.011793 0.011793 0.0118049 0.011793 0.0153388 0.0117935 0.011793 0.0118283 0.011793 112.921 0.0117931 0.0117956 0.0120116 14.5117 0.0120149 0.011793 0.011793 0.0117932 0.0117931 0.011793 0.0118004 0.011793 0.011793 0.011793 0.0122221 0.0118078 0.011793 0.0117946 0.0127479 0.0118956 0.011793 0.011793 339.041 0.0124076 14.7221 0.011793 0.011793 81.314 0.011793 0.011793 0.011793 0.011793 0.0118064 0.0118761 0.0117959 0.0347496 10.1395 0.011793 0.011793 0.0118268 0.0117931 0.011793 0.011793 0.011822 0.0118204 0.011793 0.0117931 5.06342 115.38 0.0117931 0.0340623 0.0117931 0.0117932 0.0119715 0.011793 0.0704023 0.0117931 0.0118315 0.0119228 0.011793 0.0118261 0.011793 0.011793 0.011793 0.011793 168.894 0.011793 0.0250482 0.0117931 0.011793 0.0117931 0.0117985 75.6539 0.011793 0.0118104 0.011793 0.0118244 0.011793 0.0117933 0.0117936 31.7834 0.011793 0.011793 33.3203 0.011793 0.0118885 0.011793 0.011829 0.011793 0.011793 0.0117932 0.011793 0.011793 0.0118015 0.011793 0.011816 0.0117933 0.011793 0.011793 14.9837 0.011793 47.9812 0.011793 0.011793 0.011793 0.0117995 0.011793 0.0123938 0.0117931 338.948 0.011793 0.011793 0.011793 0.0122365 0.0118006 0.011793 0.0117932 31.7432 0.011793 0.011793 0.0117932 0.011793 0.011793 37.3384 0.011793 0.0117931 0.011793 0.011793 0.0119284 0.011793 0.011793 0.0118057 0.011793 0.011793 0.0118932 0.011793 0.011793 97.8526 0.011793 116.663 0.011793 739.717 0.0123342 81.9629 0.011793 4.82783 0.0117931 64.6485 0.0118218 0.011856 0.011793 0.011793 0.011793 0.011793 0.0117945 0.0119166 0.0117931 1161.09 0.011793 108.266 0.011793 0.0117932 13.6836 0.0119512 0.011793 0.0117931 0.0194434 0.0117931 0.0117966 36.0335 0.0118292 0.0118022 0.0117931 0.0118565 0.011793 0.011793 0.0118705 0.011793 0.0117931 0.011793 0.011793 0.0117932 0.011793 343.124 0.011793 0.0118018 5.81351 0.0118455 0.0118696 102.345 0.0117935 0.011793 0.011793 0.0118813 0.0117937 0.162121 0.0117938 0.011793 1.88454 0.011793 0.011793 0.011793 0.011793 0.011793 0.0118061 0.0118626 0.0117931 0.011793 0.0117931 0.011793 238.66 0.011793 0.0118023 0.011793 0.0118289 21.2004 0.011793 0.0119402 78.5683 0.011793 0.0117934 0.0117932 105.398 0.011793 43.1235 0.011793 0.011793 0.0117936 0.0121169 0.0118049 0.011793 14.3726 0.0117932 0.0119228 0.011793 0.012001 0.011793 0.0118052 363.659 0.011846 0.011793 0.011793 0.011793 0.011793 0.011793 0.011793 0.0117946 0.011793 0.011793 0.011793 0.011793 0.011793 0.011793 0.0117934 0.011793 0.0117954 0.0117932 0.011793 0.011793 232.089 0.011793 0.011793 0.0117943 0.011793 0.0118834 0.011793 0.0171876 0.0117938 0.011793 0.0117932 0.011793 0.0117931 0.011793 19.806 0.0118287 0.0118021 0.011793 0.011793 791.982 0.011793 0.0118276 0.0117934 0.011793 0.011793 0.0119617 0.0117931 0.0117933 0.0117933 32.0419 0.0118066 0.011793 0.0119933 0.011793 0.011793 0.011793 0.0117931 0.011793 0.011793 0.011793 0.011793 0.0118138 0.0118001 0.0118584 0.0117998 0.0117931 1314.77 0.0117963 0.012815 28.3589 0.0117931 0.0117931 0.011793 0.011795 0.011793 0.0117934 0.011793 0.0120172 50.4375 0.011793 42.1371 149.315 69.3059 0.011793 0.0118201 0.011794 0.011793 0.011793 0.0117933 0.0118809 0.011793 0.283521 0.0117942 0.0117947 0.011793 0.011793 0.011793 0.011793 0.011793 0.011793 0.011793 0.0117934 0.0118348 0.0117931 0.0118497 0.011793 0.526983 0.642068 0.011793 0.011793 0.011793 0.011793 0.0117943 0.011793 0.011793 0.0118034 0.0117933 0.0127593 0.011793 0.011793 0.0117934 0.011793 0.011793 0.0156148 0.0117961 0.011793 0.011793 0.0117933 38.4379 0.011793 0.0117931 0.011793 0.011793 0.011793 0.0118033 0.011973 0.011793 0.120721 0.011793 0.0117931 0.0118089 0.0127761 0.011793 0.011793 0.0117931 0.011793 0.011808 0.0117943 0.011793 0.011793 0.011793 0.011793 0.011793 28.8522 170.96 0.0117936 0.011793 0.011793 0.011889 0.011793 68.9797 0.0117959 0.011793 0.011793 0.0117938 0.0117974 0.0118645 57.2113 0.0117996 0.011793 0.0118028 0.011793 0.0117964 0.011793 0.011801 0.011793 0.011793 0.011793 0.0118135 0.011793 0.011793 0.011793 0.011793 281.974 0.011793 0.011793 0.0117931 0.011793 0.0117931 0.011793 0.0121588 0.0131138 0.011793 0.0117931 0.011793 10.0596 0.0118064 33.1383 0.011793 0.011793 0.188921 0.011793 0.011793 0.0118392 0.0117931 0.0117988 0.011867 0.0119013 0.0117931 0.0117932 0.011794 0.011793 0.011793 0.011793 0.011793 0.0118028 141.789 0.0118071 0.011793 0.011794 26.7229 0.0117932 0.011807 0.011793 0.011793 0.011793 0.011793 0.011793 156.402 0.0117931 0.0117939 0.011793 0.011793 0.011793 0.0117932 0.011793 0.011793 16.8358 0.0118223 0.011793 0.011793 0.0120076 0.0117939 0.012218 0.0118005 0.011793 0.0117996 0.011793 0.011793 0.0117936 0.0121032 0.0118226 0.0117931 0.011793 0.011793 0.0118765 0.0118217 0.0117932 0.0117931 0.011793 0.0117933 0.011801 0.011793 0.0118803 0.011793 0.0118005 0.0119948 0.0118862 0.0117962 0.011793 31.0202 0.011793 0.011793 0.011793 0.0120091 0.0118949 0.0117933 0.0117964 0.011793 0.0118478 54.8376 0.011793 0.011793 0.011793 0.011793 0.0117933 0.011793 0.0118006 0.011793 0.011793 0.0117931 16.5736 0.0119465 11.6482 0.0120717 0.011793 0.0145449 0.0292019 0.0117942 0.0118453 0.011793 0.011793 0.0117931 0.011793 0.011793 0.0117932 0.011793 53.1938 0.011793 438.584 0.011793 0.0119139 0.011793 0.011793 0.011793 63.2939 0.0122114 0.011793 0.011793 0.0117932 0.011793 0.0117937 0.0117931 0.0117932 0.0172143 0.0118196 0.011793 1.86718 0.0117934 0.011793 328.588 0.011793 0.011793 1343.76 0.0118557 193.228 0.011793 106.922 0.011793 150.329 0.011793 0.0117934 0.0117934 0.0123728 0.011793 0.011793 0.0117934 0.011793 21.0616 0.011793 231.782 0.011793 0.0135332 132.386 0.0117931 0.011793 0.011793 0.0117939 0.011793 0.0165948 0.0117943 0.011793 0.011793 0.011793 0.0117934 15.5915 0.0117933 0.011793 0.011793 0.011793 0.0117931 0.0117938 312.139 0.011793 0.011793 175.648 0.0117931 0.0117931 0.011793 0.0119682 0.0117964 0.0118085 0.011793 0.011793 0.011793 0.011793 0.011793 0.011793 0.011793 0.011793 0.0117934 0.011793 48.1529 0.011793 0.46582 551.509 0.0119253 43.8598 0.011793 0.011793 5.95216 0.0117936 0.011793 0.0117935 0.0118971 0.0119042 0.0117939 0.0117936 0.011793 0.011793 0.011793 0.011793 1317.43 0.0118092 0.0149121 0.0118231 0.0117935 0.0117932 0.011793 0.0141847 0.0117937 0.0118184 0.011793 43.8023 0.0119988 0.011793 0.011793 322.129 0.011793 0.011793 0.011793 0.0117931 0.0119448 0.0119856 0.0118081 0.011793 0.0118446 0.011793 0.0117931 0.011793 0.011793 0.0119136 0.0117979 0.011793 0.0146189 0.0117931 0.0118996 0.011793 0.011793 0.0117931 0.0117938 0.0117986 0.011793 0.011793 0.011793 0.011793 0.0117953 0.0117931 0.011793 0.011793 0.011793 0.0118158 0.0118072 0.011793 102.071 0.011793 0.0119035 0.01181 0.011793 0.40638 0.0117934 177.891 0.011793 0.0117982 0.0117937 57.1369 0.011793 0.011793 0.011793 0.0118403 0.011793 0.011793 0.011793 0.011793 0.0118363 0.245257 0.011793 0.0117933 0.0121768 103.674 0.011793 0.011793 0.011793 0.011793 0.011793 0.011793 0.011793 0.0117954 0.011793 0.0165502 0.011793 0.011793 0.0118948 0.011794 0.011793 0.0167465 0.0119249 0.011793 0.011793 0.011928 0.011793 0.011793 0.011793 0.011793 0.0118495 0.011793 0.0117959 0.011793 0.011793 0.011793 0.0117933 0.0127203 90.9822 0.011793 0.0118032 0.0118663 0.011793 0.011793 0.011793 0.0117952 0.011793 0.011793 0.0117931 0.011793 0.011793 0.011793 0.0117976 20.4338 0.011793 0.011793 0.0117945 0.0117933 0.0118008 515.064 0.011793 0.0117952 0.011793 0.0117946 0.011793 0.011793 0.0117934 0.011793 0.011793 0.011793 0.011793 0.0119436 0.011793 0.0947393 0.0126348 0.0119907 0.0118708 0.011793 0.011793 0.011793 0.0117932 0.011793 0.011793 0.011793 47.0901 0.0118585 0.012059 0.011793 0.011793 0.011793 0.011793 0.0117931 0.0120554 0.011793 0.011793 0.011793 0.0117931 0.011793 0.0117947 0.0117934 0.011793 0.0117949 0.0120842 0.011793 0.011793 14.4164 0.0120017 0.0118009 0.011793 0.0117931 0.0117944 0.011793 0.0211256 0.011793 0.0118047 45.5947 0.011793 0.0117932 34.4439 0.011793 0.011793 0.0117965 0.011793 0.0119262 16.0889 0.0118545 0.011793 0.011793 13.5763 0.0117931 0.011793 0.011793 0.0122217 0.011793 0.0117934 0.011793 0.011793 0.0117938 0.0119012 0.0120929 0.011793 0.011793 0.0117934 0.0117936 117.685 0.0120366 0.011793 18.3532 0.0118325 0.011793 0.011793 0.0117932 0.011793 0.0119127 0.011793 0.0117934 0.011793 0.0117945 0.011793 17.6866 0.0117932 0.011793 0.0118974 0.0117933 0.011793 0.0117948 0.0148215 0.011793 0.011793 0.011793 19.7706 0.011793 0.011793 0.0121621 0.0117931 0.011793 0.011793 0.0128395 0.011793 643.974 0.0118195 0.011793 0.011793 0.011793 0.011793 0.0117932 0.0121246 0.0117939 0.011793 45.304 0.0117959 0.011793 0.0126796 0.011793 0.0117932 0.011793 0.011793 0.011793 0.011793 0.011793 0.0117933 0.0118015 0.0117979 0.0118221 0.011793 0.0119521 0.011793 0.0117931 0.011793 0.011793 0.011793 0.0121696 14.5302 0.0117934 0.011793 0.011793 0.011793 0.011793 0.0117968 0.011793 0.011793 0.011793 0.011793 0.0117936 0.011793 0.0118908 0.011793 376.546 0.0117956 0.0117934 33.972 0.011793 0.011793 0.0127955 0.011793 0.011793 0.011793 0.011793 0.0117964 0.011793 0.011793 0.0121038 0.0161201 0.011793 0.011793 43.4676 0.0119398 0.011793 0.011793 0.011793 0.011793 0.011793 0.011793 23.6501 0.011796 0.0300565 0.011793 147.195 0.011793 84.839 0.0117931 0.0118361 49.0711 29.8316 0.0117939 0.011793 0.0118969 0.0118078 0.0117942 0.0117931 29.3572 0.0117931 0.0209095 0.011793 0.0117933 0.0119973 0.0118086 0.011793 353.152 0.0117932 0.011793 0.011793 0.0189363 0.0117963 0.0120801 27.4321 0.011793 0.0117933 1.87446 0.0119141 0.0117932 0.011793 0.011793 0.011793 94.35 0.011793 0.011793 0.0117932 0.0117955 0.011793 0.011793 0.0118041 0.011793 0.0119016 0.0117931 0.0118636 0.0142193 0.011793 0.0117956 0.011793 0.011793 0.011795 0.0117931 0.011793 0.011793 0.0700285 0.0117931 3875.53 0.011793 0.011793 0.0117931 0.0119647 0.011793 0.0118766 0.0117931 0.011981 0.011793 0.011793 0.011793 0.011793 0.011793 0.011793 0.011793 0.011793 0.011793 0.0120148 25.7421 0.011793 0.0117941 12.5817 0.011793 0.0117998 0.011793 68.1277 0.011793 0.0118698 0.011793 0.0117932 247.347 0.0117931 0.0118535 0.0119381 0.011793 0.011793 0.146489 0.0117953 0.0335216 0.0117945 0.0120238 0.011793 0.011793 0.011793 212.323 0.011793 0.0117937 0.0118405 0.0121139 0.011793 145.119 0.011793 0.011793 0.011793 0.0117932 0.011793 0.011793 0.011829 0.0894985 72.5918 0.011793 0.0117938 0.011793 197.717 18.4931 0.011793 0.011793 0.01184 0.011793 0.011793 0.011793 0.0120542 0.0117971 0.0117932 0.011794 0.0129765 0.0118046 0.0117931 0.0118556 0.0117933 0.0117932 0.011793 0.0117932 0.0117947 28.0214 0.011793 0.0118644 0.0121406 0.0119856 0.011793 0.0117931 0.0127904 0.011793 0.0117936 7.47564 0.011793 0.011793 0.011793 0.011793 0.011793 0.011793 0.0118173 0.011793 10.905 0.011793 0.0118626 0.0117931 0.011793 0.0117938 0.011793 0.011793 0.0117933 0.011793 0.011793 0.0118022 0.0117933 0.011793 0.0117934 38.4419 0.011793 0.0117934 0.011793 0.0117935 0.0118903 0.0117935 0.011793 0.0117932 0.0120062 0.0117933 0.011793 0.011795 0.011793 0.0117958 2.66067 0.0117932 0.011793 92.4364 0.011793 126.611 0.012326 0.011793 0.0117932 0.0121105 0.0117931 0.011793 0.0231364 0.0121458 0.011793 0.0117931 0.011793 19.0825 0.0118985 0.0117938 0.0117932 0.0117933 0.011793 0.0117931 0.011793 0.011793 0.011793 0.0117931 0.0118095 0.0117961 0.011793 0.0117931 0.0117931 0.011793 0.0117955 0.0117933 0.011793 169.408 0.0126266 0.011793 22.9622 0.011793 0.0117939 0.011793 0.0117951 5.29892 0.0117952 0.0123372 0.011793 0.0159543 34.8953 0.011793 0.011793 0.011793 0.011793 0.0118406 0.0118151 0.011793 0.0118025 0.0141526 0.011793 0.011793 0.011793 0.011793 0.011793 0.0117933 0.0118261 28.4158 0.0117933 0.0117947 0.0117931 0.0118688 0.011793 0.011793 0.0117931 0.011793 0.0117955 0.011793 0.0117942 0.0117939 0.0117999 0.0117931 0.011793 0.0117968 227.379 0.011793 0.011793 0.0117931 0.011793 0.011793 0.0122301 0.0117932 0.0117985 0.011793 0.011793 0.0118022 0.0117932 0.011793 0.0124322 0.011793 0.0117934 0.0118452 0.0117949 19.7828 0.0118679 0.0117962 57.3504 0.0117931 0.0117931 0.011793 0.011793 0.0117932 0.011793 0.0117943 0.011793 0.0117931 0.011793 90.4232 0.0117932 0.011793 0.011793 0.011793 0.011801 0.011793 0.0117943 0.0118303 0.011793 0.011793 24.1588 0.011793 552.714 0.435197 0.0122474 0.0118075 0.0117932 356.848 0.0141628 0.011793 0.011793 0.032553 0.011793 0.0118123 0.011793 32.0233 0.0122385 5.26729 0.011793 0.011793 0.011793 0.0117937 50.3145 0.0118268 0.011793 0.011793 490.991 0.011793 0.0117931 0.011793 0.011793 0.0118411 0.011793 0.0120281 0.011793 0.0117931 0.011793 0.011793 0.011793 0.0117932 0.0118139 0.011793 0.0117953 0.0118835 0.0118095 0.011793 0.011793 0.0117955 0.011793 0.0119247 0.0117946 0.0121633 0.011793 0.011793 0.011793 0.0117933 0.011793 0.011793 0.011794 0.0122166 0.0120527 0.0121648 0.0117931 0.011793 0.0120004 0.011793 0.0117953 0.011793 0.011793 0.0117931 0.0117933 0.011793 0.0119592 0.011949 0.011793 0.011793 0.0122428 0.011793 0.011793 13.5165 0.0120017 0.0144141 0.011793 0.0118758 0.0117961 0.011793 0.011793 0.0118268 0.011793 0.011832 0.0119523 0.011793 0.0117942 0.0117934 0.011871 0.0117937 0.0117973 0.011793 0.0118587 0.011793 0.0118122 0.0117975 0.0120515 0.011793 0.0118186 0.011793 0.011793 0.011793 0.011793 0.011793 105.111 0.0120367 0.280851 0.011793 0.0117931 110.536 38.7473 36.0376 0.0119058 0.011793 0.011793 0.0117933 0.700702 0.0139147 0.011793 0.011793 0.0117995 0.0117984 62.4532 0.011793 0.0119884 0.011793 0.0117931 0.011793 3.79544 0.0118239 0.011793 0.0118113 0.0118071 0.0117931 0.0117931 0.011793 0.0117959 0.011793 0.0117932 51.1999 0.0117941 0.0118454 0.0118236 0.011793 0.011793 0.0117944 0.0117931 0.0117931 0.0118997 0.011793 0.011793 25.4634 0.0117936 103.897 41.3503 0.011793 0.011802 0.011793 0.011793 0.011793 0.0117931 0.011793 0.011793 0.011793 0.011793 0.0117975 18.2793 0.011793 0.0118056 0.0117951 0.0119182 0.0118107 0.0117986 0.0118002 0.0117941 0.0122129 0.011793 0.0118266 0.0118026 0.0120123 0.011793 0.01184 0.011793 0.011793 0.011793 0.011793 0.0119806 0.011793 0.0118143 0.0117972 0.0117931 19.7633 0.011793 0.011793 0.011793 0.0118451 0.0117932 0.0118035 0.011793 0.011836 0.011793 0.011793 0.0118134 0.0117932 111.159 0.0117993 0.011793 0.011793 0.011793 0.011818 0.011793 0.011793 0.0117937 0.0117931 0.0117933 0.011793 0.011793 0.011793 0.0120815 0.0118003 0.011793 0.011793 0.011793 0.011793 0.011793 0.011793 0.011793 0.0118101 0.011793 0.011793 0.011793 0.011793 0.0118055 0.011793 0.011793 0.011793 0.011793 0.011793 0.011793 0.011793 0.011793 0.0117933 0.175417 0.0121974 0.011793 0.011793 0.011793 0.011793 0.011793 0.011793 7.62752 0.0117936 0.0117931 0.011793 0.011793 0.0118678 0.0117931 0.011793 0.011793 0.011793 0.011793 0.011793 0.0118022 0.011793 0.0117931 0.011793 0.011793 0.011793 0.011793 0.0118824 0.011793 0.011793 0.0117933 0.011793 0.011793 0.011806 0.0118 0.0117931 0.011793 0.0117934 0.011793 0.011793 0.0117932 0.0119576 0.011793 0.0117931 0.0120125 0.011793 0.011793 0.0117936 0.011793 0.011794 0.012043 0.0119782 0.011793 0.0117935 0.011793 0.011793 0.0117935 0.0164349 0.011793 451.724 0.011793 0.011793 23.3963 0.011793 0.0117931 0.0598315 0.011955 0.0119359 0.011793 0.0117931 0.0120459 0.0117935 0.011793 0.011793 26.1444 0.011793 0.0118164 0.011793 0.011793 0.011793 0.011793 0.0117933 0.011799 0.0118147 13.8259 0.011793 0.011797 0.0124135 0.011793 0.011793 0.011793 0.0117941 0.0118003 0.011793 0.011793 0.0117998 0.011793 61.3782 0.0117981 0.011793 3376.69 114.354 0.0117961 10.0885 0.0166917 0.011793 0.0122755 0.011793 0.0117959 0.0117933 0.011793 0.011793 0.0117941 0.0118158 0.011793 66.6232 0.011793 0.0118101 0.011793 0.0117948 0.011793 0.0117931 0.011793 0.0117933 0.0325558 0.0117951 0.0117931 20.3245 0.0121088 0.011822 0.0117931 0.0118815 0.0119448 1.78269 0.0121397 0.011793 0.011793 0.011793 0.011793 0.0117934 0.0117944 57.0058 0.0118643 0.011793 64.6297 0.011793 0.0122505 0.011793 0.011793 0.0117946 0.0118042 0.011793 0.011793 0.0119578 0.0117959 0.011793 0.0120508 0.0117931 0.0117931 0.011793 0.011793 0.0117983 0.0117931 0.0117938 0.011793 0.0117931 0.0117934 0.0120043 0.0117945 0.011793 0.0117931 0.0310657 0.0117931 0.0117931 0.0117931 0.011793 0.0122104 0.011793 0.011793 0.011793 0.011793 0.0998821 0.011793 0.0119716 0.011793 0.0117941 0.0122479 0.0117934 0.0117936 0.011793 0.011793 0.011793 0.011793 0.011793 0.0117931 12.9876 0.011793 0.011793 0.0166434 0.011793 0.011793 0.011793 0.011793 0.011793 79.2073 0.011793 0.011793 23.7954 0.011793 0.011793 0.0119063 0.0117939 0.011793 0.0119015 0.011793 0.011793 0.011793 0.0118326 0.011794 0.0118404 0.011793 0.0761676 0.0117932 0.0117957 0.011793 0.0118048 0.011793 0.011793 0.0120662 0.011793 0.011794 0.0117933 0.011793 0.0119527 0.011793 0.011793 0.011793 0.011793 0.0120968 0.011793 0.0117982 0.011793 0.0118675 0.011793 0.011793 0.011793 0.011793 0.011793 0.011793 0.011793 0.011793 0.0117942 0.011793 0.0117938 0.0119204 0.011793 0.0117931 0.0134464 0.012546 0.0118225 0.011793 0.011793 15.9434 0.0117932 0.011793 0.011793 0.0118135 0.0118289 0.0117992 0.0117937 0.011793 0.011793 0.011793 0.0118093 160.764 0.0117936 0.011793 98.0284 0.011793 0.0121652 0.011793 0.0122967 0.011793 0.0118779 0.0117959 0.011793 0.011793 0.011793 1.16208 0.011793 0.011793 0.0117931 0.023673 0.011793 0.011793 0.011793 0.011793 0.011793 0.011793 0.0117933 0.0123267 0.0128844 0.011793 0.0117934 43.7425 332.24 0.0118064 0.0117931 0.0118572 0.0117931 0.0119094 0.0117932 0.011793 0.011793 0.011793 0.0119441 0.011793 0.011793 0.0118214 0.011793 0.011793 0.0117933 0.0117935 0.011793 116.879 0.0737418 0.0119118 0.0117931 0.0117932 50.6452 0.0117931 0.0117992 63.8996 0.011793 0.0117954 0.011793 0.011793 0.0118012 0.011793 0.011793 0.0117931 0.011793 0.011793 0.011793 0.0124198 0.011793 0.0124162 23.1018 0.011793 0.0118946 0.011793 0.0117949 0.0117952 0.0117935 389.383 0.0117939 0.0132829 0.0118292 0.011793 0.011793 0.0276759 0.011793 0.011793 0.011793 0.0117934 0.011793 0.0132539 0.011793 0.011793 0.0123528 0.011793 0.0120516 0.011793 0.011793 0.011793 0.011793 0.0117987 0.011793 0.011793 0.011793 0.0117933 0.011793 0.0117931 0.0117931 0.011793 0.011793 0.011818 0.011793 0.011793 0.0117932 0.011793 0.0117931 0.0117931 0.0120289 0.011793 0.0117933 0.011793 0.0118534 0.011793 0.011793 0.0117933 0.011793 0.0117931 0.011793 0.0119558 0.0117931 0.011793 0.011793 0.011793 18.3514 27.4321 0.0117931 0.0118685 0.011793 0.0118404 0.011793 0.011793 25.6269 0.0119107 0.011793 0.011793 0.011793 0.0117931 133.564 0.011793 0.0117934 0.0117931 0.011793 0.011793 0.0117931 0.0117939 0.011793 0.011793 0.0117932 0.0119567 0.0118031 0.011793 0.011793 0.0117931 0.0117934 0.011793 0.011793 0.011793 0.0118001 0.011793 0.011793 0.0117938 0.011793 0.011793 0.011829 0.011793 0.0177685 0.0118016 0.011793 0.01185 0.0151216 0.011793 0.0117931 0.0120932 0.011793 0.011796 0.0117944 0.011793 19.0818 0.011793 0.0117931 0.0117938 0.011793 0.011793 0.011793 0.011793 0.011793 0.0117938 0.011793 0.0117996 0.0380199 0.0117972 0.011793 0.0121634 0.011793 0.011793 0.0119212 0.011793 0.011793 0.011793 0.0117932 0.0117946 0.011793 0.0921368 0.0118528 0.011832 0.011793 91.429 0.0619853 0.011793 0.011793 0.0117931 575.218 0.0118317 0.0118611 0.011793 0.011794 0.0118554 0.0118668 0.0119744 0.011793 0.011793 0.0118308 0.012558 0.011793 0.011795 0.0118661 0.011793 0.0117936 0.011793 0.0118696 0.011793 0.0118757 0.0118283 0.011793 0.0117938 0.0123689 0.0120025 47.6615 0.011793 0.0117941 0.0117943 0.011793 0.011793 0.011793 0.0118258 0.011793 0.011793 0.0117945 63.2278 0.011793 0.0117932 0.011793 0.0117939 0.307294 0.0118047 0.011793 0.0121683 0.011793 0.0117932 0.011793 0.0120864 0.011793 0.011793 0.011793 0.011793 0.011793 15.4523 0.011793 0.011793 0.011793 0.011793 0.011793 0.0117933 0.0118682 0.0117932 0.011793 0.011793 279.098 0.011793 0.011793 0.0117931 0.011809 0.011793 777.623 0.011793 20.6794 0.011793 0.011793 0.011793 0.0117931 15.2985 0.011793 0.011793 0.0117931 0.011793 0.0118099 0.0121769 0.0117931 0.011793 0.011793 0.011793 0.011793 0.011793 0.0117939 0.011793 0.0119967 0.011793 0.011793 0.120858 0.011793 0.0118288 0.011793 0.011793 0.011793 0.0118093 0.0117965 1.54845 0.0117932 0.011793 51.5977 0.011793 0.011793 0.011793 0.011793 0.0119616 0.0122103 0.011793 0.011793 60.9188 0.0117964 0.011793 0.011793 0.011793 0.0117946 0.011793 0.011793 0.011793 0.011793 0.0125834 0.011793 0.011793 0.011793 0.011793 0.0117931 906.785 0.011793 0.0117931 0.0118316 0.011793 0.011793 0.0117959 0.011793 0.011793 0.011793 0.0117931 0.0117931 0.0118082 0.011793 0.011793 0.011793 0.011793 0.0118814 0.0117931 0.0117945 0.011793 0.011793 0.011841 0.0118049 0.011793 0.011793 0.011793 0.0117935 81.1536 0.011793 0.0124097 0.0118136 0.0118279 160.545 0.011793 46.9404 0.011793 0.0117932 0.0118976 0.011793 0.0117955 0.011793 0.011793 0.011793 0.011793 0.011799 0.011793 0.011793 0.011793 0.0117931 0.011793 0.011793 0.0118075 0.011793 113.72 0.0117931 0.0117934 0.0118014 0.0117954 0.011793 0.0118311 0.011793 0.011793 0.0119566 0.011793 0.011795 0.0118943 0.011793 0.011793 0.0119068 0.0164 0.011793 0.0117935 0.011793 14.3033 0.011793 0.0117947 0.0119297 0.0118062 18.4769 0.0118291 0.011793 0.0117935 0.011793 0.0117972 0.0124589 0.011793 0.0119313 0.0141389 0.0117941 141.165 0.011793 0.011793 0.0117951 0.0118009 0.0122362 0.011793 0.011793 0.0121056 6.42955 0.011793 0.011793 0.011793 0.0117936 0.0117935 0.0122173 0.011793 0.011793 0.0117933 0.0118101 0.011793 0.011793 15.8416 0.011793 0.0117934 40.0789 0.011793 0.011793 0.011793 0.0149074 0.011793 0.0117931 0.011812 0.0117931 0.011793 0.011793 0.0117987 0.0119816 0.011793 0.0174882 0.0118683 81.9868 0.0118069 0.011793 0.0118333 0.0118893 0.011793 0.011806 0.0117932 0.011793 0.0117931 0.011793 0.011793 0.011793 0.011793 0.011793 0.011793 0.011793 21.973 0.011793 0.0119855 0.0118021 0.0117982 0.011793 1739.06 0.011793 0.0117948 0.011793 0.0117931 0.011793 0.011793 0.0118061 0.011793 0.011793 0.0117932 0.011793 0.0321795 0.0117962 0.011793 0.011793 6.21236 0.0117957 0.0118436 0.011793 0.011793 0.0117932 0.0117978 0.011793 0.0119918 0.0117945 0.0901233 0.011793 0.0118487 8.25343 0.011793 0.0119482 0.011793 0.0412605 0.011793 0.0118035 0.011793 0.011793 0.011793 0.011793 0.011793 0.011793 516.085 0.011793 0.011801 0.0117931 307.931 0.0120295 0.0118081 0.011793 0.011909 0.0120341 0.011912 39.9251 0.0117931 0.011793 0.011793 0.011793 0.01195 0.0117969 15.9434 0.0117936 0.011793 0.011793 0.011793 0.0118866 0.0117936 0.0118568 0.011793 0.0117947 0.011797 0.011793 173.432 0.011793 0.0120055 68.2592 0.0118381 0.011793 0.011793 0.0117975 0.011793 284.589 0.0117931 0.011793 0.011793 0.0117933 0.011793 0.011793 0.0118085 0.011793 0.0117942 0.011864 0.011793 2.11763 0.011793 0.0118103 0.0118815 0.011793 36.3643 0.011793 0.011793 44.1144 0.011793 0.0117934 0.0329631 0.011793 0.011793 0.0117931 110.932 0.0119719 0.0117931 0.0117949 0.0117956 0.011793 436.803 0.011793 0.011793 0.011793 0.011793 0.011793 0.0118573 0.011793 0.0117935 89.4449 0.0117931 0.011793 0.011793 0.0117937 0.011793 117.755 0.011793 0.011793 0.0118775 10.5416 0.0117931 0.011793 0.0118359 0.011793 0.0122502 0.011793 0.011793 0.011793 0.0117971 61.6982 0.0117932 0.011793 0.011793 0.011793 0.0117931 0.0117934 0.0118536 0.011793 0.011793 0.0118185 0.0117931 0.0118343 0.011793 0.011793 0.0120119 0.011793 0.011793 0.011793 0.011793 5.14921 0.011793 0.011793 0.011793 0.0118941 0.579089 0.0117931 0.011793 0.011793 0.0117932 0.011793 12.2122 0.011793 0.011793 0.011793 0.0117932 0.0117938 0.011793 0.0118729 0.0117931 0.011793 0.0127501 0.0118357 0.0117936 0.0117931 0.011793 0.011793 0.011793 0.0118771 0.011793 0.011793 0.011793 75.8076 22.81 0.0117931 0.0117931 0.011793 0.0118614 0.0117933 0.0117931 0.011793 0.0117931 0.0119263 0.011793 0.011793 0.0117931 593.312 0.011793 51.906 56.0933 0.011793 0.0118533 0.0119084 0.0118005 0.011793 0.0124142 0.0117951 0.011793 0.0118154 0.0117942 155.101 0.011793 0.0118169 0.011793 0.011793 0.0117931 0.011793 0.0118655 0.011793 0.011793 71.8167 0.011793 0.011793 0.011793 0.0118349 0.011793 0.011793 0.011793 0.0118097 0.0119947 116.793 18.2293 0.011793 0.011793 0.011793 0.011793 0.011793 0.0118229 0.0117931 0.0121984 0.0133453 1240.69 0.0117931 0.0117933 45.7771 0.0117932 0.0119116 0.011793 0.011793 0.011793 0.011793 0.011793 0.011793 0.0117934 0.011793 0.0117935 0.011793 0.011793 0.011793 0.0119206 0.0117935 0.011793 0.011793 0.011793 0.011793 0.0117988 0.0119396 0.0118561 100.809 1.2529 0.0118083 0.011793 0.0117935 0.0117935 0.0118087 0.01226 0.0117937 0.0121741 0.0119623 0.011793 135.758 52.3749 0.0117992 0.011793 0.0117995 0.011793 0.011793 0.0118863 0.011793 0.0117939 0.011793 0.011793 0.011793 0.011793 0.0117937 0.011793 0.011793 0.011793 0.011793 0.0117968 0.0119577 0.011793 0.011793 0.0118684 11.6482 0.0117943 0.0118737 337.125 0.0117943 0.0117943 0.0117931 0.011793 0.0117931 0.0218767 0.0117935 135.652 0.0117931 0.011793 0.0117988 0.0118419 0.011793 0.011793 0.011889 0.011793 104.292 0.011793 0.011793 0.0117942 0.01229 0.0119353 0.011793 0.0117932 0.011793 0.0118895 0.0125497 0.0117932 0.011793 0.011793 0.011793 59.0492 0.290718 0.0168104 0.0117935 0.0173362 0.011793 0.011793 0.0119578 0.0117931 0.011793 0.711396 0.011793 0.011793 0.0118013 0.011793 0.0117931 0.011793 0.0117931 0.011793 0.0166905 0.0120471 0.0118165 0.0118004 0.0117969 0.0118613 0.0117931 0.011793 0.011793 0.011793 0.0117965 0.011793 0.011793 260.416 0.011793 0.011793 0.0117931 0.011793 0.011793 0.0119683 136.484 0.011793 0.011793 0.0117932 24.6408 0.0119696 0.011793 0.0117931 0.011793 0.011793 0.011793 0.0118123 49.6074 19.8846 0.0118386 0.011793 0.0118527 0.0118228 1804.8 0.0117957 0.011793 0.011793 0.0118149 0.0118037 0.011793 0.0119123 0.0117932 0.011793 0.0118128 0.011793 0.0117931 0.0117931 0.011793 0.0118077 0.0117991 0.0118014 12.4185 153.437 0.011793 0.011793 0.011793 0.0117935 0.0118157 0.0118136 0.011793 0.0117932 0.0118019 0.0118515 0.0117931 0.011793 0.011793 0.0118334 0.011793 0.0117941 0.0120834 0.0118516 0.0117961 203.758 0.011793 0.0117931 0.0117931 0.0117932 44.9142 0.0117957 0.011793 0.011793 1083.75 0.011793 0.011793 0.011793 0.0118265 0.011793 0.0117931 0.0117932 8.24802 0.0117933 0.011793 0.0119245 0.0117931 0.011793 0.0118886 0.0117934 0.011793 51.1896 0.0118796 0.0125861 0.011793 0.011793 0.011793 0.0117957 33.7177 0.0117931 0.011793 0.011793 0.0117932 568.778 0.0122445 0.011793 0.011793 0.011793 0.0117934 42.1754 39.5991 0.0118043 0.0117931 0.0118109 0.011793 122.173 0.0117942 0.011793 0.0279847 0.0119163 0.011793 0.011793 0.011793 0.011793 71.0596 0.011793 0.0117937 0.011793 0.0587694 0.0329264 181.389 0.011793 0.0117931 0.0118005 0.0117931 0.0117931 0.011793 514.753 0.011793 0.012015 0.011793 0.011793 0.011793 0.0117931 0.011965 12.4397 103.914 0.0117931 0.011793 0.0117941 169.334 0.0117953 0.011793 0.0118108 0.011793 52.6479 0.011793 0.011793 0.0117971 0.0119899 0.011793 5.9438 0.011793 0.011793 0.011793 0.0118022 0.0118618 0.0118318 0.011793 0.0117932 0.011793 0.011793 0.0117933 0.011793 35.9823 0.011793 0.011794 0.0117944 0.011793 0.011793 0.0117948 0.0117931 0.011793 0.0117931 0.011793 91.043 0.0117932 0.011808 0.0118124 0.011793 0.0117931 4.82765 0.011793 0.011793 0.011793 0.011793 0.011793 0.011793 0.0117933 0.0117933 0.011793 0.0117931 0.011793 0.0118003 0.011793 0.0117996 0.011793 0.0124942 5.4035 0.011793 0.011793 0.011793 0.0117935 0.0121471 0.0118468 0.0118076 0.0117936 0.0117931 0.0117933 0.0118635 14.9892 0.0117955 0.0119678 0.011793 47.9625 0.011793 0.011793 0.011793 0.0121315 0.011793 0.011793 0.012773 20.8238 0.011796 13.198 0.011793 0.011793 0.0117931 0.011793 0.011793 0.011793 0.0117931 0.0117933 0.011793 0.0117931 0.011793 524.597 0.011793 0.0117938 0.012031 0.0117935 0.011793 0.011793 0.011793 0.011793 0.0117931 0.0118636 0.0117938 408.412 0.0118335 0.011793 0.011793 0.0117931 0.011793 0.0117931 207.838 0.0117931 0.011793 0.011793 0.011793 0.011793 0.011793 0.0117938 0.0117931 0.011793 37.977 0.0117931 0.011793 0.0118045 0.011793 0.0117931 15.8379 0.011793 0.0117931 0.0119079 203.984 0.011793 0.011793 0.0117931 0.011793 0.0117931 0.0117931 0.011793 0.011793 0.0117947 0.0118245 0.0117976 0.011793 0.0124235 0.0119032 0.011793 0.011793 0.011793 0.011793 0.0118066 0.0117933 26.0893 0.011793 0.011805 0.0121906 0.0118157 24.0564 0.0117932 0.0118481 0.0117939 0.011793 0.011793 0.0118003 0.011793 26.8977 0.011793 0.0118444 0.011793 307.126 0.0117979 0.011793 0.0117953 0.0117957 0.011793 0.0119292 0.0117931 0.0117951 0.016202 0.011793 0.0117964 0.011867 0.0118792 0.011793 0.0119609 0.011793 0.0118028 22.2579 0.011793 0.0118136 0.0119295 0.011793 0.011793 0.011793 0.011793 0.0120678 0.0118007 0.011793 0.0118019 0.0117945 0.011793 0.011793 0.0117933 0.0117934 0.0117944 0.011793 0.0118416 0.011793 0.011855 0.0117931 24.8222 0.011793 0.0120748 430.773 0.0117931 0.011793 92.4294 0.0117935 0.011793 0.0118239 0.011793 15.9436 0.0117933 0.0118056 0.0117938 100.945 43.5062 0.0117931 0.011793 0.011793 0.0118824 0.011793 0.0118348 0.011793 0.011793 0.011793 0.011793 0.011793 0.011793 0.0117938 374.636 134.359 0.011793 167.413 0.0117931 0.0117933 20.3204 0.011793 0.0442234 0.0119065 0.011793 1.70506 0.011793 0.0176566 0.0118775 24.5335 0.011793 0.011793 0.0120127 0.011793 0.0118138 0.0117931 0.011793 166.771 0.011793 0.0118176 0.0118031 0.011793 0.0117931 0.011793 0.011793 12.7146 0.011793 0.011793 0.0117932 15.347 0.011793 0.0117949 0.011793 0.011793 0.011793 0.011793 0.0117931 0.011793 0.0120057 0.011793 135.488 0.0118079 0.011793 0.011793 0.011793 0.0117933 0.0117931 0.0117945 0.0117932 0.0120888 0.011793 0.011793 0.011793 0.0117931 0.011793 0.011793 0.011793 0.0117972 0.011793 0.011793 0.011861 0.0117933 0.011793 0.011793 0.011793 0.011793 0.0119718 0.011793 744.272 62.2016 90.6226 0.011793 24.2931 191.502 0.011793 0.011793 0.011793 0.011793 20.6462 0.011793 0.0118271 0.0258357 0.011793 0.0117931 0.0126833 0.0120781 0.011793 0.011793 0.011793 0.011793 0.0117952 0.0117936 0.011793 0.011793 0.011793 0.011793 7.54282 0.011793 0.011793 129.746 0.0117935 0.0122289 0.011793 0.0124501 0.029201 3.21444 0.0117952 0.0117932 0.117631 0.0117948 0.0117931 0.0126096 0.0117933 0.0118453 0.0118291 0.0117931 0.0117954 0.0117932 0.0117935 80.9208 0.011793 0.0118682 0.0335833 0.011793 65.4054 0.0118067 0.011793 0.0117963 0.011793 0.0117934 0.011793 0.0121257 0.011793 0.0118491 0.0120052 0.0117931 0.0117932 32.204 0.0118378 29.3436 103.303 0.011793 0.0118463 0.0118151 0.0117946 56.1675 0.011793 0.0117981 0.011793 0.0118602 0.011793 0.0117983 0.011793 0.0117931 0.011793 0.011793 0.011793 0.011793 0.0117946 0.0120252 0.011793 114.437 75.4601 0.0117931 0.0117932 0.011793 0.0121974 0.011793 0.011793 0.011793 0.0119415 0.0120797 0.0117933 0.0118016 0.011793 0.0118684 0.0117931 0.0117956 0.0118112 14.5333 0.011793 0.0117942 0.0119286 0.0117931 0.011793 0.0117931 0.011793 0.011793 58.5782 0.011793 0.011793 0.0117934 0.011793 0.011793 0.0117931 0.0117931 31.7434 0.011793 0.0122898 0.011793 0.011793 0.011793 0.011793 46.6473 0.0117932 0.0118144 142.901 0.011793 0.0117998 0.0117933 0.011793 0.0117954 0.011793 16.2906 0.0118966 0.0166352 0.0117932 0.0117935 153.727 28.5933 0.0118163 0.011793 0.104468 0.0117931 16.4825 0.0117936 0.011793 0.011793 0.0118087 0.0117974 46.5062 0.0117932 0.011793 0.011793 0.0117941 0.011793 0.011793 0.0117931 0.011793 0.011793 0.0123093 0.011793 0.0117942 0.011793 0.0118236 0.011793 0.0118351 0.0117931 0.011793 0.0118141 0.011793 0.0117931 0.0119151 0.0117951 361.531 0.011793 0.0123577 547.431 0.011793 56.8541 0.0117936 0.011793 0.011793 18.5116 0.011793 0.011793 0.011879 0.0117976 0.011793 0.011793 0.011793 0.011793 0.011793 0.0117931 0.011793 0.011813 21.063 0.011793 0.0117991 0.0117947 0.0117953 0.011793 0.0119387 0.0117994 0.011793 0.011793 0.011793 0.011793 0.011793 0.011793 0.0117931 0.011826 0.0118723 0.0117932 0.020594 0.0117935 0.011793 0.011793 0.011793 0.0117943 0.011793 0.0118123 0.011793 0.011793 0.012082 0.011793 0.011793 0.0118291 0.011793 0.011793 0.011796 0.0117932 0.0117932 0.011793 0.011793 0.011793 0.011793 0.011793 0.0118134 0.011793 0.0118311 0.0117931 0.011793 0.0117941 0.011803 0.011793 0.011793 0.011793 0.0117931 0.0117937 0.0118178 0.0120716 0.0117943 0.0117932 0.0117931 0.0117946 0.011793 0.011793 0.011793 0.011793 0.0117931 0.011793 0.0117931 0.011793 9.32482 0.011793 0.011793 0.0117935 0.011793 0.011793 0.0118066 0.011793 0.0117931 0.011793 0.0122159 0.0125715 19.4313 0.0117931 0.0124971 57.5105 0.011793 73.7678 0.011793 0.011793 0.011793 0.011793 0.011793 22.2449 0.0120291 0.011793 0.011793 89.8455 0.0117931 0.011793 0.011793 0.011793 0.011793 0.0117931 0.011793 0.0117941 0.0123562 0.0117937 0.0119089 0.0118266 31.8247 285.162 0.0117933 72.2399 0.0117931 0.011793 0.0117957 33.4303 0.011793 739.649 0.011794 0.0117931 221.732 0.011805 0.0118557 0.011794 0.0117934 0.011793 0.0118241 0.0117932 0.0117931 0.0118073 0.011793 0.0119635 0.011793 0.011795 0.011793 80.5885 0.011793 0.011793 0.0117959 0.0117974 0.011793 0.011793 0.0117931 0.0119395 0.011793 0.0119363 0.011793 0.0117931 0.0120686 0.011793 0.0117933 0.0120854 0.0117931 0.0117939 0.011793 0.011793 330.352 0.011793 0.011793 0.0118146 0.0117932 0.011793 0.0121315 0.0118744 0.0118096 0.011793 0.0117947 667.475 0.0117931 0.011793 0.0118165 0.011793 0.011793 0.0118056 0.011793 0.011793 0.0117944 0.0118579 0.011793 20.3862 0.0117985 0.011793 0.011793 0.0126657 0.0118719 0.011793 0.0117932 0.0117931 0.011793 0.0117932 8.11539 0.0117933 0.0117957 0.0117931 0.011793 0.011793 0.011793 0.011793 0.011793 0.011793 0.011793 0.011793 0.011793 0.011793 0.0117931 0.0117931 0.0117931 0.011793 0.011793 0.0119907 0.011793 79.7763 0.0118446 0.0117931 15.5577 0.0117982 1355.97 0.0117933 23.6514 0.0117934 94.1115 0.011793 0.0118271 0.0118024 0.011793 40.821 0.0117932 0.011793 0.011793 0.0117962 0.011793 29.5382 34.5227 0.0117931 0.0117941 0.011793 0.0117931 0.0117954 0.0117946 199.896 83.9767 0.011793 0.0124989 0.011793 0.0117931 0.0117933 0.011793 0.011793 0.0117931 0.011793 0.0117931 0.011793 0.0125398 15.6854 0.0117931 0.011793 0.0118232 0.13651 0.0118027 0.011793 0.011793 0.0119409 4.70809 0.011793 0.011793 0.0118499 9.67833 0.011793 0.0121609 0.011793 0.0118014 0.011793 0.011793 0.0117931 0.011793 0.011793 0.057778 0.011793 0.011793 0.0117931 19.7758 0.011793 0.0117934 0.011793 0.011793 0.011793 0.011793 0.0118098 0.011793 0.0117932 0.011793 0.011793 0.011793 0.0124214 0.0117931 0.0117985 18.0053 0.011793 27.0565 0.0117933 0.011793 0.011793 0.011793 0.0124985 0.011793 0.011793 33.4069 0.0117933 0.0123378 0.011793 0.0198505 0.0117932 0.0117939 0.0117932 9.45585 0.0118263 0.0118366 0.011793 0.011793 0.011793 621.18 0.011793 15.9439 0.011793 0.011793 0.011793 0.0120051 0.0120199 0.0117974 0.011885 0.011793 0.0118211 0.0118779 0.011793 0.302324 0.011793 0.011793 0.011793 0.011793 0.011793 0.011793 0.011793 0.011793 0.011793 66.0916 0.0118016 0.0117932 369.365 0.011793 0.011793 0.0117946 0.011793 0.011793 1814.01 0.011793 0.0117939 0.0118857 0.011793 0.0117932 0.011793 0.011793 0.011793 0.0117931 0.0118119 0.0117931 0.0121234 0.0117931 137.592 0.011793 0.011793 0.0117935 0.011793 8.22177 0.0117956 0.0133239 0.011793 0.011793 0.011793 51.3388 0.0117954 0.0117965 0.011793 0.0117991 0.011793 0.0117931 0.011793 198.888 0.011793 0.011793 19.0825 0.011793 0.011793 0.011793 0.0118428 0.011793 0.011793 0.011793 0.011793 0.0138417 0.0123823 0.011793 0.0117932 0.0118049 0.0117941 0.0117944 0.0117933 0.011793 0.0118198 0.011793 0.0117931 0.011793 0.011793 0.0117935 0.011793 0.238285 0.0117931 0.0117931 0.011793 0.011793 0.011793 0.011793 0.0117931 0.011793 0.011793 0.011793 22.9427 0.0123335 0.0117956 0.011793 0.0117938 0.0117933 6.87935 0.0118309 0.011793 0.011796 0.011793 0.0118009 0.011793 0.0119353 0.0117931 0.0119187 0.011793 0.0119627 0.0117931 0.0123507 0.0118274 0.011793 0.0118814 0.0117933 0.011793 0.011793 0.0117931 0.011796 0.0117932 0.011821 0.011793 0.011793 0.0117934 0.011793 0.011793 20.3204 0.0118468 0.0117973 0.011793 0.011793 0.0117931 0.0166036 0.0117934 0.0118007 0.011793 0.0117933 0.011793 0.011793 0.0124368 0.011793 0.0118139 291.031 0.011793 0.0117932 0.0120478 0.0118089 0.0117932 0.011793 25.3275 0.0118213 0.011793 0.0117931 0.011793 0.0117934 0.0117944 0.0119862 0.0119346 0.011793 156.311 0.0260043 0.011793 0.0117952 22.7531 0.011793 0.011793 0.712982 0.011835 0.011793 0.011793 0.011793 0.0120731 0.011793 0.012063 0.011793 0.0118445 0.0118114 0.184057 0.011793 0.011793 0.011793 0.0118721 0.0117948 0.0117933 0.0119493 0.011793 0.011793 0.0118136 48.8296 0.011793 0.011793 0.011793 0.0117931 0.011793 0.0117943 0.0118717 35.548 0.0117946 82.0088 0.011793 0.011793 0.0117934 0.0127609 0.0117931 30.1412 0.0117934 0.0118227 0.011793 0.011793 26.6278 0.0117932 0.011793 0.0288387 0.011793 0.0118189 0.011793 0.0117932 0.0122941 0.011796 0.0148323 0.0117938 0.011793 0.0117953 0.0117947 670.958 0.011793 0.011793 82.3273 0.011793 0.011793 0.0117931 0.0117931 0.011793 0.011793 19.0144 0.011793 0.011793 0.011793 0.0118689 0.0117938 0.011793 0.0117931 0.011793 0.0118193 0.0117931 0.0118027 435.098 0.011793 0.011793 0.0118314 0.0117932 0.0117934 0.011793 0.0125624 0.0118095 0.0117937 0.011793 0.0117965 0.011793 18.6524 0.0121261 0.011793 0.0119072 0.011793 0.011793 0.0133419 0.011793 0.011793 0.0117931 233.587 0.0117988 0.011793 47.15 0.0117931 0.011793 0.011793 0.0144149 0.011793 132.201 0.011793 0.011793 0.011793 0.011793 0.0117932 0.012162 0.011793 0.0118662 0.011793 0.0118034 0.011793 0.0117949 0.011793 0.0117931 6.21235 0.011793 0.102428 0.0118322 0.011793 7.97419 0.0117931 0.011793 0.0121104 0.0117931 52.3297 0.011793 0.011793 0.0117931 0.0118522 0.011793 0.011793 0.011793 0.0117992 0.0117951 0.011793 0.011793 0.0117931 46.3965 0.0118008 0.011796 0.0292014 0.011793 0.0117948 0.011793 0.0117935 0.011793 0.0119531 0.0118597 0.011793 0.011793 0.0222112 0.011793 0.011793 0.0117954 0.0118126 0.0117964 0.011799 0.011793 0.011793 0.011793 77.4271 0.011793 0.0117931 0.0117964 0.011793 0.011793 0.011793 0.0117931 0.011793 213.274 109.392 0.0117931 220.558 0.011793 0.011793 0.011793 0.011841 0.0117949 0.011793 0.011793 0.011793 0.0305845 0.011793 0.0117934 0.0152523 0.0118758 0.011793 0.011793 0.0118222 0.0117931 0.0159583 0.0117935 0.011793 0.011836 0.011793 0.011793 0.0118069 0.011916 0.011793 0.0119548 0.011793 0.0118169 0.011793 0.011826 0.0117943 0.011793 0.0117931 0.011793 0.0119469 0.011793 0.011793 0.0118182 0.0118054 0.011793 0.011793 0.011793 0.0117942 0.011793 1.20052 0.011793 0.011793 0.011793 0.0117997 0.011793 0.291375 0.0117938 0.011793 0.0120853 0.011793 0.011793 0.0117933 25.7445 0.011793 0.01184 0.0118314 0.0117934 0.0117931 0.011793 0.0117937 0.011793 0.0130301 15.7224 0.0120018 48.2392 0.0117931 0.0119586 0.0117931 0.011793 0.011793 0.0117932 0.011793 0.011793 0.011793 0.011793 0.011793 0.011793 0.011793 0.011793 0.011793 0.0117938 0.011793 0.011793 0.011793 0.011793 0.011793 0.011793 0.011793 0.011793 0.0119313 0.011793 0.011793 0.011793 0.011793 0.011793 0.011793 0.011793 0.011793 0.011793 0.011793 0.011793 0.0163022 81.1276 0.011793 0.011793 0.0118561 0.011793 0.0119536 0.0118067 0.011793 100.257 0.0117931 0.011793 0.011793 0.011793 0.0117931 0.011793 0.0117934 0.0120929 0.011793 0.0122773 0.0117937 0.011793 0.0117931 37.3647 0.011793 33.5586 0.0118101 0.011793 0.0118778 0.011793 18.6524 12.9876 13.6836 0.0117949 0.0117933 0.011793 0.011793 0.011793 0.011793 0.0117933 0.011793 0.0117931 0.0117988 0.011793 0.011793 0.011793 0.0119061 0.011793 0.0117931 0.011793 0.011793 0.0117931 0.011793 0.011793 0.0123076 387.648 0.011793 0.0117948 0.011793 0.011793 130.004 0.0118193 0.011793 0.0118009 161.231 0.011793 0.0117931 0.011793 0.011793 0.011793 0.011793 0.0118629 0.0117946 91.4857 0.011793 0.011793 0.0118708 0.011793 0.011793 0.011813 0.011793 0.0117933 0.011793 0.0490167 0.0127501 0.011793 0.0117938 0.0122245 0.011793 0.011793 0.011793 0.0219196 0.0117931 0.011793 0.011793 0.0118288 0.0117938 0.011793 0.011793 0.011793 0.0117942 14.3539 0.0118052 0.011793 0.0117931 0.011793 0.0117932 257.506 0.011793 0.011793 0.011793 0.011909 0.0117931 152.908 0.011793 0.011793 0.011793 0.011793 9.85531 0.0117932 0.0118032 0.0117933 0.011793 0.0117932 0.011793 0.011793 0.0118464 0.011793 80.1015 0.0118474 0.011793 4.1 0.011793 0.0120769 0.011793 0.011793 0.011793 0.0118309 0.0134333 0.011793 0.011793 0.011793 0.012262 0.011793 0.011793 51.1835 0.0118699 13.533 0.011793 0.0117953 0.0117931 12.9005 0.0118091 0.0117986 0.011793 0.0117946 0.011793 0.0117986 0.011793 1.90828 0.0118432 0.011795 0.011793 0.011793 0.0117931 0.011793 0.0117942 0.011794 0.011793 0.0117931 0.0117932 0.0117955 0.011793 0.011793 0.0117931 0.011793 0.0118064 0.0117933 0.0119376 0.0199142 0.0117981 113.114 0.0117933 0.0118294 0.011793 0.011793 0.0117936 0.011793 0.0117931 0.011793 0.0118436 0.011793 689.118 0.0118233 0.011793 0.0118803 0.011793 0.0118014 351.018 4.73383 298.118 0.011793 0.011793 0.0119481 0.0117938 0.369385 0.011793 32.2083 0.0118037 0.0118002 0.011793 0.0117936 0.0120694 0.011793 0.011793 5.03146 0.011793 0.0118087 0.0117935 58.8684 0.011793 0.011793 0.0165502 0.011793 0.011793 0.0119553 0.011793 0.0118047 0.011793 0.0117936 0.011793 0.011793 0.011793 1889.07 0.115405 18.4058 0.0118019 0.0118069 0.011793 0.011793 0.0118958 0.011793 0.0118526 0.011793 0.0120082 213.553 0.011793 0.0117931 0.011793 0.0118509 0.0220493 0.0118064 36.2531 0.011793 0.011793 35.4895 0.011793 0.0118219 0.011793 0.0118372 0.011793 110.654 0.011793 0.0117937 0.011793 0.011793 0.011793 0.011793 51.5667 0.011793 0.011793 0.0117931 0.0119739 0.011793 0.0117932 0.011793 0.011793 0.0117932 0.0118006 0.0117963 0.0117936 0.011793 0.011793 0.011793 0.011793 0.011793 102.554 0.011793 0.011793 107.872 0.011793 0.0117957 0.0118194 0.0117977 0.0119236 0.0117933 0.011793 0.011793 0.0175787 0.011793 206.073 0.0117932 0.011793 0.011793 127.14 0.011793 0.011793 0.0117937 0.011824 0.011793 0.0119536 0.0118236 0.011793 0.011794 0.011793 0.011793 0.0119767 0.0118023 5.37485 0.011793 0.011793 0.011793 460.045 0.011793 0.011793 140.829 0.011793 0.0117938 0.011793 659.392 0.0118252 47.7685 0.011795 0.0117932 0.0117931 0.011793 0.011793 0.0211266 0.011793 0.011793 0.011793 0.011793 0.011793 0.011793 20.4338 17.3013 0.011793 0.011793 0.0118435 0.0121904 0.0117931 0.011793 150.716 0.011793 0.011793 0.011793 0.0117931 0.011793 0.011793 0.0117931 0.011793 0.011793 0.0117931 0.011793 0.0118223 0.011793 0.0117933 0.011793 0.0128398 9.84081 0.0118819 0.0117934 0.011793 0.011793 0.011793 0.0118076 0.0119462 0.011793 0.0118011 0.011944 0.0117961 0.011793 0.0170103 0.011793 0.0118236 0.0117932 0.011793 0.011793 0.011793 0.0165502 0.0117932 0.0121656 0.011793 0.011793 0.0118239 0.0118421 0.011793 0.0117936 0.0120321 0.011793 203.078 0.0117967 0.0117932 0.011793 6.8056 0.0117938 0.011793 0.0123555 0.011793 0.0117932 0.011793 0.011793 238.568 0.0118009 0.0117931 0.011793 0.011793 0.011793 0.0117936 0.0117932 0.0118253 0.011793 0.0117931 0.0117933 0.0218861 0.0118 0.0117931 0.0123123 0.011793 0.011793 0.011793 1575.07 0.0117937 0.0117933 0.0119247 0.011793 267.41 0.0118873 0.011793 0.0118132 0.0117931 0.0117931 47.5274 0.0117966 0.011793 0.0124234 0.0117957 2412.6 17.4828 0.0118004 0.011793 0.0121451 0.0117945 0.011793 0.011793 0.011793 0.0120334 300.67 0.0117943 0.0117963 0.011793 0.0117948 0.0119366 2.82157 0.011793 0.0117931 0.0117931 0.0117936 0.0117936 0.011794 0.0119498 0.0117931 0.0117952 0.011793 0.011793 0.011793 0.011793 0.011793 0.011793 0.0117934 209.501 0.011793 231.564 0.0117941 0.011793 0.011793 0.011793 0.011793 0.0118178 0.011793 0.0133162 0.011793 0.011793 0.011793 0.011793 0.0117931 0.011793 0.011793 0.011793 0.011793 0.0117984 334.689 0.011793 25.8675 0.011793 0.0121155 0.0118052 0.0125776 0.011793 0.011793 0.0117938 0.0117931 121.501 34.9371 0.0117965 0.0117931 0.011793 0.0119663 0.0117931 0.011793 0.0117931 0.0117931 0.011793 0.011793 0.011793 0.0117931 0.011793 0.011793 0.011793 0.0117938 0.011793 94.0887 0.0140753 0.011793 51.2171 0.0117939 0.0118201 0.011797 0.011793 0.011793 26.3083 0.0117931 0.0118258 0.0118174 0.0117942 0.01272 0.011793 0.0118009 0.0117951 0.011793 0.0117942 0.011793 5.7486 0.0117931 0.0117931 0.011793 0.0118712 0.011793 0.0122274 0.011793 0.0118209 0.0117932 0.011793 0.0117937 0.0118808 0.011793 0.0117998 0.011793 0.0117932 0.011793 0.0120505 0.0118056 0.0119204 0.011793 0.0117932 0.0117945 0.011793 0.011793 0.011793 53.1132 0.011793 0.0117939 0.012039 0.011793 0.0140369 0.011793 0.011793 0.0118173 0.011796 0.011793 0.011793 0.0122249 0.011793 0.011793 0.0165502 0.011793 55.5053 0.0117949 0.0117932 0.011793 0.011793 0.011793 0.011793 0.0117931 0.011793 0.011816 15.8374 0.0117931 50.2875 0.0122888 0.011793 15.9472 0.0117931 183.694 0.011793 0.0119619 0.0117931 0.104614 0.011793 0.0118775 30.0741 0.011793 0.011793 0.0119286 0.0117935 0.0118027 0.0117932 0.011793 0.011793 0.0119648 0.011793 0.011793 0.011793 0.011829 266.448 0.011793 0.0117937 0.0117931 0.0117939 0.011793 0.0117934 0.0117931 152.743 0.011793 118.546 0.0118686 0.011793 0.011793 0.011793 0.011793 0.0117931 0.011793 0.0119406 0.011793 93.8722 0.011793 5.98799 0.011793 0.0117936 0.011793 0.034515 0.011793 0.011793 0.011793 0.0117947 0.011793 0.0118259 0.011793 0.011793 0.0117931 0.011793 0.0117947 0.011793 0.011793 617.666 203.214 0.011793 0.011793 0.011793 0.011793 0.011793 0.0119837 0.0117991 193.058 0.0117937 0.011793 0.0118763 0.0118047 0.011793 0.0117931 0.011793 0.0117978 0.0117933 0.0118046 0.0118026 0.0117984 0.011793 0.011795 0.0117933 0.0118793 0.0117934 0.0117937 0.011793 0.011793 0.0118133 0.011793 0.011793 0.011793 0.0117931 0.0117931 0.011793 24.7629 0.0119708 0.011793 0.011793 0.011793 0.011793 0.0117986 0.0117931 0.0117932 270.568 0.0117932 0.011793 0.011793 0.011793 0.0117936 0.011793 0.011793 0.0117931 0.0117986 0.011793 0.011793 0.011793 0.011793 0.011793 0.0118316 0.0117931 0.011793 17.0958 91.5679 0.0118081 0.011793 0.0117967 0.011794 0.011793 0.011793 0.011793 0.0117947 0.011793 0.0117931 794.97 0.011793 0.0117931 0.0118864 0.011793 0.011793 0.011793 0.011793 0.011793 0.0375047 0.0119785 0.011793 0.011793 0.0117931 0.0117931 0.011793 0.011793 0.0118723 0.011793 0.011793 0.011793 0.0118106 0.0118255 0.011793 0.0117931 0.011793 269.451 0.011793 0.011793 0.0118399 0.011793 0.0117939 0.0117931 0.011793 0.011793 61.3196 0.011793 0.011793 79.2546 0.011793 0.011793 0.0117935 0.011793 0.0117998 0.011793 0.0117936 0.011793 0.0117939 0.011793 0.0117951 0.011793 0.011793 0.0119086 0.011793 0.0117988 0.0118188 86.459 0.011793 0.011793 0.0118064 0.0118241 0.0117972 0.011793 0.011793 0.0118534 0.0118998 0.0121154 0.011793 0.011793 0.011793 0.011793 0.011793 0.0118473 0.0117931 0.011793 0.011793 318.383 0.0117939 0.011793 0.011793 49.2492 0.0117931 0.011793 0.0118833 0.0117931 595.691 446.738 699.776 0.0117941 0.0119565 0.0118036 0.011793 0.0117935 0.011793 0.011793 0.011793 0.0117948 0.011793 0.011793 0.011864 0.0117931 0.011793 0.0118246 0.0117974 0.011793 0.011793 0.011793 40.2168 0.0117934 0.011793 0.011793 0.0120693 0.0677007 0.011793 0.011793 127.69 0.011793 0.011794 5.06344 0.011793 0.011793 0.0120139 0.011793 0.011793 0.0118541 0.021702 0.0122282 0.0117931 0.011797 197.19 0.011793 437.725 0.011793 0.011793 23.6704 0.011793 0.0118264 0.011793 0.011793 0.011793 0.011793 0.011793 64.6889 0.011793 0.011793 0.011793 0.011793 287.533 0.011793 0.0117931 0.0117931 0.011793 0.0120218 0.011793 0.0211299 0.011793 0.011793 0.0118782 0.0117931 0.0117933 0.011793 0.011793 0.011793 0.0118029 0.011793 0.011793 0.0117931 0.0118076 0.011793 0.0117931 0.011793 0.011793 0.011793 0.0117935 0.0118948 0.011793 0.011793 0.0117931 0.011793 0.0126428 0.0117965 0.011793 0.011793 0.0117965 0.011793 0.0117941 0.011793 0.0119063 0.0117939 0.011793 0.0117972 25.2513 0.011793 0.0143085 0.0118336 0.011793 0.0122355 0.011793 153.636 0.011793 0.0117971 98.9462 0.011793 0.011793 0.011793 0.0118317 0.011793 0.0117931 15.43 0.0118294 0.0117931 0.011793 0.0119572 0.011795 0.011793 0.011793 0.011793 0.0117932 0.011793 0.011793 42.4434 0.0118701 0.011793 0.0117939 0.011793 0.011793 0.011793 0.0117947 0.011793 0.011793 0.0117932 0.011793 0.0118594 0.011793 0.0118062 0.011801 0.011793 0.0117931 0.0117931 0.011793 9.85531 0.011793 0.011793 0.011793 0.011793 56.9244 0.0117931 0.0118801 169.726 0.0117942 0.0117984 0.0118941 0.011793 0.0117932 0.011793 0.011793 0.0118022 0.011793 0.0117949 0.0117931 0.0118485 0.0117931 0.0119139 0.011793 0.011793 0.011793 0.173155 0.0117932 0.011793 0.011793 0.011795 0.011793 0.011793 0.0117937 0.0119213 0.011793 0.011793 0.011793 0.0117931 163.049 0.011793 0.011793 0.0117933 0.0117944 148.581 0.0118239 0.011793 0.0117935 0.011793 0.011793 0.011793 0.01503 0.011793 0.011793 0.0121901 0.011793 0.011793 0.0117931 0.0117947 0.011838 0.0118001 0.011793 0.011793 0.011793 0.011793 0.0117973 0.0118019 0.011793 0.0117931 0.0117933 0.0117933 0.011793 0.011958 0.011793 23.5796 0.0117934 19.2646 0.0117936 0.011793 0.0117931 0.0118004 0.0118227 0.0117941 0.0120663 0.011793 0.011793 0.0117938 0.0117992 0.011793 0.011793 0.0120393 0.011793 0.0117931 0.011793 0.0117931 0.0122107 0.0117957 0.0118012 0.011793 0.011793 0.011793 0.011793 0.011793 0.011793 0.011793 0.011793 0.011793 0.011793 0.011793 732.942 0.011793 0.011793 0.0117935 25.336 0.011793 0.011793 0.0117932 23.0696 0.0128724 0.011793 0.0117932 0.0422992 0.011793 4.33756 0.011793 0.011793 33.8976 0.011793 0.011793 0.0118746 49.1013 0.0119006 0.011793 0.011793 0.011793 2924.05 0.011793 0.011793 0.0118452 0.011793 0.011793 0.011793 31.3593 103.774 0.011793 0.011793 30.8757 0.0117931 0.0118189 0.011793 0.011793 11.1627 23.8551 0.011793 137.481 0.011793 0.0117931 0.011793 48.7432 0.0118196 0.011793 0.0117937 0.0117982 0.011793 0.0117931 0.011793 0.0118042 0.011793 0.011793 0.0117961 0.0117931 0.011793 0.011793 0.0117949 0.011793 8.28791 0.0117933 0.0117932 0.011793 0.011793 0.0117931 0.011793 0.0117931 0.011793 0.0117931 0.0118107 0.0117931 71.5902 0.011793 0.0128054 0.0122365 0.0117932 0.011793 102.399 0.011793 0.0117933 0.0117931 0.011793 0.011793 0.011793 83.9889 0.011793 0.0119163 0.0117931 0.0117931 0.011793 0.011793 0.0119747 0.0117931 430.921 0.0118106 0.0117941 0.011793 0.0117935 0.0117932 0.011793 0.011793 0.011793 0.0118483 0.0117931 0.0117931 0.0117955 0.011793 0.011793 0.011793 0.011793 0.011793 0.0667557 0.011793 0.011793 0.011793 0.011793 16.0139 0.0117932 0.0117931 0.0119555 0.0118133 0.0117991 0.011793 0.0118571 0.011793 0.0118075 0.0118784 0.0117966 340.714 0.0118039 33.3942 0.0117932 0.011793 0.011793 0.011793 0.011793 0.011793 0.0118176 0.0121913 0.011793 0.0117976 0.011793 0.0118084 0.0119856 0.0119816 0.0117943 0.0117964 0.0117931 0.011797 0.011793 0.0117946 0.0117933 0.011793 0.011793 0.011793 33.242 0.011793 0.0117931 0.0118296 0.0118225 0.011793 32.727 0.0118216 0.0125018 0.0117947 0.0119769 0.011793 0.011793 0.011793 0.0120792 0.011793 268.36 0.0118568 366.463 0.0117931 0.0191556 0.011793 0.011793 0.0117932 0.011793 0.0122013 0.0117932 0.0118079 0.011793 26.5432 0.011793 0.0117957 0.011793 0.011793 0.0117991 56.0929 0.0117956 0.011793 0.0117987 0.011793 0.0117931 0.0117934 0.011793 0.011793 50.915 0.0118005 0.0117961 0.0117931 0.011793 0.011793 0.011793 0.0141393 0.011793 0.011793 0.011793 0.0117931 0.011793 0.011793 0.0118197 0.0117933 51.3541 0.0117934 0.011793 0.011793 0.011793 0.011793 0.011793 0.011793 107.988 0.011793 0.011793 0.0117963 0.012364 0.0117931 0.0117935 0.0117949 0.0121617 0.0118295 0.075056 0.0117951 0.011793 0.0117931 0.0315053 158.774 0.0122789 0.011793 0.011793 0.011793 0.0117931 20.5226 0.0118749 0.011793 0.011794 0.0117931 98.5269 0.0117931 0.011793 0.011793 0.011793 0.0117932 0.0120422 0.011793 0.0125236 0.011793 0.011813 0.013375 0.011793 93.3143 0.0126987 0.0130402 0.011793 0.011793 0.011793 0.011793 0.0149086 18.453 0.01189 0.0121245 0.011793 0.011793 0.0117937 0.0118472 0.011793 0.011793 0.0117957 0.011793 0.011793 0.011793 0.011793 87.1159 0.011812 0.0124383 14.075 0.011793 0.011793 0.0292005 0.0117931 0.0117963 21.057 0.011793 0.0118062 0.0118603 0.011793 0.011793 0.0117934 0.011793 158.516 0.0117939 0.011793 0.011793 0.011793 0.011793 0.011793 0.011793 0.011793 0.0120214 64.5956 0.0117937 0.0117951 0.011793 0.011793 0.011793 0.011793 0.0118393 0.011793 0.011793 0.011793 0.0117931 0.0117931 0.011793 0.011793 0.011793 17.0055 0.011793 0.011793 0.011793 0.0117937 0.011793 0.011793 0.011793 38.0257 0.011793 0.0118009 0.011793 0.011793 271.574 0.011793 0.0118071 0.0117932 0.011793 0.011793 0.011793 106.788 0.011793 0.011793 0.011793 0.0117931 0.011793 372.296 0.011793 0.011793 0.011793 0.011793 0.0579378 0.011793 0.0117931 0.0117932 0.0117931 0.011793 0.011793 0.011793 0.011793 0.0120649 0.011793 0.0117935 0.011793 0.0117944 0.0117934 21.0616 8.66591 0.011793 0.0117931 0.0310575 0.0117932 0.011794 0.0118064 0.011793 0.011793 0.011793 0.0117931 0.0118945 0.0117932 0.0120186 26.4855 0.0117931 0.011793 0.0117932 26.4314 0.011793 0.011793 0.011793 0.011793 52.3066 0.0117932 0.0117946 0.0117934 0.0117944 0.011793 0.011793 0.0118252 0.011793 0.011793 0.0118048 24.0564 0.011793 25.6102 0.0119459 0.011793 0.0117944 2961.73 0.0117957 0.011793 0.0119132 0.117968 0.011793 0.0118179 0.0117986 0.011793 71.3747 0.011793 0.0117936 0.011793 118.358 0.0117994 0.011793 0.0117938 0.011793 0.0120992 0.011793 0.0121593 0.011793 25.1492 0.0117931 0.0117967 0.016968 0.0118182 0.011793 0.011793 0.011793 0.011793 0.0117972 0.011793 0.011793 0.011793 0.011793 0.0121567 0.0117938 0.011793 0.011793 0.011793 0.0123331 13.7719 0.011793 526.057 173.328 0.011793 0.011793 0.011793 0.280788 0.011793 30.6072 0.011793 0.0125263 0.0120735 0.0118103 0.0117931 0.0117931 0.011793 0.0118017 0.011793 0.0117933 0.0125862 0.0126197 0.011793 0.0118462 0.011795 0.011793 0.0118215 0.011793 0.011793 0.019593 38.1566 0.011793 0.011793 0.011793 0.0117949 0.0131231 0.0117932 0.011793 0.011793 0.011793 0.0117931 0.0119332 0.0118089 0.0117933 0.0117946 0.011793 0.011793 0.0313181 0.0174048 0.0124153 0.011793 0.011793 0.0117931 2.842 0.011793 0.0117986 0.0117956 0.0117946 0.011793 0.011801 0.011793 0.011793 0.011793 26.8252 0.0117935 0.0118808 11.2637 0.0117935 0.0148148 0.011793 0.011793 30.9297 26.4928 0.011793 0.011793 0.011793 0.011793 0.011793 0.011793 0.011793 0.011793 0.0117932 36.4215 0.0117991 223.132 58.2882 0.0117955 0.0117931 0.0117931 0.0117933 1919.67 0.0118184 0.011793 0.011793 0.011793 0.012461 0.011793 0.011793 0.011793 0.011793 0.011793 0.011793 0.011793 0.011793 0.011793 0.011793 0.0117945 0.0117931 0.0117932 0.0117943 0.011807 45.4125 0.011793 0.368226 0.0117945 0.011793 24.0564 0.0124987 0.0118509 0.0117954 0.011793 0.011793 0.0125496 0.0117942 0.0121401 0.011794 0.0118024 0.0121486 0.011793 0.0117933 0.0117934 0.0117938 188.163 427.388 0.0118116 0.0117938 0.0117935 0.011793 0.0118252 0.011793 0.011793 0.360357 0.0731915 0.0117932 0.011793 0.011793 0.011793 0.011793 0.011793 0.0118043 0.0118982 0.0117933 0.011793 0.011793 0.011793 0.0117931 0.0118773 0.0118009 0.011793 0.011793 0.0117938 0.0117979 0.0118048 0.0117932 0.0122275 0.0118101 0.011793 0.011793 0.011793 18.0682 0.0117931 0.0118756 0.011793 0.011793 0.011793 0.0118124 0.0117931 0.0118211 0.0118118 0.011793 0.0118184 0.0126184 23.1038 0.011793 0.011793 0.011793 0.0119141 0.0118298 0.0229961 0.011793 19.5945 0.0835865 0.0303765 0.0117944 0.0118724 0.0117931 0.011793 0.011793 0.011793 0.0117931 0.011793 0.0117931 0.011793 0.011793 0.011793 64.222 0.0118452 0.011798 0.0118301 64.3126 0.0118186 0.0119498 0.011793 0.0117933 0.011793 0.0117989 0.0117931 0.0117933 4.54906 0.011793 15.6047 0.011793 0.011793 0.011793 0.011793 0.0118135 0.011793 0.011793 0.0118543 0.011793 0.0118381 0.0117946 0.0118315 0.0117997 0.0117982 0.011793 0.011793 0.011793 254.852 0.011793 0.0602066 0.0119059 0.011793 0.0121458 0.011793 0.012001 0.0119065 0.011793 0.011793 0.011793 0.0117937 0.011793 0.0119886 0.0117932 0.0117936 0.011793 11.1646 0.0117941 355.983 0.011793 0.0117986 181.873 0.011793 0.0117931 0.011793 0.011793 0.0118045 0.011793 0.011793 0.0117931 0.0117931 0.011804 0.0119228 685.605 0.011793 0.011793 0.011793 0.011793 0.011824 0.012015 0.0117935 10.5939 0.011793 0.011793 0.011793 0.0117941 0.0117931 0.011793 0.011793 0.0118066 6.77043 0.0118 0.011793 0.011892 0.0117987 0.0117953 0.011793 0.011793 0.0119651 0.011793 0.011793 0.011793 0.011793 431.3 32.1657 0.0119309 0.0118645 0.011793 0.011793 0.011793 64.6143 0.0118029 30.0792 0.011793 0.011793 0.0118008 0.0117986 0.0117931 0.0121388 0.011794 0.0117978 0.0118059 0.0117933 0.011793 27.4321 0.011793 0.011793 0.0118952 0.0117987 0.0117951 0.0117972 0.0117932 0.0117933 0.0117931 110.629 0.011793 0.011868 0.011793 0.011793 0.0117931 0.011793 0.0118984 0.0120215 0.011793 0.011793 0.0118536 0.011793 0.011889 211.406 0.0117951 0.011793 0.0118421 0.0118037 0.0117976 0.0117932 0.0117931 0.0117931 0.0118846 0.0118005 87.7221 0.011793 0.011793 0.0117941 0.011793 5.11841 0.011793 0.011793 0.011793 0.0118018 0.0117965 0.011793 0.0117931 0.0122785 0.027859 0.011793 0.0117933 36.4215 0.011793 0.011793 0.011793 0.011793 0.011793 0.0118013 0.011793 0.011886 0.011793 0.011793 0.011793 0.0117937 0.0117931 0.0117976 0.011793 0.011793 0.011793 0.0117967 0.011796 42.8404 0.0118061 0.011793 0.0117931 0.011793 0.011793 0.011793 0.011793 0.011793 0.0118042 0.011793 0.0117948 0.0124084 0.0117985 0.011793 39.5386 0.0117935 0.0117933 0.0118781 0.0117932 0.0118508 0.011793 0.0198748 538.932 0.0118278 0.011793 0.011793 0.0118224 0.011793 0.0117932 0.011797 0.0118108 0.011793 0.0118163 0.0117933 0.011846 0.0117931 0.011793 386.751 0.011793 0.0117931 0.011793 0.011793 0.011793 0.011793 0.011793 0.011793 0.011793 0.011793 0.0117948 0.011793 0.011793 0.0118964 0.0118217 0.011793 0.011895 64.2336 0.011793 0.0118917 0.011793 0.0117931 0.0117957 0.0117932 0.0120128 0.011793 0.011793 0.0118918 0.011793 0.0117932 0.0118049 0.011793 0.011793 0.0118137 0.0117935 0.0117948 0.0119205 0.011793 0.011793 0.011793 0.014048 0.0118528 39.7972 0.0117947 404.839 0.0122737 0.011793 0.0118132 0.011793 0.011793 0.011793 0.011793 0.011793 0.0119698 0.011793 0.0117931 0.0118179 0.011793 0.0118469 50.2761 0.0117931 0.189016 0.011793 0.011793 0.011793 0.011793 0.0117935 66.193 0.0117946 0.0118127 21.1697 0.0118018 0.0117934 0.0119582 0.011793 0.011793 17.0958 0.0117938 0.011793 0.011793 0.011793 0.011793 0.011793 0.0117932 0.011793 0.011793 0.0117931 0.011793 0.011793 0.011793 0.0117931 0.011793 0.0117932 0.011793 0.0119379 18.8851 0.011793 24.1588 0.011793 0.0118224 0.011793 0.0118175 0.0117933 0.0117932 0.0117944 0.011793 0.011793 0.011793 17.4978 0.0117935 0.0117931 0.011793 0.011793 0.011793 0.0118 0.0117932 0.011793 0.011793 0.011793 0.011793 0.011793 0.0117935 0.0118242 0.0120429 0.0118074 0.011793 0.011793 0.0117934 20.4338 0.0118169 0.0118128 0.011793 0.0117931 0.011793 0.011793 178.489 0.0117931 0.011793 0.011793 0.011793 19.6112 0.011793 0.0117932 0.011793 0.011793 0.0117931 0.011793 0.011793 0.011793 0.011793 0.0121 0.011793 0.0117931 0.0117998 0.011793 16.6757 0.011793 0.011793 0.011793 0.011793 0.0125093 0.0117931 0.011793 0.0117951 0.0117931 0.0117931 0.0118244 0.011793 0.0117931 0.011793 0.011793 0.0117964 0.0119243 1127.79 0.0119731 0.011793 0.011793 0.011793 0.011793 0.0117931 0.011793 58.781 0.0152456 0.011906 0.711373 0.011793 0.0117932 0.0118158 0.0117977 0.011793 0.0118126 0.0118814 0.011793 0.0311214 0.011793 0.011793 0.0117931 178.367 0.100464 0.0117935 0.011793 0.0118125 0.0117978 0.011793 0.0126997 0.011793 0.011793 1.12774 0.011793 0.011793 0.011793 0.0118711 0.011793 0.011793 0.0118705 0.011793 0.0117932 0.011793 0.0118112 0.0186921 0.0117944 0.011793 0.011793 0.0117931 0.011793 0.011793 0.0117931 0.011793 33.008 0.011793 0.011793 0.011793 0.011793 0.011793 0.0118851 0.011793 0.011793 0.0123923 0.0119101 0.0117942 0.011793 0.011793 0.0117934 0.0118816 12.0269 15.9434 0.011793 0.011793 0.0117938 0.0117931 0.011793 47.2257 0.0118206 0.0118496 0.011793 0.011793 0.011793 0.011793 0.0117982 0.0117938 0.011793 0.0122964 0.011793 6.6401 0.0117971 0.011793 0.011793 131.592 0.011793 0.0117932 0.011889 0.011793 0.011793 0.011793 0.011793 0.011793 0.011793 0.011793 28.0196 0.0120164 10.167 0.011793 0.0145258 0.0117932 0.0117939 0.011793 0.011793 0.0117932 0.0118332 0.011793 0.012721 0.011793 0.0117934 0.011793 0.011793 0.011793 0.011793 0.0117938 0.011793 0.0117931 0.0117933 0.011793 0.0118004 0.011793 0.011793 0.0117931 0.011793 0.011793 0.0117933 0.0118324 0.0117978 0.011793 0.011793 0.0117932 157.151 0.0118026 0.0119037 69.0003 0.0117932 0.0117931 0.011793 0.0117936 0.011793 0.011793 0.0117932 0.0118003 0.0117931 0.0117972 0.011793 0.0119354 0.0117946 0.011793 183.203 0.0117931 0.0118083 0.0118356 0.011793 0.011793 0.0117981 0.011793 0.0119287 0.0119192 0.0168449 0.011793 0.0117931 0.0117931 0.0117966 0.011793 136.202 0.011793 0.0118383 0.011793 15.5377 0.011793 0.011793 0.011793 0.011849 0.0117963 0.0117931 0.011793 0.011793 1.18442 0.0117932 0.011793 0.0117939 0.011793 0.011793 0.011793 196.953 0.0118004 0.011793 0.011793 0.011793 0.011793 0.011793 0.0117947 0.011793 0.011793 0.011793 240.139 0.0117932 0.0118113 0.011793 0.0117931 0.011793 25.3275 0.011793 0.011793 115.651 0.0117933 0.0117932 0.0117931 0.011793 0.011793 0.0117949 0.011793 0.011793 0.011903 4.8472 0.011793 278.843 0.0118032 0.011793 0.0117932 0.0118108 0.011793 0.0118093 0.0139796 0.011793 0.0119836 0.0118277 0.011793 133.545 0.011793 0.0188489 141.275 0.0119066 237.87 0.011793 0.011793 0.011793 0.0117931 0.0117932 0.0117937 0.011793 3.88841 0.011793 0.011793 0.0117931 0.0576893 454.168 0.011793 203.772 0.011793 0.0117931 137.208 0.011793 0.011898 0.011793 1066.16 0.0117934 0.011793 0.011793 0.0118044 0.0120178 0.0117934 0.0117931 0.0124269 0.0117958 238.965 0.0117931 0.011793 0.0117931 0.011793 0.0142194 0.011793 0.0117933 0.011793 65.5293 0.011793 0.0118081 0.011793 0.0117932 0.0117939 0.0117931 0.011793 0.011793 0.011793 574.852 0.0118193 0.011793 0.0119874 0.0117931 0.011793 0.011793 0.0117931 0.011793 0.0117948 0.011793 0.011793 0.0117931 0.0118175 0.0117981 0.0118642 0.011793 1344.19 0.0117932 0.011793 0.011793 0.011793 0.011793 0.0118786 0.011793 0.0118236 0.0117931 0.0117948 0.011793 101.949 0.011793 0.011793 0.011793 0.0118037 0.011793 0.0118426 0.011793 0.011793 47.1311 0.011793 0.011793 19.7634 64.2657 0.011793 0.011793 0.0117931 0.0117936 0.011793 0.0124147 0.011793 0.011793 0.011793 0.011793 0.0135296 0.011793 0.011793 0.0117933 0.011793 0.0119092 0.0118007 0.0120095 0.011811 0.0117947 0.0117931 0.011793 0.011793 0.011793 0.0118277 0.011793 0.011793 0.0118908 404.23 0.011793 0.011793 0.011793 0.0124542 0.0118371 0.011793 0.0117936 0.011793 0.011793 27.7279 0.0117932 10.6908 0.0117936 0.011793 0.0117945 0.0117935 0.013024 0.0118631 0.0118098 0.011793 0.011793 0.011793 0.011793 321.944 0.0117932 1093.84 0.011793 54.0439 0.011793 0.011793 0.0118487 20.0745 0.0117975 0.011793 0.011793 0.011793 12.2679 0.011793 0.0729195 0.011793 0.011793 0.011793 0.0124682 0.0118447 0.011793 373.207 0.0135353 0.011793 0.011793 0.0117943 0.011793 0.011793 0.0117968 0.0117931 0.0118137 0.011793 0.011793 0.011793 0.0372287 0.011793 0.011793 0.0117931 0.011793 0.011793 0.011793 0.0118183 0.011793 31.7949 0.0117931 0.0117942 134.753 0.011793 100.03 0.011793 0.011793 0.011793 0.011793 0.011793 0.011793 0.011793 0.011793 0.011793 0.0126421 0.011891 0.011793 0.011793 0.0118215 0.011793 0.0120742 0.0117939 0.011793 0.011793 0.011793 0.011793 0.011793 0.011793 0.011793 0.011793 0.0117933 73.4291 0.011793 0.0146173 0.011793 0.011793 0.0118126 0.011793 0.011793 0.0117935 0.0118205 0.0117932 0.011793 0.0119304 0.011793 0.011793 0.011793 0.011793 0.011793 0.0118173 0.011793 0.0117936 0.0117932 131.943 0.0117932 0.0117938 0.0118 197.257 0.011793 0.0121168 0.0117963 66.7659 0.011793 0.0120631 0.011793 0.011793 0.0118611 0.011793 0.0118133 0.0117931 0.0117931 0.0117931 0.011802 0.011793 0.011793 0.011793 0.011793 0.011793 4.74513 0.011793 0.0117931 0.011793 0.0117932 0.011793 0.011793 0.011793 0.011793 0.011793 0.011793 0.011793 2.54535 0.011793 0.0117935 0.0117938 0.0119239 0.011793 0.0118176 0.0117932 0.011793 0.0118687 0.011793 0.011793 0.011793 0.011815 0.011793 0.0117933 0.0117937 0.0118052 0.011793 0.011793 0.011793 0.011793 0.0119873 0.0117937 0.011793 0.011793 85.7473 0.0117932 0.011793 0.0117933 0.0117992 0.011793 0.0117931 0.0117951 0.0117943 0.011793 0.011793 0.011793 0.0117933 0.011793 0.0117932 0.011793 0.0118061 0.0117934 11.3805 0.011793 0.011793 0.011793 0.011793 0.0117931 15.6134 0.0117941 0.011793 734.427 0.011793 0.011793 0.0118375 0.0117934 11.4594 0.0117959 0.0118021 0.0117932 0.0117956 0.011793 0.011793 0.0118401 0.0117947 0.011793 0.0117931 0.0117932 0.011793 0.0117931 0.011793 0.011793 0.011793 0.011793 0.011794 0.011793 0.0118144 0.011793 0.011793 0.0117932 0.0117953 0.0117947 39.6579 0.0117931 0.011793 0.011793 0.011793 0.0118249 0.011793 0.011793 0.011793 0.011793 0.011793 0.0120179 0.011793 0.011793 0.011793 0.011793 0.011793 0.0117935 0.0119838 0.0121788 0.011793 0.011793 0.011793 0.011793 0.011793 0.011793 0.0117931 13.5328 0.0117931 0.011793 0.0117931 0.011793 0.0118038 0.011865 0.011793 0.011793 0.0141728 0.0118484 0.0130121 0.011793 0.0128919 0.0117934 0.0118019 0.0118394 547.475 0.0117932 0.0117933 0.0139586 0.011793 0.0121946 0.0117931 0.011793 0.011793 0.011793 0.0119508 0.0117932 0.0117931 0.011793 304.194 0.011793 0.257251 88.7427 0.011793 0.0118848 0.011793 0.011793 0.011793 0.011793 0.011793 0.011793 0.0117989 0.011793 0.011794 0.011793 0.0117931 0.0117931 0.011793 0.0118332 89.1839 0.0117937 0.0118035 0.0117946 0.011793 0.011793 19.5088 0.376971 0.0117944 4.00247 0.011793 5.0634 0.011793 0.0118652 0.011793 0.0118052 0.0119004 0.011793 0.0117936 0.0119304 0.0120201 0.0118647 4.08135 0.011889 0.011793 4.08135 0.0118136 0.0117931 0.011793 0.011793 0.0117932 34.1801 0.0117931 0.011793 0.0128214 0.0117932 3285.76 0.0120365 0.011793 0.011793 0.011793 0.011793 0.0117962 0.0118735 0.011793 0.0119325 81.1543 0.011793 0.0117931 0.0117932 0.011793 0.0117931 0.0117948 0.011793 0.0117931 0.011793 0.011793 0.011793 0.0117935 0.011793 56.8474 19.0089 0.0117934 225.102 0.011793 0.0119714 0.011793 0.011793 21.5512 0.011793 0.0118718 0.011793 0.011793 0.011793 0.011793 0.011793 0.0117931 0.011793 0.011793 0.011793 0.0117932 0.0117931 0.0118101 0.0117932 0.011793 0.011793 0.011793 0.011793 0.011793 0.011793 0.011793 0.011793 0.011793 0.0118031 0.0117935 2.26453 0.0150956 0.0123524 0.011793 0.011793 0.011793 0.0118122 0.0118647 0.011793 0.011793 0.011793 0.0117962 0.011793 0.011793 0.0118133 0.0117942 0.0117933 0.011793 0.0117931 0.0118668 0.011793 0.011793 0.011793 0.011793 0.011793 0.011793 0.011793 0.011793 0.0117934 0.011793 0.011793 0.0117944 0.0117939 0.0118519 0.011793 0.0117934 0.011793 0.011793 0.011793 0.0117961 0.0117949 0.0117931 0.0117932 0.0118499 0.011793 0.011793 0.011793 0.011793 0.011793 0.011793 197.35 0.011793 69.5196 0.011793 0.0117937 0.0122119 0.0121087 0.011793 0.011793 17.1994 0.011793 39.5095 24.8646 37.2355 0.011793 0.0118333 0.011793 0.011793 0.011793 0.011793 15.3193 0.011793 0.0118904 202.393 0.0117935 0.011793 0.011793 0.011793 0.0117931 0.0118344 0.011793 0.011793 0.0119434 0.0117934 0.0120565 0.011793 0.011793 0.011793 0.0119352 0.011793 0.0117982 0.0117949 0.011793 0.011793 0.011799 152.353 45.133 0.011793 0.011793 0.0117949 0.0117931 142.667 0.0399901 0.011793 0.0117997 0.011793 0.0118735 0.0117935 0.0117933 0.0117935 0.011793 0.011793 13.9068 0.011793 0.0117946 0.011793 0.0117931 0.0117933 186.316 31.5601 0.0117931 0.011793 0.0117966 0.0119426 0.0117932 0.011793 0.0117933 0.011793 0.011793 289.946 156.221 0.011793 0.0117937 0.011793 259.762 0.011793 0.0117931 0.0117931 18.0611 0.011793 0.011793 0.011793 0.011793 0.0117934 0.011793 0.011793 0.011793 0.011793 0.011793 0.011793 137.991 0.011793 0.0118116 0.011827 0.0119849 0.011793 0.0117933 362.843 0.011793 0.0117931 0.011793 0.011793 0.0120088 0.0123073 0.0117932 0.011793 0.011793 0.011793 0.0118653 0.0119039 0.011793 0.0117993 0.011793 0.0119116 0.0121359 0.0118182 0.011793 177.52 0.0118026 0.0117931 0.0117933 0.011793 0.0123195 0.011793 0.0117937 0.011793 0.0118996 0.0118093 0.0117935 0.027436 0.0117933 0.0117931 0.0118234 22.9623 0.011793 0.011841 0.011793 0.0117966 0.0123574 0.0117952 0.0118554 0.011793 0.0118742 0.0118017 0.0117931 0.011793 0.0118176 0.0117937 0.0143212 0.011793 0.0117938 0.011793 0.011793 0.011793 0.011793 0.011793 0.0117936 0.011793 0.0523877 0.011793 0.0117931 0.0117993 0.011793 0.011793 310.667 0.0118369 0.0117932 206.694 0.0118018 0.011793 0.011793 0.011793 0.011793 0.0117959 0.011793 0.011793 0.011793 0.0118474 0.011793 0.011793 0.0117932 0.011793 0.011793 0.011793 134.117 0.011793 1679.6 0.011793 0.0117946 0.0121075 0.011793 0.011793 0.0117971 0.011793 0.011793 0.0144126 15.9437 0.011793 0.0117937 0.011793 0.011793 0.011793 0.0119476 0.0117934 0.0118179 0.011793 0.011793 13.4389 0.0117976 0.0117946 0.167069 0.0128201 0.0117933 0.0118031 0.0121316 0.011793 0.0117954 0.011793 0.011793 0.0120814 0.011793 0.011793 0.011793 0.0117931 0.011793 54.544 23.4329 0.011793 0.0117946 0.011793 0.011805 0.0121554 0.0117931 0.011793 0.0117931 168.921 0.0122794 0.0118082 0.0117932 0.0118013 33.2097 0.0118054 0.011793 13.3633 0.011793 0.011793 0.0120384 0.011793 0.011793 241.983 0.011793 0.0118049 0.011793 0.011793 0.011793 0.0118138 0.0117946 0.011793 300.482 0.0117941 0.011793 1057.47 0.011793 0.011793 0.011793 0.0117931 0.0117931 0.0117931 0.011793 0.011793 0.0119317 0.011793 0.011793 73.6165 0.011793 0.0130537 0.0117936 0.011793 161.997 0.011793 0.0117937 0.0117936 0.011793 0.011793 0.011793 0.0117936 0.011793 0.011793 0.0117931 0.011793 0.011793 0.0117947 0.0118906 0.0127898 0.0117931 0.0117938 0.011793 0.011793 0.011793 0.011793 0.0117931 0.0193106 0.011793 0.011793 0.0117931 0.0117931 0.011793 59.3339 27.7293 0.0124229 0.011793 0.0117931 0.0131277 0.011793 0.0117934 0.011793 0.0118214 19.7632 0.011793 0.0120331 0.011793 0.0118805 0.0117933 0.0117931 0.0117931 0.0118659 0.011793 0.011793 0.011793 0.011793 0.0118163 0.011793 0.011793 0.0117931 78.8209 0.0118513 0.011793 0.011793 0.011793 74.1496 0.011793 0.011793 0.011793 20.3563 0.011793 28.0191 0.0119696 0.0118097 29.9379 0.0117934 0.0155558 0.0117931 0.011793 0.0117958 0.011793 0.011793 0.011793 27.2722 0.011793 0.0117936 0.011793 579.145 0.0119883 0.011793 0.0117931 0.0139061 0.0117957 0.011793 0.0117931 0.0118007 0.011793 0.011793 314.03 0.477185 0.0119681 26.5817 0.011793 0.0117999 0.0120957 0.011793 0.0117931 0.011793 0.011793 0.011793 146.649 0.011793 0.011793 0.0119109 0.011793 0.0118055 0.0124934 0.011793 0.011793 0.011793 0.011793 0.0117932 0.011793 0.011793 0.011793 0.0118064 38.7163 0.0117938 0.011793 0.011793 0.0118001 0.011793 0.011793 0.011793 826.608 0.0118357 0.011793 0.011793 0.0118534 0.011912 0.0117954 0.0117941 0.0117937 0.011793 0.011793 0.011793 0.0117938 0.0117931 0.0117931 0.0117931 0.011793 0.0119028 0.0119206 0.011793 0.011793 0.011793 0.011793 48.5299 0.0582741 0.011793 0.011793 0.011793 0.0118992 0.011793 0.011793 0.0118333 225.921 0.011793 0.011793 0.0118526 13.7719 0.011793 0.0117982 0.011793 0.011793 0.011793 0.0118537 0.011793 0.011793 24.0189 0.172954 0.011793 78.5604 0.011793 0.011793 16.8961 0.011793 81.5366 0.0117932 0.011793 0.0117954 0.0119354 0.011793 0.011793 90.3899 0.011793 0.011793 0.011793 0.011793 0.011793 0.0118047 0.0119144 0.0117934 0.011793 0.0117933 0.0117952 0.0117991 0.011793 0.0119308 27.6052 0.0117936 0.0117931 0.0117934 0.0118062 0.011793 0.0117947 0.011793 0.011793 0.011793 0.0124857 0.0117931 0.01189 0.011793 0.011793 0.0117932 0.0117934 0.296482 0.011793 0.0118072 0.011793 43.4412 0.011793 0.011793 0.0117931 0.0117961 0.011793 0.011793 0.0117932 0.0117932 0.0118551 0.0117933 0.011793 0.0485228 0.0118098 0.0117932 0.011793 0.011793 100.127 0.011793 0.011793 0.0117936 0.011793 0.011793 0.011793 0.011793 0.011793 0.011793 0.0117932 0.011793 0.0117952 0.018751 0.0117931 120.326 0.0117985 0.011793 0.0117931 0.0118044 0.013168 0.011793 0.011793 0.011793 0.0117936 0.0117933 0.011793 0.0117992 0.0117931 0.011793 0.0164444 0.011793 117.308 17.4115 0.0118053 0.0119956 0.011793 0.0117931 0.011793 0.370008 0.011793 0.0118395 0.0117934 0.011793 274.508 0.0118176 0.011793 0.0117934 0.0117935 0.0117933 0.011793 0.011793 0.0117931 1747.9 0.0118007 0.0118236 0.011793 0.0117936 0.0117936 0.0122227 0.011793 0.0117931 0.0117932 0.011793 0.0118009 0.0117931 0.0117935 160.197 0.0118131 0.011793 0.0118487 0.0121123 0.0117934 0.0117931 0.0117932 0.011793 0.0117932 0.011793 0.011793 0.0125509 208.831 0.011793 0.011793 0.0117931 20.7527 248.963 0.0117943 0.0117933 0.0117953 24.4863 0.0117931 0.0125055 0.0117973 0.0117931 0.011793 0.0118885 0.011793 38.1383 0.0118118 0.0118047 0.011981 103.226 0.011793 0.0118508 0.0117974 0.0117982 0.011793 0.011793 0.0153542 0.011793 16.3966 0.0118955 0.011793 0.011793 0.0117935 0.0117974 0.0117931 0.011793 15.9443 0.0130016 0.0118235 0.0117933 0.011793 0.0118016 0.0117931 0.011793 0.0117931 0.011793 191.489 0.0117931 6.64015 45.3138 0.0143511 0.011793 0.0118724 0.011793 0.0119523 0.0117962 0.011793 0.011793 25.6102 46.5451 0.011793 8.42028 0.0117932 40.3998 0.0117936 0.011793 294.613 0.0118777 0.011793 0.011793 0.0118292 0.0118072 50.915 0.0126151 0.0120026 0.011793 22.553 0.0117955 0.0118329 0.011793 0.0117935 0.011793 0.011793 0.0117975 0.011793 0.011793 0.011793 0.0188771 0.011793 0.0117931 0.0117935 0.011793 0.011793 4.08135 0.0161058 0.0118528 0.0117946 0.0117931 0.0118814 0.011793 0.011852 0.011793 0.011793 0.0117931 0.0118051 0.0117931 0.011793 0.0117985 0.011793 0.011793 0.0117936 0.011793 0.011796 0.0118437 128.395 0.0118015 0.0117933 155.588 0.011793 0.011793 0.833818 0.0118075 0.011793 0.011793 0.011793 0.011793 0.0118073 0.011793 0.011793 0.011793 0.0117931 0.0117934 0.011793 0.0117936 0.0118948 0.011793 0.011793 0.0121546 0.0117973 0.0141298 0.011793 0.0117931 0.011793 0.011793 0.011793 0.011793 0.0118707 0.0117931 37.3967 0.0128951 0.011793 109.608 0.0117932 0.0117936 0.011793 0.011793 0.011793 0.011793 0.0118407 0.0135683 15.1012 0.011793 0.0291998 0.0117933 0.0117934 0.011793 0.0117933 21.8659 0.0117931 0.0117936 0.011793 0.011793 11.7023 0.011793 160 0.0131097 0.011793 0.0211251 0.0117933 0.0117933 0.011793 0.011793 0.011793 0.011793 0.0118021 0.011793 0.0122499 0.0119715 0.011793 0.0117931 0.011793 0.011793 0.011909 0.011793 0.0118253 0.011793 0.0118042 0.011793 0.011793 0.011793 0.0117935 0.0117952 0.011793 0.0117933 0.011793 0.0119282 15.9445 0.011793 0.011793 0.0117931 0.0117974 0.0121423 0.0117932 0.011793 0.0118282 0.0117931 0.011793 0.0117953 0.0118299 0.011793 0.0118897 75.9341 0.0119455 0.0166525 0.0117931 0.011793 0.0117932 0.0117936 0.0117946 0.011793 0.011898 0.011793 0.011793 211.313 0.011793 0.0118948 0.0117946 0.0117987 0.280578 0.0117932 0.0118192 0.011793 0.011793 0.0118105 0.0120737 0.0117935 0.011793 0.011793 0.0121192 0.0121317 0.011793 0.011793 0.0117934 0.011793 0.011793 0.0117931 0.0117931 0.011793 0.011793 0.0118987 15.9433 9.81188 0.0117931 0.011793 0.0118741 0.011793 3.03562 24.4626 0.0292003 0.0117935 0.011793 0.0117934 0.0117948 0.0119067 0.0118723 0.0120856 0.011793 0.0117941 0.0117939 0.0117969 0.011793 0.015162 0.0117931 0.011793 0.0117933 0.011793 0.0117936 0.0118978 0.011793 0.011793 145.044 0.0118192 0.011793 0.011793 0.0120784 0.011793 0.0117936 0.011793 0.011793 0.0117931 0.0117932 0.011793 0.0118291 0.0118044 0.011793 0.0117931 0.0117932 0.011793 0.0117931 0.011793 0.0117931 0.0117931 0.0120605 0.011793 0.011793 0.0118152 0.011793 0.011793 13.646 81.3383 0.011793 0.0117932 80.7985 0.011793 0.0117985 0.0117953 0.0117937 0.0118175 0.0118417 0.011793 0.011837 0.011793 0.011793 0.011793 0.0117946 0.011793 0.011793 0.011793 0.011793 0.0118189 0.0117931 0.0118574 0.011793 40.8284 0.011793 0.011793 0.0121809 28.0715 0.0118023 0.0276799 0.011793 0.0117933 0.0117961 0.011793 0.011795 0.011811 0.0117932 0.011793 0.0117957 0.011793 0.011793 39.6875 0.0118405 0.011793 0.011793 0.0119277 0.011793 0.011793 893.435 0.0117932 0.011793 44.2245 143.682 0.011793 0.011793 0.0120391 0.011793 0.0118125 0.011793 16.5999 0.011793 0.011793 0.0118 510.642 0.0118184 0.0117932 0.011793 0.0742973 0.0118292 0.011793 0.011793 47.5822 0.0117932 0.0118662 0.011793 0.0117938 0.011793 0.0117932 136.46 0.0118662 0.011793 0.0118124 0.0117937 24.8953 0.011793 0.011793 0.011793 0.0117932 0.01371 30.5282 0.0117975 0.012205 0.0117934 0.0121316 0.011793 0.011793 0.011793 0.0118466 0.011793 0.011793 0.0117973 0.011793 0.0356003 0.011793 5.80193 0.011793 52.1195 0.0117947 0.0119688 0.011793 391.053 26.9514 0.011793 0.011793 0.011793 0.011793 0.011793 0.011793 0.011793 0.011793 0.011793 0.011793 0.0120716 0.011793 0.0117936 0.011793 0.011793 0.0136554 0.0118902 0.0117946 0.011793 0.0118459 0.0117945 0.011798 0.011793 0.0119807 0.011793 0.011793 0.011793 0.011793 0.0118783 0.0117931 0.0117931 0.011793 0.0121906 0.011793 0.011793 0.0118021 0.0118141 0.011793 0.0125871 0.011793 4.07212 0.011793 0.011793 0.011793 24.5605 0.011793 0.011793 0.011793 0.0121224 0.011793 0.011793 0.011793 0.011793 0.011793 0.0118122 0.0140413 0.011793 0.0118021 0.011793 0.0117931 0.011793 0.011793 0.011793 0.0117936 0.011793 0.011793 0.011793 0.011793 0.0117993 55.2697 0.0120057 0.0117938 0.0118304 0.0118456 0.011793 0.0117932 0.011793 0.0117946 0.011793 0.0117931 0.0117944 0.0117963 0.0292006 0.011793 0.011793 36.3602 0.011793 258.484 0.0119326 0.011793 0.011793 88.4847 0.011793 23.7957 0.0117935 390.604 0.011801 0.0119462 0.011793 231.09 0.0117935 12.2727 0.0118493 0.0117931 0.011793 0.0120913 0.0118611 0.011793 0.011898 0.011793 0.0121071 0.011813 0.0117931 0.0118019 0.0117977 0.011793 0.011793 0.011793 111.272 68.4385 0.011793 0.0121948 0.011793 0.011793 0.011793 0.011793 0.011793 0.0117942 0.013283 102.16 0.011793 0.0117991 0.0118052 0.011793 0.011793 0.0117936 0.011793 0.0119112 0.011793 0.0117935 0.011793 0.0117979 0.011793 0.011793 0.0117931 0.0118249 0.0119264 0.0118096 0.011793 0.011896 65.0872 0.011793 0.0133526 0.0122408 0.0127899 0.011793 0.011793 0.011793 0.011793 0.0117933 0.011793 0.011793 311.922 0.011793 0.0117966 0.011793 0.0118081 0.012072 0.0118384 0.0119452 0.011793 0.0120144 0.0117931 0.011793 5377.71 6.48558 0.011793 0.011793 0.0118232 0.011793 0.0117932 52.4483 0.011793 0.011793 0.011793 0.0117938 0.0118003 0.0118389 0.0118255 0.0117931 33.7278 0.0117946 0.0117931 46.4496 0.011793 0.011793 0.011793 0.0117931 0.0117942 0.0117932 0.011793 0.0117932 0.0120114 0.0121906 0.0120369 0.011793 0.0117933 0.0118493 0.0117945 0.011805 0.0117932 14.36 0.011793 0.011793 0.011793 0.011793 0.0117934 0.011793 0.0117931 0.011793 0.0117931 0.011793 0.0117933 0.011793 0.0118814 0.011793 0.011793 0.0117931 0.0117954 0.011793 0.0123196 0.0117931 0.011793 0.011793 0.0119785 0.011793 0.0117931 0.011793 0.011793 0.011793 0.011793 0.0117947 0.011793 0.011793 0.011793 0.0117932 0.0118058 0.0121326 0.0117956 0.0117931 0.0117934 0.011793 0.011793 0.011793 0.0117932 0.011793 448.386 0.011793 450.75 0.0117937 0.0117946 0.0118089 0.011793 0.011793 0.011793 0.0118132 0.0118073 91.8044 0.0117933 0.011793 0.011793 0.0117932 0.0117931 0.011812 0.011793 0.011793 0.011793 0.011916 658.333 16.5239 0.0117931 0.0118078 0.0117932 0.120604 0.0127665 0.011793 0.011883 0.011793 88.6208 0.0117931 344.901 0.0117948 67.729 0.011793 0.011793 0.0118249 0.011793 0.0121546 0.011793 0.0117931 0.0117931 0.0117933 0.0118723 0.011793 0.0117965 0.011793 0.011793 0.0118176 0.011793 0.011793 0.0175859 0.0117946 0.0118412 0.0117933 0.011793 0.011793 0.0117936 0.0118062 31.1731 0.0117941 0.011793 0.0118124 0.011793 0.011793 0.011793 0.0117989 0.0128612 0.011793 0.0118536 0.0117932 0.0118868 0.0118469 0.0117972 0.0118986 0.011793 0.011793 0.0117964 0.0188995 78.7735 0.0118381 0.0118309 50.8534 0.0117931 0.011793 0.011793 0.0117932 0.011793 37.6471 0.0117957 0.011793 0.0118214 0.0117988 0.011793 0.011793 0.011793 0.011793 0.0118021 0.011793 37.2085 0.0118011 15.8351 0.0117932 0.011793 0.0117931 0.0117931 28.0194 0.0118319 0.011793 0.011793 0.011793 0.0118514 0.0118652 0.0119849 0.011793 0.011793 0.0118037 0.011793 2301.52 0.0119614 0.0119609 0.0117931 0.011793 0.0119196 0.0117932 0.011793 0.011793 0.011793 0.0117931 0.0117947 0.0117931 0.0117938 0.0117931 0.0732741 0.011793 0.011793 0.011793 0.011793 0.0117932 0.0118956 0.011793 0.011793 0.011793 0.011793 0.0560313 0.0117931 0.0117931 0.011969 0.011793 0.011793 0.011793 0.0117934 0.0117933 0.0117932 0.0118545 0.011793 196.782 0.011793 0.011793 0.011793 0.011793 0.011793 0.189049 0.0117952 0.0117933 0.0117941 0.011838 0.011793 0.011793 0.011793 0.0119282 0.0117987 0.0118396 0.011838 0.0117931 0.0117931 0.011793 0.0650329 17.8776 0.011793 0.011793 0.011793 36.9991 0.011793 0.0120344 0.0119579 0.0117945 0.0117932 31.9222 0.0120864 0.011793 0.0117941 0.011793 0.0119659 0.0117933 28.1007 0.011794 0.0117942 0.0117933 0.0117932 70.19 0.011793 0.011793 0.0117959 0.0123049 0.0118099 0.0121454 21.1289 0.011793 0.0117953 0.011793 0.011793 0.0118498 0.0118212 0.0815253 0.0118069 0.011793 0.011793 0.012039 121.669 0.011793 0.0118868 0.011793 0.0119998 0.0117932 0.0117953 0.011793 0.011793 63.8886 0.011793 9.85515 0.011793 0.011793 1059.29 0.0118119 0.011793 0.011793 0.011793 0.0117946 0.829186 422 0.0117981 0.0117932 348.535 0.0117945 0.011793 198.438 0.011793 0.011793 0.0118216 0.0117948 0.0137742 0.011793 0.011793 0.011793 0.0118016 0.011793 0.0117932 0.011793 0.0117931 0.011793 0.0118143 0.0120211 0.011793 0.102317 0.0117931 0.011793 0.011793 0.011793 0.011793 0.0679624 0.0118202 0.0119459 0.011793 0.011793 0.0117932 0.0117934 0.011793 0.011793 0.011793 0.011793 0.0117952 0.011793 0.011793 0.0117979 0.0117931 0.011793 0.011793 0.011793 0.0120818 0.011793 0.0120223 0.011793 0.011803 0.011793 0.0117992 24.4863 0.0117938 0.011793 0.011796 0.011793 0.011793 0.011793 0.0119915 0.0122928 0.0145705 0.011793 0.100006 0.011793 0.0117935 0.011793 0.011813 0.011793 0.0118083 0.0117932 0.0169047 0.011793 0.0124177 0.011793 0.0117931 0.011793 9.3843 0.011793 0.0120109 0.0117932 0.0118898 0.011793 0.0117942 0.0118124 0.011793 0.011793 0.0118199 93.4451 0.011793 0.0118898 0.011793 0.011793 0.011793 0.0117931 0.0117964 0.0117931 0.0119573 0.0117933 0.011793 0.0117934 0.0118097 0.011793 0.011793 0.0117931 0.0117933 0.011793 0.0117992 133.815 586.032 0.011793 0.011793 0.011793 0.0117961 58.8196 0.0117931 0.0117931 0.0117931 0.011793 0.0117969 0.011793 0.0120491 0.0117947 0.011793 0.0117931 0.011793 0.011793 0.0117931 22.3872 0.0118853 0.0117937 0.011793 0.011793 0.0119685 0.011793 0.011793 0.0119296 0.0118238 0.011793 0.0117931 0.0117959 20.6252 0.011793 0.0117931 0.0118034 0.0117934 0.0117948 0.011793 0.011793 0.011793 0.0121241 0.0117937 0.011793 0.015412 0.0118712 17.1101 0.0118976 0.011793 0.0117973 0.011793 0.0117932 0.0117931 62.5778 0.011793 0.483873 0.011825 0.011793 260.876 0.011793 0.011793 0.0118627 0.011793 0.0118662 0.0134498 0.011793 0.011793 0.011793 0.011793 0.011794 0.011793 0.0117931 0.0117931 0.011793 0.011793 0.0117931 0.0119543 0.011794 0.011793 0.0118503 0.011793 0.011793 0.011793 0.011793 0.0117971 0.0118144 0.011793 0.0117932 0.011793 16.5736 0.011793 0.011793 0.011793 0.0118711 0.0117932 0.011793 0.0123306 0.011793 37.0631 0.0118148 0.0118836 0.011793 0.0117931 0.011793 0.011793 0.011793 0.011793 0.011793 0.0117936 0.011793 0.0118563 0.011793 0.011793 0.011793 0.011986 0.011793 0.0118468 0.011793 0.0119505 0.011793 0.011793 0.011793 0.011793 0.0118188 40.8116 0.011793 112.161 0.011793 0.011793 0.0117938 0.011793 0.011793 0.011793 0.0117981 0.0121147 0.011793 0.0117931 0.011793 0.011794 0.0119657 0.011793 0.0117932 0.0118935 30.6156 0.0118134 0.011793 0.0117931 0.011793 0.011793 0.011793 0.011793 0.011793 0.0117936 0.011793 0.0117931 0.214141 0.011793 0.011793 157.264 0.0298352 0.011793 0.0117933 0.0119456 0.011793 0.0117932 0.0118193 0.011793 0.011793 0.011793 0.011793 0.011793 0.0120046 0.011793 0.011793 0.0117931 0.011793 0.011793 69.6623 0.011793 0.0117931 0.011793 0.011793 0.0117969 0.011793 0.011793 0.0117938 0.0117937 0.0117932 0.011793 0.011793 0.011793 0.011864 0.011793 0.0118655 0.0117933 0.0118938 0.0117943 0.011793 0.011793 0.011793 0.0117942 0.011793 0.011793 0.0118029 0.0120265 0.011793 38.3089 0.011793 0.011793 0.0117931 0.0117942 0.0380648 0.011793 0.011793 11.6331 0.0117933 0.0120714 0.0117994 0.011793 0.0117932 3.2862 0.0118923 0.0117974 0.0117931 0.011793 0.011793 0.0117995 0.0117945 0.0117932 0.0118011 0.0117994 0.0118068 0.011793 0.0117933 0.0143253 0.0118964 0.011793 0.0117931 0.011793 0.011793 0.0117931 0.0118133 0.0118292 0.011793 0.0121733 0.0119285 0.0121717 0.011793 0.0118325 0.0118062 0.0117932 109.782 0.011793 0.011793 0.0118041 0.0117931 0.0117931 0.011793 0.011793 0.0118053 0.011793 0.011793 0.011793 0.011793 0.011793 0.011793 0.011795 0.0117938 0.0117983 0.0117933 0.011793 0.011793 0.011793 154.856 0.011793 0.011793 0.011793 0.0117931 0.011793 0.0117946 0.011793 0.0118571 0.0118179 0.0117931 0.0118163 0.011793 0.0117932 0.0117982 0.0117931 197.962 0.011793 0.0124613 0.011793 0.011793 0.011793 0.0117931 0.0117933 0.011793 0.011793 0.011793 0.0119484 46.5957 126.1 0.0117935 0.011797 0.0118628 0.0118485 0.011793 0.011793 33.2302 0.0117941 0.0118134 0.011793 0.0117932 0.0117941 0.0117932 0.011793 0.0117936 0.0117932 0.0117939 0.011793 0.0121742 0.0117932 0.011793 0.011793 0.0150926 0.0133171 0.011794 0.0117931 0.011793 0.0133912 0.011793 0.011793 0.011793 0.011793 62.3187 12.9331 0.011793 0.0117942 85.0392 0.011793 0.0118008 0.0118406 0.0124978 0.011793 0.0117941 0.011793 0.0120357 0.05029 0.011793 0.011793 0.0127582 0.011827 0.011793 0.011793 47.9647 133.633 0.0118067 0.011793 25.8299 0.011793 18.8963 0.0118527 0.0122528 0.0117933 0.0117931 0.0117934 0.0118699 0.011793 0.0118558 0.011793 19.0088 114.426 0.011793 0.0117931 0.0117931 0.011793 0.011793 0.0118022 0.0117933 0.011793 0.0117931 0.0120823 0.011793 0.0118803 0.011793 0.0117974 0.011793 86.3674 0.011793 0.011793 0.011793 0.012224 0.011793 0.011793 0.0117932 36.0961 0.011793 4181.53 0.0120995 0.0117931 0.011793 0.0117942 0.011793 0.011793 0.0117932 0.0118193 0.0118138 0.0117932 57.4767 0.011793 0.0117931 0.011793 0.0117936 0.0117959 0.0117931 0.011793 0.011793 0.0117942 39.6876 0.0117972 0.0118101 0.0118623 0.0117932 227.466 0.0117933 0.0165502 0.011793 0.0117931 0.011793 0.011793 0.011793 620.037 0.0117934 0.0117943 0.011793 0.012326 0.0117934 0.0118356 0.011799 0.0121807 0.012107 0.011793 0.011793 0.011793 0.0117935 0.011793 0.011793 0.011793 88.1375 18.957 0.011793 0.011793 0.0117985 0.011793 0.0135664 0.0117988 0.011793 78.2545 0.011793 0.0117931 0.0117932 0.0125485 0.0128939 0.011801 0.011851 0.011793 0.011793 0.0118787 0.011793 0.0119663 0.011793 0.011793 0.012195 0.0119407 0.011793 0.370162 0.0118212 0.0117931 0.0119288 0.0123686 0.011793 0.011793 0.0118403 0.0118437 0.0117936 0.0117931 0.011793 0.011793 0.011793 0.0117931 0.011793 0.011793 0.011793 0.011793 0.011793 0.0117931 0.011793 0.014714 0.0117931 0.011793 0.011793 0.0118024 0.0117933 0.011793 0.011793 0.0117963 0.0117944 0.011793 0.0120735 0.011793 0.0118233 0.011793 0.011793 0.011793 512.005 242.813 0.011793 0.011793 0.0117935 0.011793 0.011793 0.0217237 0.0118113 0.0118021 0.011793 0.011793 0.011906 0.011793 0.0118023 0.011793 0.011793 0.0117931 0.0133638 24.4224 0.0117931 7308.76 202.109 0.011824 0.011793 0.011793 0.0117932 0.011793 0.011793 1525.34 0.0117932 0.0117947 0.011793 0.0117933 0.0121157 7.35117 0.0117933 0.0117935 0.011793 1302.12 73.3249 179.168 0.011793 0.011793 45.7622 0.0117931 910.626 0.0118067 0.0185771 0.011793 0.0118487 0.0117932 0.0173931 0.011793 0.011793 0.011846 0.0118222 0.0118502 0.0117951 0.0118394 0.0117933 0.011793 0.0117944 0.011793 316.49 0.011793 0.011793 0.011793 0.0130168 0.011793 0.0117966 0.0118044 0.0117932 214.688 0.0117991 0.011793 0.0117931 0.011793 0.011793 0.011793 0.0118111 0.011793 0.0123602 0.011793 0.011793 0.011793 0.0136721 0.0117933 29.89 0.011793 0.011793 24.0418 0.011793 0.0121309 0.0120031 0.0117931 0.0120659 253.76 0.0117935 0.0119266 0.0119946 0.011793 0.011793 0.0117931 0.0117932 0.0117936 0.011793 0.0117931 1.74571 0.0117936 0.011793 0.011793 0.011793 0.011793 0.0117935 0.0118325 0.011793 0.0118751 0.011793 0.011793 0.0117938 70.8847 0.0117932 0.0118133 0.0118436 0.011793 0.011887 0.011793 32.218 0.011793 0.011793 0.011793 0.012026 0.0117931 0.011793 0.011793 0.0117934 0.011793 23.3787 10.167 0.011793 0.011793 0.011793 0.011793 0.0117932 0.0118128 0.0117932 0.0117931 0.0120965 0.0117931 0.011793 0.011793 0.011793 0.0119874 0.0120251 0.011793 0.011793 0.0118243 0.011793 0.011793 0.0117938 0.0118814 0.011793 0.0117931 0.011793 0.011793 0.011793 0.011793 95.1333 0.0125586 0.011793 0.0118008 0.0121781 0.0118089 0.0117932 0.011793 0.011793 123.702 21.0719 0.0117932 0.011793 0.0117932 4.73383 0.011793 0.011793 0.011793 0.011793 0.011793 56.8953 0.011793 69.575 0.0117991 0.011793 0.0119094 0.0117992 0.0117933 0.011793 0.011793 0.0119607 0.011793 0.011793 0.011793 0.0117931 58.9749 11.4889 0.0118609 0.0118221 0.011793 0.0126804 0.011793 0.011793 47.527 0.0117933 0.011793 0.011793 79.6139 0.0117978 0.0117933 0.0124543 0.0118224 187.781 0.0118335 1822.68 0.011793 0.011793 0.011793 0.011793 0.0117933 0.0118013 0.011793 0.011793 0.0117931 0.011871 0.011793 0.0119087 0.011793 0.0117931 0.011793 0.011793 0.0117949 0.011793 0.0117933 77.0601 0.011793 0.011793 0.011793 0.0117932 0.0117973 0.011793 0.0117957 0.0117976 0.011793 0.011793 0.0117931 0.011793 0.011793 0.011793 0.011793 0.0120816 0.0118715 0.0117944 0.011793 0.011793 0.0117931 0.0118027 0.0117931 0.011793 0.011793 0.011793 0.011793 0.0117996 34.4179 0.011793 0.0134019 149.878 0.0117954 0.011793 0.0126174 0.0117932 29.5988 0.0117938 0.0117938 0.0120734 0.0117933 0.011793 0.011793 0.0117931 0.011854 0.0122232 1043.21 0.011793 0.011793 0.011793 0.0118065 568.229 0.0117932 0.011793 84.7701 0.0117932 0.011793 0.011793 0.011793 0.011793 0.0122502 0.0119729 0.0117934 0.011793 0.011793 0.0119192 0.011793 0.011793 0.011793 0.482698 27.8039 0.011793 0.011793 0.011793 0.0118726 0.011793 0.011793 0.011793 77.7632 0.011793 0.0140724 0.0117968 0.0117931 0.011793 0.011793 0.011793 0.011793 0.0118216 0.0120134 0.011793 0.0118423 0.0117931 0.011793 0.011793 0.011793 0.0117932 0.011793 0.0120788 0.011793 0.011793 0.011793 0.011793 35.6236 0.0117938 0.011793 0.0119025 0.011793 0.011793 0.011793 0.011793 0.011793 0.011793 0.0118292 0.0118345 0.011793 0.011793 0.0118487 0.0118357 0.0121547 0.011793 0.0117931 0.0117931 0.011793 0.011793 1.47236 0.0117946 0.011793 51.3456 0.011793 2.03008 0.011793 0.0117933 0.0117931 0.0117934 0.011793 0.011793 0.011793 0.0118813 26.0633 0.011793 0.0117931 0.011793 0.0119468 0.0117938 0.0118219 0.0120673 0.011793 184.693 0.0118032 0.011793 0.011793 0.0117931 0.011793 0.011793 239.265 0.0117931 0.0117931 47.1886 0.0117952 0.0117932 0.0117932 0.0118057 0.011793 13.7719 0.0117933 0.011793 0.0117932 0.011923 0.0118245 0.011793 0.0117934 0.011793 0.0118001 0.011793 0.011793 0.011793 0.0119524 0.0119936 0.0117931 0.011793 0.0117934 0.0118037 0.011793 0.0118037 0.011793 0.011793 0.0117933 41.181 0.0117932 0.0117934 0.0117931 0.0118303 0.0117935 0.011793 0.0118033 0.011793 0.011793 0.011793 29.7997 398.379 0.0118185 0.011793 0.0117931 0.0118398 0.011793 0.011793 0.0126633 0.0117934 17.1101 0.011793 0.011793 0.0117933 15.6854 0.0118326 0.0117938 0.011793 0.0117947 0.0117952 0.0119234 0.011793 0.011793 10.3399 0.0118595 0.0121361 0.011895 0.011793 0.011793 0.0117931 0.0117975 160.629 0.0117931 0.011793 0.011793 0.0117944 0.011793 0.011793 197.177 0.011793 0.0118404 0.0118972 0.011793 0.0133031 0.011793 52.0235 0.011793 0.0118412 0.011793 0.011793 8.90628 0.0117932 0.0120172 97.2602 0.011793 1213.72 0.0117931 0.0117932 0.0118005 0.0119414 0.011793 0.011793 0.011794 77.9635 0.0118238 0.011793 0.0118028 0.011793 0.011793 0.011793 0.011793 0.011793 0.011833 11.8427 0.011793 0.011793 0.0118239 0.011793 0.0118286 0.0117954 0.0117946 0.011793 0.011793 0.011793 0.011812 0.0117931 0.0118932 0.011793 0.0117965 0.011793 6.57295 0.011793 0.0119456 0.011793 0.0117931 0.011793 0.011793 0.0118051 0.011793 0.011793 0.0117942 0.0117934 0.0117946 0.011793 0.011793 0.0118149 0.0117935 0.011793 0.0117933 0.0117994 0.0117931 0.0118327 0.011793 0.0119333 0.011793 29.6004 0.0117933 2228.68 0.0117937 0.011793 0.011793 143.541 0.011793 0.011793 0.0119477 0.011793 0.0118294 0.0117961 0.0117932 0.011793 0.011793 0.0117947 0.0118981 0.0117988 0.0117935 0.0120922 0.0154788 0.011793 0.011793 0.011793 0.0117944 0.011793 0.011793 0.011793 269.561 0.011793 0.0117962 0.011793 0.0119859 0.011793 0.0117931 0.0117958 0.0117938 0.011793 0.011793 0.011793 0.011793 0.0117932 0.011793 0.0120094 0.0117955 0.0117943 0.0117939 0.0117957 109.204 0.011793 0.011793 0.011793 0.0117933 0.011793 0.011793 0.011793 0.0119711 0.0118513 0.011793 0.0121926 0.0118617 0.0154699 0.0117936 0.011793 0.011793 0.0119266 0.011793 0.011793 0.011793 301.852 0.0117936 7.47026 0.0132138 41.9628 0.011793 0.011815 0.0128782 0.011793 0.011793 75.9997 0.011793 0.0117931 0.0117962 0.011793 317.483 0.0117934 0.011793 0.0228082 0.011793 0.011793 0.0120419 0.011793 0.0121025 0.011793 0.011793 0.011793 24.2136 0.011793 20.9611 0.011793 0.0907605 0.011793 0.011808 0.011793 0.0117934 0.011793 0.0119217 0.011793 0.0117943 3.91939 0.011793 0.011793 0.011793 0.011793 0.011793 0.011793 0.011793 0.0117932 0.0119145 0.0117944 0.011873 0.011793 0.0117931 894.421 0.011793 0.011793 0.011793 0.0117931 0.0118104 0.0117931 255.38 0.011793 0.011793 0.0118715 0.0117946 0.0117931 0.011793 0.011793 0.011981 0.011793 0.0118289 0.011793 0.011793 0.0121692 0.0117934 0.011793 0.0121697 0.011793 0.0154165 0.011793 0.0117941 0.0118253 0.0117945 0.0119995 0.011793 0.011793 0.011793 0.0117944 0.011793 0.0118047 0.011793 0.0118035 0.011793 0.011793 0.0117932 0.0117996 0.0118625 0.011793 38.7074 0.0117931 0.0117932 14.9921 0.011793 0.0120112 0.0117931 0.011793 0.011793 0.011793 0.011793 0.0117931 0.011793 0.0121469 0.011793 0.011793 0.011793 0.0119163 0.0118756 37.5067 0.011793 0.011793 0.011793 0.0119138 9.33269 0.011793 0.011929 313.261 0.0117932 0.011793 167.786 35.8126 0.0117933 0.0117932 0.0117932 0.011793 0.0119544 224.291 0.123608 0.0118011 0.011793 0.011793 0.011793 0.0117934 24.4928 0.0117931 0.011793 168.01 0.0118331 0.011793 0.0118681 0.011793 0.0117933 13.5825 0.011793 0.0118436 0.0117933 0.011793 0.0117937 41.5529 0.0117932 0.0117935 0.011793 0.011793 0.011793 0.0117933 21.783 0.011793 0.0117934 876.503 3.54598 0.011793 0.011793 11.1644 0.011793 0.011793 14.6689 0.0117931 0.0118304 0.011793 0.0118811 0.011793 0.0117931 0.0117941 0.011793 0.011793 0.0117938 208.069 0.011793 0.011793 0.011801 0.0117956 0.0118883 0.0122098 0.011793 0.0117988 0.0123377 0.011793 0.011793 0.0117961 0.011793 0.011793 0.0117946 0.011793 0.011793 0.011793 0.011793 0.011793 0.011793 0.0122226 0.011793 0.011793 0.0118217 0.011793 0.011793 0.0118743 0.0124591 0.011793 164.878 0.011854 10.0595 0.011793 0.0118111 0.0117933 0.0117932 0.011793 0.0117956 105.858 0.011793 0.0117932 0.011793 0.0117931 0.011793 26.315 0.011793 0.011793 0.011793 0.011793 0.011854 0.0118841 0.011793 0.011793 0.011793 0.011793 0.011793 0.011793 0.011793 0.0118168 0.0118041 0.011793 0.0118555 0.0117931 0.0117931 790.997 0.0117991 0.011793 0.0117932 0.0158304 0.011801 0.011793 0.011793 0.011793 0.011793 0.011793 430.153 11.006 0.0117933 0.0118 0.0118204 71.3071 0.011793 0.0117939 0.0117956 0.011793 0.011793 0.011793 0.0117945 0.0117981 0.0117938 0.011796 0.011793 0.011793 0.0117932 0.011793 0.011793 5.02685 0.011793 0.0118447 0.0117966 0.011793 6.39813 0.0118008 220.963 0.0120257 0.0119985 0.0119404 0.011793 0.0117931 0.0126743 0.0118022 0.011793 0.01188 0.0118503 5.74113 0.0117931 0.0117935 0.0117931 0.0117941 0.0117931 0.0143048 0.0119396 0.011793 0.011793 0.011793 0.0117931 0.0118005 0.0118884 0.011793 0.0120244 0.0120057 0.011793 121.277 0.0117946 0.011793 0.011793 0.011793 0.011793 0.011793 301.474 0.011793 0.011793 0.011793 0.0118415 0.011793 0.011793 0.0122751 0.011793 0.011793 0.011793 0.0117931 0.0128807 0.0122858 0.0117933 0.011793 0.0117931 0.0179923 0.0117946 0.011793 0.0117932 0.011793 0.011793 284.696 0.0117942 0.011793 0.011793 29.3493 0.011793 0.0117931 0.011793 0.011793 0.011793 0.0119262 0.011793 0.011793 0.011793 0.011793 0.0117931 0.011793 0.011793 0.0119198 0.011793 0.0119686 0.011793 0.0117931 0.011793 0.0118994 0.0140786 0.011793 0.011793 0.0117934 0.011793 0.0120958 0.011793 0.0117932 0.011793 0.0118782 716.413 0.011793 0.011793 0.011793 0.0117986 0.011793 0.0117946 0.011793 13.4512 113.27 0.0117965 0.0119275 0.0118428 0.0118866 0.011793 0.011793 256.979 18.897 0.011793 0.011793 0.011793 0.011793 15.6909 0.011793 0.0119486 0.0117948 0.011793 0.011793 0.0119148 0.0117949 0.0117934 0.0119387 41.9512 0.011793 59.6822 22.9894 31.6497 15.3236 0.011831 0.011793 0.0117943 0.0117934 0.0119757 0.011821 0.011793 0.011793 0.011793 0.0118018 0.011793 0.0118764 226.83 87.4328 0.011793 0.011794 0.011793 0.0140062 204.091 0.0117933 126.463 0.011877 0.011793 0.011793 0.0117937 0.011793 0.0119228 0.011793 0.011793 19.7828 0.011793 0.0117948 0.0117931 675.997 0.0117964 0.0117931 0.011793 0.0117931 5.74853 14.7311 0.0117964 0.0118049 0.0141995 16.5424 0.011793 0.0134062 0.0118864 0.011793 0.011793 0.012213 0.0117931 0.011798 0.011793 0.011793 0.0117941 3629.29 0.011793 1.99078 0.0118015 0.011793 0.011793 34.3678 0.011793 0.0117935 0.0120031 0.0118054 0.0117942 0.011793 0.0117932 0.011793 0.0118427 0.0118104 0.011793 0.011793 0.011793 0.011793 8.90628 0.011793 0.011793 0.0118758 0.0117931 171.103 0.0119918 0.011793 0.011793 0.011793 0.011793 0.0118144 0.0120897 0.011793 0.0117931 0.011793 0.011793 0.0118082 0.011793 0.011793 0.0118 0.0117931 0.011793 0.011793 0.011793 0.011793 0.011793 0.0118179 0.0118386 0.0118085 0.011793 0.011793 0.0117931 0.0125802 0.011793 0.0147095 0.011793 0.011793 0.0117936 574.747 0.0119721 0.0117932 0.0117935 0.011793 0.011793 0.011793 0.011848 0.011793 0.011793 0.0118308 0.011793 0.011793 0.011793 0.011793 0.0117932 0.0117932 0.011793 0.011793 0.011793 289.95 0.011793 0.011793 0.011793 0.0118141 0.0118777 0.0117932 0.011793 0.011793 0.011793 0.0119759 0.011793 0.011793 0.0127973 0.0117939 0.0118315 0.0128033 0.0122111 0.011793 0.011793 0.0119104 0.0117933 0.0117954 0.0216267 0.011793 0.011793 0.011793 0.011793 21.4871 0.011793 0.011793 0.011793 16.4423 0.011793 0.0123241 0.0120402 0.011793 0.0117932 0.0119166 14.1892 0.011793 0.011793 0.0117953 0.0117932 0.011793 0.011793 0.011793 0.011793 0.011793 0.0118559 0.011793 0.0117932 0.011793 27.1194 0.0161495 0.0861306 0.011793 0.011793 0.0117942 0.0117932 0.011793 0.0117932 0.0117934 0.015383 0.011793 0.011793 0.0118262 0.011793 0.011793 0.011793 0.0122015 0.0280093 1.43507 0.011793 0.0118023 0.011793 14.6377 0.0117931 0.011793 0.011793 129.729 0.0117955 0.011793 0.0117931 0.011793 0.0117984 0.0131825 0.011793 0.0495885 22.7572 0.0117935 0.011793 0.011793 0.0117931 0.0117931 19.23 0.011793 0.0117935 0.011793 0.0118003 0.011793 53.1856 0.011793 11.0042 0.0119836 0.0117932 0.011793 0.0117938 0.011793 0.0118348 0.0117931 0.0118019 0.0117931 0.0118135 0.011793 54.856 0.0118403 0.012061 0.011793 0.0118388 990.302 0.011793 0.011793 0.0117936 0.011793 0.011793 15.167 0.011793 0.011793 0.011793 0.011793 0.0118943 0.011793 224.657 0.011793 0.011793 0.0117931 0.0117931 0.0118354 0.011793 0.011793 0.0118028 0.011793 0.011793 0.011793 0.011793 0.0117936 0.0118903 0.011793 0.011793 0.011793 0.011793 439.694 0.0117935 21.5739 0.011793 0.011793 0.011793 0.011808 0.0117942 186.12 0.0117931 0.0117991 0.011793 0.011793 0.011793 0.0155075 48.313 0.0118011 0.011793 0.0117931 0.0117931 0.0118312 0.011793 0.011793 0.0131628 0.011793 0.011793 0.0118547 0.0117932 0.0117931 0.0119848 0.0117937 0.011793 150.046 0.0118843 217.96 0.0117932 0.011793 0.0117971 226.347 0.0117931 62.2907 0.011793 0.011793 0.011793 0.011808 0.011793 0.0119348 0.011793 0.011868 0.0117932 0.011793 0.011793 0.011793 0.0117931 0.011793 0.011793 0.011793 12.9876 0.011793 0.0118038 0.011793 0.011793 0.011793 0.0117963 0.011793 0.011793 0.0117939 0.0120211 0.011793 0.0124468 509.627 0.011793 0.011793 0.0117936 0.0119985 0.011793 0.011793 0.011793 0.0121166 0.011793 0.0117931 0.0117938 0.011794 0.0117931 0.011793 0.011793 0.011793 0.011793 0.011793 10.5401 1.84274 87.6482 0.011793 0.011793 0.0117947 0.011793 0.0117934 0.011793 0.011793 0.0118454 0.011793 0.011793 0.0122863 0.0118392 0.0145162 0.0117931 0.0117931 31.9192 0.0117935 15.3196 290.144 0.011793 0.011793 0.011793 0.011793 416.35 0.011793 327.608 0.011793 0.011793 0.0119094 4.31688 0.0120341 29.3073 0.0117931 0.011793 0.011793 0.0117959 0.011793 0.012194 19.7634 108.163 0.0122202 0.011793 0.011793 0.0117932 0.0117931 0.0117984 0.011793 0.0117931 0.011793 52.2905 0.011793 0.011793 0.0120079 0.0212782 0.0118011 0.011793 0.011793 41.851 0.0117932 0.0117936 0.0117993 0.011793 0.0119838 0.0117931 0.0118208 0.0117931 0.0119196 0.011793 0.0117931 0.011793 0.011838 0.011793 0.011793 0.011793 0.011793 151.181 0.0118258 0.011793 0.011793 0.011793 0.011793 0.011793 0.0117931 53.2582 0.011793 0.011793 0.0117931 0.011793 182.549 0.011793 0.0117968 0.011793 0.011793 0.0118326 0.011793 0.011793 0.0117932 0.011793 0.0117959 0.011793 0.0117931 0.0120654 17.1101 0.0122627 0.0118077 0.0117952 0.0117951 0.011793 0.0118743 0.011793 0.011795 0.011793 43.1836 0.011793 68.2483 0.011811 0.011793 0.011793 0.011793 0.011793 0.011793 19.8471 0.011793 0.011793 0.0118034 0.0118416 0.0118315 0.0117933 0.0117938 0.0117939 0.0117931 0.011793 0.011793 53.7621 0.0117932 0.011793 0.0118101 0.0472156 0.011793 0.011793 0.011793 0.011793 0.0117941 0.011793 0.0117952 0.011793 0.011793 0.0117944 0.0117971 0.0117932 0.011793 0.0120263 31.2819 24.6407 0.0117932 0.0118605 0.0117936 0.0118247 0.011793 0.011793 0.0117933 0.011793 0.011793 0.0118561 0.011793 160.312 0.0117932 0.011793 0.0117934 0.0120574 0.011793 0.011793 0.011793 0.011796 0.0121168 216.767 0.011793 0.0118035 0.0118163 0.0117932 0.011793 0.0117931 0.0117931 0.011793 35.1477 0.0117931 0.0946849 0.0118085 4.84721 0.011793 0.0118885 0.011793 6.5224 0.0117934 0.0117931 0.011793 0.028012 0.011793 24.644 0.011793 0.011793 0.011793 0.0117941 0.011793 34.8395 0.0117931 0.0117931 0.011793 12.6187 0.011793 0.011793 0.0126219 0.011793 0.0118404 0.011793 0.011793 0.0117933 0.0117931 0.011793 0.0121548 0.011793 0.011793 0.011793 0.011793 0.011793 0.011793 0.011793 0.0118233 0.0118078 378.737 322.165 0.011793 0.011793 0.0118611 0.011793 0.0117931 0.011793 0.0117935 0.011793 0.011793 0.011793 0.0120375 0.0117958 0.011793 0.0117931 0.0121573 0.011793 0.011793 174.724 294.782 0.011793 7.29145 0.0119223 0.011793 0.011793 0.011793 0.011793 0.0117935 0.0117991 0.0119196 0.0117966 0.0118324 0.011793 59.1462 0.0117933 0.011793 0.011793 0.011793 0.0375114 11.3318 0.011793 0.011793 0.0118337 0.0118005 53.6064 0.011793 0.011793 0.0117936 0.0117932 43.4606 0.011793 0.0146171 0.0118246 42.4857 0.0117958 0.0117932 0.0117933 0.011793 19.8924 0.0117971 0.0117944 0.011793 0.0117931 0.011793 0.0118171 0.011893 75.1006 0.0117934 0.0117931 0.011793 0.0120172 0.0118041 0.011793 0.0118289 0.0118364 0.0117931 0.011793 0.0118019 0.0118139 0.0117931 0.0118294 0.0117937 0.011793 0.0118007 0.011793 158.326 0.011793 0.011793 0.011793 0.0117933 0.011793 0.0117932 0.011793 0.0117946 0.0117964 0.0129712 0.0117931 0.011793 0.011793 0.011793 0.0118168 0.0117931 0.011793 0.011947 0.011793 0.011793 0.0117931 0.0117933 0.011793 0.0117931 0.0119724 0.0117942 0.0117931 0.0118839 0.0117947 0.011793 0.011793 0.011793 0.011793 10.8661 0.0117931 0.0117932 0.0117936 0.0117946 0.0118082 0.0117936 0.011793 0.011793 0.011793 0.0118096 0.0140982 0.011793 0.011793 0.0117934 49.8454 0.011793 0.0117967 0.0117942 0.011793 29.3944 0.0117931 0.0118084 248.161 0.011793 0.0117931 0.011793 0.011793 0.0149406 0.0119167 85.3248 0.0118028 0.011793 0.0118804 0.011793 0.011793 0.0118977 0.011793 0.0117932 0.0118826 0.0118062 36.3978 20.524 0.0117931 0.011793 0.0119247 0.011793 0.011793 0.011793 0.011793 0.011793 0.011793 0.0117936 0.011793 0.011793 0.011793 0.0140114 0.011793 0.011793 0.0117934 0.011793 0.011793 0.011793 0.011793 0.011793 0.011793 0.0118802 0.011793 6.6402 0.0117931 0.0117935 0.011793 0.011793 0.011793 0.0117933 0.011793 0.011793 0.0117942 0.0117932 0.0119157 0.0117936 0.0118098 0.011793 10.0884 0.0141046 43.1812 0.011793 0.011793 0.011793 0.011793 0.011793 0.0117935 0.0117976 0.011793 0.0117956 0.011793 10.1485 0.0117947 933.559 0.011793 0.0119415 0.011793 0.011793 0.011793 0.011793 0.0119728 0.0118382 19.4137 0.0117931 0.011793 0.0121523 16.6694 0.011793 0.0117943 0.0118099 0.011793 0.0119009 0.011793 1145.48 0.0118868 0.012052 0.011793 0.011793 0.0117939 0.0117934 10.1395 0.011793 0.0117941 0.0118243 0.0117931 0.0123162 0.0117932 9.94283 0.0128193 0.011793 0.011793 0.011793 0.0125295 0.011793 0.011793 0.011793 0.0117985 99.4279 0.0121411 0.011793 15.6252 0.011793 0.0120661 0.0117953 0.011793 0.011793 40.0882 238.663 0.0119339 0.011793 0.011793 0.011793 0.0121187 0.011793 0.011793 55.8985 0.011793 0.011793 0.011793 0.0118044 0.011793 0.011793 24.4928 0.011793 0.011793 0.011793 0.011881 0.0117938 0.0117931 0.011793 0.011793 0.011793 0.0118004 0.011793 0.011793 0.011793 0.0118021 0.0118287 0.011793 0.011795 0.0121393 0.0124703 0.011793 0.011793 0.011797 167.909 0.0117933 0.011793 0.011793 0.0122098 0.02046 0.011793 0.011793 0.011793 0.011793 0.011793 0.410889 0.011793 0.011793 17.8068 0.011793 0.011793 0.011793 0.011793 0.0117986 0.0120926 0.0117931 0.011793 0.011793 0.011793 0.011793 0.0118208 0.011793 13.2913 0.0118207 18.8741 31.5601 0.0117931 0.0117932 13.8259 0.0117934 0.0117933 0.0125481 0.011793 0.0117997 0.011793 0.011793 0.0117935 0.011793 0.0118311 0.011793 424.957 0.0118506 0.0117932 0.011793 0.011793 0.011793 0.01189 0.0118076 0.0117932 0.011793 0.011793 0.0117938 0.0117935 0.011793 0.011793 0.0117947 45.2174 0.011793 0.0117932 0.011794 0.011793 0.011793 0.0118052 0.0117931 0.0117934 0.011793 0.011793 0.0118007 0.0117937 0.011793 0.0158764 0.011793 0.0118247 0.011793 4.08135 87.3802 0.011793 0.011793 0.0117934 0.011793 0.0119009 0.0117937 13.5351 0.011793 382.813 0.011793 11.047 0.011793 0.011793 0.0117932 0.011793 0.0305987 0.011793 0.0117931 0.011793 0.011793 0.011793 0.011793 0.0118001 0.011793 0.0117931 0.011793 0.011793 0.011793 0.011793 0.0117992 9.8091 0.011793 0.011793 0.011793 0.011793 0.011793 0.011793 0.0117931 0.0117932 0.011805 0.0117931 0.011793 13.984 0.0117951 0.0118553 0.011796 0.0117932 0.011793 0.0121699 641.443 0.011793 0.0118061 0.0117932 64.8754 0.011793 0.0117956 0.011793 0.011793 0.0120088 0.011793 0.011793 0.011906 0.011793 0.0118245 0.0117941 38.1998 0.011793 48.1402 0.011793 0.011793 0.0117931 0.0118 0.011793 0.011793 0.0117931 0.011793 0.0117946 0.0117933 0.0117943 0.011793 0.0119586 0.011793 0.0117936 0.011793 0.0117963 0.0118015 0.0121205 18.957 0.011793 0.0118214 0.0119689 130.803 385.378 0.0118003 0.0119399 0.0117979 0.011793 0.0118329 0.0117936 0.011793 0.011794 0.0117941 0.0121089 0.011793 0.0148551 0.011793 12.2404 50.044 0.0117933 0.0118598 0.011793 0.011793 0.011793 0.0119249 0.011793 0.0119858 0.011793 9.18322 0.011793 0.011793 0.0120642 0.011793 0.0117935 0.0117944 0.011793 0.0117931 0.011793 0.0117938 0.011793 0.0119411 0.0399026 0.0127229 0.0124703 0.0117976 0.011793 0.011793 0.011793 0.011793 0.011793 0.0117941 15.3193 0.0117944 0.0118404 0.011793 0.0203838 0.011793 0.011793 0.011793 0.0118009 0.011793 0.011793 0.011793 0.011793 0.011793 0.011793 0.011808 0.0117935 0.011793 693.482 0.011793 0.011793 23.1728 0.011793 0.0118105 0.0117934 0.0117931 0.011793 0.011793 0.011861 0.0117931 0.0117931 0.011793 25.4634 0.011793 0.0127553 0.011793 0.011794 0.0132354 0.011793 0.011793 0.011793 0.0119197 0.0117931 0.0118289 0.011793 0.011793 0.011793 0.011793 0.0119082 0.011793 0.0133287 0.011793 0.011793 56.9382 0.0118076 0.011793 0.0118508 0.0117945 0.0118039 0.0117966 0.0118167 0.011793 0.011793 202.409 0.011793 0.0120063 0.011793 0.011793 32.2877 0.011793 13.6615 0.011793 17.9672 0.011793 0.0117936 0.011793 0.0117933 0.370214 4.50752 0.011793 0.0118415 0.0125583 0.0117931 0.011793 0.0118043 0.0141858 110.775 0.011793 0.011793 0.011793 0.011793 0.0122043 0.0117938 0.011806 0.0117943 0.0117931 0.011793 0.011793 0.0117932 0.011793 0.0118151 0.0117931 30.1234 0.0121292 317.982 0.0120353 0.011793 0.011793 29.7287 0.011793 0.011804 0.011793 0.0117931 0.0117935 0.011793 0.011793 0.0117931 0.011793 0.011793 0.0118152 0.0117931 0.0117937 0.011793 0.0117931 0.012614 0.011793 0.0117931 23.3457 0.011793 0.011793 18.8405 0.0118111 0.0117931 0.0119858 0.0118109 0.011793 0.011793 0.0117933 0.011793 12.7688 0.013543 25.7421 0.012677 0.011793 0.0117932 0.011793 0.011793 0.011793 0.0117945 0.0117982 0.011793 0.0117931 0.0117939 0.011793 0.011793 0.0117961 0.011793 0.0117986 0.0117934 0.0117951 0.011793 0.0117965 0.011793 0.0117941 0.011793 0.011793 0.011793 0.011793 2.21553 0.0117931 0.0117934 0.011793 0.011793 0.011793 0.011793 0.0117935 0.0239507 0.0143314 0.0117932 0.0171197 0.011793 27.7521 0.011793 0.011793 0.0118313 0.011793 0.0118714 0.0117988 0.0118507 0.0119028 0.0118105 0.402744 0.011793 0.011793 0.012386 0.011793 0.011793 0.0117931 0.0117977 0.011793 0.011793 0.011793 0.011812 0.011793 0.011793 0.011793 0.0117934 1417.86 0.011793 0.0117931 53.0714 0.011793 0.0118374 0.0117931 69.3846 0.0118885 0.0117931 0.0117933 34.2005 18.1434 0.0119342 0.0117933 0.0117962 0.011793 0.011793 0.011793 176.913 0.011793 0.0117969 0.011793 0.0117933 0.0118026 0.0117931 0.011793 0.0117931 0.011793 0.011793 0.0118385 0.011793 0.011793 0.011793 0.011793 0.011793 0.011793 0.0117931 0.0119539 0.0117935 0.011793 0.011793 0.0117964 0.011793 0.011793 0.0118037 0.011793 0.0117939 0.011793 0.011793 0.0117937 0.011793 61.7596 0.0117932 0.0118089 0.011793 0.0117946 0.011793 0.011793 0.011793 0.011793 0.0117986 0.011793 0.011794 0.0141391 0.011793 0.011793 118.116 0.0118265 0.011793 5.45622 107.254 12.5057 0.011793 0.011793 0.011793 71.0638 0.0118521 60.8409 0.0117933 0.011793 0.0117931 242.719 0.011793 0.011793 0.011793 0.0117931 0.0118415 0.011793 0.0117935 0.0118026 0.011793 0.0117933 0.0117931 123.619 0.011793 51.0758 0.0118609 0.0118917 0.0119275 0.011797 0.011793 0.011793 0.011793 0.011793 0.011793 46.5265 0.011795 0.0117933 0.0117933 0.011793 0.011793 0.0117934 0.011821 0.011793 0.011793 0.011793 0.011793 0.0122368 0.011793 0.0122962 0.0117949 0.0119021 0.011793 0.011793 66.3772 0.0117932 0.0119352 0.011793 0.011793 2.38714 0.0117954 0.011793 0.011793 0.0117937 0.011793 0.0117931 0.011793 0.011793 35.9824 0.011793 0.011793 0.011793 0.011793 0.011793 0.0117963 0.011793 0.011793 0.012325 0.0117937 0.011793 76.3642 0.0117933 0.011793 0.011793 126.717 0.0117963 0.0121137 0.011793 0.011793 0.0118895 0.011793 0.0117931 0.0118101 0.011793 0.011793 0.0118561 205.062 0.011793 0.0117951 0.011793 0.011793 0.0117946 0.011793 0.011793 0.0117995 0.0117931 0.011793 0.0117937 0.0122888 0.0121354 0.0280817 0.0117931 0.0120364 0.011793 0.011793 0.011793 0.011793 24.6326 0.011793 0.0120705 0.0118003 0.011793 0.011793 0.011796 0.0118106 0.011793 0.0117946 0.011793 0.011793 0.0117946 19.7759 15.8045 0.011793 0.0117993 0.0117972 0.011793 0.011793 0.0118932 0.0117937 0.011793 0.011793 0.011793 0.011793 0.0122234 0.0117931 0.0117935 0.011793 0.011793 0.0118133 37.8523 0.011793 0.0117932 0.0117931 0.011793 0.011793 0.011793 0.0118048 0.011793 0.011793 0.0117977 0.011793 0.011793 0.011793 0.011793 0.0118849 0.011793 0.0118259 0.0117932 0.0133641 0.011793 0.0118128 0.011793 0.0117944 0.0117932 0.0118247 0.0119698 0.0117941 0.0118011 0.011793 3.24633 0.0119794 0.0117945 0.011793 310.283 0.011793 0.0117934 0.011793 12.9436 0.011793 0.011793 22.0636 0.0120115 0.011793 0.0119333 0.011793 0.0117931 0.0117939 0.0117931 0.0117933 0.011793 0.0118149 0.0117931 0.011793 0.011793 0.0151586 0.011793 0.011793 0.011793 0.011793 0.0117955 0.0119252 0.0132503 0.011793 0.0117933 19.0825 0.011793 0.0117943 0.0118184 0.0118432 0.0119032 0.011793 0.0117933 0.011793 0.0117933 0.0118463 0.0493054 0.011793 0.0117933 0.011793 0.0117932 0.011793 0.0117931 0.011793 19.6844 0.011793 0.011793 0.0117935 0.0118718 0.011793 0.011793 0.0117951 0.011793 0.011793 0.011793 0.011793 0.011894 0.0117933 0.0117931 0.011793 0.011793 0.011793 0.011793 0.0117931 0.011793 0.0117941 0.011793 0.0117936 0.029201 0.0119236 0.0121713 0.096887 6.03707 0.011793 0.0121229 0.011793 0.0117932 0.0117938 7.47026 0.0117943 0.011793 0.0118284 0.011793 89.1822 0.0117931 0.011793 0.011793 0.011793 0.011793 0.011793 0.0117931 0.011793 0.011793 0.011793 0.0127656 0.0119072 0.0118023 9.02217 0.0117931 0.011793 0.0118329 0.011793 0.0118998 0.011793 0.0117964 0.011793 0.0122919 0.0119734 0.0117986 0.011793 0.011793 0.011793 0.0118112 0.0117938 0.0118979 0.011793 0.011793 0.013904 0.011793 0.011793 0.0118786 0.0117931 223.697 0.011793 0.0117932 0.0117932 0.011793 48.5469 0.011793 0.011793 0.0125001 0.011793 0.0122464 0.011793 0.011793 0.011793 0.011793 0.011793 0.0117932 0.0117935 0.0117934 0.011793 0.0119804 0.011793 2240.81 0.0117931 0.011793 0.0117932 0.0117938 0.011793 0.011793 0.0117954 0.011793 0.0117935 7.535 0.0117932 0.011793 0.0124203 0.011793 0.0682456 0.011793 0.011793 31.3705 0.011793 0.011793 0.011793 0.011793 94.4831 0.011793 0.0117974 0.011793 0.0218899 0.011793 0.0117936 0.011793 0.011793 0.011793 0.0118288 0.011793 56.8408 0.011793 0.0117932 0.011793 0.0118531 0.011793 0.011793 0.0119182 0.011793 0.011793 0.011793 0.357754 0.011793 82.3121 57.716 0.011793 0.011793 0.011793 1027.41 0.011793 0.011793 0.0118171 0.011793 8.99223 0.011793 27.4321 0.011793 0.011793 0.011793 0.0117946 0.011793 0.0118392 0.0123351 0.0117943 0.0117931 0.012629 0.011793 41.7962 0.011793 0.0117934 0.011793 0.0118057 0.011793 23.7959 147.449 0.011793 0.011941 0.543196 0.011793 0.133244 0.011793 0.011793 0.0117958 0.0118038 0.0117938 0.011793 0.011793 0.0117931 0.0118013 0.0745455 0.011793 0.011793 0.101509 0.011793 20.4404 0.0118025 0.011793 0.011793 0.0117931 39.6435 75.1305 2.77009 0.0118187 0.011793 0.011793 0.011793 0.011793 0.011837 0.0118054 150.327 0.011793 0.011793 0.011793 0.011793 0.0117932 0.011793 0.0118187 0.011793 0.0117932 0.011793 0.011793 31.1889 0.0121467 387.838 0.011793 0.0118634 0.011793 0.011793 0.011793 0.0117931 0.0117946 0.0118001 0.0117931 0.0117948 0.0117935 0.0117931 0.0118094 0.0118301 0.0117936 0.0117934 0.0121856 0.0118814 0.011793 1065.82 0.011793 0.0119014 0.011793 0.0118248 35.8989 0.0120273 0.0118292 0.0117935 88.3788 3.78861 0.011793 12.2122 23.0096 0.011793 0.011793 0.0117931 0.0117931 0.011793 0.011793 0.0117931 0.011793 0.0117934 0.011793 22.9191 0.011793 0.0118099 0.011793 0.0117936 0.0117932 64.0835 0.011793 14.3022 127.698 0.011793 0.011793 10.5653 0.134311 0.0119792 216.144 0.011793 0.011793 0.011793 0.011793 0.0118631 0.011793 0.011793 0.0117931 0.0118214 0.011793 0.011865 0.0117931 0.011793 0.0117944 0.011793 0.0120946 0.0117932 0.011793 0.011793 0.0118337 0.0118004 44.6462 0.011793 0.011793 0.0117964 0.0117931 0.0117945 0.011793 23.5723 163.154 0.011793 0.011793 0.011793 0.011793 0.0117933 0.0117936 0.0119139 0.011793 22.9622 0.0118917 0.011793 0.011793 14.5328 0.0119141 0.0117946 176.504 0.0119217 1306.87 0.011793 0.831474 0.0117931 0.011793 0.0117951 0.011793 0.011793 0.011793 0.0118507 0.0117931 0.0118275 0.011793 0.0117942 0.011793 0.0121879 0.0325634 0.011793 0.011793 0.011793 0.0117936 0.0118415 0.011793 0.011793 0.011793 0.011793 0.011793 0.011794 0.0118251 2140.12 0.011793 0.0118725 0.011793 0.0117941 0.0121353 0.011793 0.011793 0.0117933 0.011793 0.011793 0.0118061 0.0119311 0.011793 0.011793 0.0117938 13.6115 0.011793 0.0117958 0.0117931 0.0199239 29.2659 0.011793 0.011793 95.7539 0.011793 0.0117931 0.011793 0.011793 0.011793 0.0117957 0.011793 0.011857 0.0118656 0.011793 0.011793 0.011793 0.011793 0.011793 0.0117931 0.011793 0.011793 0.0121146 40.3838 0.011793 0.011793 27.2176 0.011793 0.0117931 0.011793 0.0117969 0.0117931 23.1013 0.0122436 0.011793 0.0118371 0.0119005 0.011802 0.0117931 0.0118377 0.0117932 241.535 0.011793 0.0117933 0.011793 13.7719 0.011793 0.011793 0.011793 0.0118058 0.0124954 0.0119783 0.011793 0.0118319 0.0118413 0.0117938 0.011793 0.0118019 0.011793 0.0118832 0.011793 69.6942 0.0117934 0.011793 0.011793 0.0117931 0.011793 0.0117931 0.011793 0.011793 0.011793 0.0117946 115.604 0.011793 0.011793 0.011793 0.011793 0.011793 12.6187 0.0118202 0.011793 415.706 0.011793 0.011811 0.011793 0.0118774 0.012011 0.0135818 0.011793 0.0117931 0.011793 0.0117942 0.0118804 95.4425 0.0117932 0.0117982 0.011793 0.0117933 22.9622 21.545 0.011793 0.0121377 0.011793 0.0118526 0.011793 0.0117932 0.011793 0.0118292 0.0117937 0.011793 0.0117931 0.012059 0.011793 0.011793 0.0120677 0.011793 38.7798 237.131 0.011793 26.3083 0.0117938 0.011793 0.011793 0.011793 0.011793 0.0117932 0.011793 0.0117957 0.011793 0.011793 0.0117948 0.011793 18.9983 0.011793 0.0119878 0.0118814 0.015087 415.992 0.011793 0.011793 0.011793 0.0117942 0.0117931 0.0117945 37.1392 0.011793 0.0117931 0.0117931 0.011793 0.0118125 0.0118852 0.0118321 0.011793 0.0117931 0.0117931 0.011793 0.011793 23.0082 0.011793 0.011793 0.011793 0.011793 0.0141391 0.011793 0.0117931 0.0117931 0.011814 0.011793 0.0117931 0.011793 0.0117945 0.0117931 0.011793 24.2221 0.011793 0.011793 0.0119575 0.011793 0.0117936 8.75819 0.0117954 0.011793 0.011793 0.0118527 0.0118335 0.0117931 0.011793 0.011793 0.0117976 0.0118233 0.0122502 0.0117931 0.0118286 0.0120941 0.011793 0.0117931 0.011793 0.011793 0.011793 0.0117932 0.011793 0.0117934 0.011793 0.185689 0.0117943 0.011793 0.0117932 0.0117975 0.011793 0.0219194 0.011793 0.011793 0.011793 0.0120937 0.011793 0.0117931 0.0117997 1.08958 0.011793 0.011793 0.0117931 150.106 0.011793 0.011793 0.0117932 0.0117931 12.2633 0.0117933 0.0121167 0.011793 0.011793 0.0117932 0.011793 0.011793 0.0117935 0.0506373 0.011793 0.011793 0.011793 0.0117944 0.0117931 0.011793 0.0119148 360.12 0.011793 0.011793 0.011793 0.011793 0.0117932 0.011793 0.011793 0.0412361 850.519 0.0119241 533.709 0.011793 0.0118517 0.011793 0.0119223 17.311 0.0117984 0.0117942 0.0118512 0.011793 0.0118051 0.011793 0.012763 0.0117935 0.011793 0.011793 0.011793 0.0117931 0.0118081 0.0118012 33.188 0.0117932 0.011793 0.011793 0.011793 319.23 0.011793 61.5897 0.011793 0.0117931 0.011795 0.011862 0.0119114 0.011793 0.011793 0.0117933 0.0120191 160.516 0.0118022 0.011793 0.011793 0.011793 0.011793 0.011793 0.011793 0.011793 0.011793 0.011793 0.011793 0.011793 214.636 18.3789 0.0117932 0.0117948 0.011793 0.0117988 0.0123476 0.011793 0.011793 0.0119165 0.0384613 0.0118598 0.011793 0.0120321 0.0119345 0.011793 1.08221 0.011793 0.011793 0.0117931 0.011793 0.011793 0.0117931 228.862 0.0502571 0.0117982 0.011793 0.011793 0.011793 20.8097 0.0130839 6.25155 0.011793 0.011793 0.011793 0.0146059 0.0117934 0.011793 0.011793 0.011793 0.0117931 3.88716 0.0118323 15.9443 0.011793 0.011793 0.011793 0.011793 0.0119054 0.0121139 0.0117936 0.0117934 0.0132863 480.57 0.0117934 0.011793 0.011793 0.0117932 0.011793 0.011793 0.011793 0.0117937 21.5739 0.0121088 14.6172 0.011862 222.306 0.0122097 0.011793 0.011793 0.011793 0.011793 86.4539 106.266 0.0151438 0.011793 0.0117933 0.0124754 0.0117974 170.683 0.0158325 0.0118166 0.011793 0.0117931 0.0117931 0.0117935 0.011793 45.3589 0.011793 0.011793 0.011793 0.011793 0.011793 0.011793 25.7431 0.0118149 0.0117932 0.017299 0.011793 0.011793 0.011793 0.0117931 0.011836 0.011793 0.0117937 0.0117932 0.0117933 0.011793 0.011793 0.0118058 0.0118616 0.0117931 0.011793 0.0117931 0.0117931 0.0117939 0.0119207 0.0117939 0.011793 0.011793 0.011793 0.011793 0.011793 0.0120202 0.0117969 0.0118836 0.0135029 321.99 0.0137967 9.92633 0.0119169 0.0118379 0.011793 0.0117931 0.011793 0.011793 0.0117942 0.011793 141.914 2.14094 0.011793 0.011793 586.71 0.011793 0.0118032 0.0118047 0.011793 0.0117959 179.037 0.011793 923.468 0.011793 0.011793 0.0117959 0.0117942 0.0148186 0.0118052 0.011793 0.011793 0.011793 0.0117932 0.0117931 0.011793 0.011793 1081.87 0.0117948 0.011793 0.0118613 0.0118174 0.011793 0.011793 0.0119567 0.0117931 0.0117956 75.9983 0.0117955 298.68 0.0117931 0.0633284 0.011793 0.011793 0.0119866 21.9522 0.0117962 0.011793 0.011793 0.0118174 0.0117931 0.0119625 0.0117931 0.011793 0.0118027 0.011793 0.0118015 0.011793 0.011793 21.4171 0.011793 0.011793 0.011793 0.0117932 0.011793 70.1052 0.011793 0.011793 0.011793 0.0117984 0.0118042 0.011793 0.0118384 33.4264 0.0117937 0.0128083 13.8859 0.011793 0.0119856 0.011793 0.011793 0.011793 0.011793 0.011793 0.011793 0.011793 0.0118032 0.011793 0.011793 0.0117931 0.01182 22.0503 0.011793 0.0117946 0.011793 35.6993 0.011793 0.011793 0.011793 0.0118868 0.011793 0.011793 0.0117931 292.58 0.011793 0.011793 0.0118452 0.011793 0.011793 0.0117962 0.349015 0.0118398 0.011793 0.011793 0.011793 0.011793 0.011793 0.011793 0.0117953 0.0118133 0.011793 0.011793 0.011793 0.0118446 0.011793 0.011793 0.011793 0.011793 0.0118108 0.011793 0.011793 0.011793 0.011793 0.0122104 0.0118399 0.011793 0.011793 521.657 31.0469 0.011793 0.011793 0.0117941 0.0117966 0.0125048 0.011793 0.011793 0.011793 0.01194 2.08404 0.011793 0.011793 0.011793 0.011793 0.0118202 6.64018 0.011793 0.0117931 168.946 15.9435 0.011793 0.011793 16.0883 0.0125868 0.0117935 0.0122954 0.0117931 70.7493 0.0117931 0.011793 0.0117931 0.011793 0.0117933 0.011793 0.011793 0.011793 0.011793 0.011793 0.011793 0.0128703 0.0121449 0.0117934 0.0130815 0.0117931 0.011793 0.0118155 0.011793 0.0117931 0.011793 0.011793 0.0117935 0.0117931 0.011793 0.011793 0.011793 0.0117956 372.791 0.011793 0.011793 0.011793 0.0119873 0.011793 0.0118443 24.0563 0.011793 0.0117937 0.0117941 0.0117998 0.011794 0.0117931 0.0117938 68.6223 0.0117931 0.011793 182.583 0.0118536 0.0118906 0.0117979 0.011793 0.0118567 0.011793 0.0117947 0.0117931 0.011793 0.0117931 0.011793 0.011793 0.011793 0.0117931 0.0118739 0.0117931 13.5244 0.0117942 0.0292005 0.0117948 0.0118009 0.011793 0.0126166 0.011793 0.0136511 0.011793 0.011793 0.0121762 0.011793 0.0117931 0.0117933 0.0117936 0.011793 0.011793 17.8776 0.011793 0.011793 0.0118315 0.011793 0.011793 0.011793 0.0118003 0.011793 0.0117932 0.0123604 0.011793 0.0122578 0.0118268 0.434603 0.011793 0.011793 0.0117934 2467.6 0.0117932 0.011793 0.011793 0.011793 0.0118226 0.011793 0.011793 0.011796 0.0118134 0.0117932 0.011793 25.046 0.0117947 31.7433 0.0128985 0.011793 0.011793 0.011793 0.0117962 0.0119353 0.011793 15.8559 0.011793 0.0117932 0.011797 90.222 0.011793 0.011903 0.0118731 0.011793 0.0118324 15.5917 52.4909 0.0117932 0.011793 0.0117936 0.011793 0.011793 0.0117974 43.3998 126.52 94.5071 363.34 0.0120897 0.011793 0.011793 0.011793 0.0117983 0.0117933 0.011793 0.011869 0.0118085 0.0117939 0.011793 0.0117954 0.011793 0.0117933 0.0117931 0.011793 0.0119496 0.011793 0.011793 27.4321 0.0117986 0.011793 0.011793 0.011793 0.0117936 0.011793 23.7955 0.011793 0.0117936 0.0117933 0.0117962 106.039 82.8416 0.011793 0.0119542 0.0771552 0.011793 0.0118168 0.0117937 0.011793 0.0118059 0.0118036 0.0117931 0.0118349 0.011793 0.0117935 0.011793 145.195 0.011793 0.011793 0.011793 0.0292029 0.0145075 0.0117936 0.0117932 0.0118974 0.011793 0.011793 0.011793 0.011793 0.011793 0.0120646 0.011793 289.052 44.543 0.011793 0.011793 0.0119481 0.011793 44.9594 5.74972 0.0117958 0.0120342 0.011793 0.011793 0.0118252 0.011793 0.0120781 0.011813 0.0117931 0.011793 0.011831 0.0118181 0.0118185 0.011793 45.6986 8.58421 0.0117948 0.0118005 0.0117986 0.0123279 0.0117935 0.011793 0.011793 0.011793 0.011793 0.011793 0.966119 0.0118248 0.011793 0.063236 0.011793 0.0123442 0.011793 0.0119711 0.011793 369.744 0.011793 22.7956 0.011793 0.011793 84.794 0.011793 0.011793 48.3843 11.7341 0.011793 102.579 0.011793 0.011797 0.011793 0.0121315 0.011793 0.0118242 0.0120906 59.5271 0.0118294 0.011793 0.011793 0.0118674 0.011793 0.0120746 0.0119937 0.011793 0.0118023 0.011793 0.0125922 0.011793 0.0117931 0.011793 0.011793 0.0117932 0.011793 0.011793 0.0117983 0.0117931 0.0118599 0.0118215 0.0117934 0.011793 0.0117932 0.011793 0.0118021 0.0117932 0.0118034 0.0117932 0.011793 0.011793 2.72807 0.011793 0.011793 0.011793 0.0117946 0.011793 0.0118626 0.011793 0.0117946 0.011793 0.011793 0.0117933 0.011793 0.0124192 105.347 0.0118027 0.0118311 0.011793 0.0123583 0.0117939 0.011793 0.011793 0.0120207 0.0122042 0.0117931 0.0120175 0.0119125 0.0117931 0.011793 0.011793 0.011793 0.0118045 0.011793 0.011793 0.011793 0.0117938 0.0119386 0.011793 0.0117932 0.011793 0.011841 49.0686 0.011793 0.157182 0.011793 23.4309 0.011793 0.0117931 0.011793 32.0752 0.011793 0.0118015 0.011793 0.011793 0.011793 0.0118103 0.011793 0.011796 0.011793 0.011793 0.0118116 0.0117931 0.011793 0.0118058 0.0239166 0.0118044 0.011793 0.011793 0.0117962 0.0118148 0.0118324 0.0117938 131.513 0.0117992 0.011793 0.0118246 0.011793 0.0118242 0.0121243 0.011793 0.011793 17.8776 0.0117938 0.011793 0.0117948 0.011793 0.0119503 0.011793 0.0117931 0.011793 0.011793 0.011793 0.011793 0.0122956 0.011793 0.0117931 0.0118208 0.0117946 0.0118631 0.0117939 0.011793 0.011793 0.011793 0.011793 0.0118005 0.0117937 0.011793 0.011793 0.0117931 0.0117932 0.0117936 0.011793 13.9756 0.011956 0.011793 79.0569 0.0117965 0.011793 0.011793 0.0118024 0.0118452 0.0117931 0.011793 0.011793 667.151 0.0119145 0.011793 0.011798 0.0117931 70.3278 0.011793 0.011793 0.011793 0.0119403 0.0117932 0.011793 5216.55 0.011793 0.011796 0.011793 0.0118224 0.0119385 0.011793 0.0118158 0.011793 0.0117933 0.0117984 67.693 0.011793 0.011793 0.0117933 0.0117931 0.0117999 0.0117953 0.0117931 0.0118327 0.011793 0.0118322 0.011793 0.011793 0.011793 0.0118336 0.011793 0.011793 0.011793 0.0117931 0.011793 0.011793 0.0117932 0.0118214 0.011793 160.609 0.01186 0.0117931 0.710073 0.011793 0.011793 0.011793 0.0117931 0.011793 0.011793 0.0325344 0.011871 0.0117957 13.6329 0.011793 0.0117933 0.011793 14.569 0.011793 0.0118388 798.518 0.0117966 0.011793 0.011793 0.0117933 0.0117931 0.011793 0.0117933 0.011793 0.0118778 0.011793 0.011793 0.011793 372.862 0.011793 0.0117931 0.0118742 0.0119072 0.0117935 0.011793 50.2826 40.8223 0.0122737 0.011793 0.011793 0.0117931 404.75 0.0118016 19.5023 0.011824 0.0119724 0.011793 41.6121 0.0117971 0.0117931 0.011793 76.3147 0.011793 0.011793 0.0117931 0.011793 0.0117958 0.0117931 0.0117981 0.0119403 0.114378 0.0117932 0.011793 0.011793 42.7139 0.0117938 0.011793 0.011793 0.0117933 0.011793 0.0118942 30.2066 0.011793 0.011793 0.011793 0.011793 65.0198 1664.99 0.011793 0.011793 0.0117931 0.011793 0.0120041 0.011793 0.011793 0.0117931 0.011793 0.0118285 0.011793 0.0117931 0.011793 0.011793 0.387243 0.0118033 0.0117933 0.011793 0.011793 0.011793 0.011793 0.0117941 0.011793 0.0123812 0.011793 0.011793 0.011793 0.0117931 0.011793 0.011793 0.0118019 0.011793 0.0117953 0.011793 403.516 0.0120303 0.0117931 0.0119119 0.0118081 0.011793 0.0118597 0.011793 0.0117932 0.0117931 0.011793 0.0117931 0.011793 0.0125907 0.0118107 268.907 0.0117931 23.7345 0.011793 0.011793 0.011793 0.011793 0.011793 0.011793 0.0117931 0.011793 75.7474 14.5253 0.011793 0.011793 0.011793 0.011793 0.13434 0.029201 0.011793 0.011793 0.0118125 0.011793 0.011793 0.011793 0.011793 0.0118072 0.011793 0.011793 4.84725 0.0117932 0.011793 0.011793 0.0117931 0.011793 0.011793 0.0118019 0.011793 0.0118171 0.01181 0.0117935 0.0120105 0.011793 0.0117938 0.011793 0.011793 10.5276 70.2766 0.011793 0.011793 0.0297672 0.011793 0.0120462 0.011793 0.0117936 0.0117931 0.011793 0.011793 0.011793 0.0117944 0.011793 0.011793 0.011793 0.011793 0.011793 0.011793 0.0117946 0.011793 0.0118121 0.0137311 210.881 0.0118479 0.011793 0.011793 0.011793 0.0117931 0.011793 0.011793 0.011793 0.0118276 0.011793 0.0117986 0.0117944 0.011793 0.011793 0.0117942 0.0118938 0.011793 0.011793 1.53868 0.011793 0.012163 0.011793 0.0117935 0.011793 0.011793 0.012614 0.011793 0.011793 0.011793 0.0251373 0.0117947 28.0384 0.011878 0.0117934 0.0118285 0.011793 0.011793 0.011793 0.011793 0.011793 0.011793 0.0117931 0.0118289 0.011793 0.011793 0.011793 0.011793 0.0117934 0.0117956 481.641 0.011793 0.0124602 0.011793 0.0120352 0.011793 0.0118267 0.0117931 0.0117931 0.0117934 0.011793 367.382 0.011793 0.0117949 0.011793 0.0117979 0.0117942 0.0118449 0.011793 0.011793 0.0117952 0.011793 0.0117934 0.0118915 0.0118261 0.011793 0.0118467 1380.57 0.011793 13.3695 0.011793 0.011793 0.011793 0.011793 0.0117932 0.0117931 0.0117931 0.0117931 0.011793 0.0117957 0.011793 0.0126374 0.011793 0.011793 0.0117931 0.0264724 0.0117974 0.0117931 0.0118112 0.0118104 0.0121039 0.0117957 0.0117933 0.011793 0.011793 0.011793 0.011794 0.011793 0.0117932 0.011793 0.0141345 0.011793 0.011793 0.011793 0.0117937 0.0117932 0.011793 0.0118603 0.0124027 0.0117931 0.0120855 0.011908 0.011793 0.0117933 0.0123003 0.011794 0.0117931 0.011793 4.05947 0.0117933 0.0298907 0.011793 0.011793 0.0117931 0.011793 0.011793 0.0118121 0.011793 0.0117949 0.0118146 0.0117932 25.7441 0.011793 0.0118384 0.0121901 0.0118114 0.0117944 0.011793 0.0117931 0.0118067 0.0117966 0.011793 0.0117947 25.6819 0.0117939 0.011793 0.0124193 0.011793 0.0118058 0.0117931 0.0118271 0.011793 3748.66 0.012335 0.011793 0.011793 0.0117987 0.011793 0.011793 0.0118028 0.0117932 0.0119487 0.0174051 0.011793 0.011834 0.011793 0.0117942 0.011793 0.0117932 0.011793 0.0120215 0.0117931 0.0118016 0.0293774 0.0118459 0.0117963 4292.5 0.011793 0.0118018 0.011793 0.0118793 0.011793 0.011793 0.0117932 0.011793 0.0117999 0.0117933 0.011793 0.0122564 0.0117931 0.0117989 0.011793 103.474 153.61 0.011793 0.111287 0.011793 0.011793 0.011794 0.0117982 0.011793 0.011793 0.0118313 0.011793 0.011793 0.011793 0.0118606 0.011793 0.011793 0.0118268 0.0118673 0.011793 0.012311 51.4825 0.011793 151.714 0.0117963 0.011793 0.011793 0.011793 0.011793 4.70158 0.011793 0.0118012 0.011793 0.0117942 0.011793 0.0117931 0.011793 9.99703 0.0118295 0.011793 0.011793 0.0117981 0.011793 0.0117977 0.0117956 0.0117998 0.011793 0.011793 153.708 0.0122189 0.011793 0.0118314 0.011793 0.011793 0.0118221 0.011793 0.011793 0.011793 0.011793 0.011793 0.0119037 52.9304 0.0117966 0.011793 0.0118129 0.011793 0.011793 0.011793 0.0118128 0.011793 0.011793 0.011793 0.0117932 0.011793 0.011793 0.0117931 0.011794 0.011793 0.0156691 0.011793 0.011793 0.0117934 0.011793 0.0119148 0.0118452 0.0117931 0.011793 0.0266651 0.011793 30.4023 0.0117975 0.0117931 0.011793 163.021 0.011793 0.011793 0.0117931 0.011793 0.0122087 0.0118192 0.011793 0.0118037 352.943 0.0165685 0.011793 0.0117931 0.011793 0.011793 0.0117931 0.011793 0.011793 0.011793 0.011793 0.0117931 18.2167 0.0117959 0.0292004 0.011793 99.4563 0.0117931 0.011793 0.0124215 0.011793 0.011793 407.395 0.0117938 0.011793 0.0119553 0.0117934 0.011793 0.011793 0.011793 0.011793 0.0117941 0.0117932 0.0117932 0.011793 0.011793 0.011793 0.0117939 0.0117939 0.0126478 0.011793 0.0117932 0.0119772 0.0131638 0.0117931 0.0117931 0.0117932 0.0117986 0.0117933 38.3174 0.011793 14.5054 0.011793 0.0122485 0.011793 0.0119723 0.011793 0.0119265 75.9334 0.011793 0.0135352 0.0118535 0.011793 0.011793 0.0117932 0.0117932 0.011793 0.0119841 0.011793 0.0118447 0.0117937 0.011793 0.011793 0.0117936 0.0117935 0.0118496 0.0117931 0.011793 0.0117934 0.011793 77.341 0.0117931 0.0118155 0.011793 0.011793 0.011793 0.011793 0.011793 0.0117998 0.0121945 0.011793 0.011793 0.0117935 0.011793 0.011793 0.0117934 0.0117944 211.099 0.0117932 155.176 0.011793 0.011793 0.011793 0.011793 0.011793 0.011793 0.0117938 0.011793 0.0117931 0.0120051 0.011793 0.011793 0.011793 0.0119969 0.0117941 0.0118069 0.0120908 0.0118631 0.0118107 0.011793 0.011793 0.011793 0.011793 0.011793 0.011793 0.011793 0.0117931 0.0120523 0.0117993 62.4108 21.25 0.011793 0.0117931 20.8211 0.011793 0.0118951 0.011793 0.0118251 0.0117931 0.0117931 0.011793 14.479 0.0117935 0.013334 0.239405 0.0117931 0.0117931 0.011793 0.011793 0.0118001 0.0118015 0.0118057 0.0117951 0.011805 0.0117931 0.0117933 0.011793 0.0117931 0.011793 0.011793 0.011793 0.0118385 0.0119024 0.0146026 0.011793 0.0117945 0.011793 0.011793 0.0117932 0.011793 0.011794 0.011793 0.0123004 0.011793 0.0117933 0.0118122 0.011795 0.0117979 0.0117931 0.0118079 129.813 0.011793 0.0118241 0.011793 0.011793 23.0646 0.011793 0.0117963 0.0117995 61.0117 252.283 0.011793 0.011793 0.011793 0.011793 0.011793 0.011793 56.1898 6.52323 0.0118214 0.011793 0.0117932 0.0119137 0.011793 0.011793 0.011793 0.011793 0.0120191 0.011793 659.398 0.011793 0.011793 0.0118349 0.0117986 0.011793 0.0117933 0.0118216 0.011795 0.011793 0.011793 17.0722 0.011793 0.011793 0.011793 636.327 0.011793 0.011793 0.0117944 0.0118618 0.0118208 8.24033 0.0117991 0.011793 0.0117931 0.011793 0.0118076 0.0117931 161.552 0.012015 0.0117931 0.011793 0.0117933 0.0117937 0.0117932 0.011793 0.011795 0.0118121 0.011793 0.011793 0.0117941 0.0117971 0.0120354 20.8037 0.0117935 0.0118017 0.0117933 0.011793 0.011793 0.0118118 0.011793 0.0169961 0.011793 0.011793 0.011793 0.011793 549.362 0.011793 0.011793 0.011793 429.788 0.011794 0.0117935 0.0117932 0.011793 0.0117932 0.011793 0.0117972 0.011793 0.0118001 21.3358 0.011793 0.0117954 0.0117962 6.60364 0.011793 0.0232317 0.0117986 0.0117931 0.011793 0.0117951 40.3034 4.98166 0.011793 0.011793 0.011793 0.0132306 0.011793 0.011793 0.011793 0.011793 0.011793 34.5482 0.011793 0.0118705 0.011793 0.0118327 21.8265 0.011793 0.0117931 0.011793 0.0117941 0.0121537 0.011793 7.16792 119.319 0.011793 0.0118018 0.0117943 0.0117931 0.0120014 0.011793 0.011793 0.011793 0.011793 0.0117932 0.0117931 0.011793 0.0117932 1.81385 0.0220927 0.0118201 0.011793 0.011793 0.0117949 0.011793 0.0117931 0.011793 0.011793 0.011793 0.011793 3.77499 0.011793 0.011793 0.0120943 0.011793 0.0119197 0.0118708 0.011793 0.0117932 0.0117931 0.0117942 0.011793 0.0118141 0.0117951 0.011964 0.011793 0.0120917 0.011793 0.011793 0.0117933 582.006 0.0119284 0.011793 0.011793 0.0117946 0.011793 0.011793 0.0117931 0.132588 0.011793 196.303 0.0119013 0.011793 0.0118047 0.0117931 97.2778 0.0490452 17.9497 0.011793 0.011793 0.0124884 0.0117955 0.0117933 0.0118519 0.011793 0.011793 0.011793 0.0117932 0.011793 0.011793 0.0117933 0.011793 0.011793 0.0117996 0.0118279 0.0117963 0.011793 0.011793 0.011793 0.011793 0.0118883 0.011793 0.0117932 353.31 0.0117944 0.0117932 0.011918 0.011793 0.0118708 0.011793 163.077 0.0118412 0.011793 0.011818 0.0117966 0.0117932 0.011793 0.011793 0.0120057 0.011793 0.0117942 0.011793 0.0117941 22.9788 0.0118556 0.011793 0.0117932 0.011793 0.011793 0.011793 0.011796 0.0118122 0.011793 25.6766 0.011793 0.011793 15.8408 0.011793 0.011793 0.011793 0.011793 0.011793 0.0119442 0.0117979 0.0117939 0.0118287 0.0117931 0.0118409 0.0118447 0.0124041 33.5317 0.011793 0.011793 0.0117966 0.011793 0.0122925 0.011793 0.011793 0.0118787 0.0118045 0.0118934 20.5226 0.285536 29.0493 16.7418 0.0120804 0.011793 0.0117934 0.0118311 0.011793 0.0118979 0.0122131 0.0117948 0.011793 0.011793 0.0117932 0.011793 0.011793 0.0117949 0.011793 0.011793 0.011793 0.011793 0.011793 0.011793 0.011793 0.0118955 0.011793 0.011793 0.011793 0.0118216 0.011793 0.011793 0.011793 0.011793 0.011793 11.2418 0.0118238 0.0118236 0.011793 0.0117932 0.011793 0.012184 0.011793 0.0118052 0.0117931 0.011793 0.011793 0.011793 0.0117935 0.011793 0.0122419 0.031154 0.0117931 0.011793 0.0117931 0.011793 0.0117935 0.011793 72.0051 0.0118462 0.0117943 0.011793 0.0124718 0.0117942 0.011793 0.011793 0.0151945 26.6323 0.0127926 0.0117931 0.0117935 22.708 23.9954 0.011793 0.0145368 103.376 0.011793 0.011793 0.0117934 0.011793 0.0118072 251.328 0.011793 0.011793 0.011793 0.0117931 0.011793 0.0118449 0.0117935 0.011793 0.011793 0.011793 422.773 0.0117932 0.011793 0.0118499 0.0118123 0.0117931 0.0117934 0.011793 0.011793 0.011793 0.0117934 45.1536 0.011794 0.0124227 0.0121853 23.0871 0.011793 0.0118234 0.0117931 0.011793 0.011793 0.0118913 0.0118123 0.0117931 0.0118392 0.011793 0.011793 0.0117944 0.011793 0.011793 0.011794 41.5467 0.011793 0.011793 0.011793 0.011793 0.011793 0.011793 77.8043 0.011793 0.0117931 0.011794 0.011793 0.011793 0.0118321 0.011793 0.011969 134.008 0.0120914 0.011875 128.398 0.011793 0.011793 0.0117931 0.011793 0.0118289 0.011793 0.0117959 0.011793 0.0118174 0.011793 0.0125286 0.0118043 0.0118911 0.0141131 0.0117941 381.931 0.011793 0.0163409 0.011793 0.0117936 0.011793 0.0117933 0.0117939 0.011793 0.0118635 0.011793 0.011793 0.011829 0.0291991 125.59 0.011793 0.0121599 32.7333 0.011793 0.0118277 0.0117987 0.0119235 0.0117936 0.011793 0.011793 0.011793 0.011793 0.011793 0.011793 0.011793 0.011793 0.011793 0.011793 0.0118076 0.0118148 0.011793 0.0117934 0.0119284 0.0117934 0.011793 0.0117933 0.011793 0.011793 0.011793 0.011793 0.0118176 0.011793 72.181 0.0117934 0.011793 0.0117933 0.0117943 187.199 0.0117932 0.011793 0.0117968 0.0122116 0.011793 0.011793 186.311 0.0123027 0.011793 0.011793 0.0117953 303.733 0.011793 0.0117933 67.6975 0.0117995 0.011793 0.011884 0.011793 0.011793 492.715 0.011793 0.011793 0.0120081 0.0117948 0.0117943 0.011793 0.01181 0.0117931 0.0119021 0.011793 0.011885 0.0118778 0.011793 0.0117943 0.0117939 0.011793 0.011793 0.012033 0.0118514 0.011793 47.0875 0.011793 0.011793 0.0117997 0.0118281 0.011793 0.011793 0.011793 0.011793 0.012015 0.011793 0.011793 0.011793 0.011793 0.0118651 0.011793 0.011793 17.231 23.9954 0.011794 0.0119552 0.011793 0.011793 401.755 0.0117955 0.0119282 0.011793 0.011793 21.9898 0.0118383 0.011793 0.01234 0.011793 145.547 0.011793 0.011793 0.0117931 0.011793 0.011793 0.0119196 0.011793 0.011793 0.011793 0.0118022 0.011793 0.011793 0.011793 0.0141927 0.011793 2225.27 0.0117936 0.0117933 0.011793 0.011793 0.011793 0.0118177 0.011793 0.0118719 0.0117949 98.3282 0.011793 0.0117946 0.0117932 0.011793 0.0119443 0.0117938 0.0117931 1.0225 0.011793 0.0122118 0.0117933 0.011793 0.011793 0.011793 0.0118943 0.0118623 0.011793 125.72 0.011793 34.4452 0.011793 0.011793 0.011793 57.598 0.0118233 0.0118175 0.011797 0.011793 0.011793 0.0117961 0.0117933 0.0118046 0.011793 0.011793 0.011793 0.011793 0.0117932 0.011793 0.0119724 0.0117947 0.0117934 0.0131039 0.0117932 0.0118075 0.011793 0.0121807 0.0118305 0.0117931 0.0117931 0.011793 0.011793 0.0117931 0.0118889 0.0122256 0.011793 0.0124551 0.011793 0.011793 0.011793 0.011793 0.011793 0.0118328 82.6254 0.011793 303.828 0.011793 0.0119058 0.0117941 0.011793 0.011793 0.011793 0.011793 0.0117931 0.0117935 0.0117931 0.011793 0.011793 0.011793 0.0117932 0.011793 0.0119197 0.011793 0.0117938 0.0119633 0.0117935 932.744 0.011793 0.011793 0.011793 0.011793 0.011793 0.0118077 0.0117942 0.011793 57.6875 0.0117931 0.0120051 0.011793 0.011793 0.011793 0.0117932 0.0129692 0.0117934 13.7719 0.0118746 0.0117933 0.0117931 0.0117931 0.011793 0.0117952 0.0117938 0.011793 0.011793 0.0128681 11.6482 0.011793 0.011793 0.0124944 0.011793 0.0117934 0.011793 631.425 125.235 0.0118423 0.0117931 0.011793 198.037 0.0120985 0.0117985 0.011805 0.011793 20.1879 0.0117931 0.011793 0.0119605 0.0117931 0.011793 36.9666 0.011793 0.0118298 0.011793 0.011793 0.0118319 0.0118284 0.0117932 0.0123561 0.0117931 0.0117934 0.0117934 0.011793 0.011793 0.0118014 0.011793 0.0117931 0.0118444 0.011793 0.0117932 0.0117956 18.0074 0.011793 0.0117932 0.011793 0.0117935 0.0123765 0.011793 0.0117931 0.011793 0.0117947 0.0117938 0.0151563 118.076 0.0118627 0.0153991 0.0121767 51.8255 0.0118349 0.0117931 0.0117936 0.011793 0.011793 0.011801 0.0117931 0.0117937 0.011793 0.011793 0.011793 0.0117931 0.0117932 59.6691 0.011793 0.011793 0.0118003 0.011793 0.011793 0.011793 0.0124397 0.0117931 0.011793 0.011887 0.011793 4.08135 0.0117932 0.011793 0.0117968 0.0117932 0.011793 0.011793 0.011793 85.4361 0.011793 0.0117932 0.0117987 0.011793 0.011793 0.011793 0.011793 0.0117932 0.011793 0.011793 0.0117962 0.011793 0.0164416 0.011793 0.0117931 0.011793 0.0119858 0.011797 0.011793 0.011793 0.011793 0.011793 0.011793 0.0118005 0.011793 0.011793 0.011793 0.011793 0.011793 0.90739 0.011793 0.0117932 0.011793 0.011793 0.0117934 0.0117964 0.011793 60.7204 0.0117938 0.011793 0.0118592 0.0117931 0.0117932 153.263 0.0117931 0.011793 0.0125279 0.011793 0.011793 0.011793 0.011793 0.011793 0.0120029 0.011793 0.0117935 0.0117931 0.011793 159.368 0.011793 0.011793 0.0117931 0.011793 0.0117931 0.0118828 0.011793 0.0117931 0.0118047 0.0117931 0.011793 0.011793 0.011793 0.011793 0.011793 0.011793 0.011793 0.0118969 0.0117932 0.011796 0.0119458 0.011793 0.0118044 0.0120958 0.011793 0.0117931 0.011793 0.0145785 0.0117931 0.0117931 0.011793 0.0118024 0.011813 0.0117935 0.011793 0.0117944 0.0117932 0.011793 0.011793 0.0117948 0.0117931 0.0117931 0.011793 0.0117967 4.15433 0.0117932 0.011793 0.0117931 0.011793 0.0117971 0.0118254 0.0117931 0.0117968 0.0118193 0.0117932 0.0118606 0.011793 0.011793 0.0117932 0.0117931 0.0117982 0.011793 0.011793 0.011793 0.011793 0.0133916 0.011794 0.011793 0.011793 44.1578 0.0120189 0.011793 0.011793 0.011966 0.011793 0.0119424 0.011793 0.0117951 0.0119811 0.011793 0.0118153 0.0681813 0.0117938 0.011793 0.011793 0.0117933 0.0118091 0.011793 0.011793 0.011793 0.0117931 0.0118317 0.011793 0.011793 0.011793 130.289 0.011793 94.8976 0.0491196 23.9956 0.012505 0.011793 257.686 0.011793 0.011793 0.0122856 0.0117933 0.0139911 0.011793 0.011793 84.281 0.0118224 0.0117949 0.0117932 0.0117932 0.011793 0.012079 124.267 0.011794 0.0118306 0.0117956 0.0275133 0.011793 0.0117931 0.0117934 0.0119125 0.011793 0.011793 0.011793 0.011793 0.011793 0.0121116 0.0129267 0.011793 0.011793 0.011793 50.2321 0.011793 0.0118321 0.0118483 0.011793 0.0117931 0.011793 0.0120571 0.011793 0.0119626 0.011793 0.011793 0.011793 0.0118766 0.0117932 0.0119556 0.0117931 0.0117931 0.011793 0.011793 0.0117931 0.0117968 0.011793 0.0117965 0.0121771 0.011793 0.0118967 0.0117944 0.011793 5.97597 0.011793 0.0117931 0.0118261 0.011793 0.011793 0.011793 0.0119707 0.011793 86.804 0.0131943 6.64022 0.0117933 0.0117938 78.1411 0.0117931 0.0123235 0.011793 0.011793 0.011793 0.011793 0.0118876 0.011793 0.0118347 0.011793 0.011793 0.011793 0.011793 0.011793 0.011793 0.011793 0.011793 0.011793 0.0118411 0.011793 15.9438 0.0117933 0.0170072 0.011793 0.011793 0.0118017 0.011793 0.011793 0.011793 0.0117933 0.011793 0.0117986 0.0117935 0.0117936 12.2419 0.0118397 0.0117931 52.4049 0.0118861 0.011793 25.467 0.011793 0.0117932 253.925 0.011793 0.011793 0.0117931 42.8414 0.011793 0.0119612 0.011793 22.2459 0.0117933 0.0117931 0.0118434 0.0119069 0.0118952 0.011793 0.011794 31.5601 0.011793 0.0117931 0.0127791 0.0118133 55.6771 0.011793 0.0120667 0.011793 0.0123982 0.011793 0.011793 0.011793 0.011793 0.011793 0.011793 0.011834 15.4246 0.0121047 0.012099 363.227 0.011793 0.011793 0.011793 0.0117944 0.0118553 0.011793 0.011793 0.0124082 0.011793 0.0118137 0.011793 0.011793 0.0118257 0.0117931 0.0117936 0.011793 0.0117961 0.0117931 0.011793 0.0118603 0.011793 0.011793 0.0118034 36.7285 0.0117931 0.0157353 0.0118025 0.011793 0.0118317 0.011793 0.011793 0.011793 147.774 0.0117931 0.0118894 0.0118035 0.0118103 0.0119774 0.0120727 23.7955 0.011793 0.0117933 0.0120148 0.013184 0.0117938 0.0117986 259.55 0.0118396 0.0119741 0.0122466 0.0117931 0.0118612 0.0117938 0.011793 0.012272 0.011793 0.012065 0.0120915 0.0117931 0.011793 0.011793 0.011793 0.0117931 0.0118552 0.011793 0.011793 0.011793 0.0118032 0.0118052 0.0118192 0.011793 0.011793 0.011793 0.0117958 0.0117982 0.0119854 0.0234787 0.011793 0.011793 0.0117932 0.011793 0.0120495 0.0215758 0.011793 0.011793 0.011793 0.0118558 0.0118123 0.0117932 0.011793 0.0117941 0.011793 4.73385 0.011793 0.011793 0.011793 0.011793 0.0117934 0.011793 0.0117968 0.011793 0.0117933 0.0117935 0.011793 0.011793 0.0117933 0.011793 0.011793 0.011793 0.0122365 0.0117965 0.011793 23.3021 0.011793 0.0117994 0.011793 0.011793 0.011793 0.011793 0.011793 0.0118611 0.011793 0.011793 0.0117969 0.0134575 0.307305 0.011793 298.557 0.0128407 0.0118573 0.011793 30.5946 0.0139127 0.011793 0.011793 0.0117931 0.0118019 0.0117932 0.011793 0.0117933 0.0118484 0.0126255 0.011793 0.436573 0.011793 0.011793 0.011793 0.0117931 0.011793 24.3907 0.011793 0.011793 258.3 17.1101 0.011793 0.0117931 0.012872 0.011793 0.011793 0.011793 0.0145143 0.011793 0.011793 0.011793 0.011793 0.0445409 0.011793 0.011793 0.0118379 352.011 0.011793 0.0117933 0.011793 0.0117994 0.011793 0.011793 0.011793 0.011793 6.94741 0.0118399 0.0117948 61.1258 66.8776 0.0135449 0.011793 0.011793 0.0117931 0.011793 0.011793 0.0117931 0.011793 0.0118134 0.011793 0.0117931 0.011793 0.0117932 0.011793 0.011793 0.011793 0.011793 0.011793 0.0117934 0.0117989 0.0117931 0.011793 0.0117965 0.0117952 0.0126543 219.437 0.0117939 0.0119992 0.0118424 0.0117931 0.0117931 0.011793 0.011816 0.011793 0.0117931 0.0117931 0.011793 0.011793 0.011793 0.011793 0.0119528 0.011793 0.0117932 49.6379 0.011793 0.011793 0.0117937 0.011793 0.0117931 0.011793 0.011793 285.141 0.011793 53.3448 0.0117935 0.011793 0.0117943 0.0117937 0.011793 23.5723 0.0117959 0.011793 390.916 0.0117933 0.0117935 0.0117943 0.0118857 0.011793 0.011793 0.0118819 27.8133 0.011793 0.0119143 0.0119978 0.011793 0.011793 0.011793 0.0117972 0.011793 158.291 0.0118219 19.5945 228.977 0.011793 0.011793 0.011793 0.011793 0.0117956 0.0118037 0.011793 69.2753 0.011793 0.0177693 0.011793 0.011793 0.011793 0.011793 0.0117954 0.0123499 0.186125 0.0120396 0.011793 29.2234 0.0133688 0.011793 0.011793 0.011793 0.011793 0.011793 0.011793 0.0117931 0.011793 0.0117931 0.011793 0.0117939 82.2887 0.0117931 0.011826 0.011793 0.0117933 0.0119753 0.011793 39.8166 0.011793 0.011793 0.0118033 0.011793 0.011793 0.0117932 0.011793 0.0117932 0.0117933 0.0117945 0.011803 0.011793 0.0117936 0.011793 0.011796 0.0117935 0.011793 0.011793 0.011793 3576.18 0.0118075 0.011793 0.0118908 15.6908 0.011793 0.011793 0.011793 0.0117931 0.0118017 0.011793 0.011793 0.011793 0.011793 0.011793 0.0117932 0.011793 0.011793 0.0117932 0.011793 0.0119497 0.011793 0.011853 0.011793 0.0117931 0.011793 0.0117935 0.011793 0.011793 0.011793 0.0117943 0.011793 720.905 0.0118814 111.385 0.011793 0.0117937 0.0117931 0.0118111 0.011793 94.9928 0.0120467 0.011793 0.011793 0.011793 0.011793 0.0117935 0.0117931 0.011793 0.0117931 0.0118292 327.366 0.011793 0.011793 0.011793 0.0117932 0.011793 0.011793 0.0117938 9.19616 8.90628 0.011793 0.011793 0.011793 15.945 0.0118453 0.011793 20.4413 0.0121753 0.0118247 141.95 0.011793 0.011793 0.0118197 0.0129763 0.0117931 0.011793 0.0117987 0.011793 0.0117931 0.0118253 140.073 0.322409 20.8548 0.011793 0.0117958 0.011793 0.011793 0.0148322 28.3673 0.0118212 0.0120468 0.0127852 0.011793 0.0133977 668.763 0.011793 0.011793 0.0118156 0.011793 23.3963 0.011793 0.011793 0.0117932 0.011793 0.0117933 0.0117965 0.0126216 0.0118335 0.0118713 0.0117936 0.011793 0.011793 0.011793 0.0118917 0.011793 0.011794 0.011793 0.011793 0.011793 34.2014 0.0124728 0.011793 0.0118025 0.0117933 0.0117964 0.011793 0.011793 0.0117933 0.0117931 0.011793 0.011793 0.0117933 0.0118023 0.0677991 0.0118001 10.1671 0.011793 0.011793 0.011793 0.011793 0.011793 0.0118783 0.011793 0.0117941 0.0118206 0.0118241 0.011793 174.848 0.0118075 0.011793 13.6707 0.011793 0.011793 0.0126415 0.011793 0.011793 0.011793 0.011793 0.0117931 0.0118048 0.011793 0.0117941 0.011793 0.011801 778.053 0.011793 0.0126998 0.0117932 0.0117966 0.011793 0.0117931 0.011793 0.011793 0.0117933 0.011793 0.0118048 0.012103 0.0117931 65.3118 0.011793 0.0117931 176.556 0.011793 0.0119417 0.0118026 0.011793 0.0117932 0.011793 0.0129293 0.011793 0.011793 0.011793 0.0146276 0.0117953 0.0119573 0.011819 0.0118153 0.0124525 0.0117931 0.0117932 0.0117936 0.011793 0.011793 0.101877 0.011793 0.0119052 5.02787 0.0117933 0.011793 0.0117934 0.0119286 0.011793 0.011793 0.0117931 21.8714 0.0118106 660.51 0.0121119 0.0119459 0.011808 0.011793 0.0117931 0.0117932 0.0118271 0.011793 0.011793 0.011793 0.0118293 0.011793 0.011793 0.011793 0.0118001 0.011793 0.0117933 0.011793 0.0117931 0.0118112 0.011793 0.0117962 0.011793 0.0129635 0.011793 0.011793 19.8846 0.0121786 0.011793 0.011793 0.011793 0.0117936 0.011846 0.011793 0.0119588 51.8974 0.011793 0.0118296 114.972 136.907 0.0120958 0.011793 0.011793 0.0119655 0.0126052 0.011793 0.0125485 0.011793 0.011793 0.011793 113.191 0.011793 0.011793 0.0117933 0.011793 0.0120543 5.71028 0.011795 0.011793 0.0118524 0.011793 0.011793 0.011793 0.0123743 0.011793 0.0117931 0.011793 0.0117934 0.0117939 0.0117931 0.0117931 0.011793 0.0117933 0.011793 0.0122466 0.011793 0.011793 0.0180222 0.011793 0.0117935 0.0118244 0.0118996 0.011793 0.0120052 0.011793 0.0117932 0.0117931 0.0117937 40.8567 0.0374503 20.0064 0.0118923 158.788 0.011793 101.254 0.011793 0.011793 0.011793 0.011793 0.0118689 0.0119572 0.011793 0.011793 0.0117989 0.0117931 0.0117958 0.011793 0.011793 0.011793 0.011793 0.0117931 0.0117932 0.011793 0.0117931 0.0118436 0.011793 0.0120224 0.011793 0.011793 0.0117991 0.0117959 0.011793 0.011793 0.011793 0.011793 0.0117938 0.011793 0.0118962 0.0117931 17.1101 0.0192747 0.011793 0.011793 0.0117946 0.0117931 0.0118471 0.011793 0.011793 0.0119489 0.011793 0.011797 18.2167 0.0117935 0.0117931 0.0120532 0.011793 0.011793 0.0119906 0.0117964 0.0149238 0.0117935 0.011793 0.011793 0.0117934 0.0117932 0.0117931 0.0117931 17.0958 119.035 0.011793 0.0117935 0.011793 0.0123438 0.011793 0.011793 0.011793 0.011793 0.011793 0.011793 0.011793 0.011793 0.0117951 0.011793 0.011793 0.011812 0.011793 0.011793 0.0117931 0.0141411 0.011841 0.0117932 0.011793 0.011793 0.011793 0.011793 29.6206 0.011793 0.0117936 0.011793 1.61172 0.0118308 0.0118033 0.011798 0.0117934 0.0117931 0.0118491 0.0117935 0.0117931 0.0117931 0.0118021 0.011793 0.011793 0.011793 0.0117931 35.1322 0.011793 0.011793 0.0132486 0.0122172 0.011793 0.011793 0.0118666 0.0117931 0.0117931 0.011862 0.0117931 0.0117931 0.011793 0.0117931 0.0118848 0.0186286 0.0118297 0.0118753 0.011793 0.011793 0.0119922 0.011793 0.011793 0.011793 0.0118177 0.0119809 0.0117932 0.0117931 13.7719 0.011793 0.0117931 0.011793 0.0117931 0.0118086 156.133 0.011793 0.0134901 196.323 0.0118238 0.011793 0.011793 0.0117958 0.0117943 0.011793 0.011793 0.0119531 0.0118071 0.011793 0.011793 0.011793 0.011793 0.0121977 0.011793 0.011793 0.011793 21.8709 53.952 0.0117932 0.011793 0.0117943 0.0117949 0.0117931 0.0117933 0.011793 0.0124234 24.2035 0.0118087 0.0118846 0.0117975 0.0118173 0.011793 0.0117932 0.0117931 0.0117938 0.0117991 0.011981 0.0117932 0.011793 0.0118175 0.0117937 0.011793 0.011793 19.08 0.011793 0.0117933 0.011793 0.011793 0.0119659 0.011793 0.0118272 0.011793 0.011793 0.011793 0.011793 0.011793 0.0118723 0.011793 0.013786 33.6563 0.011793 21.7517 0.011793 0.011796 506.087 0.011793 128.908 0.0118293 0.011793 0.011793 0.011793 33.1226 0.0117932 0.0120386 0.0117931 0.0118016 0.0117992 0.011793 0.0117935 87.991 0.0120175 0.0118381 0.011793 19.0144 0.0117958 0.011793 0.011793 0.011793 0.011793 0.011793 0.011793 0.011793 0.011793 0.011793 0.0117976 0.011793 0.011793 0.0117931 0.011793 0.0117954 0.011793 0.011793 0.0118156 0.0117931 0.011793 0.011794 0.0120145 0.011793 0.011793 0.0117976 0.011793 0.0118305 3.86484 0.0117934 0.0117931 0.011793 0.011793 0.0118066 0.011793 0.0118073 0.0117995 0.0117931 0.0118237 0.0118127 0.0118378 0.0118046 0.011793 0.011793 0.0128717 67.6025 0.0117937 0.011901 4.84721 0.011793 0.011793 0.011793 0.011793 0.0117931 0.0117931 0.011793 0.0121965 0.0118185 0.011793 0.0118937 0.0117931 0.0118917 0.0117931 0.0117931 0.0118146 0.0117931 0.011793 0.011793 0.011793 0.011793 0.011793 0.0118061 606.871 251.048 0.0117931 0.011793 0.011793 0.011793 0.011793 0.011793 0.011794 0.0117938 0.011793 0.011793 0.0117932 0.011793 0.0118416 0.0118473 0.011793 0.0117937 28.7823 0.011793 0.011793 0.011793 0.0118016 0.011793 0.011793 0.0117931 0.011793 0.011793 19.7811 0.0122603 0.0117931 0.0117946 29.1502 0.0117931 42.9956 0.0118113 0.0117931 0.0117936 26.7455 0.011793 18.2167 0.011793 0.011793 0.011793 0.0118582 84.3821 0.0118029 21.3703 0.0118023 0.011793 0.0140771 0.0119137 0.0118454 0.0117938 0.011793 0.011793 0.0117934 0.011793 0.011793 113.306 0.0117932 0.0117935 0.011793 0.0118454 0.011793 0.0117931 0.0118188 0.011793 0.0118573 0.0119042 0.011793 0.011793 0.011793 0.0117932 0.0123596 0.0118064 0.0117939 0.0117947 0.0117931 0.011793 0.0117932 0.011793 1101.77 0.011793 0.0117931 0.0117938 0.011793 0.012775 0.011793 0.011793 0.0117935 0.011793 0.011798 0.0128701 0.011793 6.3628 0.0122144 0.0117931 0.0119997 0.0118089 0.011793 0.011793 0.011793 0.011793 0.0117947 0.011793 0.011793 0.011793 0.0118094 116.317 0.011793 0.0121621 0.0118282 0.011793 13.6225 0.0120875 2.93233 0.011793 0.0118344 0.011793 0.0117933 0.011793 0.011793 0.011793 0.0118016 17.2794 0.0117993 0.0118866 0.011793 0.011793 0.011793 0.0117931 0.011793 0.0117933 0.0117957 0.0117932 0.0119216 129.235 0.0117942 0.0118384 0.011793 0.0117935 0.0117932 96.3393 0.011793 0.011793 0.0117937 0.011793 0.011793 0.0118296 0.011793 0.0117947 0.011793 39.9302 0.011819 0.0118355 0.011793 0.0119359 0.011793 0.0117935 0.011793 0.0118134 0.011793 0.0119972 0.011793 0.011796 0.011793 0.011793 0.011793 0.011793 0.011793 0.0117975 0.011793 0.011793 0.011793 0.0117931 0.0117931 0.011793 0.0117932 0.011793 0.011793 0.0121507 0.011851 0.011793 0.0119008 0.011793 0.011793 0.0119616 0.0118025 9.60924 0.936212 0.011793 0.0119301 0.0117942 0.011793 0.011793 0.0117933 0.0118419 0.011793 0.011793 0.0122599 0.011793 0.0118408 0.011793 0.0117957 0.011793 0.0119036 0.011793 0.0118053 0.011793 0.0117933 0.011793 0.011793 0.012981 0.0211247 0.0117936 259.687 0.0117932 0.011793 0.011793 0.011793 0.0155705 0.0117959 0.011793 0.0117931 0.011793 0.011793 0.290707 0.0122476 0.0118452 0.011793 0.011793 0.0117931 11.1644 0.011793 0.0118277 0.011793 0.0118224 0.012004 0.0117946 0.011793 0.0119165 10.8589 0.0130096 0.011793 0.011793 0.012481 0.0119113 0.0117971 0.0117934 268.568 0.011793 7.35342 0.011793 0.011793 0.011793 0.011793 111.076 0.011793 0.0117935 0.0118476 0.0119233 0.011793 0.0163158 0.0117931 0.011793 0.011793 0.011793 0.011803 0.011793 0.0119977 0.0117933 0.011793 0.0117992 0.011793 648.156 0.011793 0.011793 0.0118151 0.0117934 0.0117932 0.011793 0.011793 0.0124051 0.011793 0.011793 0.294577 0.0117933 0.0117932 0.011793 0.0120159 0.0118501 0.0118099 0.011793 0.011793 0.0117932 0.0117946 0.011793 0.011793 0.011793 1.99024 0.0117938 0.011793 0.011793 0.011793 0.011793 0.0117931 0.0117931 0.0136009 0.0117934 0.011793 0.0117933 0.011793 0.011793 0.011793 0.0292018 0.0118014 0.011793 0.011793 0.011793 0.011815 0.011793 0.0117931 0.011793 0.0177348 0.011793 0.0117931 0.012034 0.011793 0.011793 0.011793 161.942 0.011793 0.011793 0.011793 0.011793 0.011793 0.011793 0.011793 0.0118126 0.0117951 0.011793 0.0118015 0.0117931 0.0117931 0.011793 72.7844 0.011793 0.0117932 0.011793 0.011793 0.011793 0.011793 0.011793 126.464 0.011793 5.74856 0.011793 0.011793 31.9192 0.011793 812.921 0.0269628 0.011793 0.0117946 0.011793 0.0117931 0.011793 0.0117933 0.011793 5.46715 0.011794 0.011793 0.011793 0.0118727 0.0117993 0.011793 0.0119087 0.011793 0.0117931 0.0127551 0.011793 0.011793 118.205 0.011793 0.011793 0.0118128 0.011793 0.011793 0.011793 0.0120977 0.011793 0.0117933 0.011793 0.011793 0.0118737 0.0117933 0.011793 0.011793 15.9434 0.011793 0.011793 0.011793 0.0118078 0.011793 0.148548 0.011793 0.011793 250.054 0.0117945 0.011793 0.0117951 0.0119242 0.013713 0.0117937 0.0118351 0.011793 0.011796 0.011793 107.385 0.0118184 0.0117933 0.0117945 12.6403 0.01181 0.0119424 0.0117958 0.0118129 0.011793 384.473 0.0120351 0.011793 0.011793 0.011793 0.011793 0.011793 0.0117931 0.011793 0.011883 0.011793 0.0117931 0.0117933 0.0117931 275.944 0.011793 0.0117933 0.0117977 0.0495022 0.011793 104.881 0.011793 0.011793 0.011793 0.011793 0.011793 0.011793 0.011793 17.414 0.011815 59.0828 0.0120242 0.011793 0.0118297 0.011793 0.0117931 0.011793 0.011793 0.0119056 0.011793 0.0117943 0.013008 91.1776 367.729 16.3139 0.0117931 0.011793 211.117 0.0117932 0.0117966 0.011793 0.0127211 0.0118217 0.0118588 0.011793 0.0118021 0.0118061 0.011793 0.011793 161.326 0.011793 0.011793 0.011793 159.408 0.011793 0.011793 0.011793 127.724 0.011793 0.0117932 0.011793 0.0118087 0.0117931 0.0207342 0.0117935 0.011793 0.0117961 0.011793 0.0117934 0.0118168 0.011793 0.011793 0.011793 0.0117932 0.011793 0.0130821 0.0118606 0.011793 0.0122978 0.011793 0.011793 0.011793 0.011793 0.011793 0.0117937 0.011793 0.0117932 0.0117932 0.0117931 0.0127201 0.011793 25.8149 0.0118254 0.0117934 0.0120342 0.0117939 0.0133635 0.011801 0.0117931 12.5817 0.0119259 0.0117936 200.375 0.0118169 0.011793 0.011793 0.011793 0.0117947 68.7517 0.011793 0.0119162 0.0117931 0.011793 0.0117931 0.011793 0.0122766 0.0118612 0.011793 0.011793 0.011793 0.0117984 977.709 0.011793 473.1 145.405 0.011793 0.011793 0.0117948 0.011793 0.011793 0.0118431 0.011793 0.0118337 0.011793 0.011793 0.0117931 10.0879 0.0117955 0.011793 0.0117941 0.011793 0.011793 0.011793 0.0117931 0.011793 0.011793 68.148 0.011793 6.64023 0.011793 0.011793 0.011793 0.0118088 0.0119679 0.0118999 0.0119885 0.0118011 0.011793 0.0137326 0.0119089 16.8303 0.011793 0.0120338 0.011793 0.0118167 0.011793 0.0118431 26.3114 0.0118294 0.011793 0.011869 0.0117937 0.0117989 0.011793 0.0118253 0.011793 0.0117931 0.011793 0.011793 0.0118837 33.3455 0.0118246 0.0118247 0.011793 0.011793 0.011793 0.011793 0.011793 0.0118624 0.011793 0.0117931 0.0118657 0.0117931 0.011793 0.011793 0.011793 0.011793 0.011793 0.011793 0.011793 0.011793 0.0117939 0.011793 0.0118009 0.011793 0.011793 0.0117931 32.1064 0.0118137 0.0117937 0.0117938 0.0118136 2.07122 0.0118029 0.011793 16.5194 90.8606 0.0120186 0.0118939 0.0126585 0.0117931 0.0118111 11.0784 0.0122615 0.011814 0.011793 0.011793 0.0118494 0.011793 0.011793 0.0130369 0.0119026 0.0117942 0.0117933 0.0117934 0.0117933 0.0118203 0.0117952 0.0117941 0.0117938 95.6546 0.0119462 0.011909 34.3767 12.9876 0.011793 0.0117932 0.0117935 0.011793 0.011793 0.011793 0.011793 0.033732 0.011793 0.011793 0.0117961 0.436194 0.0121928 0.011793 0.011793 0.0118072 0.0117962 0.011793 0.0117932 0.011793 14.5239 0.011793 0.011793 0.011793 0.0117938 0.011793 0.011793 0.0117938 0.0118124 0.0118253 0.011794 119.733 0.0117934 0.0118692 0.011793 0.011793 0.011793 0.011793 78.637 0.011793 0.011793 0.011793 0.0146767 105.09 0.011793 0.0117932 0.0117986 0.011793 0.011793 0.011793 0.0118294 0.0118078 0.0117938 0.011793 146.016 0.0118038 0.0118294 0.011793 0.0117935 0.011793 0.0117932 0.0118389 0.0117931 0.011793 1.74232 0.011793 0.011793 0.0117964 0.0117931 0.0118115 0.011793 0.011793 0.011793 0.0124102 0.0117936 0.011793 0.011793 0.011793 0.0117947 0.011793 109.265 0.0118615 0.011793 0.011793 0.0119639 0.0117931 0.011793 0.0117934 0.011793 0.011793 0.0117941 0.011793 0.011793 0.0119361 119.136 0.0118607 0.0117935 0.011793 0.011793 119.318 0.0117934 0.011793 0.0123175 0.011793 0.0117934 0.0117977 0.0117937 0.0118215 0.011793 0.0117997 0.011793 0.0120772 0.011793 2161.21 0.0117951 0.011793 0.011793 0.0120174 0.0118003 0.0122113 0.011793 105.324 0.0117931 0.0117936 0.011793 0.011793 0.011793 138.563 0.011793 0.011793 0.011793 0.011793 0.011793 0.011793 0.011793 0.011793 0.011793 0.011793 0.0119214 0.0117931 0.011793 0.011793 0.011793 131.81 0.011793 0.011793 0.011793 0.0117997 22.7669 996.542 0.011793 0.0117945 0.011793 0.0118032 0.0118635 0.0127718 0.011793 0.0117933 0.011793 0.0117939 0.0118198 0.011793 0.011793 0.0119617 0.011793 499.155 0.0117935 0.011793 0.0117957 0.0117932 0.0118255 0.011793 0.011793 0.0117931 0.011793 0.0120377 0.0117975 0.011793 0.0118243 0.011793 0.0117986 0.011793 0.0118361 0.0118923 0.011793 0.011793 0.0118313 0.011793 0.011793 0.120603 0.0119284 0.011793 0.240454 0.0119798 0.011793 0.011793 0.0118147 10.9062 0.0120299 0.011793 0.011793 0.0117931 0.011793 0.011793 0.011795 0.0118101 0.0117946 0.011793 0.011793 0.011793 0.011793 0.0117991 0.011793 0.0117932 0.011793 0.0123858 0.011793 362.911 0.011793 26.7576 14.4162 0.011793 0.0137462 0.0117935 0.0117942 0.011793 0.011793 0.011793 0.0117981 0.011793 0.0118961 0.011793 0.011793 0.0117936 0.0117932 0.012614 0.011793 0.0121206 0.011793 0.0117931 0.0117931 0.011793 0.0121167 0.011793 0.011793 2.49887 0.011793 0.0118078 0.0127845 0.0117968 0.011793 0.0117931 0.011793 0.011793 0.011793 0.0117934 0.0117957 0.011793 0.011793 0.011793 0.0118363 1.00354 0.0117931 0.0117954 0.011793 0.011793 0.011793 0.0117937 0.0117976 0.011793 0.011793 0.0118003 0.0117933 0.011793 0.0120378 0.011793 0.011793 0.011793 0.011793 0.011793 10.4768 0.011793 0.011793 0.011793 0.011793 0.011793 0.0117943 0.011793 0.0117952 0.0119743 0.0117931 0.0117932 0.0117944 0.0117931 0.0117989 0.011793 0.011793 0.011793 50.7801 0.0117953 0.011793 0.0127581 0.011793 0.011793 0.011793 0.011793 0.0117934 82.1019 0.0117936 0.011793 0.011793 56.6707 0.011793 0.011793 0.0117945 0.011793 0.011793 0.0177273 5.36176 0.0120463 0.011793 0.0118036 0.0119078 0.011793 0.011793 0.0117944 0.0117932 0.011793 0.0117931 161.198 0.011795 0.0121412 0.0117931 0.0117931 0.011793 0.0118869 0.011793 0.011793 0.011793 0.011793 0.011793 0.011793 0.0117936 0.0117945 0.0125081 0.011793 13.3885 0.0119039 0.011793 0.011793 0.0118596 0.011793 23.0339 0.0121906 0.011793 0.0118231 0.011793 61.9144 0.011793 0.011793 0.0117933 0.011793 0.0117951 0.011793 0.0118065 0.0117935 338.863 0.011794 0.011793 0.011793 0.0118348 0.404393 0.011793 0.0117932 0.011793 0.011793 0.0117931 0.011793 0.0117975 0.0117931 0.011793 0.011793 0.011793 79.442 0.0118721 0.0117951 0.011793 0.0118043 0.011793 0.0117954 0.0117938 0.0117932 0.0117931 0.011793 15.786 0.011995 0.011793 0.0117931 19.955 0.011793 108.515 0.0119311 0.0117931 1.04272 0.011793 0.011793 0.0120848 0.0117942 0.011793 0.011793 0.0119237 0.011793 0.011793 0.011793 0.011793 0.0118084 0.0117998 0.0119545 0.011793 0.0117953 22.0447 0.011793 0.011793 0.011793 0.0117932 9.33269 0.0117949 0.0231404 89.4849 0.0118784 0.011793 0.011793 0.011793 0.0117989 0.0117966 0.0126144 109.01 0.015832 0.0149373 0.0117937 0.011793 0.011793 0.011793 0.0165502 0.0117933 0.0118271 0.027078 27.7603 0.011793 0.0118786 19.8924 0.0121039 0.0119636 0.0117931 0.011793 31.4263 484.091 0.0117973 0.0117935 0.011793 0.0117933 0.011793 0.0119171 0.011794 0.011793 84.7782 0.0118001 0.0117935 0.011793 0.0117932 0.0120867 0.0155391 0.011793 0.0117931 0.011793 0.0117933 0.0117931 14.8981 0.011793 0.0117934 19.8619 0.0119159 0.011793 0.0118925 0.0118108 0.011793 0.011793 0.011793 0.011793 0.011793 0.011793 0.011793 0.0118719 0.0117997 0.0117936 0.011793 1723.36 0.0118059 0.011793 36.7308 0.011793 0.0117931 0.011793 0.011793 0.011793 0.011869 0.0117971 0.0117934 0.0118034 56.322 0.011793 0.0118117 0.011793 0.0131215 0.0117974 0.011793 50.7959 0.0117933 0.0118213 0.0292009 0.0119491 0.0118407 0.0117932 0.011793 0.0117931 0.0117931 0.0117934 12.2679 27.3666 0.011793 0.011793 0.0117952 0.011793 0.0117931 0.011793 0.011793 0.011793 0.0119047 0.011793 0.011793 31.9192 97.4734 0.0117932 0.011793 0.011793 0.011793 0.011793 0.0161059 21.0563 0.0140125 0.0117961 0.011793 0.01181 0.0118002 0.011793 0.0504054 0.011793 316.313 0.011793 0.011793 0.0118078 0.011793 0.011793 0.0117933 0.011793 0.011793 0.011793 0.0118192 0.0117931 0.0118275 0.011793 0.0117931 0.0117937 0.0164735 90.1707 0.0118069 0.0117941 0.011793 26.0804 0.011793 0.0117933 0.0118016 0.011793 0.011793 0.011793 0.0119367 0.011793 0.011793 0.011793 0.011924 0.011793 0.0117932 0.011793 0.0128708 0.011793 0.011793 0.011793 235.55 0.011793 38.0602 0.0118612 0.011793 0.0443198 16.5999 0.011793 0.011793 0.0118713 0.011793 22.6866 0.011793 0.011793 0.0117932 0.0118064 0.011793 0.011793 0.0117932 0.0118462 0.011793 0.0134018 0.011793 0.0119102 0.011793 0.011793 0.011793 0.011793 0.0118129 0.011793 88.7195 0.011793 0.011793 0.011796 0.0117931 0.0117931 248.116 0.0117936 0.011793 0.0117932 0.011793 0.0118696 0.0118025 0.011793 0.0132354 0.011793 0.011793 0.0119083 0.011806 0.011793 0.011793 0.011793 0.0117931 0.011793 0.0117933 0.011825 0.0120954 0.0120568 0.0119302 0.0117935 0.0117934 0.011793 0.0117951 0.011793 0.011793 0.0117931 0.0118379 0.011793 107.322 0.011793 33.6925 16.7423 0.011793 0.011793 0.011793 0.0117968 0.0118612 0.0117935 0.011793 0.011793 0.0117931 0.0130815 254.973 0.011793 0.011793 0.0118338 0.0117943 0.012001 0.011793 0.0118938 0.011793 0.0117944 0.0119615 0.0126028 0.0119203 0.0117941 103.95 0.0118041 0.0120054 0.011793 0.011793 0.011793 0.011793 0.011793 0.0118014 0.011793 0.0118494 0.0117958 0.0117931 0.0263126 0.0118261 15.3593 0.0117934 0.011793 0.0117942 0.011793 0.0118779 0.011793 41.9799 0.011793 0.011793 0.011793 0.011793 0.011793 0.0117931 0.011793 0.011793 0.01189 0.011793 0.011793 0.0117931 0.011793 0.011795 0.011793 0.011793 0.0117981 0.011793 0.0118177 0.011793 0.011793 0.011793 36.5563 0.011793 0.0117934 0.0117937 0.011793 0.0118439 0.0117932 0.011793 0.011793 0.0119727 0.01186 0.0117931 0.0118536 0.0117931 0.011793 0.0117932 1.48126 0.0117936 0.0117947 0.0117933 0.01187 0.0120462 0.011793 0.011793 56.7096 0.0117932 0.0117932 0.0117962 0.011793 0.011793 0.011793 0.0144555 0.0117931 0.0117931 0.0119782 0.011793 0.0117976 0.011793 0.011793 0.011793 0.011793 0.0117934 0.011793 0.011793 0.0117978 0.0117931 0.0122395 0.011793 113.872 0.011793 0.011793 0.0117936 0.011793 0.011793 0.011793 0.011793 0.0117931 0.0117933 0.011793 0.011793 0.011793 0.011793 0.011793 0.011793 0.011793 0.011793 0.011793 0.011793 397.668 0.011793 0.0119221 0.0117955 0.011793 0.0117941 0.011793 0.0117931 0.0168096 0.0117931 0.0117995 0.011793 0.011793 0.011793 0.011793 0.0120928 0.011793 187.648 0.011793 0.0119007 0.011793 0.011793 0.011793 0.0117934 16.9524 23.7169 0.011793 0.011793 0.0118593 0.011793 25.7831 0.0117934 0.0117932 0.0531681 0.011793 0.011793 0.0118353 0.0124337 0.0117933 0.011793 0.011793 0.011793 0.0118751 0.011793 0.0120219 0.0117931 0.011793 0.011793 0.011793 0.011793 0.011793 0.011793 0.384503 0.0119143 0.011793 0.011793 0.0117937 0.011794 0.011793 0.0118074 101.487 0.011793 0.0117932 0.0117931 0.011793 0.011793 0.0118127 76.8278 14.2262 0.011793 0.011793 0.011793 0.011793 0.011793 0.0117932 0.0117976 0.0117948 0.011793 15.5577 0.011793 0.011793 0.0119839 0.011793 0.011793 0.011793 0.0117934 0.0162606 0.011793 0.011793 0.0117931 0.011793 0.0119062 0.011793 0.0124269 0.011793 0.0117974 0.0117939 0.0117937 55.3802 0.011793 0.011793 0.0117931 0.0118985 0.0120855 0.0117944 0.011821 0.011793 0.0117949 25.3274 22.9623 0.011793 0.0117931 0.011793 0.011793 0.011793 0.011793 0.011793 0.011793 0.0122624 0.011793 8.56567 25.744 0.0118047 0.011793 0.011877 0.011793 0.0117939 0.011793 0.011793 0.011793 69.2499 0.0117931 0.011793 0.011793 0.011793 0.011793 0.011793 5.46725 0.0117933 0.0119681 0.0117931 0.0118069 0.011796 0.0120317 12.7598 0.011793 565.94 0.011793 0.011793 0.011793 0.0117989 0.0117941 0.011793 0.011793 0.011793 0.011793 0.0119663 0.011793 0.0117931 0.0335248 0.0117936 0.0117938 0.0117931 0.011793 0.0118675 0.0119719 0.011793 0.011793 0.0117932 0.011793 0.011793 0.0118743 0.011793 1.5508 0.0122092 0.0117931 0.0118014 0.011793 0.0118124 0.0117934 0.011793 0.011793 0.011793 0.0118793 0.011793 0.011793 0.0137104 0.011793 0.0117931 0.011793 0.011793 0.011793 0.011793 0.011793 73.9837 0.011793 0.011793 0.011793 457.403 0.011793 0.011793 0.0118936 0.011793 0.0117933 0.0118123 110.624 0.0117931 0.0117931 0.011793 0.0118553 0.0117933 0.011793 0.0117931 0.0117933 0.0117934 28.8604 0.0117933 0.0117931 0.0117931 0.0118679 0.0117932 0.011793 0.0117939 0.0117937 0.011793 0.011793 0.0117938 0.0120066 0.0117931 0.011793 0.0117933 0.011793 0.011793 0.011793 0.0117935 0.36604 0.0117972 0.0118223 0.011793 0.0117983 0.011793 264.655 0.0119218 0.0238128 0.135966 132.47 0.011793 404.809 0.011793 0.0117932 0.011793 0.011793 225.1 0.011793 0.0124975 0.0118183 0.0118714 0.011793 0.011793 0.011793 0.011793 0.011793 0.011793 0.011793 0.011793 0.0118516 0.011793 0.0117941 0.0118068 0.011793 0.0118658 0.0117934 553.321 0.0117951 0.011793 67.5577 0.0118495 0.0118977 0.011793 0.011793 0.011793 0.011793 0.011793 0.011793 0.0117937 0.011793 0.011793 0.012406 0.011793 0.0261751 0.0117932 0.011793 0.011793 0.0117932 35.1689 0.0122512 0.011793 0.011793 0.011793 0.011793 0.0150857 0.0118133 0.0117931 0.011793 0.0117956 283.141 0.0118092 0.011793 0.011793 0.0117959 0.0128627 0.0121146 0.011793 0.0119579 0.011793 0.0117948 0.011793 0.0117931 0.011793 0.011793 0.011793 242.112 0.011793 12.9948 0.011793 0.011793 0.011793 0.011793 0.0117973 0.011793 0.011793 19.7962 0.291255 0.011793 0.011793 0.0118204 0.011793 0.0118814 0.0117983 0.011793 0.011796 0.0123747 0.0117944 0.011793 0.011793 0.0118654 0.0117935 0.011793 0.0119908 0.011793 0.0117936 0.0117932 0.0117931 0.132978 0.0122295 7.11257 0.0119856 0.011793 0.0118476 85.0042 24.4863 0.011793 0.0117932 0.011793 0.011793 19.8851 0.0118716 0.011813 0.0117936 0.0119011 0.0131099 0.0118001 0.011793 0.011793 80.4932 0.011793 0.011793 0.0119682 0.011793 0.0117931 0.011793 0.011794 0.0117931 0.011793 0.0117948 0.012968 0.011793 0.011793 0.011793 30.1908 0.011793 0.011793 0.0118022 0.0118009 0.0119505 0.0117933 0.914282 0.0117934 0.011793 0.0175616 0.011793 0.011793 0.0117934 0.011793 0.011793 0.011793 0.0117946 0.0117939 0.011793 0.0117979 0.011793 13.0933 0.011793 0.011793 59.4034 0.0118132 0.011793 0.0122222 0.011794 0.0117932 0.0118521 0.011794 0.0117932 0.0119049 0.011793 0.011793 0.011795 0.011793 0.011793 0.0117932 0.011793 0.0124169 0.011793 0.011793 0.0121223 0.011793 0.0118245 0.0118036 0.011793 0.0119218 0.0119726 0.0118446 0.0117931 0.011793 943.21 0.0117933 0.011793 65.3363 0.0117942 417.667 0.0119403 0.0118399 314.582 0.0117956 0.0117932 0.011793 0.0121549 0.0117945 0.0117934 0.0118993 25.2402 0.0117948 0.011793 0.0118076 0.011793 0.0118676 0.0117964 0.0117931 0.011793 0.0117959 0.0118574 0.011793 0.011793 0.011793 0.011793 0.0124107 0.0117941 0.0118324 0.011793 0.0118012 0.011793 0.0117971 0.011793 0.0118133 0.011793 0.011793 0.011793 0.0117993 0.0118067 17.8776 0.011793 0.0121672 0.011793 0.0117931 0.0118121 0.011793 0.0117951 0.011793 0.0136863 0.0117932 0.0118247 0.011793 0.0120772 0.011793 0.0117932 0.0117941 0.011793 0.0118163 0.011793 0.0117931 0.0117972 16.5424 0.0118139 0.011793 0.0119416 0.0117931 21.5449 0.0117935 0.0118048 120.055 0.0118149 0.011793 0.011793 0.192261 0.011793 0.011793 0.0117931 0.011793 0.0133221 199.933 0.0117932 269.56 0.011793 10.4381 0.011793 0.011793 0.011793 22.6071 0.011793 0.011793 0.011793 0.0117935 0.0117931 0.011793 0.0117935 0.011793 0.011793 0.011793 0.011793 0.0118022 125.163 22.5366 0.011794 0.012064 0.0117943 0.011793 0.011793 0.011793 0.0117969 0.0158299 0.0117979 0.011793 0.011793 0.0132734 0.011793 0.249905 0.0118261 0.0117933 0.0117975 0.011793 0.011793 0.011793 14.6375 1560.95 0.011793 0.0118028 0.011793 54.9858 0.0117943 0.0118014 0.011793 0.0117972 0.011793 0.0118641 0.0117931 287.123 0.011793 0.0117931 0.011793 0.011793 0.011793 0.011793 0.0118725 11.0062 0.011793 0.011793 0.0118289 0.0118088 0.011793 0.011793 0.0117942 0.011793 0.011793 48.9591 0.011793 0.011793 0.0166919 0.011793 0.011793 0.011793 0.0117933 0.0117933 0.011793 0.0117931 0.0138134 2379.89 0.011793 0.011793 0.0119219 0.0117931 0.0142127 0.011793 0.011793 0.011793 0.0117974 0.011793 0.0182085 0.011793 0.0122195 0.0118033 0.011793 0.015155 0.011793 67.951 0.0117931 0.0128294 0.011793 0.0118272 0.011793 0.011793 0.0117934 0.011793 0.0450306 0.0117938 0.0117931 0.0117936 0.0118034 0.011793 0.011793 0.0118164 0.0133337 0.011793 0.0119819 0.0117941 0.0117931 0.011793 0.011793 0.011793 0.011793 0.011793 0.0117935 0.0117931 0.0117938 0.011793 31.7436 0.0118587 0.0138506 14.7171 0.0118412 0.0118345 23.5415 0.0117981 0.0117938 0.0117936 0.0117931 0.011793 0.011793 0.011807 0.011793 0.011793 0.011793 1382.45 0.0117987 0.0211195 0.0117956 0.0117958 0.011793 0.0117931 0.011793 0.011793 0.0118175 0.0120346 0.011793 0.0118011 0.0118027 0.011793 81.0265 0.011793 0.0117931 0.011793 7.54195 0.0117946 0.011793 0.011793 0.011793 0.0153147 41.9632 0.011793 0.0118021 0.0117931 0.011793 0.011793 0.0118042 0.011793 0.011793 20.7812 0.0118072 0.011793 0.011793 0.011793 0.0118019 0.0117983 0.011793 0.0118007 0.0117932 0.0117932 0.0117967 0.011796 0.0117931 0.011793 0.011793 0.011793 2.07104 0.011793 0.011793 0.0117938 0.0119847 0.011793 0.0120281 0.0118102 0.011793 0.0124457 0.011793 0.011793 0.011793 0.0118933 0.011793 0.0117931 0.0117958 553.273 0.011793 0.011793 113.245 0.0117931 0.0117932 15.9438 0.011793 0.0117931 0.011793 0.011793 0.0118814 0.011793 0.011793 0.011793 0.0118024 0.011793 0.011793 0.0117931 0.011793 0.0171227 0.0118021 0.011793 0.011793 0.0118294 0.011793 0.0118551 0.011793 0.0117935 0.0117931 0.0120024 0.011793 0.011815 0.0117997 0.0118125 0.011793 0.011793 0.0118001 0.0117934 0.011793 0.011793 0.0118839 0.0195454 0.011793 0.0117934 0.0117933 0.011793 0.011793 0.0122087 0.0118931 0.011793 0.011793 55.5191 0.011793 0.011793 0.011809 0.0117937 0.011793 42.1366 0.0117934 0.011793 22.413 0.011793 0.011793 0.0117934 0.011793 53.2082 0.011793 0.0117937 0.011793 0.0118837 0.011793 0.0117933 0.0118096 0.011793 0.0118014 0.011793 0.0118814 0.0117936 0.011795 0.011793 0.011794 62.032 0.0117944 0.0311621 0.011793 0.0118289 0.011793 0.0117954 0.011793 0.0118121 0.0119034 0.0117931 126.708 0.122604 33.3203 0.011793 0.0117931 0.011793 0.0117931 15.8544 0.011793 0.0120482 0.0117932 0.0117931 0.0118141 0.0117939 0.011793 0.011793 0.0119281 0.0117932 0.011793 0.0123472 0.0118361 0.0117932 0.0117945 0.011793 0.011793 0.011928 0.011793 314.107 0.0117932 0.0117932 0.0117982 0.0117931 0.011793 24.0565 0.0119585 0.011793 0.011793 385.697 0.0117932 0.0117935 0.0117932 0.011793 0.0117932 0.011793 0.0123111 0.0117935 0.011793 32.3602 0.012022 0.0118526 0.011793 0.011793 0.011793 0.011793 0.0119143 0.011793 0.0118228 14.5336 0.011794 0.0117997 0.011793 0.0123943 0.011793 0.011793 0.0124612 0.011793 0.0117941 0.640919 0.011793 23.9047 0.0117962 0.377398 0.011793 0.0118038 0.0117934 0.011793 0.0118007 0.0125954 0.0164015 130.333 0.011793 0.011793 0.0117936 0.0118123 0.0117935 0.0117938 0.011793 0.0117947 0.011793 0.0117934 0.0117933 0.011793 0.0118117 0.011793 17.1832 0.011793 0.011793 0.0117931 0.011793 0.011793 0.0117935 0.011797 0.011793 0.0117948 236.822 0.011793 0.0117931 0.0117931 0.0119398 0.0117934 0.0120089 0.011793 0.011793 0.011793 0.0117931 0.0117931 0.0165502 0.0123276 0.0118823 0.011793 0.0118141 0.011793 0.011987 0.011793 0.011793 0.011793 0.011793 0.011793 0.0121267 0.011795 0.011793 0.011793 0.011793 0.011793 0.011793 0.0117939 0.011793 0.011793 0.0118396 0.011793 0.011793 0.0130727 0.0117931 0.011793 35.6156 0.0117978 0.0118097 0.0119871 0.011793 0.011793 0.0117958 0.0117931 0.0117931 0.011793 0.011793 0.011793 0.011793 0.0117937 0.0447416 0.0117931 0.011852 0.011793 0.011793 0.0117931 0.0117933 0.0117931 0.011793 0.0117931 0.011793 0.0117932 0.0122099 0.011793 0.011793 0.0117933 0.0118323 0.011793 6.21236 0.0117933 0.011793 0.0118195 0.011793 495.593 0.0117931 0.0117935 0.0667381 0.0117931 0.011801 0.011793 0.011793 0.011793 13.2041 0.011793 0.011793 1.41548 0.0117939 0.011793 0.011793 0.0118148 23.9954 0.0117952 0.011793 0.011793 0.0117933 0.0118814 1410.06 0.0117935 0.011793 0.011797 0.0118131 83.6677 0.0118045 0.0119682 0.0117934 0.011793 184.408 0.011793 0.0118552 0.0129971 0.011793 0.011793 0.011793 0.011793 0.0117958 228.532 0.011793 0.654242 0.011793 112.505 0.011793 0.011793 0.0118131 21.5719 0.0122027 0.0118776 0.011793 0.0118439 0.011793 0.0121638 0.011903 0.0117967 0.0117933 0.011795 0.011793 0.0117931 0.0117947 26.3083 0.0123675 0.0117936 0.011793 232.42 0.011793 309.102 5.36861 0.011793 0.0117964 0.011793 0.011793 0.011793 0.011793 0.0117935 0.0117935 0.011793 0.011793 0.011793 0.0125337 0.0117937 0.011793 0.011793 0.0117956 0.012973 0.011793 0.011793 0.011793 0.0119221 0.011793 0.011793 0.0118974 29.0049 0.0117932 0.011793 0.0117931 0.011793 16.8696 0.011793 0.011793 0.011793 46.0255 0.0117938 0.011793 0.011793 0.0117935 0.011921 0.0126534 0.011793 0.011793 26.0804 0.011793 0.0117955 0.0117931 0.0117934 0.011793 0.011793 0.011793 0.0117933 0.0117931 0.0117933 0.011793 0.0118275 0.0117931 0.0118311 0.011793 0.0121809 0.011793 0.011793 0.0117931 0.0174936 0.0117931 0.0117931 0.011793 0.0132691 0.011793 0.011793 0.011793 0.011793 0.011793 0.0117949 0.0117932 0.011793 0.0118188 0.011793 0.011793 0.011793 0.0117933 0.0118268 0.0117935 33.188 0.011793 0.0117985 0.011793 0.011793 0.011966 0.011793 0.011793 0.0117931 0.011793 0.011793 0.0123743 39.4243 0.011793 0.0117937 0.0119856 0.0118949 0.0118466 0.011793 0.0118065 0.011793 39.5776 0.0118061 0.0117963 0.011793 0.011793 0.011793 0.0117938 149.392 0.011793 0.011793 0.011793 0.0117934 0.0117938 1221.7 11.3514 0.011793 0.011793 0.011793 33.9344 0.0117953 0.0119801 0.0117931 0.0117958 0.0119884 0.011793 0.011793 3.60964 0.011793 0.011793 0.0117986 0.0118108 85.0597 0.0118004 0.011793 0.0117932 0.011793 0.0117952 0.011793 0.0118597 0.0117972 0.011793 6.35308 0.08174 99.6149 0.0117991 0.011793 0.011793 95.5423 0.0118231 0.0117943 0.0117944 0.179335 0.011793 0.011793 85.1341 0.0117931 0.011793 0.011793 25.9737 0.0117966 0.0117931 0.011793 0.0117975 0.0117951 0.011793 0.0117936 0.011793 0.011793 0.0117931 0.011793 0.011793 0.011793 0.011793 0.011793 0.011793 0.0117934 0.011793 0.011793 0.0118364 0.0117966 0.011793 0.0117936 62.2399 0.0117976 0.011793 0.011793 0.0117934 0.0118162 0.0117964 0.0117933 115.55 0.011793 0.011793 0.0117935 0.0121758 0.011793 0.011793 0.011793 0.011793 0.011793 0.0117941 0.011793 0.011793 0.012344 0.0117931 0.0166863 0.011793 0.011793 0.0270371 595.044 0.011793 67.281 0.011793 0.011793 0.0117931 0.011793 0.0117931 49.4176 0.0117931 0.011829 1.03388 0.0117932 0.0118573 0.0117989 0.0117931 1.4751 0.011793 0.0117931 0.0117995 0.011793 417.343 0.011793 0.0118972 0.011793 0.0117936 0.0118077 0.0117953 17.352 0.0117933 0.011793 0.011793 0.0140891 0.0118016 0.0127547 0.0117931 0.188297 0.0117954 0.011793 0.0117933 0.011793 0.011793 0.0118064 0.0117971 0.011793 0.011793 0.0117931 0.0117931 0.011793 0.011793 0.011793 0.011793 0.011793 0.0117934 0.011793 0.011793 0.0123381 0.0174049 0.011793 0.011793 7.70913 0.0117931 0.011793 0.0117931 0.011793 0.011794 0.011793 0.011793 0.0117933 0.011793 0.011793 0.011793 0.0117934 0.0119407 0.011793 82.7638 0.0117932 4.48443 0.011793 0.0117944 0.011793 0.0117931 0.0118243 0.0127466 0.011793 0.011793 0.011793 0.011793 0.0121329 0.0118897 0.011793 0.011793 0.011799 0.0117933 72.0985 0.0117946 0.0123901 0.011793 0.011793 0.0279599 13.2307 29.3059 0.0117933 0.011795 0.011793 17.8776 0.0117937 0.011793 0.0117952 0.011793 64.6102 0.0117934 0.011793 0.0118042 0.011793 38.8598 0.011793 0.0141706 0.0117935 0.0117932 0.011793 0.0117931 0.011793 0.0117931 922.895 0.0118522 542.246 0.011793 0.0117942 0.011793 0.0118107 0.011793 0.0118553 0.011793 0.0117932 0.011793 0.0117968 0.0118217 0.011793 0.011793 12.6187 0.0117931 0.0118216 0.0120175 0.011793 0.011793 0.0123371 0.0117931 0.011793 0.011793 48.9592 0.011793 36.7989 0.0141548 0.011793 71.4789 0.011793 0.0117933 0.0119826 0.0117939 18.3557 0.011793 0.011793 0.011793 67.847 0.0120546 0.0122044 13.3658 0.011793 0.011793 0.011793 0.011793 0.011793 38.1304 0.0117932 0.011793 0.011793 0.0117933 0.011793 0.0117948 142.491 0.0117933 0.0121915 0.011793 0.0118022 0.011793 0.011793 0.011793 0.011793 0.011793 0.0124475 0.011793 0.0117931 0.0119134 0.011793 0.0118132 51.9126 0.011793 0.0119412 0.011793 21.6268 0.0148647 0.011803 57.6488 79.3206 0.011793 0.011793 0.0120033 0.0118961 0.011793 0.011793 0.0117935 0.011793 0.0117958 0.011793 0.011793 0.0117937 0.0118134 0.0120074 0.011793 0.011793 0.011793 0.011793 0.011793 0.011793 0.0119233 0.0117931 0.0295159 8.3995 0.0117933 0.011793 0.011793 131.154 0.0117934 0.011793 0.0117939 510.654 0.0117943 0.011793 0.0119134 0.011793 87.813 0.011793 0.0117932 0.0117934 0.011793 0.011793 0.011793 0.011793 0.0119081 0.011793 0.0118046 0.0118653 0.477439 0.011793 0.0118238 0.0118097 0.0118012 0.0118709 0.011793 0.011793 0.0119017 0.0130673 0.011793 0.011793 0.011793 0.0117992 0.011793 0.011793 0.0118391 0.0117931 0.011793 0.0117939 0.011793 0.011859 0.011793 0.0117946 0.011793 0.0118203 0.0118606 0.0119208 0.0119465 0.011793 0.0124958 0.011793 465.247 0.011793 0.011793 0.011793 0.011795 0.0118075 0.0118275 0.011793 0.011793 0.011793 0.011793 0.0117932 0.011793 0.0117931 0.0119646 0.0119318 0.011793 0.011793 0.011793 45.3799 0.011793 0.011793 0.011793 0.011793 0.0117931 0.0118814 0.011793 0.011793 0.0118203 0.0117937 0.011793 0.011793 0.011793 0.0118129 0.0120842 0.011793 0.0117963 0.0117931 0.0118117 0.011793 0.011793 0.011793 0.0117939 0.0117937 57.0271 0.0117931 0.0118189 0.0117931 0.011971 0.0117939 0.011793 0.0117934 273.28 0.0117934 0.0121296 0.0117932 0.0118206 30.8953 0.0117934 0.0118006 0.011793 0.0117931 0.011793 0.011793 0.011793 0.0118261 33.8976 0.011793 0.011793 0.0117931 0.011793 0.0117931 0.0117931 0.011793 0.0118502 0.011793 0.011793 0.0117931 0.0121794 0.011793 0.011793 0.0117946 0.011793 0.011793 0.011793 0.011793 24.1588 0.011793 0.0319553 0.011793 0.0117992 0.011793 62.0576 8.25668 0.0119326 0.011793 0.0119905 0.0118013 0.011793 0.011793 0.011793 0.0118066 0.011793 0.0117931 0.0121181 0.011793 0.011794 0.011793 0.011793 0.0117931 0.0120888 0.011793 0.0117934 0.0133097 0.0145147 0.011793 0.0118716 0.011793 0.0117982 0.011793 0.0117932 0.011793 0.011793 0.0118069 0.0117951 0.0117942 0.0117958 0.011793 0.011793 0.011793 0.0117934 0.011793 0.0118939 0.011793 0.011793 0.0118925 0.0119029 0.011793 0.011793 0.011793 21.4598 0.011793 0.0117931 0.016527 0.011793 0.011793 0.011793 13.5328 0.0118495 0.011793 0.0117931 55.578 9.8528 0.011793 0.0118505 0.0117947 0.011793 0.011793 0.011793 0.011793 0.0117933 0.0117936 0.011793 0.011793 0.011793 157.073 0.0126785 0.011793 0.011793 0.011793 0.011793 0.0117962 0.0118015 0.0119353 53.0601 0.011793 0.011793 0.0119438 0.011793 15.8394 0.0117934 0.0126148 0.0119086 0.011793 0.0117969 0.011793 5.56961 0.0117932 0.0117996 0.011793 24.8953 0.011793 0.0117937 0.0117931 0.0118022 0.011793 0.0118146 0.0117931 0.011793 0.011793 0.0117931 0.0117932 0.011793 302.42 0.011793 0.011793 0.0118222 0.0118729 0.011793 0.0118081 35.6058 0.011793 0.0118112 0.011793 0.011793 0.0117934 0.011793 0.011793 0.011793 13.198 0.0139251 0.011793 0.011793 0.011793 0.0119029 0.0117934 0.0121081 0.0117933 0.0118896 0.011793 0.011793 0.0157627 0.0118904 0.0117933 0.011793 0.0118032 0.011793 0.0119521 0.011793 0.011793 0.0118588 0.011793 0.0117933 0.011793 0.0117935 29.0788 0.0118302 0.0117934 0.011793 0.011793 0.011793 0.0117954 0.011793 0.0118071 0.011793 0.011793 0.0117959 0.011793 0.011793 0.011793 0.011793 0.0117939 0.011793 0.011793 0.011793 0.0119545 0.0117931 0.0119662 0.0119664 0.0117932 0.0118083 0.011793 0.0117931 0.011793 0.0117979 0.0119135 0.0117931 0.0117951 0.0120386 158.465 0.011793 0.0134142 0.011793 0.011793 0.011793 0.011875 0.011793 0.011793 0.0117994 0.0117941 0.0119065 0.0117931 0.0117931 0.0118903 0.0130963 0.011793 0.011793 0.0121069 0.011793 0.011793 19.0825 0.011793 0.011793 178.81 0.0119096 0.011793 0.0117933 0.011793 0.011793 0.0117933 0.011793 0.011793 0.011793 247.176 0.0117932 0.0117932 0.0117994 0.0124122 0.011793 0.011793 0.011793 0.011793 0.011793 0.011793 271.975 0.0117932 0.0118019 0.011793 0.0117936 0.0117957 35.3094 0.011793 0.0117931 0.0118025 0.011793 0.011793 0.0118009 0.0117937 0.0117935 67.7432 0.0121963 0.0120007 19.6125 0.011793 0.011793 0.0118177 0.011793 0.0117937 0.0118045 2285.49 0.0117936 0.011793 0.011793 0.0119326 0.011793 0.0117939 0.0119236 0.0118169 0.0117938 0.0118506 0.011793 0.011793 0.011793 19.6125 0.011793 0.0117933 0.0123396 32.0025 0.011793 0.011793 0.0117975 0.011793 0.0117931 0.0231204 0.0127048 0.011793 0.0118046 0.0117931 0.011793 0.0118643 0.0117942 57.8487 0.011934 0.0117931 0.011793 0.011804 0.011793 0.011793 0.011793 0.011793 0.011793 0.0117937 0.011793 0.0118704 0.011793 0.0118449 0.0117931 0.0137104 0.0118194 0.011793 0.0117947 0.011793 27.7293 39.6823 0.0118129 0.0118121 10.1956 0.011793 0.011793 0.0117942 0.696426 0.011793 0.011793 0.011793 0.011793 0.0139131 2.55243 0.011793 0.0119641 743.525 19.955 0.0118039 0.0117933 0.0117932 0.011793 0.011793 0.0117932 0.0117931 0.011793 0.0117961 0.0117933 0.011793 23.9155 0.0903311 0.0117931 0.011793 0.011793 0.0117934 0.011793 0.011793 27.2573 41.8468 0.011793 0.0118401 0.011793 0.011793 0.011793 0.011793 0.011793 719.487 0.0118139 0.011793 0.0118965 36.3915 0.011793 0.011845 0.0118141 0.011793 0.0118223 0.011793 0.011793 0.011795 30.4725 0.011793 0.011793 0.0119386 0.011793 0.011793 0.011793 0.0117933 0.011793 0.011793 0.011793 0.011793 0.011804 0.0117935 0.0117938 0.011793 227.938 0.0122416 0.0117945 0.011793 0.011793 0.011793 0.0118289 0.0117937 0.011793 486.521 0.011793 367.263 0.011793 0.0117931 0.0117938 0.0118279 0.011793 0.011793 0.011793 0.0117931 52.3222 0.011793 0.0117934 0.0118253 0.0117933 0.011793 0.011793 0.011793 0.011793 0.011793 0.0117931 0.0117932 0.011793 0.011793 0.0117978 214.266 0.0117961 0.011793 0.011793 0.0118005 0.0121885 25.2255 0.011793 0.0118023 0.011793 0.0117988 0.011793 0.0118728 0.0117997 0.0119832 0.011812 0.0117932 0.012003 0.0117991 0.0117933 0.011793 0.0117932 15.725 14.075 0.0117932 0.0117931 0.011793 0.011793 0.0117962 0.011793 0.011793 47.1033 0.011793 0.011793 0.011793 0.011793 0.011793 0.011793 0.0118413 0.0118139 0.0117931 0.011793 0.011931 1868.53 0.011793 0.0119447 11.0469 0.0118729 0.0117936 79.9439 0.011793 0.0118282 0.011793 0.0118814 0.0120137 0.011793 0.011793 0.0117933 0.011793 0.0118 0.0118165 0.011793 53.0491 0.0119292 0.011793 0.0117932 0.011793 0.011793 0.011847 0.011793 0.011793 0.0117983 0.011793 21.9899 0.0118566 0.011793 0.0117931 0.011793 0.0119926 0.011793 16.5736 0.011793 0.0120264 0.011793 0.011793 0.0117931 0.0118007 0.0117931 0.011793 0.011793 0.011793 174.453 0.0117932 0.011793 0.0117936 0.011793 124.487 0.011793 143.197 17.7502 0.011793 61.6043 0.011793 0.0119334 0.0117931 0.0117934 0.0118071 98.7461 519.745 0.011793 986.36 0.0119789 0.0119038 0.011793 0.0118031 0.011793 0.0117932 0.0117935 0.011793 0.011793 0.011793 0.0117951 0.011793 0.011793 0.012587 0.0117931 0.0118177 0.011793 0.0118575 0.011793 0.0118306 0.011793 0.014307 0.011793 0.011793 0.0117935 0.011793 0.0118728 0.011793 0.0117932 0.0119698 7.16443 0.011793 0.0117937 0.011793 0.0117931 5.06348 0.011794 0.0117931 0.0118357 0.011793 0.0118303 0.011793 0.011793 0.0137669 0.0119716 0.0117932 0.0117931 0.011793 0.0118238 0.0117937 0.0117945 0.0117948 0.0118939 41.2836 0.0419821 0.0117935 0.011793 0.011793 0.0117931 0.011793 0.011793 54.0527 0.011793 0.0117932 0.0117936 0.011793 0.0117931 40.396 0.011793 0.0126456 0.011793 0.011793 0.0117986 89.1209 12.2423 0.011793 0.0117945 0.011793 0.011793 0.011793 0.011793 0.011793 2.81502 0.0118731 0.0117938 26.9473 0.011793 0.0119438 0.0117935 0.0118903 0.0117938 0.011793 0.011793 0.011793 0.011837 0.0155198 0.011793 0.0119531 0.011793 140.254 0.0118608 0.011793 0.012194 0.0118403 0.0117931 0.011793 0.0117931 0.0117932 0.011793 0.0119567 0.0124868 0.0117931 0.011793 0.011793 20.7459 0.011793 0.011793 0.011793 0.0117936 0.011793 0.011793 0.011793 0.011793 0.0117935 0.011793 0.011793 0.011793 0.0117944 0.0117933 0.011793 0.0119403 0.0120213 0.0118775 0.0117941 0.0117933 0.0117935 0.011793 0.0118303 0.011793 0.0117954 0.011793 7.16751 0.011793 47.4188 0.011793 0.0117933 0.0117931 0.011793 0.0121224 0.0117933 0.011793 66.359 0.011793 43.8573 0.011793 0.011793 0.011793 0.011793 11.7874 7.9581 0.0117932 0.0117931 0.0117934 0.011793 0.011793 0.011793 0.0117935 0.011793 0.011793 0.0117931 0.011793 0.0117953 0.011793 0.011793 0.011793 0.0118791 0.011793 0.0118004 0.0119348 0.0117936 0.011793 0.011793 0.0117944 0.0117931 0.011793 0.0117939 0.0117932 0.011793 0.0117931 0.0120837 0.0119559 0.0117999 0.0117958 0.011793 0.011793 0.0233034 0.011793 0.011793 0.0118137 0.0117934 0.011793 0.0118023 30.8267 1.53191 0.0117931 0.011793 0.0117937 0.0117964 0.0117931 0.0120447 0.011823 0.0117931 0.0117931 0.011793 0.0117945 0.0117943 0.0119936 0.0117942 0.0117934 0.01197 61.2355 0.011793 0.0117931 0.011794 25.4553 0.0117998 0.011793 0.011793 0.011814 0.011793 0.0119614 0.011793 0.0118522 0.011793 0.0119156 0.011793 0.011793 0.0118074 0.011793 0.011793 0.011793 0.011793 0.011793 0.0118531 0.0117948 0.011793 46.6545 0.0117931 0.011793 15.098 0.011793 0.0117931 0.0118479 0.0118135 30.8729 0.0118369 0.0124087 0.011793 0.0117934 0.0118276 0.316719 0.011793 0.011793 0.011793 0.011793 0.0118368 0.011793 0.011793 0.011793 0.0117932 1152.83 0.011793 0.0117933 875.019 109.688 0.011793 0.0121317 0.0117985 0.011793 176.573 0.0117936 0.011793 0.011793 0.0264181 0.0117939 0.0118039 0.011793 0.0165597 0.0117937 0.011793 0.011793 18.45 0.0117943 0.011793 0.0117932 0.0117951 182.809 0.011793 0.011793 0.0117935 0.0117931 0.0117937 0.011793 0.0118274 0.115651 0.0117933 0.0118058 0.011793 0.0117962 0.0122981 0.0117931 0.011793 0.0118045 0.0117931 336.266 0.011793 144.38 0.0119378 0.0119062 0.0117932 0.011793 45.2052 0.0117932 0.011796 0.011797 0.011793 0.011793 0.011793 0.011825 0.011793 0.0118511 0.011793 0.011793 0.0117931 0.0117995 2.3448 0.012608 0.011793 0.0876975 248.668 916.455 0.011793 0.011793 0.011793 0.011793 0.011793 129.649 56.1898 0.011793 0.0117974 0.0125371 0.011793 0.0119452 0.011793 0.011793 0.0121696 0.011793 0.011793 0.0117931 0.0118075 0.011793 0.0117975 0.011793 0.0117931 0.011793 0.011793 0.0117931 0.0117932 0.011793 0.0118773 0.011793 0.011793 0.0117934 0.011793 0.0126934 19.0144 0.011793 0.011793 0.011793 15.6854 0.0118926 0.0117939 0.0118182 59.3681 323.672 0.011793 0.0117931 0.011793 0.011793 0.011793 0.011793 0.0117935 0.0117932 0.011793 0.011793 6.51337 0.011793 0.0118116 0.0120911 0.0118513 0.0119182 0.011793 0.0118606 0.0118183 0.0118137 0.011793 0.0117946 0.011793 0.0117958 28.2618 0.011863 0.0118019 0.011793 0.011793 176.749 0.011793 0.0117967 0.0118489 0.011793 0.011793 0.0117962 0.011793 0.011793 0.0117932 0.011793 0.011793 210.237 0.011793 0.0118062 0.0118023 0.011793 413.958 0.0126149 0.0117951 0.011793 71.2945 0.0117931 0.0117931 0.011796 0.011793 0.011793 0.0118008 0.011793 0.011793 0.0119652 0.0117934 0.011793 0.011793 0.011793 3.57394 0.011793 0.0118391 0.0118547 24.4632 0.011793 0.0117934 0.0117951 0.011793 0.0118018 0.0118551 0.0119913 138.227 0.0117975 0.011793 0.011793 0.011793 0.0117931 50.6355 0.011793 110.819 0.011793 0.011793 0.0117931 0.011793 0.011793 0.011793 0.0117931 0.011793 0.0117933 0.0117939 0.0117931 0.011793 0.0122667 0.0117934 0.0131973 0.0120369 0.011793 0.011793 0.011793 0.011793 0.0117982 0.011793 0.011793 0.011793 0.011793 0.011793 0.0141398 0.0123496 0.0117933 0.011793 0.011793 0.627216 0.011793 0.011793 13.1382 0.011793 0.0117931 0.011793 0.011793 0.0117988 20560.4 21.0615 0.011793 0.011793 0.011793 0.0117931 0.0118234 0.0117946 0.0117966 73.2184 0.0118817 0.011793 0.0125292 0.011804 0.0126357 0.0119063 0.0118149 15.5042 0.011793 0.0117931 0.0117932 0.011793 0.0117935 0.011793 0.0117931 0.011793 49.2843 8.1007 0.011793 0.0121677 0.0117934 0.0164646 0.0117945 0.011793 0.011793 0.011793 0.011924 0.011793 0.0118064 0.0117935 0.0117954 0.0155562 26.6924 205.017 0.0120915 0.0117932 0.011793 0.011793 0.011793 0.0117931 0.011793 0.011793 0.011793 0.011793 0.011794 0.011793 0.011793 0.0118048 0.0117949 0.012368 268.446 0.011793 0.011793 0.011793 0.988401 0.011793 0.0117931 0.011793 0.0128194 0.011793 0.0118566 0.011793 0.011793 0.011793 0.011793 0.011793 0.0117931 0.0117932 0.011793 62.8841 0.011793 0.0118407 0.011793 0.0118153 0.011793 0.0117955 0.0124186 0.0118191 0.0118279 0.0117931 0.0128762 0.0123066 0.011793 0.0118289 0.0133396 0.0117942 0.011793 0.011793 0.0118454 0.011793 0.0117931 0.011793 0.011793 0.0120629 0.011793 0.011793 0.0117937 0.011793 0.011793 61.6874 0.011793 0.0117983 0.011793 0.011793 1.24602 0.0117958 0.0118969 0.012207 0.011793 0.0122139 0.011793 0.0117944 0.011793 0.011811 0.011793 0.0117951 0.011793 0.011793 0.011793 0.0117966 0.011793 32.2877 0.011793 0.0134936 0.011793 0.0121611 0.0144357 0.029201 0.0117933 7948.8 0.0118717 0.011793 0.011793 0.011793 0.0117931 0.0117968 15.0044 0.011793 190.119 0.0123305 3.73622 0.0117935 0.011793 0.0117943 0.011793 5.74856 0.0117939 0.011793 0.0117966 0.0117934 0.0117932 24.9707 83.9104 0.011793 262.192 0.011793 0.011793 0.0117934 0.011793 0.0117938 0.0117931 0.0117931 0.011793 0.011793 0.0117931 0.011793 0.011793 0.0117932 0.011793 6.21236 0.0117931 0.0117931 0.0117938 30.3754 0.011793 0.011793 0.011793 0.0117931 0.0118138 0.011793 0.011793 0.0125831 0.0117977 0.0117933 252.971 0.011816 1011.12 0.0138787 0.011793 0.011793 0.0117955 0.0125074 0.0118243 0.011793 0.011852 9.85522 0.011793 0.011793 0.011793 0.011793 0.011793 58.5427 0.0119784 239.577 0.011793 0.011793 0.011793 0.0118045 0.011793 0.011793 0.011793 0.011793 0.011793 0.0119359 0.0117931 0.0118336 0.011793 0.011793 0.0118226 0.0117936 0.0117954 0.0117935 0.011793 0.0117931 0.0120765 0.011793 0.014013 0.0120525 0.011793 160.16 0.011793 0.011793 0.011793 0.0118089 0.0117987 0.011793 0.0121815 0.0119358 0.0117934 0.0117936 185.042 0.011793 0.011793 0.011793 15.6835 0.0120235 0.011793 219.987 257.694 0.011793 13.9167 0.011793 0.0118297 0.0117931 0.011793 0.0117949 0.0118167 0.011793 0.011793 0.011793 0.011793 0.0118021 0.011793 0.011793 0.0117931 0.011793 67.7382 0.0117933 0.0117931 0.011793 0.0134611 0.011793 0.0117931 0.011793 0.011793 0.011793 0.0117931 0.011793 0.011793 811.294 0.0117931 0.011793 21.5758 0.011793 0.011793 0.011793 0.011793 0.0117971 0.0117961 0.011793 0.011793 0.0118418 0.011942 0.0120145 0.011793 0.011793 0.011793 0.011793 0.011793 0.0117932 0.0118008 0.011793 0.0117931 0.0117931 0.0118167 1.49902 0.011793 0.0117934 0.011793 22.7572 0.0118001 0.0118949 0.011793 0.0128646 0.0119602 44.9021 132.579 0.0119924 0.0117933 0.0120428 0.011793 0.0117931 0.011793 15.3719 0.0117986 0.0117931 0.011793 0.0118077 0.0118006 0.011793 0.0117931 0.0117989 0.011793 0.011793 0.0117931 0.0118199 0.011793 0.011793 0.0117931 0.0139365 0.0118033 0.011793 0.011793 101.132 0.011793 0.0117934 0.01181 0.011793 0.0121804 0.0118035 72.8472 0.0126097 0.0118302 72.7769 0.011793 0.0118047 0.011793 0.011793 0.0117979 0.0222232 0.011859 0.0118125 33.9475 0.011793 0.011793 0.011793 0.0118042 0.011793 0.011793 0.011793 0.0117968 3.03538 0.0117931 0.0117931 0.011793 0.222122 957.42 0.011793 0.011793 0.011793 0.0117933 0.011793 0.0117932 69.6617 0.011793 0.011793 0.0117933 0.0118905 0.0130747 0.0118674 0.011793 0.0117944 0.011793 27.3914 0.011793 0.011793 0.011793 0.011793 0.011793 0.0117931 0.011793 0.0117936 0.011793 0.0117967 0.011793 0.011793 0.011793 0.0120207 0.0128483 0.0117933 18.8898 0.011793 0.011793 0.011793 0.011793 0.0118052 0.0117974 0.0117972 0.011793 0.011793 0.011794 0.0119405 0.0117942 0.0117942 0.011793 0.011793 0.0117931 0.0121935 0.0119182 0.011795 0.011793 0.0118835 45.8406 0.011793 0.0117931 0.011793 0.011793 0.0117972 0.0118232 0.011793 0.011793 33.7591 0.011793 0.011793 0.011793 0.011793 0.011793 0.011793 30.7124 105.867 0.011793 0.0119035 0.011793 0.011793 0.0118019 0.0117935 0.0117952 0.0117932 0.011793 0.0117947 0.011793 0.0117965 0.0117945 0.0118572 0.011793 0.0117931 0.0118107 0.0118796 162.881 0.0318176 0.0117948 21.4901 14.8121 0.0117943 18.363 0.011793 0.0117931 0.011793 0.0117948 0.011793 0.011793 0.0117935 0.012614 0.011793 0.011793 0.0117931 0.0497226 0.011793 0.0118098 0.0117931 0.0117931 0.011793 0.011793 0.0117932 0.011793 0.011793 0.0298464 0.011793 0.0117983 0.011793 0.0118179 0.0119178 0.011793 0.0118202 0.011793 0.011793 0.011793 28.0197 14.4797 0.011793 0.011793 19.5945 0.0117969 0.011793 0.011793 0.0118093 0.011793 0.0117958 0.0118377 0.011793 0.0117932 0.0187096 0.011793 291.336 0.011793 0.011793 53.5447 0.011793 0.011793 0.011793 0.0119421 0.0117962 0.0122876 0.011793 0.011793 0.011793 0.011793 468.529 0.011793 0.0119197 0.011793 0.0117933 0.011793 0.011793 0.011793 90.0786 0.0117934 0.0117983 0.011793 0.0117931 0.011793 0.011793 0.011793 0.011793 0.011793 0.0117933 0.0117997 0.0117936 0.011793 0.011793 0.011793 0.0119221 0.0118158 0.0126332 0.0117933 0.0117934 0.0117931 0.011793 0.011793 261.889 0.011793 0.0117932 0.011793 0.011793 0.011793 0.0117931 0.011793 0.011793 0.011793 72.1299 0.0119089 19.7429 0.011793 0.011793 0.0118469 2.68854 0.0117972 0.011793 0.011793 0.233867 0.0121738 6.64012 0.0120196 46.854 0.011793 0.011793 0.0118 0.011793 0.0117975 0.0118384 0.011793 0.0118292 0.0118242 0.0118 0.0117946 0.011794 0.011793 0.011878 0.0117931 26.5434 0.0118162 0.0117931 0.011793 0.011793 0.011793 0.011793 2.91039 0.011793 0.0117932 194.513 0.011793 0.011793 0.011974 0.0121756 0.011793 2.08292 0.011793 0.0121802 0.0117955 16.8698 0.011793 0.011793 0.0117978 0.0117934 0.0117957 0.0118316 0.0118085 0.011793 0.0117944 0.011793 0.0117936 0.0127218 0.011793 0.0117934 0.0119507 0.011793 0.011793 0.0118291 0.0118061 0.0117931 0.0117935 0.0117931 0.011813 0.011793 0.011793 0.011793 0.0118021 0.011793 0.011793 0.0119887 0.0117997 0.011793 0.0117931 0.011793 4.84903 0.0118028 0.0118066 0.0117931 0.0118294 0.011793 0.011793 0.0118254 0.0131663 0.0118243 0.011793 0.0117933 0.011793 0.011793 0.0119465 85.8743 0.0118172 0.011793 0.0117931 0.011793 0.0118027 0.0118148 0.0117931 0.011793 0.011793 0.011793 0.011793 0.011793 0.011793 0.0118268 0.0119797 0.011793 0.0117931 0.011793 0.011793 0.011793 0.011793 0.0117931 0.011793 119.107 0.011793 0.0118212 0.011793 0.0119327 0.011793 0.011793 0.011793 0.011793 0.011793 0.011793 0.011793 36.1753 0.011793 0.011793 20.0589 172.88 0.0118145 0.011793 0.0118175 0.011793 146.296 0.0117936 187.569 0.011793 0.0117931 0.0118069 374.819 0.0117963 0.011793 0.011856 0.0117931 83.6135 0.011793 0.011793 0.0118005 0.011793 0.011793 0.011793 0.011793 0.011793 0.011793 0.011793 0.0117938 0.011793 0.011793 133.251 0.0117933 0.0118344 0.011793 0.0117986 0.011793 0.011793 0.011793 0.0119216 0.0118484 0.011793 0.0128732 0.011793 0.0118453 0.0117931 0.011793 0.011793 0.0118952 10.0593 0.011793 0.011793 0.0118513 0.011793 0.011793 0.011793 0.0211273 0.0117934 0.0121137 0.0117935 0.0117943 0.0119253 0.0117931 0.0117932 0.011793 0.011793 42.8633 0.0117931 0.0124291 0.0117951 0.011793 0.011793 0.0117932 0.011793 0.011793 14.05 0.0117931 0.011793 0.011793 0.0117934 0.0117964 0.011793 3.617 0.011793 0.011793 0.0117974 0.011798 0.0121572 0.011793 0.0118001 0.0120252 28.048 0.0128901 0.0117931 0.011793 0.011793 0.011846 0.011793 0.011793 0.0117934 0.0414275 134.647 0.011793 0.0117931 0.011793 7.47026 0.011793 0.011793 351.503 0.0117931 0.011793 0.0118167 0.0119332 0.011793 0.011793 0.011793 0.0119561 0.011793 0.0117932 0.011793 0.011793 0.0119014 0.011793 0.011793 10.9308 0.011793 0.011793 0.0118046 0.011793 0.012077 0.0117941 0.0117931 42.8425 0.0117933 0.0118408 0.011793 0.011793 0.0120697 0.0125193 65.5096 0.0118205 0.0117931 0.0117956 0.011793 0.011793 0.0117931 0.011793 0.011793 0.0117933 0.0119645 0.0129426 0.0124864 91.3692 0.0118044 0.0118581 0.0117934 0.0146899 0.0124652 0.0118207 0.0117931 0.011793 0.011793 0.0117941 0.0117941 0.011793 32.7838 0.011793 0.0117931 5.74855 0.012212 0.011793 0.011793 111.914 0.0117931 0.011793 0.011793 0.0121435 0.0118706 0.011793 0.0118119 0.0117933 0.0117934 0.011793 0.0117936 0.011793 0.0117932 0.0484274 0.0119846 0.0117931 0.0124742 0.011793 0.0125296 0.011793 0.011793 0.011793 0.011793 122.422 0.011793 0.0325349 0.0117931 0.011821 0.0118278 0.011793 0.0117931 0.011793 0.011793 0.0117931 0.011793 0.0119576 2809.63 173.128 0.011793 0.011793 41.9863 0.0119196 0.012276 0.0117932 0.0117998 0.188836 0.011793 0.0117938 0.011793 0.011793 0.011793 0.011793 0.0170233 0.011793 0.120603 0.0117945 109.934 0.011793 0.0117932 0.0825088 0.0119206 0.0117935 7.95429 0.011793 0.011793 0.0123141 0.011793 0.011793 0.011793 0.011793 0.011793 104.507 0.011794 0.011793 0.0117957 169.029 0.0118038 0.0127731 16.7874 0.011793 0.011793 0.011793 0.011793 0.0118589 0.011793 33.6888 0.0118183 0.0117938 8.39949 0.011793 664.075 0.011793 0.011793 0.0117931 0.011793 0.011793 0.0121679 0.011793 0.011793 0.011793 0.011793 0.011793 0.0131535 0.011793 0.0121037 0.0117959 0.0118445 0.011793 0.011793 0.011793 0.011793 0.011793 0.011793 195.54 0.0118077 0.011793 0.011793 0.011793 0.011793 0.0117931 0.0117931 0.011793 0.011794 0.0119602 0.0128961 0.011793 0.011793 0.011793 1116.04 0.011793 0.011793 821.938 0.011793 0.0118161 0.011793 0.0118067 25.6589 0.011793 0.0124267 0.0117931 0.0118091 0.011793 0.011793 0.0117931 0.011793 0.0117938 0.0117959 0.0117932 0.011793 0.012053 0.0117932 0.011793 0.0122908 0.0119204 0.011793 0.0117931 0.0127521 0.011793 17.4826 0.011793 0.0117951 0.0118038 0.0117952 0.011793 14.8119 0.011824 0.0121621 0.011793 0.011793 0.011793 0.011793 0.011793 0.0117932 0.0117931 0.0118993 0.011793 0.0117937 342.523 0.0118214 0.0117931 0.011793 0.011793 0.0117941 1324.42 0.0123545 0.011793 0.0118706 0.011793 0.0117931 0.0117934 0.011793 0.011793 0.011793 0.0117939 0.011793 0.011793 0.0117931 36.4158 0.0117945 0.0118702 0.011793 0.0119355 0.0119771 0.0119122 171.32 0.011793 0.011793 0.0117948 0.0117931 0.0121748 0.011793 0.011793 0.0141402 0.011793 0.011793 0.0117939 0.0117938 0.011793 0.011793 0.0118 0.011793 0.011793 0.011793 0.0118375 0.0117935 0.011793 0.0118077 0.0117931 0.0117933 0.011793 0.0120692 0.0117931 0.011793 0.011793 411.43 0.011793 0.0117931 0.011793 0.011793 0.0119231 0.0117943 0.011794 0.0133077 0.011793 0.011793 0.0118081 0.0135534 0.011793 0.0117931 0.0117971 0.0117943 0.0117931 0.011793 0.0117933 0.011793 30.557 0.0927698 61.2046 0.011793 0.011793 44.3836 0.0118311 0.0117932 0.0145699 0.0117931 0.0117932 0.011793 84.6384 0.011793 0.0117931 0.012753 37.6975 33.1018 0.011793 0.0129945 0.011793 0.011793 0.0117931 0.011793 0.0117941 0.011793 0.011793 0.0118248 0.011793 0.0117931 0.011793 0.0123346 0.011793 0.011793 69.4284 5.38875 0.0118694 73.0371 0.0117933 0.0118171 0.011793 0.0121022 0.0117943 0.011879 0.011793 0.0118005 0.0117932 0.011911 0.0117944 0.011793 0.0117931 0.011829 0.0117932 60.8722 0.011793 0.011793 0.011793 0.011793 0.011793 0.011793 0.0121747 90.1017 0.0117932 73.4076 0.0117939 0.011793 612.976 481.793 0.011793 0.0117931 0.0117931 0.0122304 0.0117931 0.0117937 0.0117953 0.011793 0.0118814 0.011793 0.0120969 0.0117931 0.011793 0.011793 0.0117931 157.878 0.011793 0.0123559 0.0117931 0.0125704 0.011793 0.0117931 0.0118021 0.011793 0.011793 0.011793 0.011793 0.0277121 0.0117964 0.0117957 19.0144 24.7484 0.0117942 0.011793 0.024892 0.0118723 0.0117931 0.016209 0.0117934 0.0118886 0.011793 0.011793 69.5006 0.0119837 0.011793 0.0117931 5.19429 0.011793 0.0118728 0.011793 0.011793 0.443408 0.0117931 0.011793 0.011793 10.8326 0.0118196 0.011793 0.011793 0.0117989 0.0117936 0.011793 0.011793 0.011793 0.0122977 0.0117938 0.011793 0.0117932 0.0117994 0.0117937 0.011793 0.011793 0.0117946 0.011793 0.0117941 0.011793 0.011793 0.011793 0.011793 0.0118292 0.0118149 0.011793 0.011793 0.011793 0.011793 0.0120404 0.0337133 15.7068 0.011793 0.0117945 0.0119448 0.0118391 0.0117934 0.011793 0.0292005 0.011793 0.0117935 0.011793 0.0117944 0.0117932 0.0117932 0.0117938 0.0117972 0.011793 0.0118071 0.011793 0.0117932 0.011793 31.7038 0.011793 0.0170159 0.011793 0.0121189 0.011793 0.0117931 0.011793 0.011793 0.011793 0.011793 0.011793 0.0117931 0.011793 0.0117944 59.6449 0.011793 0.011793 0.0118006 0.0117934 207.424 0.011793 0.011793 12.2997 0.011793 0.0118954 0.011793 0.011793 9.85569 0.011793 0.0117932 0.011793 0.011793 0.011793 0.0118087 0.0119622 0.011793 0.0117931 0.011793 0.011793 0.0119182 0.011793 0.011793 0.0133525 0.011793 0.0142054 0.011793 23.9954 0.0118049 32.9341 0.011793 0.0119326 17.166 0.0117952 0.011793 0.0431558 0.011793 0.011793 11.5167 0.011793 0.0117931 0.0118104 0.01211 0.011793 0.011793 0.0120878 0.011793 0.0117936 0.011793 0.0118229 0.0137511 8.77605 0.011793 0.0117931 0.011793 28.0194 0.011793 0.0117934 0.011793 0.011793 0.0117931 59.0267 0.0117987 0.011793 0.011793 0.011793 0.011793 0.011793 0.0117996 0.011834 0.011793 0.0118487 4.56041 0.011923 0.0118078 0.011793 0.011793 32.711 0.011793 0.011793 0.0117931 0.011793 0.011793 0.011793 0.011793 13.9746 0.0118204 0.0117999 0.011793 0.011793 0.011793 0.011793 0.0117934 0.0117937 0.01199 0.011793 0.011793 0.0136113 0.0117933 13.7719 0.0117931 0.0120618 0.011793 0.0117931 0.011793 0.011793 0.0117933 0.0117931 0.0119584 0.0117931 0.011793 0.0118197 0.011793 0.011793 0.011793 0.011793 0.011793 0.011793 495.075 0.011793 0.011793 0.011793 0.0149438 0.011793 0.0117931 12.4231 0.011807 0.011793 0.0117932 0.011793 0.0119704 0.0117935 0.011793 0.011793 0.011793 0.0117947 0.011793 0.0117931 0.0117969 0.0118478 0.0117931 54.8635 0.0160148 349.343 553.25 1.07511 0.011793 0.011793 738.752 0.011793 0.0118225 0.011793 0.0117931 0.011793 0.011793 244.428 0.011793 0.011793 0.0117931 19.0256 0.0117931 0.0117961 0.011793 0.0118238 0.011793 0.011793 0.011793 0.011793 0.0120313 0.0120329 0.0117935 0.011793 80.7275 0.0117931 0.011793 0.011793 0.011793 22.065 38.7839 0.011793 0.011793 0.0118044 0.011793 0.0117936 0.011793 0.011793 0.011793 0.0117936 0.0117935 0.0117931 0.0139738 0.011793 0.011793 0.011793 0.0118366 0.011793 15.8171 0.011793 0.0120919 0.011793 0.011793 0.0117966 8.13464 0.011793 0.0117936 42.4177 0.0117932 0.011793 0.0117931 0.011793 0.011793 0.0117937 0.011793 0.011793 0.0118159 0.011793 0.011793 0.011793 26.62 63.2727 127.258 0.0118308 0.011793 0.011793 0.0138662 0.011793 0.0122094 0.011793 0.011793 0.0117946 0.0270482 0.0117931 0.0118588 0.0117931 0.0117931 0.011793 0.011793 0.0119143 0.0117937 0.011813 0.0117931 0.0186752 40.2688 0.0117954 0.011793 102.364 0.011793 0.011793 0.0125313 0.011793 0.011793 0.0118913 0.0117931 0.0118013 0.0119039 0.0117932 0.011793 0.011793 0.011793 0.0118064 0.011793 0.011793 0.0117943 0.011793 0.0117932 0.0117955 0.0117935 0.011793 20.6953 0.011793 0.173629 0.0117931 0.720766 0.0117933 0.0118634 0.0118494 382.613 0.011793 0.0117934 0.011793 11.047 0.0123582 0.0164447 0.011793 0.011793 0.011793 0.0117931 0.0118877 0.0118047 0.0120213 0.0118423 0.011793 0.0117934 0.0468494 0.0118129 0.011793 0.0118086 0.0117937 0.011793 65.231 0.0118872 0.011793 0.0117945 0.0118493 0.0121319 0.0117931 0.0245708 0.011793 0.011809 12.3082 0.0118746 0.0117938 2.20134 0.0117931 0.011793 0.011793 0.011793 91.8907 0.0117939 0.011793 6.60583 0.0118038 0.011793 14.7709 0.0118131 0.0117934 20.3842 0.011793 0.011793 0.0117934 0.0142463 0.0117932 0.0117932 0.011793 0.011793 2.95556 0.0117933 0.0118093 0.0117934 0.0119528 0.011793 0.0118526 0.011793 0.0445373 0.0120821 0.011793 0.011793 0.011793 0.011793 0.0118611 0.026931 0.0117932 0.011793 0.0118162 0.0119292 0.0118052 0.0117931 0.0117931 0.0117932 0.0117931 0.011793 0.0117966 19.7637 0.011793 0.520887 0.011793 0.0144774 0.0117931 0.011793 0.0117932 0.011793 103.427 0.0117965 0.011793 0.011793 0.0120949 0.0117933 0.0119519 0.0117933 0.0117958 0.0118023 0.011793 0.011793 28.0192 33.8976 0.011793 0.011793 0.011793 0.011793 0.011793 0.011793 0.011793 0.0117962 0.011793 0.0117932 0.011793 0.011793 0.011793 64.1941 0.0117931 13.7719 0.0117951 0.011793 0.0117931 0.011793 0.011793 0.0117931 0.0118009 0.011793 0.0168666 0.0117935 0.011793 0.011794 0.0117941 0.011793 0.0119657 0.011793 0.0117987 0.011793 38.9239 0.0117932 0.011793 0.0117935 0.0118337 0.0119015 0.0118032 0.0119268 0.011793 0.011793 0.0125919 0.011793 7.95252 0.0118868 0.011793 0.0117933 0.0127953 0.011793 0.011793 0.011793 0.0117931 0.0117932 0.011793 0.0117936 0.011793 0.011793 0.0118666 0.011793 71.0438 0.0117944 0.011793 0.011793 0.011793 0.011793 0.011793 0.011793 0.0118021 0.0117931 40.2621 0.0117958 0.0118247 0.0117933 0.011793 0.0117932 0.0187038 44.6897 0.011793 0.0117966 9.65219 0.011793 0.0117932 0.0117931 0.011793 0.0117933 0.0118975 0.011793 0.011793 0.0118413 0.011793 0.0117979 0.0117931 5.09728 0.011793 0.0120745 0.011793 34.9936 0.0125235 8.72291 0.0118009 0.011793 0.0117931 0.011793 0.0117933 0.011793 0.011793 0.0117932 0.0117939 0.0117932 458.874 0.011793 0.011793 0.0117943 0.0334043 0.011793 0.011793 0.0117931 10.5402 0.0117982 0.011793 0.011793 0.011793 0.011793 0.0118245 0.011793 0.0117931 0.011793 0.01194 0.011793 0.13593 0.0117931 0.0118128 0.0118189 0.0117931 6.64004 0.0118 0.011793 0.0118645 0.011793 0.011793 208.845 0.0117944 0.011793 0.011793 0.0117931 0.0117933 0.011793 0.011793 0.011821 0.0117935 0.011793 0.011793 0.0120248 0.0118034 0.0118611 0.011793 26.6898 0.011793 0.011947 0.011793 0.011793 43.5222 0.011793 0.0117936 0.0118943 0.012055 0.011793 22.246 0.011793 0.0118049 0.0117933 0.011793 0.011793 0.0204366 0.0117931 0.011793 0.011793 0.011793 15.5956 0.0118028 0.011793 14.6952 0.188779 0.0117932 0.011793 0.0117939 0.011793 0.011793 0.0117936 0.19989 0.011793 0.011793 0.011793 0.011793 0.011793 0.011793 0.011793 0.0120707 0.011917 0.0118006 0.0117944 0.011793 0.011793 0.0122323 0.0131077 0.0121509 56.856 0.011793 0.0132527 0.011832 0.011793 0.0118256 0.011793 0.0118099 0.011793 0.011793 0.0117931 0.011793 0.011793 0.0117959 0.011793 0.011793 0.0119007 0.011793 0.011793 0.0119539 0.011793 0.0117932 0.0118278 0.011793 0.011793 0.011793 0.011793 0.011793 0.405288 85.9695 0.0119177 0.011793 25.4264 0.0118857 0.011793 0.0117955 0.011793 0.011793 0.0118032 0.011793 0.0117932 0.0117932 0.0117931 0.011793 0.011793 0.011793 0.0118223 0.011793 0.011793 0.011793 0.011793 0.011793 0.0117931 0.011793 0.011793 0.011793 0.0120293 0.011793 0.0251879 0.011793 0.011793 0.011795 94.3844 0.011793 0.0117931 0.0120525 0.011793 0.011793 0.0117931 34.2924 0.0117956 0.0118806 0.011793 0.0117931 0.012816 0.0117931 0.011793 0.011818 0.0118424 0.0118863 0.0119884 0.0222573 0.011793 0.108087 0.0117941 0.0144864 0.0118258 0.011793 223.361 0.0117963 0.0117931 1808.74 0.011793 0.011793 0.0117934 0.011793 0.0117931 0.0117936 0.011793 0.011793 0.0141361 114.77 0.0118948 0.0118747 0.011793 0.0117931 0.011793 0.011793 0.011793 37.7998 0.0119577 0.011793 0.0117931 0.011793 0.0117941 0.0120333 0.0117931 8.3995 0.0117931 0.0166269 0.0119716 0.011793 0.011793 0.011793 0.011793 0.0119344 0.0119617 0.011793 0.011793 0.011793 0.011793 0.011793 0.011793 0.011793 0.0117932 0.0117936 0.0118148 0.0117934 0.011793 0.011793 0.011793 14.1099 0.011793 0.011793 202.301 0.0117937 0.0117991 0.0172364 0.0118095 0.011793 0.0118106 0.011793 0.011793 0.0117945 0.0136585 0.0130753 0.0117933 0.0117931 0.011793 0.011793 16.5195 0.0125126 228.51 0.0117932 0.011793 0.0117932 0.0118374 0.0117931 0.011793 0.011793 0.011793 0.011793 0.011793 0.0118067 0.0117935 0.011797 0.011793 1606.77 0.011793 0.011793 0.0117931 84.0953 0.0118001 0.011793 0.011793 0.0123341 0.0119191 0.011793 0.0117935 0.0118007 0.0118571 0.0118215 0.0117952 0.0117932 0.011793 0.0117935 0.011793 0.011793 0.0117937 0.011795 0.0122216 0.011793 0.011793 0.011793 0.011997 0.011793 0.011793 0.011793 0.011793 0.0121855 0.0117932 0.0117931 112.351 0.011793 0.011793 14.6801 0.0117931 0.0118275 0.0118214 0.0118016 0.0119241 83.2343 0.0117931 0.011793 0.0118014 0.0117933 79.874 0.011793 0.0117936 0.0119104 0.011793 0.0118247 0.0121786 0.0117942 0.011793 0.0118006 0.011793 0.011793 0.0128724 0.0119429 15.9471 0.0117936 0.0117931 0.011793 88.1278 0.011793 17.2287 0.0117932 3.60909 0.011793 0.0165502 0.0117938 0.011793 0.011793 0.011793 0.011793 92.2075 0.011793 0.011793 0.0122028 0.0251557 0.0117993 0.011793 0.0121401 37.318 0.0118139 0.0117935 0.0118025 0.0117986 0.0117933 0.011793 0.0117974 0.0117947 0.011793 0.0119026 0.0117948 0.011793 0.0155516 0.011793 0.011793 0.0142851 0.0117957 0.0117938 0.0117952 0.011793 2.79065 0.0117931 0.011794 0.0117935 0.0117931 0.011793 0.011793 0.0118 0.011793 0.011793 0.0121705 0.011793 0.011793 0.0118879 0.011793 0.0117931 0.011793 7.36872 0.0123306 59.9427 0.011824 0.0117933 25.6102 0.0117935 0.011793 0.0118048 0.0117937 0.011793 0.0117931 0.0118351 0.011793 0.0118731 0.011793 0.0118066 0.0117931 0.011793 0.011793 0.0117933 0.0118027 0.0121695 420.694 0.0118037 0.0117936 0.0117932 1408.58 0.011793 0.011793 0.011793 0.011793 0.011793 0.011793 0.0117963 0.011793 0.0119554 0.0118242 0.011793 0.0117947 0.011793 0.011822 0.0125352 0.011793 0.011793 19.7758 0.0117935 49.1309 0.011793 0.0117992 0.011793 0.0118139 72.747 0.011793 0.011793 0.0117931 0.011793 0.0118547 0.0205002 11.2418 0.0117936 0.0117933 0.011793 0.0117931 0.011793 0.0118122 0.0117931 0.0117932 0.011793 0.0117931 0.011793 0.0117935 0.011793 0.0117962 265.004 0.0117935 0.011793 0.0120233 0.011793 0.011793 0.0117934 0.011793 0.0118017 0.011793 0.011793 0.011793 0.011793 0.011793 6.18687 2.07801 0.0117942 0.0119663 0.0117931 0.0117932 0.011793 0.011793 29.3524 0.011793 0.0117934 0.011793 0.0117942 0.011793 0.011793 46.6545 0.0117932 0.0117932 0.0119964 14.075 0.0117943 0.0119728 0.0117992 0.0122937 22.768 91.1223 0.011793 0.011793 0.0117933 0.011793 0.011793 0.0117978 0.011793 0.011793 0.0120716 0.011793 0.011799 0.011793 208.42 0.011793 0.0117948 0.0117933 0.0118014 0.0118001 0.0119882 0.0118403 3.19229 0.011793 0.011793 0.011793 0.0126095 0.0118168 0.011793 3.64075 0.0118336 0.011793 0.011793 0.011793 0.011793 52.1722 0.011793 0.0118182 0.0118094 0.011793 0.0117937 0.011906 825.164 34.4636 0.011793 0.0117933 0.011793 0.0117993 0.011793 0.011793 0.011793 0.011793 0.011793 0.011799 0.011793 0.011793 285.092 0.011793 0.011793 0.011793 0.011793 86.2009 0.0117931 0.011793 0.011793 0.0118419 0.0118031 0.0117938 0.011793 0.0117931 0.0117936 0.0117941 0.0149117 0.011793 0.0117946 0.0123489 0.0117983 0.011793 0.0117972 0.011793 0.011793 0.011793 0.011793 0.011793 0.011793 0.011793 0.011793 212.943 0.011793 0.0117931 0.401335 8.96972 0.0117931 0.011793 0.0117936 0.011793 327.18 0.0119077 0.0118262 0.0118204 0.011793 0.011793 0.011793 0.0118897 0.011793 0.011793 0.011793 0.011793 0.011793 0.0118245 0.011793 0.011793 0.011793 0.0118024 0.011793 0.0118863 0.0118243 0.011793 0.011881 0.011793 0.0117942 0.0117995 0.011793 0.011793 0.011793 0.011793 0.011793 81.3977 0.0117931 0.0119544 0.011793 0.011793 0.011793 15.8172 0.011793 0.0117934 0.011793 0.011793 173.858 0.011793 51.7226 10.167 0.011793 0.0117941 583.834 0.0118814 0.0122211 0.011863 158.143 0.011793 0.011793 0.0118295 0.011793 0.011793 0.0117932 0.011793 113.621 0.011793 0.011793 0.0117934 0.011793 201.774 0.011793 0.0120229 0.0117932 0.011793 0.0117954 0.0123911 29.2011 0.0117934 0.011793 0.011793 0.011855 0.011793 0.011793 0.011793 0.0117977 19.8847 0.011793 60.9303 0.011793 109.839 58.6942 0.0119541 0.0117931 13.9753 0.0117931 120.233 0.011793 0.0117932 0.0117931 0.011793 0.0118071 0.011793 0.011793 0.0216316 0.0119159 0.011793 0.0118135 0.0117941 0.0117971 0.011793 0.011793 0.011793 0.011793 0.011793 0.0117939 0.011794 0.011793 0.011793 0.011793 0.011793 0.011793 0.011793 0.0117951 0.011793 50.8248 0.011793 0.949345 0.011793 0.011793 0.011793 0.0117935 0.011793 0.0117936 0.0118021 0.011793 0.011793 0.011889 0.011793 0.0350103 0.011793 0.011793 0.011793 0.011793 0.011793 0.0117933 0.011793 0.011793 0.0119112 0.011793 0.011793 0.011793 0.011793 0.011793 0.011793 0.0117931 0.011793 0.0117934 0.0117936 0.011793 0.0117935 820.358 0.011793 0.011793 0.0117931 0.011793 0.011793 0.0118035 0.0118246 0.0117971 0.011793 0.0297466 0.011793 0.011793 24.524 0.011793 0.011793 35.8908 0.011793 0.0117931 0.011794 0.011793 0.011793 0.011793 0.011793 0.011793 1.15418 0.011793 0.0119962 0.0117956 0.011793 0.011793 0.0117931 0.011793 0.011793 0.675997 0.011793 0.011793 409.764 0.012009 16.6061 0.011793 0.0118234 0.011793 0.011793 0.0117983 1.29242 0.011793 0.011793 0.011793 0.011793 0.011793 0.011793 0.011793 159.393 0.011793 0.011793 170.5 0.011793 0.0118473 0.0117931 660.317 0.0118025 0.011793 0.0117931 0.011793 18.2167 0.011793 0.011793 0.0117933 0.0117934 0.0117997 0.0117931 0.011793 0.011793 0.011793 0.011793 0.0118038 0.0117935 1.86645 0.011793 0.011793 0.0118022 0.011793 15.4246 0.011793 0.0118023 0.0118064 0.0117931 0.011836 0.011793 0.0118158 102.48 0.011793 0.011793 0.011793 18.7543 0.011793 0.011793 198.656 0.011793 0.011793 0.011793 0.0118216 0.0117944 17.0958 0.0117931 0.011793 0.0124406 391.11 0.011793 0.011793 0.0117964 0.0117938 0.011793 0.011793 0.011793 0.011793 0.011793 0.0121833 0.0118123 0.011793 0.011793 0.011793 0.0118247 0.011793 0.0216877 18.3844 0.011793 0.0125861 0.111318 0.0117948 0.0118247 0.011793 0.011793 0.0120845 9.61089 0.011793 0.0117937 0.011793 0.0117931 0.011793 0.0118133 5.06339 76.8375 0.0117933 7.34525 0.011793 0.011793 0.011793 0.011793 0.011793 0.011793 0.011793 0.0119839 0.0117933 31.0491 0.011793 0.011793 223.705 3.61006 0.011793 0.0118806 72.2552 0.011793 0.0117931 0.011793 0.0119665 6.53818 0.0119485 0.0117933 0.011793 0.011793 0.011793 0.0117943 0.011793 0.0117931 0.011793 0.0118013 0.0118121 0.011793 0.0117932 0.0119268 0.0117932 0.0118229 0.0118258 0.0118035 240.198 0.011793 0.011793 0.011793 107.929 0.0117932 0.011793 0.011804 0.0119071 175.128 0.0118216 0.0117934 0.0119753 0.011793 14.5726 50.2872 0.011793 0.011793 0.0117931 336.286 0.012044 0.011793 0.0118099 0.011793 0.011793 0.011793 0.011793 224.256 0.011793 26.6535 0.0117932 0.0117938 0.011793 0.011793 0.0117932 0.0118539 0.0118382 0.011793 0.011793 0.011793 0.0119323 0.0212089 0.0117987 0.0118097 0.0117942 0.011793 0.011793 0.011793 0.011793 0.011793 0.0117932 0.0118097 169.911 0.011793 0.0117967 0.0117932 0.0117941 46.8002 0.0117931 0.0117931 59.4634 25.0543 0.0117943 0.011793 0.011796 0.0117949 0.011793 0.0118214 0.011857 0.0119916 0.0119091 0.0117955 0.0118601 0.011793 0.0118303 0.0117931 0.0117994 0.0324911 0.0117972 0.0118054 0.011793 0.011793 0.0118308 0.011793 0.011793 0.011793 0.011793 0.0117931 9.43156 0.011793 0.0117931 0.0117943 0.011793 0.011793 0.0118051 0.0119035 10.1671 0.011793 0.011793 0.011793 0.011793 0.011793 0.0119322 0.0117953 0.011793 19.5945 0.0126152 288.785 0.0117933 107.441 0.0120593 0.220826 0.0117931 0.011793 0.0118958 0.0118066 0.012162 0.011793 0.0118064 0.011793 0.0117932 0.011793 28.6039 0.011793 0.011793 23.5459 0.0118085 0.011793 0.011793 0.0117931 0.0117931 0.0118309 0.0121621 0.011793 0.011793 0.011793 32.1533 0.011793 0.011793 0.011793 0.0117936 0.011793 0.0138134 0.011793 0.011793 0.011793 273.488 0.0118033 0.011793 0.0122706 0.011793 0.0117953 0.0120614 0.0117949 0.011793 0.011793 0.011793 0.0117931 0.011793 0.011793 0.0117931 0.011793 0.0117932 0.011793 0.011793 0.0118406 0.0117934 0.0117987 0.011793 0.011793 0.0117936 0.0118721 14.4164 0.0129781 0.0117957 0.011793 0.0117947 0.011793 0.011793 0.011793 0.0118246 0.011793 0.011793 24.8953 0.0118145 77.6498 0.011793 0.0117931 0.011793 0.011793 0.325541 15.0444 0.0121945 0.011793 0.011793 0.011793 166.265 0.0117931 0.011793 0.0117931 0.011793 0.0117933 0.011793 0.011793 0.011793 0.011793 0.0118073 0.011793 0.011793 0.011793 0.0139587 0.011793 0.011793 0.011793 0.0117931 0.0117933 25.2784 19.3756 0.0117947 11.8427 25.3936 0.0117931 0.0117931 0.011793 0.011793 0.0117931 0.011793 0.0117934 18.5171 0.011793 0.0117933 0.0118139 20.6111 0.0117939 0.011865 0.011793 0.0117933 0.011793 0.0118512 0.0118788 0.0121644 0.011793 0.011794 0.0117937 0.0118131 24.3944 0.011793 0.0131894 0.0118244 31.8988 0.011793 0.0117932 0.011793 0.0117931 0.0117962 0.011793 0.0117935 0.011793 0.011795 10.5276 0.011793 0.0117932 0.0117934 0.011793 0.011793 0.011793 0.011793 0.0117955 0.011793 0.0117941 0.0120468 0.011793 0.011793 0.011793 0.0118123 0.0119202 0.0118041 0.011793 0.011793 0.011793 255.971 0.011794 16.6002 0.011793 0.011793 0.011793 0.011793 0.011793 0.011793 0.0117935 0.011793 0.011793 0.011804 753.688 0.011793 0.0121518 0.0119268 0.011793 0.011793 0.0117936 0.0118354 0.0117931 0.0117944 0.0117931 0.0118342 0.011793 13.1938 0.0117932 0.011793 0.0117953 0.0117946 0.0119174 0.0120096 94.7827 0.011793 0.011793 0.0125213 2.77371 0.0117931 0.011793 0.011793 0.011793 62.9327 0.011793 72.7094 0.0117956 0.0118021 0.0117931 0.0117931 0.011793 0.0117931 0.0117931 0.0117931 0.011793 0.011793 126.275 0.011793 0.011793 0.0117932 119.818 0.011793 0.0118294 0.0117934 0.011793 0.011793 0.0117931 0.0117934 0.011793 0.0119467 0.011793 0.011793 0.0117935 0.0117961 0.0117975 0.0117958 0.011793 0.0139291 0.011793 0.0118344 0.0117935 0.011793 0.011793 0.0117931 0.0117996 0.0118071 0.011793 0.011793 0.0117934 0.011793 0.011793 0.0117932 0.011793 0.0121751 0.011793 0.0124186 0.011793 0.011793 0.0124505 0.011793 0.011793 0.0117931 0.011793 0.0117931 0.011793 0.0118239 0.011793 0.011793 0.0119766 0.0118077 12.4845 0.0117932 0.011793 0.011793 0.011793 0.0117931 0.011793 0.011793 0.011793 0.0117931 0.011793 0.0119685 0.011793 0.011793 0.0117951 0.011793 0.0129686 0.011793 0.011793 0.0144345 0.011793 0.011793 0.011793 0.011793 0.011793 0.011793 0.011793 24.6408 0.011793 102.509 30.325 0.011793 503.318 0.011797 0.0117937 0.011793 0.011793 0.011793 0.011793 0.0118236 0.011793 0.0118067 0.011793 0.0121933 0.011793 0.0117946 0.011793 0.011795 0.011793 0.011793 0.0125763 0.011793 0.0117998 0.011793 0.0117931 0.0118457 0.0123927 0.011793 0.0117932 0.011793 0.011793 0.292276 0.0117931 0.011793 0.011793 0.011793 21.2573 0.0118009 0.0118214 0.011793 0.0118112 0.011793 0.011793 0.0117984 0.0118124 0.011793 0.0120697 0.011793 0.011793 20.9839 0.011793 0.0118216 0.0117931 0.011793 0.011793 0.011793 0.011793 0.011793 0.011793 0.0117931 82.1975 0.0117931 0.011793 0.0117932 0.0117944 0.011793 0.011793 0.0118087 0.0120779 0.011793 226.738 0.0118824 0.0117931 0.0118304 0.0118032 0.011793 0.0117933 0.0117933 0.0117937 0.011793 0.0117931 0.0117965 0.011793 0.0120808 0.0118273 0.011793 0.0117931 0.011793 144.705 207.737 28.2797 0.0214754 0.011793 0.0117999 0.0117965 0.0118305 0.0119076 0.011793 0.011793 0.011793 0.0117931 0.011793 0.011879 0.011797 0.0117931 0.0117933 0.011793 0.011793 0.0117931 0.011894 0.011793 0.0117932 0.0120038 0.011793 0.011793 0.011793 0.011793 0.0123299 0.0117931 98.7638 0.0121415 0.0117951 0.0117965 0.0118075 0.011793 0.011793 0.0125942 0.011793 665.885 0.011793 0.0211344 0.0149125 69.6609 0.011793 0.0117941 0.0118042 23.2691 0.0117956 0.011793 0.0117932 0.011793 0.0117941 0.011793 0.0118043 16.8358 0.0117933 0.0117932 0.011793 5.74858 0.011793 0.011793 0.0118359 0.011793 70.8165 0.011793 0.0117931 0.011793 0.011793 0.011793 0.011793 0.011793 0.0118055 19.8924 83.9135 0.0118442 0.0118077 0.0118041 0.011793 0.011793 0.0117938 0.0117932 0.0117931 0.011793 0.0117944 0.0119794 0.0117932 0.011793 0.0117931 0.011793 0.0117939 0.0119312 0.011793 0.011793 0.011793 0.0117931 0.0117949 0.011793 0.0117939 0.011793 0.0118138 78.4754 0.0118949 0.0120367 0.011793 0.011793 0.011793 0.011793 0.011807 0.011793 0.0118946 0.011793 0.0117934 0.0121129 0.0117931 0.0117938 0.0121938 0.0117943 0.0117941 0.011793 0.011793 15.9433 0.011793 0.0118796 24.0563 0.011793 0.011793 0.0117935 6.11391 0.0117931 0.0118509 0.011793 0.011793 0.011793 0.011793 0.011835 0.0117936 0.011793 0.0118032 0.0117931 0.011793 113.683 0.011793 0.01197 0.0117946 0.011793 0.011793 0.0117931 0.0120432 0.011793 0.0117931 109.232 0.011793 0.0205414 0.011793 0.011793 0.011793 0.011793 0.011793 0.0117931 0.0117931 0.011793 0.0119856 0.011793 0.011793 0.011793 0.0238151 0.0118 0.0118446 0.0118179 0.0118236 0.011793 0.011793 0.0117931 0.011817 0.0117939 0.011793 0.0117939 0.0117932 0.011793 0.011793 0.0117933 0.0118235 0.011793 0.0118065 0.0119093 0.011849 0.0118672 0.0165502 0.0119908 0.011793 0.011793 0.011793 0.0117931 47.7764 0.0117967 0.011793 0.011793 0.011804 0.011793 0.011798 0.0117991 0.011793 0.011793 0.011793 0.0119039 0.0117932 0.0117987 0.0118058 0.011793 0.0117939 0.011793 0.0125053 0.011793 0.0117932 0.011793 0.011793 0.011793 0.011793 0.011793 72.181 0.011793 0.011793 0.206233 0.011793 0.011793 0.0117931 0.011793 55.7115 0.0118868 96.7192 0.0118343 0.011793 0.011793 33.6937 0.011793 31.3654 0.0117931 0.0117932 0.011793 0.0117932 0.011793 0.011793 0.011793 0.011793 0.011793 0.0117931 0.011793 0.0117986 0.011793 0.011793 0.011793 0.0123849 0.011793 0.0117931 0.0158161 0.0117931 0.011793 0.0118677 0.011793 0.0120055 0.011793 0.0117931 0.011793 0.011793 0.0117958 0.011793 0.011793 0.0117933 0.011793 0.011793 0.011793 0.0117931 0.0118148 0.011793 0.0118265 65.4736 0.0117984 0.0117932 30.2484 0.011793 0.011793 0.0117931 0.0145553 0.011793 0.0117935 0.011793 0.011793 0.011793 0.011793 0.0117972 0.011793 0.0117933 0.0117933 1026.2 0.011793 0.011793 0.011793 0.011793 15.9433 0.0927926 0.0117931 0.0117935 0.0118047 0.0117934 0.0117931 0.011793 0.0117936 0.0125058 0.011793 0.0117931 0.0117931 0.0117936 0.0117937 0.0118021 45.9525 0.0117979 0.011793 0.0117931 0.0117938 0.011793 0.011793 0.0117933 0.011793 0.011793 0.011793 0.0117931 0.0127371 0.0117943 0.011793 0.011793 0.011793 0.0118831 0.0117931 0.0118015 0.0117931 176.061 0.0118742 0.0118204 0.011793 0.0117939 0.0117931 0.0119045 0.0117932 10.8577 13.5608 0.0118734 0.011793 0.0117934 0.0117931 0.0117931 0.011793 0.011793 0.011793 0.0117932 0.0117932 0.011793 0.0119876 393.604 0.011793 0.011857 0.0118311 0.011793 0.011793 0.011793 0.0117931 88.7207 214.761 0.0117931 0.011793 0.011793 0.011793 0.0119326 0.0252633 0.011793 0.0123785 0.011793 0.011793 0.011793 0.011793 0.011793 0.0117932 0.011793 0.0117956 0.011793 0.0118123 0.0117933 0.011793 0.0122646 0.0117931 98.948 0.011793 0.0118334 0.0118021 0.011793 0.0117931 0.011793 0.0118042 0.0117931 0.011793 0.011793 0.0118047 0.0117931 0.011793 0.011793 0.0118245 39.4746 0.0117932 0.0117931 0.011793 0.0117939 5.64309 0.0119014 0.0118039 0.0128364 0.0117966 0.011793 0.0117963 0.011793 0.011793 0.0122228 93.602 0.0117943 0.011793 0.0117931 0.011793 0.0123268 10.1671 0.011793 0.011794 0.0117931 0.0117932 0.011793 0.0118241 0.0117932 0.0117931 0.0138985 0.011793 0.011793 0.0117934 0.011793 0.011793 0.011793 0.0118399 0.0117932 0.0118279 0.0119349 0.011793 0.0120643 0.011793 0.011793 0.011793 0.011793 0.0117934 0.011793 0.011793 0.011793 0.011793 0.011793 270.168 0.0117971 0.011793 0.011793 0.0117932 0.0119327 0.0117931 0.011793 0.011793 0.0119387 0.0118371 0.0121906 0.0117933 0.0117973 0.011793 0.011793 0.0117941 0.011793 0.011857 27.7195 0.011793 0.011793 0.011793 0.0117931 0.0117968 0.011793 43.4108 0.0136217 732.428 0.011793 6.94754 0.011793 399.259 0.011793 0.011793 0.0117933 0.011793 0.012154 0.0139292 0.0119297 0.011793 0.011793 0.011793 0.011793 0.0117951 0.012123 0.011793 0.0118 17.0958 0.0117933 0.011793 11.2161 0.011793 0.0117962 0.0117966 43.9705 0.011793 0.0117937 0.011793 0.0117931 0.011793 0.011793 0.011793 0.0119106 0.011793 0.0216355 0.011793 0.0117945 0.0118214 0.011817 0.011793 0.0118911 0.011793 0.011793 0.011793 0.011793 0.011793 0.0117955 0.011793 0.0123204 0.011793 0.011793 0.0118305 0.011793 0.0129829 0.011793 0.0118104 0.0118718 0.0117933 0.011793 0.0126341 0.0117964 0.0117931 0.011793 0.0124233 0.011793 0.0118417 0.0118383 0.011794 0.0118048 0.0117931 0.0118597 0.011793 0.0118127 0.0117931 0.0117939 0.0117931 0.0119712 0.011793 0.011793 0.0118069 0.0117931 16.4922 0.011793 0.011793 0.011793 0.011793 0.011793 6.98651 0.011793 0.011793 0.0117946 0.0117932 103.974 0.011793 8.90628 0.011793 0.0117939 0.011793 80.7662 0.0117931 0.0117945 0.0126464 0.0117934 0.0117938 0.0117932 0.011793 6.64014 0.011793 0.011793 0.011793 0.011793 0.011793 0.011793 0.011793 0.011793 0.0117933 0.011793 0.0117938 0.011793 101.495 0.0124234 0.011793 0.011793 0.011793 0.0124246 0.0117937 0.0117933 0.011794 0.011793 0.011793 0.0117951 0.011793 0.011793 0.0118436 0.011793 0.011793 0.0153022 0.0118291 0.011793 0.011793 0.0118629 0.011793 308.963 0.011793 0.011793 0.011793 0.011793 0.011793 0.0117937 0.011793 0.0117935 0.011829 0.011793 0.0117931 78.748 0.011793 0.011793 0.011793 0.0118545 0.0118351 0.0117931 0.011793 0.011793 0.0117936 0.011793 0.0117931 0.0117931 0.011793 0.0123597 0.011793 0.0117931 0.01186 0.0117931 0.0117931 0.844722 0.011793 0.011793 0.011793 0.011793 0.0140041 0.0117979 0.011793 0.011793 0.0117931 0.011793 0.0117936 0.011793 0.0117931 0.011793 0.011793 0.011793 0.011793 0.0118078 0.0121983 0.011793 0.011793 0.011793 113.925 0.011793 0.011793 0.0117932 0.011793 0.0118408 0.0117987 0.011793 0.0117944 0.011793 0.011793 0.011793 2478.29 0.011793 0.0117936 0.011799 0.011793 0.0117931 0.0118095 0.0118251 0.011801 0.011793 0.011793 0.0117947 0.0117947 0.0118128 0.0117945 0.0117945 0.0118289 26.7787 0.0119435 0.0127501 0.0117933 0.011793 0.011793 0.011793 0.011793 0.011793 0.0117933 0.0117934 0.0117931 0.011793 0.0119082 0.011793 0.011793 0.011793 5.03034 0.0117931 0.011793 0.0117931 0.0117933 0.011793 15.3193 0.011797 0.011793 0.0117948 0.011793 10.1671 0.011793 0.011793 0.011793 0.011793 0.0117934 0.0118277 44.8518 0.0117936 0.011793 0.0117932 0.011793 0.0118016 0.011793 0.011793 124.283 0.011793 0.0117931 0.0629558 0.011793 0.0117934 83.8023 0.0118047 756.959 0.0118247 0.0117937 0.011793 0.0117935 0.011793 582.187 36.5632 0.011793 0.011793 0.461383 0.011793 0.0129872 0.011793 0.011793 0.011793 0.011793 0.011793 0.0117931 0.011793 0.0118459 0.0118113 0.0743897 0.011793 0.011793 0.011794 0.011793 0.0118079 0.0118198 0.0119449 0.0125443 0.011793 0.011793 0.011793 0.011793 0.011793 16.6418 0.011793 0.011793 0.011793 64.1898 43.1625 0.011793 0.346471 0.0117935 0.0117931 0.011793 0.0118663 0.0119203 0.0117938 186.722 0.0121776 0.011793 0.0117943 0.011793 0.0117932 0.011793 0.012096 0.011793 0.011793 0.0117938 0.0118636 0.011793 0.011793 0.0117933 0.0118217 0.011793 0.011793 0.011793 23.9953 0.011793 0.0121943 0.0118025 0.0117945 0.011793 0.0117931 101.508 0.011793 72.7766 5.06342 1.28553 0.0119185 0.011793 0.011793 0.0118384 0.011793 0.0117931 0.011793 0.011793 0.0118001 0.011793 0.011793 0.011793 0.011793 0.011793 0.011793 75.7763 0.011793 0.0117975 12.4645 0.011793 0.0118287 0.0117953 0.0117989 0.011793 0.0117932 0.011793 0.0119643 0.0122427 29.3248 0.011793 0.0117932 0.011793 0.0117932 0.0117933 0.011793 72.3798 0.011793 13.1458 0.011793 0.0117931 0.011824 0.011793 0.011793 0.0118125 0.011793 0.0120366 6.28116 0.011793 0.0117932 0.0117931 0.011794 0.0118225 0.0118353 0.011793 0.011793 5.47771 0.0117931 0.0117931 0.0121875 0.011793 0.011793 0.0117931 0.0117931 269.204 0.011793 0.011793 0.011793 0.0117931 0.011793 0.011793 0.011793 0.011793 0.011793 0.0119249 0.011793 0.011793 0.0117932 0.011793 0.0119133 0.0117931 0.011793 17.8776 0.0118615 0.011793 0.0117931 0.011793 16.8401 37.0841 0.0117943 0.011793 0.0117951 0.011793 0.0163145 0.0117932 0.0117934 0.0118364 0.011793 0.011793 0.011793 0.011793 0.0117948 0.011793 0.011793 0.011793 0.011793 0.0123251 0.0117933 0.011793 0.0122536 0.0118189 0.011793 0.0117931 0.011793 0.011793 0.0117931 0.0117931 0.0117999 0.0117932 0.011793 0.0117934 0.011793 0.0117943 0.011793 0.011793 210.29 0.011793 0.011793 0.011793 0.011793 0.011793 0.011793 0.0124026 0.011793 0.0117937 0.011793 0.011793 0.011793 30.8023 0.011793 0.011793 0.011793 0.0118093 0.0117931 0.011793 0.0117931 0.011793 0.0118267 0.011793 0.011793 281.432 0.0117931 0.0117938 14.6837 0.0117966 0.0117944 0.0118054 0.011793 0.0117934 0.011793 0.0613148 0.0126806 0.0117959 0.0125355 0.0122449 0.0117977 0.011793 0.0117943 0.0117975 0.011793 0.0117935 0.011793 1.39309 0.0127608 0.0118364 0.0118806 0.0120019 0.011793 0.0117943 0.011793 0.011793 0.0117931 0.011793 0.0117934 0.011793 0.011793 0.011793 0.011793 0.011793 0.328284 0.0117931 0.0117931 29.001 0.011793 0.0119324 0.0117964 0.011822 231.849 47.2454 0.0118108 0.0121931 15.3434 0.0118052 0.011793 0.011793 0.011793 0.0117963 0.011833 0.0117936 14.0888 0.0119243 0.011793 0.011793 5.0254 0.011793 0.011793 0.011793 0.0118351 0.011793 0.011793 0.011793 0.0117932 0.011793 0.0118037 0.011793 0.011793 27.6073 0.011793 0.011793 0.0117931 0.0118913 0.011793 0.011793 0.0117964 0.011793 0.011793 0.0117933 0.011793 0.011794 0.011793 0.0117948 0.0126089 0.011793 0.0117931 0.0117933 25.4634 0.011795 0.011793 0.011793 0.0118062 0.0118856 0.011793 0.011793 0.011793 0.011793 0.0117939 0.32302 0.011793 0.011793 0.0118801 0.0118043 0.011793 0.0117936 2294.73 0.011793 0.0117931 229.572 0.0118165 0.011793 0.0117939 0.011793 0.011793 0.0117933 0.011793 0.011793 0.0118135 0.011793 0.011793 0.0118005 0.011793 81.5569 0.0120249 0.0117932 8.04627 0.0117933 0.0117969 0.011793 0.011793 0.0117934 0.011793 0.011793 0.0241303 263.963 0.011793 0.0119921 0.0118182 0.0118075 0.0121213 0.011793 0.011793 0.011793 0.011793 17.7121 0.011793 0.011793 0.011793 0.0125164 0.011793 0.0117931 0.0118066 0.011793 0.011793 0.011793 0.011793 0.0117931 0.0132287 0.011793 0.0117932 0.011793 0.011793 0.011793 0.0118553 0.0133914 0.0118029 0.011793 0.0117945 0.0124009 0.011793 0.011793 0.011819 0.011793 0.011793 0.011793 0.0117931 0.011793 0.011878 0.0117936 0.0118012 13.6836 0.011793 0.0117938 0.011793 0.011793 0.011793 0.011793 0.011793 0.0125128 0.011874 0.0117936 0.0118032 0.0117936 0.011793 0.011793 0.0121102 0.0118095 0.011793 0.011793 0.011793 0.0117933 7.54204 0.011793 0.0117931 0.0117936 130.885 0.0117935 0.0119684 41.6171 0.011793 0.011793 0.0118467 0.011793 169.645 0.011793 10.0881 0.011793 0.0117934 0.011793 0.0117939 0.0117931 0.011793 0.0117932 0.0118345 0.011793 0.0117947 0.011793 0.0118024 0.011793 0.0117931 0.0117931 0.0121786 0.0117939 0.0138944 0.011793 0.011793 0.0118939 0.0118912 0.011793 0.011793 0.0117931 0.0117992 0.0134535 92.8504 0.0122354 0.0117935 0.0117936 0.0117949 0.0118131 0.011793 0.011793 0.0118125 0.0119522 0.011793 0.0117937 0.011793 0.011793 0.011793 0.011793 0.0117931 0.0118134 0.0117935 0.011793 0.0119547 0.0117934 0.011793 0.011793 0.0118123 0.011793 0.0117999 0.011793 0.0117975 0.0120183 0.011793 0.0117931 0.011793 0.011793 0.011793 0.011793 0.011793 0.0118148 0.0117931 0.0117946 0.0120579 0.0118133 0.0117982 41.0148 0.0117934 0.011952 0.011793 0.011793 0.0118747 0.0139461 67.8556 0.011793 0.011793 0.0117976 0.011793 0.011793 0.011793 0.011793 0.0117931 0.0117964 30.9065 0.0117932 0.011793 0.0118703 0.0117931 0.0120328 0.011793 0.011793 0.0117931 0.011793 0.011793 377.799 0.0132322 18.9762 0.0118081 0.0118378 390.455 0.0117943 0.0117933 0.011793 0.0117931 0.0117931 0.0117933 151.497 0.0117934 0.011793 0.0117979 0.011793 0.0120958 0.011793 0.011793 0.011793 0.0117976 0.011793 0.0117931 0.0118446 0.011793 7.28357 0.0117937 0.011793 268.733 0.011793 0.0119296 0.0118651 0.0117934 0.0134317 0.0120206 0.239732 0.011793 5.97636 0.011793 0.011793 0.0117941 0.011793 0.011793 0.011793 0.011793 0.011793 0.011793 0.011793 0.011793 114.765 0.011796 0.011793 95.4148 0.011793 0.0118688 0.0118337 0.011793 0.0117931 0.011793 0.011793 0.011793 0.011793 0.0117933 0.0117991 0.011793 0.0164418 0.011793 3133.23 0.0118191 0.011793 0.0117931 10.0957 0.0117987 0.0117932 0.0118051 0.011793 0.011793 0.0118396 0.0117944 0.0117932 0.011793 0.0117936 0.0117942 24.2498 0.011793 0.0117951 0.0117973 0.011793 0.0117948 0.0117989 254.38 0.0117994 0.0118938 0.011793 0.011793 0.011793 0.0117995 0.0117948 433.549 0.0118708 0.0117949 0.011793 0.0117931 0.0118888 0.011793 0.011793 0.0117981 0.011793 42.8425 0.011793 0.0117933 0.011793 0.0118864 0.011793 0.011793 0.0118413 0.011793 0.0120532 14.705 0.0117932 14.4309 0.0118009 0.0117965 0.0124006 227.925 0.0118694 0.011793 0.011793 0.0118121 0.011793 0.0126282 0.011793 0.011793 0.0117932 0.011793 0.0119316 0.0117948 0.0117936 0.011793 0.0120934 0.011793 69.7185 32.4766 0.0117942 0.0117931 0.0117938 0.0117931 0.0117932 0.0118308 0.011793 687.98 0.011793 122.356 0.0117938 0.011793 0.0118073 0.011793 0.0117931 0.011793 0.011793 21.2102 0.0117951 0.011793 0.0117971 0.0117933 0.0117931 0.011793 0.0117932 0.0117932 0.0117948 0.011793 0.0117931 0.011793 0.0117996 0.011793 0.011793 21.5449 0.0117943 29.78 0.0117938 0.011793 0.011793 0.011793 0.011793 0.0117979 0.011793 0.0117947 0.011793 0.0119251 0.0118958 87.2482 0.011793 0.0117931 0.011793 0.0117933 20.4338 0.011793 96.7028 0.0117934 0.0130511 0.0139824 0.0117944 0.0117931 0.0117944 0.011793 0.011793 0.011793 0.0118076 0.0117946 0.0122483 0.0118449 0.011793 0.011793 0.0118843 0.011793 0.011793 0.011793 0.0117934 0.0118032 0.0117933 0.011793 0.011793 0.011793 0.011793 0.011793 0.0117949 0.0117931 0.011793 0.011793 0.011793 0.011793 0.011793 0.0117932 0.011793 0.0117935 47.5265 0.011793 0.0117979 0.011793 0.011793 0.011793 0.011793 0.0117931 0.011793 0.011793 0.0119041 0.011793 0.011793 0.011793 0.0117931 0.011793 0.011793 0.0117933 0.011793 0.0118911 116.444 0.0118882 0.011793 0.011793 0.011799 0.0118141 0.0117994 0.011793 0.0117931 0.0117953 0.011793 8.56557 13.4621 0.0117933 0.0117932 0.0121308 0.0118022 0.011793 0.0117944 18.2167 0.011794 0.011793 0.011793 0.0117987 0.011793 0.012004 92.4892 0.011793 0.011793 0.0117931 0.011793 0.011793 0.011793 0.0118477 0.011793 0.0117964 0.0117972 0.011793 0.0117942 0.0117993 0.011793 0.0118309 0.011793 0.0117941 0.011793 0.0118006 17.8776 0.011793 0.0121348 0.0118026 0.0117932 0.011793 746.739 0.0118547 13.7719 300.389 34.2019 0.0117933 0.011793 0.011793 0.011793 0.0118219 0.011793 0.0117932 0.011793 0.011793 0.011793 0.011793 0.0117931 0.011793 0.011793 0.011793 0.0117931 0.0117931 43.443 0.011793 22.8377 0.011793 0.011795 0.0117931 0.011793 0.0118439 0.011793 0.0117931 0.0118017 0.0119296 0.011793 0.011793 0.011793 0.011793 0.0118005 43.9281 0.0117931 1.66101 127.156 0.011793 0.011793 0.0117932 0.011799 0.0117931 0.011797 0.011793 0.0119749 0.011793 0.011793 0.011793 0.011793 0.0117931 0.011793 0.011793 0.011793 0.0117993 0.011793 0.0117932 0.011952 0.011793 0.011793 0.011793 121.07 0.0127451 0.0117935 0.011793 0.0118063 0.0118011 0.0117934 0.011793 0.011793 0.011793 0.0218882 0.0123265 0.011793 0.011793 0.011793 0.0117933 0.0119204 0.0117932 144.42 0.0117949 0.0118113 0.011793 0.011793 102.55 0.0117959 0.011793 0.0117931 0.0128806 0.011793 0.011793 0.0117932 0.011793 0.011793 418.649 0.011793 0.011793 0.011793 0.011793 0.011793 31.0955 0.0117934 0.011793 0.011793 0.0120405 0.011793 0.0161715 12.2015 53.0922 0.0117931 0.011793 0.011793 0.0121241 0.0118008 0.011793 0.011793 0.0117931 0.011793 0.0286361 0.0117933 0.011793 0.0120471 0.011793 0.0118064 0.0117931 0.011793 0.011801 0.01188 0.011793 0.0117933 68.4911 0.011793 0.011793 123.97 0.011793 0.011793 15.2517 0.0117931 0.0117934 0.011793 0.011793 0.011793 0.0117934 0.721143 0.0117964 0.0118263 0.011793 173.524 0.011793 0.011793 0.0117982 0.0126098 21.2102 0.011793 0.011793 0.0117933 0.011793 0.011793 0.0117931 72.181 0.011793 0.0117934 0.011793 0.011793 0.0117953 0.0117935 0.0119022 0.011793 0.011793 0.011793 0.011793 0.0117935 0.011793 0.0117997 0.011924 0.0117931 0.011793 0.011793 0.0117931 0.011793 0.0118001 0.0117932 0.011793 0.011793 0.011793 0.011793 0.011793 0.0118801 0.0117979 0.011793 0.011793 0.011793 0.0119976 125.983 0.0117934 0.0117931 0.0117948 0.011793 0.0117932 0.0117962 0.0947928 0.011793 0.0316613 0.0117931 0.0117931 0.0117932 0.011793 0.011793 15.835 0.011793 0.0117934 0.0118792 0.011793 0.0117981 0.011793 180.485 129.152 0.011842 0.0118115 0.0118272 0.011793 0.011793 0.0119458 0.011793 0.011793 0.0233756 0.0117931 0.0117931 0.0117934 0.0118248 0.011793 0.0118084 0.011793 0.0117936 0.0117933 0.0128459 646.4 0.011793 0.011793 0.011793 21.0187 0.0119806 0.0118871 137.985 0.0117934 137.205 0.011793 0.0117931 0.0117931 0.011793 0.011793 0.0117932 0.011793 0.0118091 0.011793 0.0121303 0.011793 0.011793 0.011793 45.4473 0.0118 0.0117932 0.011801 0.011793 0.011793 0.011793 0.011793 0.0117934 0.011793 0.011793 0.0117931 0.0117936 0.0117939 0.011793 0.011793 0.0119456 0.011793 0.011793 9.94097 0.0117934 0.0117931 0.0117931 47.9811 0.0118251 0.011793 0.0122261 0.0117934 0.0117931 0.011793 0.0117933 0.011793 0.0118668 0.0119007 0.0119054 0.011834 0.0117937 62.1005 0.011793 0.011793 0.011793 0.0117932 0.011793 6.80694 0.011793 0.011793 0.011793 0.0118319 390.644 0.011793 0.0117952 0.011793 0.121875 0.0118327 0.0117939 0.0117933 0.011793 0.011793 0.011793 0.0122865 0.0118551 0.011793 0.011793 0.011793 0.0118039 0.0117935 0.0117941 0.0117963 0.011793 0.011793 0.011819 0.0117931 0.011793 0.011793 0.0118021 1860.23 0.0118123 0.011793 0.011863 0.011793 14.075 0.0117977 0.0117931 0.0117934 0.011793 0.011793 0.011793 0.011793 0.011793 0.011793 0.0117945 0.0118899 0.0117931 0.011793 0.011793 0.011793 0.0118814 0.0118049 0.0117991 0.011793 0.011793 35.3472 0.011799 0.011793 0.011793 0.011793 0.011793 0.0117944 0.011793 0.011793 0.011793 0.011794 4.77672 0.011793 0.0117945 0.011793 0.0117939 0.0117931 0.011793 0.0117935 0.0121817 0.011793 0.0193263 0.011807 0.011793 0.011793 146.881 0.011793 0.0118037 75.7301 0.0117937 0.011793 94.3791 0.0117937 0.011798 0.011793 0.011793 0.0501435 0.011793 0.011793 0.0117933 18.4929 0.011793 0.0117933 0.0117931 0.0124706 0.0117982 0.0117931 0.011793 0.011793 0.0117931 0.011793 40.8163 0.011793 0.0117931 0.0120624 0.011793 0.0118294 0.011793 0.011793 0.0117932 0.011793 0.011793 0.011793 218.906 0.011793 0.0117934 277.541 0.011793 0.011793 36.0961 0.0125342 0.0117932 0.011793 0.0117931 0.011794 0.011793 0.0132488 0.011793 0.011793 0.0117931 0.099246 5.37098 0.0118758 0.011793 0.011793 13.689 0.0117956 34.7658 0.0117938 0.011813 0.0117963 0.011793 0.0117932 0.011793 0.0118891 0.0117931 0.011793 0.0117931 0.0118208 0.011793 0.011793 0.0119208 0.011799 0.011793 0.0117954 183.131 0.011793 0.011793 0.011793 0.011793 85.5677 0.011793 0.0138189 0.011793 0.0118057 0.011793 52.2768 0.011797 0.011793 0.011796 0.011793 0.011793 0.011793 0.011793 0.011793 0.0117948 0.011793 0.0123902 0.011793 0.011793 0.011793 0.0118111 0.011793 0.011793 0.0118069 0.0117931 237.854 193.685 0.011793 0.0117934 0.011793 0.369836 0.011793 0.0118409 0.011793 0.0117931 6.64019 0.011793 0.0168541 0.0118093 0.01182 0.011793 0.011793 0.0117931 0.011793 14.6157 0.011793 82.2777 35.2309 0.011928 0.0117944 0.011793 0.011793 0.012655 0.0117962 0.011793 0.0118079 75.0742 0.0117931 0.0118033 0.011793 0.0117931 0.0117975 0.011793 0.0117938 0.0118294 0.011793 0.0118017 0.0118161 0.0119081 79.0444 4.08136 101.954 0.011793 0.0118096 0.0117935 0.0117931 0.0117935 0.011793 0.011793 0.011795 0.011793 0.0118704 0.0117989 0.011793 0.011793 0.011793 0.011793 0.0566124 0.011793 0.011793 0.011793 0.011793 0.0119531 0.011793 0.011793 0.0117932 0.0117968 0.0117932 0.011793 0.0122435 0.011793 0.0118646 0.011824 12.2366 0.0119633 0.011793 10.274 36.6599 113.764 0.0117953 0.0118004 0.011793 0.011793 0.127194 0.0117936 0.011811 0.0117938 14.0927 0.0118018 0.011793 0.011793 0.0117932 0.011793 20.9424 0.0117944 0.011793 0.0117965 0.011793 0.0117931 0.0117982 0.0163131 74.8732 0.011793 0.011793 0.011794 0.011793 0.011793 0.0117931 0.0117942 0.0120006 0.011793 0.011793 3.80991 0.0117933 0.0118215 38.3579 0.0117932 454.095 0.011793 0.011793 0.0117949 0.0118285 0.0117954 0.0117931 0.011793 0.011793 0.011793 0.0120964 0.011793 184.965 0.011793 0.011793 0.011793 0.011793 0.011793 0.0117933 0.0117931 0.0117931 0.0117932 0.011793 0.011793 0.011793 0.0117932 0.011793 0.0118145 0.011793 0.011793 0.011865 0.0118241 0.0118447 0.011793 0.011793 0.011793 0.011793 0.011793 0.0117942 0.011793 0.011793 0.0117932 0.011793 0.0117931 0.0118191 0.011794 0.011793 0.011793 0.011793 0.011793 0.0117932 0.011793 0.0118272 0.011793 0.0118472 0.011793 0.0913984 0.0117931 0.0117931 0.011793 0.011793 0.011793 0.0117931 0.011793 0.011793 0.011793 0.011793 0.011793 0.0117931 587.525 0.0117933 0.011793 0.011793 557.129 0.0117932 0.0117931 0.0202891 0.0118148 0.0118067 0.0117931 0.011793 157.924 0.0118849 0.0118269 0.0117931 0.011793 0.0117931 26.385 0.011793 0.0117931 0.011793 0.011793 0.011793 0.0117984 0.0118177 0.0117935 0.0117931 0.011793 0.011793 0.0117935 1348.69 0.0178713 0.0117931 0.011793 0.0118407 0.011793 0.0118303 0.0118047 0.0117934 0.011793 0.011793 0.0118386 0.011793 3.52909 86.0471 0.011793 0.0117931 0.011793 0.0117962 0.0117946 0.0117931 0.011793 0.011793 0.011793 0.011793 0.011793 5.61559 0.0117931 0.011793 0.0117931 0.011793 0.011793 0.011793 0.011793 0.011793 0.0117931 0.011793 0.011793 0.0117931 0.0117933 0.011793 0.0117972 0.0117934 0.034072 0.0117938 0.011829 0.0118024 0.011793 0.0119975 58.5381 0.011793 0.011793 0.011793 0.0117931 0.011793 0.0121619 0.0117933 0.011793 0.0118749 0.0276804 0.011799 0.011793 0.011793 32.7299 0.011793 302.021 0.0119634 0.011793 0.0117931 0.011793 0.011793 0.0118254 0.011793 0.0117931 0.0117932 0.011793 0.011813 0.011793 0.01194 21.545 0.011793 0.011793 0.0118045 0.0118057 0.0118625 0.011793 0.0119356 0.011793 220.263 0.011793 0.011793 201.004 0.011793 0.011793 0.0117941 0.0117943 0.011793 0.011793 0.0118055 0.011793 0.011813 0.011793 0.0117934 0.011793 0.0117933 0.0118268 0.011793 0.011793 0.0117932 0.0117941 0.0117942 0.011795 0.011793 0.0117934 0.0119141 0.011793 0.0117986 0.033765 0.0117931 0.011793 0.0117945 16.3864 0.011793 0.0117931 0.011793 0.0117931 47.1077 0.011793 0.011793 0.0117931 0.011793 0.0117932 0.0118723 0.0124234 0.011793 0.011793 19.3355 0.0227004 0.011793 49.0363 0.011793 0.011793 0.0117933 0.011793 0.011793 0.011793 0.011793 0.0118069 0.0118454 0.011793 0.0117946 6.64013 0.011793 0.0119168 216.221 0.0117931 0.0121943 0.011793 0.0117931 0.011793 0.0117932 0.0118112 0.011793 0.0117933 0.0117948 0.0117931 0.0117933 0.0132808 0.011793 0.0121846 0.011793 0.011793 0.0117932 0.011793 0.0118157 0.011793 0.011793 0.011793 0.011793 0.0122267 0.0162211 0.011793 0.0118172 0.011793 0.011793 37.3755 0.0117931 0.0117931 0.011793 0.0117932 21.2102 0.011793 0.011793 0.011793 0.011793 0.011793 33.1599 0.0118337 0.0117935 0.0133592 0.011793 0.011793 0.011793 0.0117931 155.595 0.110799 0.011793 0.011793 0.011793 0.011793 0.0117932 0.0117982 0.0118018 0.011793 0.0119426 21.506 0.011793 0.011793 0.0126135 0.0117946 0.0117932 0.0117935 0.0117933 20.5363 0.011793 0.0117936 0.011793 0.0117992 0.011793 0.011793 0.0118134 0.0118054 0.011793 0.0117931 0.0118264 0.011793 0.011793 0.011793 0.0117932 0.0117934 0.011793 0.0127231 0.0117978 0.0117931 0.011793 79.7054 0.0118062 93.223 0.0121744 0.0117942 0.011793 0.0119011 0.011793 0.011793 0.011793 0.0117935 0.0117931 0.011793 0.0117931 0.0117931 0.0117931 0.0117932 0.0117932 0.011793 0.012969 0.0118222 0.011793 0.011793 45.7539 0.0117932 0.011793 0.0211195 0.011793 0.011793 0.011793 0.0117932 0.011793 0.011793 0.011793 0.011793 0.0117943 0.011793 0.0118542 19.8924 0.011793 0.0130325 0.011793 0.011793 0.0117957 0.011793 0.0121791 0.0118915 0.0117932 0.011793 0.0118374 0.0117931 47.8757 0.0117931 0.011793 0.011793 0.011793 0.011793 0.011793 100.647 0.011793 0.281101 0.0117976 0.0117931 0.0117931 0.011793 0.011793 51.7454 0.011793 0.011793 0.0117931 0.011793 0.0118053 26.866 0.011793 0.011793 0.011793 28.0429 0.01181 0.0117932 0.011793 89.0424 0.011793 0.011793 0.011793 0.011793 0.011793 72.9541 0.011793 0.0117931 0.011793 0.0117978 0.011793 0.0119474 0.011793 0.011793 0.011793 0.0117931 0.011793 0.0118411 0.011793 0.0117932 0.0118349 0.0117932 0.011793 0.0123967 0.011793 0.0119091 0.0118734 0.011793 12.1517 0.0117931 0.0117933 0.011793 0.011793 0.011793 0.0117931 0.0118026 0.011793 1.54306 0.0133629 0.011793 0.0117955 0.0118031 0.0118433 0.011793 0.011809 0.0117976 0.011793 0.0117934 0.011793 0.0117935 6.64017 0.011793 0.0118418 0.0117931 0.0119405 0.011793 0.011793 0.0118124 0.011793 0.0117932 0.011793 22.7794 0.0117931 0.011804 0.011793 0.011793 0.0117931 0.0117931 0.0117931 0.011793 0.011793 0.0117931 0.0118981 0.011793 13.5251 0.011793 0.011793 0.0118741 98.4565 0.011793 0.011793 0.0119099 0.011793 0.0148518 0.011793 27.3862 0.011793 0.0118239 14.1005 0.0117931 60.5974 0.0117972 0.0187295 0.011793 0.367374 19.7828 0.011793 0.011793 0.011793 0.011793 0.0118956 0.0117946 19.0825 0.0118251 0.011793 0.0117931 0.0119132 333.105 0.011793 0.011793 0.011793 0.0117955 0.011793 0.011793 0.0561546 0.0117932 0.011793 0.011793 0.0118225 0.0118291 83.9102 0.011807 0.011793 0.011793 0.0135675 0.011793 0.0117953 805.638 0.011793 0.011793 17.266 0.0118042 0.011793 0.011793 0.0117933 0.011793 0.0120135 0.0117931 0.011793 38.8332 0.011793 10.0526 0.011793 0.011793 0.011793 0.011793 0.0117933 53.1621 0.011793 0.0117981 0.011793 0.011793 0.0118433 0.011793 49.1972 0.0117958 0.0118025 0.0120304 0.011793 0.011793 0.011793 22.6367 0.011793 0.011793 0.0118495 0.011793 0.011793 0.011793 0.0117934 0.0123456 0.011793 0.011793 0.011793 0.011793 0.0119667 0.011793 0.0117932 0.0117932 0.011793 0.0118532 0.0124681 0.0117931 0.011793 0.0117934 0.011809 0.011793 0.011793 0.011793 0.011793 0.011796 0.0118294 0.011793 0.011793 0.011793 0.0124958 13.9167 0.0117932 0.0117938 0.011793 0.011793 0.011793 28.5821 0.011793 0.0117957 0.011793 0.0117931 0.011793 0.011793 0.0117943 507.24 0.011793 0.011793 0.0117931 0.0117931 0.011793 0.011829 0.011793 0.011828 0.0117934 0.011794 0.011793 0.0117935 0.0118247 0.0121395 0.011793 0.0117931 0.011793 0.011793 0.011793 0.011793 0.0117937 0.049835 0.0494883 0.011793 0.0117946 0.0117931 0.011793 0.0117937 0.0118574 0.011793 25.4634 6.48616 0.011793 0.0118067 0.011793 0.011793 0.011793 0.011793 0.0117931 0.0117932 0.011793 0.011793 0.0117944 0.212827 0.0118695 0.011793 0.0117931 0.0117935 0.0117981 0.0117931 0.011793 0.011793 0.011793 0.011793 0.0122595 0.0117931 0.011793 0.011793 0.0118159 0.0326858 0.011793 0.011793 13.1588 0.0117931 0.0118974 0.0117931 0.011793 0.011793 0.011793 0.011793 0.0118051 0.011793 0.011793 0.0117978 0.0118353 0.011793 0.011793 0.011793 0.0117934 0.011793 0.011793 0.100064 0.011793 0.011793 0.0131291 0.011793 0.011796 0.0117943 0.0199139 0.0122435 0.011793 0.011793 0.0117968 0.011793 0.0118007 0.0117947 0.0117932 0.0117931 0.0118561 0.0117931 0.011793 0.0321676 0.0118063 0.0117955 0.011793 0.0117972 0.011793 0.0117933 0.011793 13.6836 0.0117944 0.011793 353.048 0.0117935 0.0117936 0.0117955 0.0117931 0.0119151 0.011793 0.0117931 0.0118271 0.011793 0.0117943 0.011793 0.0117934 16.9849 0.0117939 0.011793 0.011793 0.011793 0.011793 0.0117953 0.011793 0.011793 0.0117933 0.0118057 0.0136752 0.011793 0.011793 0.011793 0.011793 0.011793 0.011793 238.041 4.08135 0.011793 0.0118139 0.011793 0.011793 0.0121143 0.011793 0.011793 0.011793 0.011793 0.011793 0.0117931 0.011793 0.011793 0.011793 0.011793 0.011793 0.0117936 0.011793 0.011793 0.011793 1231.8 0.0118307 0.011829 0.0117931 890.074 0.011793 0.0117949 0.011793 7.98635 0.011796 0.011793 0.0118814 0.011793 0.0119643 0.168031 0.011793 0.011793 0.011793 0.0117954 0.011793 0.011793 0.011793 0.0117931 2.317 0.011793 0.011793 0.011793 0.011812 0.011793 0.011793 0.0117983 0.011793 0.0117931 0.0117931 0.0117934 0.011793 0.0122672 0.011793 0.011793 0.0117932 0.011793 0.011793
1 2 4 1,1 2 4,7975.39,0.000563722 0.000563723 0.000567095 0.000563725 0.000563723 0.000563724 0.000564757 0.000563723 0.000563722 0.000563723 0.000563722 0.000563722 0.000563728 0.00056411 0.000563723 0.000563723 0.000563722 0.000563725 0.000563723 0.000563729 0.000563731 0.000563723 0.000564217 0.000563722 0.000563724 0.000563723 0.000564021 0.000564261 0.000563722 0.000563723 0.000563724 0.000563724 0.000563724 0.000563722 0.000568758 0.000563723 0.000563723 0.000563915 0.000563722 0.000563722 0.000563723 0.000565963 0.000563739 0.000563734 0.000563837 0.000568444 0.000563836 0.000564293 0.000563723 0.000563723 0.000563723 0.000563724 0.000563724 0.000563725 0.000563724 0.000563724 0.000563722 0.000563723 0.000563866 0.000563768 0.000563722 0.000563814 0.000563722 0.000563725 0.000563725 0.000563723 0.000563722 0.000563723 0.000564017 0.000587411 0.000563727 0.000563723 0.000584127 0.000563735 71.6214 0.000563725 0.000563722 0.000563723 0.000563722 0.000563726 0.000564366 0.000563723 0.000563724 0.000563722 0.000564681 0.000563722 0.000563722 0.000563722 0.000563782 0.000563724 0.000563722 0.000563723 0.000563723 0.000563722 0.000563869 0.000563723 0.000563723 0.000639873 0.000563842 0.000563724 0.000563722 0.000563732 0.000563723 0.00056438 0.000563726 0.000563723 0.000563725 0.000563723 0.000563723 0.000563726 0.000563726 0.000564631 0.000563732 0.000563723 0.000563723 0.000563723 0.000563723 0.000563723 0.000775682 0.000563725 0.000563724 0.000563723 0.000563724 0.000563722 0.000563723 0.000563723 0.000563723 88.692 0.000563726 82.9474 0.000563724 0.000563724 0.000563722 0.00056375 0.000563935 0.000563722 0.000572746 0.000563724 0.000563723 0.000563722 0.000563723 0.000566066 0.000563723 0.000563722 0.000563724 0.000563723 0.000563725 0.000563723 0.000563749 0.000563731 0.000565322 0.000563723 0.000564109 0.000650592 42.7982 0.000563722 0.000563722 0.000563723 0.000563723 0.000563723 0.000563818 0.000563722 0.000563749 0.000563723 0.000563724 0.000563722 0.000563723 0.000579942 0.000563724 0.000563812 0.000576506 0.000563723 0.000563757 0.000563724 0.000563723 0.000589358 0.000563722 0.000563792 0.000563724 0.000563726 0.000563722 0.000564146 0.000563789 0.000564447 0.00056578 0.000563746 21.6722 0.000563782 0.000563899 0.000563723 0.000567344 0.000563723 0.000563725 0.000563723 0.000563722 0.000563957 0.000563723 47.9572 0.000563722 0.000563723 0.00056387 0.000563722 0.000563723 0.000563729 0.000563724 0.000577683 0.000563858 0.000563723 0.000563723 0.000563723 0.000563722 0.000563724 0.000563722 0.000564572 0.000563723 0.000563722 0.000563723 0.000585988 0.000563722 0.000563723 0.000564602 0.000563722 0.000563723 0.000563723 0.00056479 0.000563726 0.000563723 0.000563747 0.000563723 0.000563722 0.000563722 70.4252 0.000563723 0.000563722 0.000563723 0.000563723 0.00056378 0.000563723 0.000563724 0.000563734 0.000563722 0.000563946 0.000563723 0.000564349 0.000563738 0.000563728 0.000563739 0.000563738 0.000563722 0.000563722 0.000563821 0.000565891 0.000563724 0.000563722 0.000563723 0.000785718 0.000563778 0.000563725 0.000563723 0.000563723 0.000563731 0.000563723 0.000563722 0.000563918 0.000563725 0.000563723 0.000563725 0.000563781 0.000564964 0.000563973 0.000563726 0.000563724 0.000563724 0.000563723 0.000563722 0.000563724 0.000563723 0.000563722 0.000563722 0.000563722 0.000563724 0.000564594 0.000563723 0.000563724 0.000563722 0.000563723 0.000564138 0.000563746 0.000563726 0.000563723 0.000563724 0.000564097 0.000563723 0.000564322 0.000563838 0.000563725 0.000563723 0.000563722 0.000564302 0.000563725 0.000674888 0.000563722 0.000563724 0.000563725 0.000563723 0.00057565 0.000566705 0.000565983 0.000563723 0.000572315 0.000563725 0.000563723 0.000563722 0.000563726 0.00103968 0.00056401 0.000563726 0.000563722 0.000563722 0.000563727 0.000563723 0.000563722 0.000563753 0.000563722 0.000564475 0.00056398 0.000563723 0.000563723 0.000563723 0.000579816 0.000563722 31.9761 0.000563722 0.000563772 0.000563722 0.000563723 0.000609498 0.000563722 0.000563753 0.000563723 27.0007 0.000563722 0.000563722 0.000563824 0.000563725 0.000563723 0.000563723 0.000563723 0.000563723 0.000563722 0.000563723 0.000563722 0.000563722 0.000563724 0.000563724 0.000563729 0.000563783 0.000563724 0.000563738 0.000563725 0.000577711 0.000563724 0.000585278 0.000563723 0.000563724 0.000563722 0.000563723 0.000563723 0.000563723 0.000563722 0.000563725 0.000573564 0.000563723 0.000563723 43.4043 0.000563722 0.000563723 0.000563723 0.000563724 0.000563724 0.000563723 0.000637222 0.000563724 0.000563726 0.000563724 0.000563747 0.00143846 0.000563722 0.00056871 0.000564281 0.000563722 0.000563722 0.000563728 0.000565974 0.000563723 0.000563748 0.000563783 0.000563727 0.000563723 0.000563725 0.000564074 0.000563723 0.000563898 0.000563722 0.000563722 0.000563724 0.000563722 0.000563722 0.000563799 0.000563722 0.000564148 0.000563722 0.000563722 0.000563724 0.000563723 0.000563723 0.000563724 0.000563723 0.000563723 0.000563724 0.000563746 0.000563722 0.000563752 0.000563809 0.000563736 0.000563722 0.000563723 0.000563733 0.000563723 0.000563722 0.000563724 0.000563722 0.000563722 0.000563722 0.000563723 0.00064968 0.0005655 0.000563757 0.000563723 0.000563723 0.000564337 0.000563729 0.000563725 0.000563722 0.000563723 0.000563724 0.000563723 0.000563755 0.000563724 0.000563722 0.000717069 0.000563758 0.000563723 0.000563723 0.000563728 0.000563724 0.000563724 0.000563726 0.000563722 0.000563762 0.000564166 0.000563723 0.000563733 0.000563723 0.000563722 0.000564064 0.000563723 0.000563722 0.000563848 0.000563723 0.000563724 0.000563735 0.000563724 0.000564222 0.000563722 0.000563722 0.000563733 0.000563727 0.000563723 0.000563722 0.000564025 0.000563723 0.000563731 0.000563723 0.000563722 0.000563797 0.000563722 0.000563723 0.000563723 0.000563722 0.000564414 0.000841473 0.000563722 0.000563727 0.000563722 0.000563722 0.000563724 0.000563723 0.000563722 0.000563722 0.000564071 0.000563723 0.000563795 0.000563723 0.000563743 0.00159593 0.000852623 0.000563749 0.000563723 0.000563723 0.000563722 0.000563723 0.000564113 0.000563722 0.000563723 0.000563723 0.000563826 0.000563724 0.000563752 0.000564064 0.000563722 0.000563723 0.000563723 0.000563723 0.000563723 0.000563725 0.000563723 0.000584541 0.000563723 0.000563723 0.000564074 0.000563723 0.000563724 0.000563722 0.000563723 0.00078968 0.000563722 0.000563723 0.000563722 0.000563723 0.000563722 0.000563722 0.000563723 0.000563723 0.000563942 0.000563723 0.000563722 0.000563723 0.000563722 0.000563722 0.000563882 0.000564902 0.000563723 0.000563722 0.000563722 0.000564191 0.000618863 0.000563723 0.000563942 0.000563723 0.000631727 0.000563723 0.000563722 0.000563722 0.000563845 0.00325903 0.000563723 0.000563722 9.93037 0.000563723 0.000563722 0.000563722 0.000563723 0.000563723 0.000563722 0.000567232 0.000563722 0.00064377 0.000563742 0.000563722 0.000564006 0.000563724 0.000563724 0.000563725 0.000564396 0.00589101 0.000563724 0.000573608 0.000564794 0.000568803 0.000563726 0.000563722 0.000563723 0.000599816 0.000571944 0.000563722 0.000563723 0.000563724 0.000563722 0.000563723 0.000563723 0.000601097 0.000564008 0.000563722 0.000563722 0.000563723 0.000563723 0.000563722 0.000563723 0.000563723 0.000563742 0.000563722 0.000563737 0.000564087 0.000563723 0.000624125 0.000563722 0.000563723 0.000563723 0.000563723 0.000563724 0.000563724 0.000563722 0.000563723 0.000563724 0.000563722 0.000563723 0.000563723 0.000563724 0.000563737 0.000563723 0.000568523 0.000563722 0.00056784 0.000563723 0.000563723 0.000563723 0.000563746 0.000563724 0.000563722 0.000563753 0.000564054 0.000563726 0.000563724 0.000563773 0.000563929 0.000563724 0.000563727 0.000563722 0.000563723 0.000563723 0.000563808 0.000563723 0.000563901 0.000563722 0.000563722 0.000563722 0.000563724 0.000563722 0.000563722 0.000563723 0.000563722 0.000563724 0.000563722 0.000563723 0.000563722 0.000564033 0.000563722 0.000563724 0.000565108 0.000563722 0.000563722 0.000564095 0.000567096 0.00056377 0.000563726 0.000563956 0.000563731 0.000563724 0.000563722 0.000563723 0.000576494 0.000563723 0.000565094 0.000563724 0.000563722 0.000563723 0.000565802 0.000563722 0.000563796 0.000563769 0.000563722 0.000563723 0.000563723 0.000563854 0.000563723 0.000563733 0.00056385 0.000563723 0.000563938 0.000563722 0.000566483 0.000563722 0.000563724 0.000563786 0.000563775 0.000565799 0.000563722 0.000563722 0.000563759 0.000563723 0.000563722 0.000563722 0.000563726 0.000563722 0.000563742 0.000567517 0.000563723 0.000563722 0.000563722 0.000563722 0.000563942 0.000563723 0.000563723 0.000564957 0.000564003 0.000563724 0.000563722 0.000563725 0.000563754 0.000563723 0.000563723 0.000563723 0.000563723 0.000563723 0.000563724 0.000563817 0.000563724 0.000603773 0.000563723 0.000563723 0.000564121 0.000563723 0.000563728 0.000563723 0.000564016 0.000563723 0.000563723 0.000563724 0.000563725 0.000564337 0.000563725 0.000563764 0.000563723 0.000563722 0.000563722 0.000563724 0.000563723 0.000563725 0.000563725 0.00147158 0.000563722 0.000563725 0.000563722 0.000563747 0.000563723 0.000563724 0.000564438 0.000563722 0.000563749 0.000563725 0.000563723 0.000563722 0.000563722 0.000582186 0.000563722 0.000564608 0.000563722 0.000564514 0.000564053 0.000563722 0.000563723 0.000563809 0.000563724 0.000563892 0.000563723 0.000563723 0.000563724 0.000563722 0.000563725 0.000563724 0.000563722 0.000563728 0.000563723 0.000563724 0.00056373 0.000563724 0.000564883 0.000563724 0.000563722 0.000563722 0.000564105 0.000563723 0.000563847 0.000563722 0.000563723 0.000563722 0.000563726 0.000563722 0.000563723 0.00056373 0.000564511 0.000563738 0.000563724 0.000563723 0.000563724 0.00056373 0.000563722 0.000563723 0.000563723 0.000563836 0.000563723 0.000563724 0.000563723 0.000563722 0.000563821 0.000563722 0.000563725 0.000563724 0.000563723 0.000563737 0.000564123 0.000563723 0.000772052 0.000563724 0.000563723 0.000564298 0.000563724 0.000563723 0.000617085 0.000563723 0.000564776 0.000563724 0.000565214 0.000635977 0.000563754 0.000563723 0.000568879 0.000563724 0.000563737 0.000563723 0.000563726 0.000563723 0.000563724 0.000563723 0.000563722 0.000564118 31.4958 0.000563724 121.933 0.000563722 0.000564559 0.000563723 0.000563752 0.000563801 0.000563723 0.000563856 0.000563867 0.000566358 0.000563782 0.000563723 0.000563848 0.000563722 0.000563722 0.000563725 0.000563732 0.000563725 0.000564132 0.000564328 0.000563723 0.000563723 0.000563723 0.000563722 0.000563724 0.000563725 0.000568487 0.000563729 0.000563723 7.88799 0.000563724 0.000563723 0.000563981 0.000563724 0.000563738 0.000563725 0.000564584 0.000566638 0.000563827 0.000563724 0.000563723 0.000563861 0.000563724 0.000563722 0.000563724 0.000563723 0.000563723 0.00056417 0.000563723 0.000563726 0.000563723 0.000563809 0.000563724 0.000581632 0.000563724 0.000563724 0.000563722 0.000563723 0.000564798 0.000563724 0.000564076 0.000565932 0.000563722 0.000563723 0.000563725 0.000878057 0.000563727 0.000566686 0.000563723 0.000563722 0.000563722 0.000563723 11.6873 0.000563723 0.000689746 0.000563723 0.000567095 0.000563722 0.000563767 0.000563731 0.000563722 0.000609373 0.000564029 0.000563722 0.000563724 0.000563898 0.000563723 0.000563725 0.000563723 0.000563723 0.000563723 0.000563724 0.000563723 0.000563722 0.000563723 0.000563743 0.000563723 0.000563941 0.00056459 0.000563723 0.000563852 0.000563723 74.371 0.000563758 0.000563722 0.000563736 0.000563722 0.000564596 0.000563723 0.000564201 0.000563725 0.000563722 0.000563722 0.000577204 0.000563723 0.000563722 0.000563728 0.000563741 0.000563723 0.000563723 0.000563726 56.2063 0.000563722 0.000916054 0.000563723 0.000563725 0.000563724 0.000563723 0.000563723 0.000563724 0.000563722 0.00056415 0.000563724 0.000563723 0.000564614 0.000563723 0.000563722 0.000563723 0.000563722 0.000563723 0.000563722 0.000563723 0.000563722 0.000564032 0.000563723 0.000563985 0.000563723 0.000563957 0.000570123 0.000563723 0.000563998 0.000563732 0.000563725 0.000563723 0.000563723 0.000563723 0.000563722 0.000563722 0.000563723 0.000563749 0.000563757 0.000563731 0.000564008 0.000563835 0.000563723 0.000563724 0.000563723 0.000569095 0.000563723 0.000563723 0.000564915 0.000563724 0.000563722 0.000563862 0.000563723 0.000563724 0.000563723 0.000563722 0.000563722 0.000563723 0.000563724 0.000563723 0.000563724 0.000563722 27.5342 0.00056453 0.000563723 0.000563723 0.000563733 0.00056379 0.000563723 0.000563722 0.000563724 0.000563723 0.000563997 0.000563722 0.000563722 0.000564359 0.000563723 0.000563723 0.000563724 0.000563722 0.000563724 0.000563724 0.000563724 0.000564001 0.000602289 0.000563723 0.000563723 0.000564023 0.00056526 0.000563722 0.000563724 0.000563722 0.000563722 0.000563722 0.000563872 0.000563722 0.000563767 0.000563753 0.000563723 0.000563723 0.000564043 0.000567403 0.000563725 0.000563959 0.000564963 0.000563723 0.000563722 0.000563723 0.000563724 0.000563723 0.000563723 0.000563724 0.000563722 0.000564662 0.000563831 0.000563722 0.000563722 0.000563723 0.000563723 0.000564411 27.5412 0.000563727 0.000563722 0.000563781 0.000563722 0.000563723 0.000564004 0.000657591 0.000563779 0.000563722 0.000563775 0.000563722 0.000563724 0.000563724 0.000563738 0.000563724 0.000563723 0.000563725 0.000571926 0.000563725 0.000563723 0.000563722 0.000563722 0.000585875 0.000563723 0.000563723 0.000563722 0.000563722 0.000563833 0.000563722 0.000563962 0.000574066 0.000563723 0.000563734 0.000563722 0.000565188 0.000563722 0.000563796 0.000563722 0.000568662 0.00199203 0.000563723 0.000563729 0.000563723 0.000563729 0.000563722 0.000905315 0.000563722 0.000563726 0.000563945 0.000563755 0.000563726 0.000563723 0.000563722 0.000563722 0.000563884 0.000569393 0.000563725 0.000563722 0.000563723 0.000563732 0.000563722 0.000563723 0.000563722 0.000563723 0.000563723 0.000563723 0.000563873 0.000568594 0.000563723 0.000563733 0.000563723 0.000563724 0.000563722 0.000563729 0.000563723 0.000563723 0.000563767 0.00165726 0.000563722 0.000563726 0.000563723 0.000563722 0.000563724 0.000563723 0.000563726 0.000564 0.000563722 0.000563723 0.000582526 0.000563942 0.000564419 0.000563726 0.000563723 0.000563722 0.000563753 0.00056385 0.000563722 0.000563723 0.000563722 0.000563884 0.000563723 0.000563722 0.000579624 0.000563724 0.000563722 0.000564038 0.000575417 0.000563989 0.000563723 0.000565265 0.000563722 0.000569462 0.000563865 0.000563726 0.000563723 0.000563724 0.000563723 0.000563724 0.000563723 0.000563938 0.000563723 0.000563723 0.000563723 0.000563724 0.000563983 0.000563723 0.000563918 0.000563723 0.000563722 0.000564019 0.000563723 0.000566791 0.000563727 0.000563982 0.000563723 0.000564186 0.000563722 0.000564345 0.000563723 0.000563723 0.000563723 0.000563723 0.000563727 0.000563723 0.000563727 0.000563723 0.000566034 0.000563723 0.000563746 0.000563745 0.000563804 0.00057495 0.000563723 0.000563722 0.000563775 0.000564332 0.000564031 0.000563722 0.000564537 0.000563723 0.000563723 0.000563724 0.000563722 0.000605384 0.000563951 0.000563723 0.000563722 0.000563722 0.000563723 0.000564719 0.000563723 0.000563727 0.000565129 0.000609863 0.000563832 0.000563723 0.000563958 0.000563723 42.0697 0.000563722 0.000563725 0.000563723 0.000563985 0.000563723 0.000563723 0.000569302 0.000563723 0.000564176 0.000563722 0.000566013 0.000563723 0.000564357 0.000563905 0.000563726 0.000563723 0.000563722 0.000563907 0.000563865 0.000564301 0.000563722 0.000563722 0.000563723 0.000563724 0.000563725 0.000563723 0.000563723 0.000564013 0.000563723 0.000563722 0.000563723 0.000563806 0.000594472 0.000563724 0.000563726 0.000606941 0.000564097 0.000563723 0.000563723 0.000563723 0.000563723 0.000563723 0.000563723 0.000563722 0.000563722 0.00056382 0.000563724 0.000563723 0.000563722 0.000563723 0.000563792 0.000563722 0.000564095 0.000563723 0.000563722 0.000579786 0.000570289 0.000563952 0.000563723 0.000563722 0.000563801 0.000563722 0.000563726 0.000563723 0.000563723 0.000563722 0.000563723 0.000563773 0.000563722 0.000563722 0.000563723 0.000563723 0.000564034 0.000563724 0.000563722 0.000563743 0.000563723 0.000563728 0.000563723 0.000563723 0.00056373 0.000573658 0.000563722 0.000585701 0.000567491 0.000563724 0.000563723 22.2323 0.000563723 0.000563722 0.000563723 0.000564334 0.00057467 0.0164391 0.000564083 0.000563722 0.000563832 0.000563723 0.000563725 0.000563722 0.000563722 16.1201 0.000563983 0.000564074 0.000563891 0.000563722 0.000563723 0.000563723 0.000563722 0.000563723 15.1735 0.000564028 0.000563723 0.000563723 0.000563724 0.000563722 0.000563796 0.000563724 0.000563722 0.00056373 0.000563722 0.000563736 0.000563724 0.000563724 0.000614588 0.000563723 0.000564045 0.000624495 0.000563722 0.000563723 0.000563724 0.00058135 0.000563723 0.000563725 0.000563723 0.000563826 0.000563723 0.000563723 0.000563723 0.000563723 0.000563724 0.000563723 0.000563792 0.000563793 0.000563725 0.000563722 0.000563722 0.000563724 0.000564127 0.000563865 0.000563723 0.000563723 0.000563722 0.000563722 0.000563724 0.000563723 0.000563726 0.000564408 0.000563723 0.000563724 0.000563722 0.000563723 0.000564901 0.000563804 0.000563724 0.000563948 0.000563723 0.000563723 0.000563723 0.000563728 0.000563731 0.000563724 0.000563723 0.000563726 0.000570631 0.000563722 0.000563722 0.000563722 0.000563723 0.000563723 0.000563722 55.262 0.000573492 0.000564027 0.000599391 0.000564021 0.000563748 0.000563723 0.000563722 0.00056373 0.000563722 0.000563723 0.000563723 0.000563723 0.000563722 0.000563722 0.000563874 0.000564087 0.000563809 0.000563723 0.000563723 0.000563722 0.000563724 0.000659377 0.000563722 0.000563726 0.000563724 0.000563796 0.000563722 0.000563722 0.000563723 0.000563722 0.000563722 0.000564243 0.000563722 0.000627967 0.000563723 0.000563724 0.000565505 0.000584348 0.000564412 0.000563722 0.000563724 0.000563881 0.000563723 0.000563722 0.000563723 0.000563722 0.000628151 0.000563957 0.000563819 0.000564986 0.000563726 0.000563723 0.000563722 0.000563723 0.000566211 0.000563723 0.000569331 0.000563723 0.000563727 0.000563723 0.000563724 0.000563722 0.000563723 0.000563738 0.000565368 0.000563723 0.000563723 0.000563724 0.000633325 0.000563726 0.00056392 0.000563763 0.000563722 0.000563722 0.000564323 0.000563723 0.000563754 0.000564137 0.000563723 0.000563723 0.000564204 0.000563722 0.000563722 0.000563723 0.000563722 0.000564245 0.000563842 0.000563807 0.000563723 0.000563722 0.000563817 0.000563724 0.000563725 0.000563722 52.5521 0.000563723 0.000563722 0.000563722 0.000563723 0.000563726 0.000567526 0.000563724 0.000563722 0.000563724 0.000563735 0.000630613 0.000563753 0.000563801 0.000563731 0.000563958 0.000563724 0.000563725 0.000563723 0.000563724 0.000563723 0.000564427 0.000563722 0.000563743 0.000563723 0.000599823 0.000563722 7.61366 0.000563724 0.000563723 0.000752067 0.000563754 0.000563725 0.000590172 73.7 0.000563723 0.000563722 0.000563723 0.000563723 0.000563728 0.000563782 0.000563723 0.000563723 0.000563723 0.000563748 0.000563723 0.000563724 0.0113259 0.000779312 0.000563724 0.000563749 0.000563802 0.000563724 0.000563724 0.000563722 0.000563723 0.000563971 0.000564671 0.000565201 0.000563725 0.000563909 0.000563722 0.000563725 0.000563724 0.000563724 0.000563724 0.000563723 0.000563722 0.000563723 0.000563818 0.000563722 0.000563722 0.000563723 0.000563723 0.000563723 0.000563723 0.000563722 0.000563723 0.000563722 0.000563724 0.000563766 0.000563724 0.000563723 0.000563723 0.000563722 0.000563725 0.000563735 0.000563723 0.000563723 0.000563725 0.000563722 0.000563726 0.000563722 0.00056398 0.000563723 0.00056408 0.000563722 0.000563722 0.000563792 0.000563723 0.000563723 0.000569811 0.000563722 0.000563722 0.000563722 0.000563723 0.000563848 0.000563724 0.00064352 0.000563729 0.000566435 0.000563961 0.000563722 0.000563816 0.000564314 0.000563752 0.000563723 0.000563722 0.000563722 0.000563728 0.000563724 0.000564369 0.000563722 0.000563722 0.000563723 0.000793936 0.000563723 0.0450775 0.000563722 0.000574983 0.000564478 0.00056374 0.000563723 0.00056374 0.000563749 0.000563758 0.000563724 0.000563776 0.000563753 0.000563722 0.000564567 0.000563936 0.000563724 0.000563722 0.000564772 0.000563724 0.000564015 0.000563723 0.000563722 0.000563727 76.1639 0.000563723 0.000567054 0.000566064 0.000563723 0.000563726 0.000563923 0.000563722 17.5879 0.000563722 0.000563723 0.000563723 0.000563755 0.000563723 0.000563723 0.000563742 0.000563746 0.000563723 0.000563724 0.000563722 0.000563724 0.000563897 0.000563722 0.0157882 88.4843 0.000563724 0.0005638 0.000563753 0.000563722 0.000785998 0.000563722 0.000563722 0.000563723 0.000563726 0.000563722 469.66 0.000563724 0.000563726 0.000563722 0.000564469 0.000563723 0.000563851 0.000563722 0.000563723 0.000563722 0.000563722 0.000563723 0.000563725 0.000563722 0.000563722 0.000563724 0.000563722 0.000563722 0.000564418 0.000563722 0.000563737 0.000564172 0.000563722 0.000563724 0.000563722 0.000563738 0.000632365 0.000563723 0.000563723 0.000563724 0.000563724 3.46936 0.000567695 0.000564242 0.000595191 0.000563723 0.000563723 0.000563723 0.00056373 0.000563723 0.000563723 0.000563834 0.000563725 0.000563723 0.000563722 0.000567909 0.000563724 0.000565276 0.000564373 0.000563739 0.000563722 0.0005666 0.000563722 0.000563724 0.000563722 0.000564822 0.000563726 0.000563722 0.000564144 0.00056401 0.000569456 0.000563728 0.000563722 0.000563723 0.000609446 0.000565876 0.000563722 0.000563727 0.000563727 0.000563726 0.000563763 0.000563722 0.000563722 0.000563724 0.000563723 0.000563723 0.000563723 0.000581545 0.000563722 0.000563723 0.000564814 0.000563799 0.000563723 0.000563723 0.000563962 0.000563722 0.000563723 0.00057308 0.000563723 0.0164247 0.000563723 0.000563723 40.3312 0.000563723 0.000563724 0.000594528 0.000563723 0.000563723 0.000563722 0.000563725 0.000563743 0.000563724 0.000564824 0.000563724 0.000563805 0.000563724 0.000564414 0.000563723 0.000563722 0.000563723 0.000563725 0.000563722 0.000563722 0.000563723 0.000563722 0.000563722 0.000563723 0.000563725 0.000563722 0.000563735 64.7082 0.000563723 0.000564691 0.000563723 0.000569897 0.000563723 0.000563724 0.000563727 0.000563869 0.000563722 0.000563722 0.000563723 0.000563725 0.000563722 0.000568755 0.000563723 0.000563722 0.000564885 0.000563723 0.000563798 0.000563723 0.000563723 0.000563724 15.1679 0.000563898 0.000564059 0.000563722 0.000563724 0.000563723 0.000563722 0.000563722 0.000563722 0.000563924 0.000563722 0.000563722 0.000563724 0.000563724 0.000563723 0.000563723 0.000563722 15.0693 0.000563724 0.000563723 0.000563722 0.000563723 0.000563722 0.000563724 0.000563759 0.000563723 0.000563811 0.000563722 0.000565492 0.000563723 0.000563723 0.000567032 0.000563722 0.000565932 0.000563743 0.000563725 0.000591698 0.000563727 0.000621839 0.000563739 0.000563928 0.000563723 0.000566216 0.00056375 0.000563722 0.000563723 0.000569736 0.000563722 0.000563723 0.000563741 0.000563724 0.000563723 0.000563723 0.000563722 0.000563722 0.000563723 0.000563723 0.000563948 0.000564223 0.000563724 0.000563722 0.000563723 0.000620827 0.000563722 0.000563723 0.000563723 0.000563724 0.000823534 0.000563724 0.000563722 0.000563733 0.000564355 0.000563723 0.000563722 0.000563756 25.2541 0.000563723 0.000563723 0.000569388 0.000563723 0.000563723 0.000563853 0.000563724 0.000563723 0.000563722 0.000563724 0.000563737 0.000563722 0.000563723 7.30027 0.000563724 0.000563722 0.000563722 0.00056414 0.000563724 0.000570093 0.000563723 0.000563743 0.000563726 0.000568055 0.000564001 0.000563723 0.000563723 0.000563733 0.000563724 0.000563724 0.000563723 0.000563722 0.000564223 0.000563724 0.000563722 0.000563725 0.000563741 0.000563723 0.000563723 0.000563722 55.4673 0.000563727 0.000563722 0.000563723 0.000563723 0.000564026 0.000563725 8.39156 0.000563722 0.000563722 32.5259 0.000564961 0.000563723 0.000563722 0.00056373 0.000563723 0.000563722 0.000563724 0.000563888 0.000564667 0.000563724 0.000563722 0.000563723 0.000563722 0.000563722 0.000563866 0.000563722 0.000563724 0.000563723 0.000566831 0.000563722 0.000563733 0.000563723 0.000563864 0.000564117 0.000563779 0.000563833 0.000563723 0.000563723 0.000563723 0.000563723 0.000564345 28.3379 0.000563723 0.000563722 0.00056464 0.000563724 0.000686165 0.000563722 0.000563722 0.00082343 0.000563723 0.000563724 0.000563724 0.000563723 0.000563724 0.000563723 0.000563723 0.000563722 0.000563724 0.000563723 0.000563722 0.000564817 0.000574948 0.000565978 0.000563723 0.000563724 0.00056602 0.000563722 0.000599438 0.000563724 0.000563722 0.000563722 0.000563723 0.000563722 0.000563888 0.000577887 0.000563722 0.000563722 0.000563942 0.000563723 0.000563723 0.000565552 0.000563829 0.000563723 0.000563726 0.000563723 0.000602214 0.000563725 0.000563722 0.000563722 0.000563722 0.000563723 0.000563832 0.000563723 0.000563722 0.000563724 31.4546 0.000563738 13.8683 0.000563723 0.000565068 0.000563723 0.000563723 0.000563921 0.000563797 0.000563722 0.000566842 0.000563722 0.000564236 0.000563724 0.000563727 0.000563723 0.000563779 0.000563839 0.000564732 0.000563722 0.000563723 0.000563957 0.00056383 0.000563725 0.0006621 0.000563723 0.000563722 0.000563723 0.000563726 0.000565817 0.000563723 0.000563724 0.000563731 0.000563723 0.000563809 0.000563722 0.000563807 0.000563727 0.000563723 0.000563723 0.000565265 0.000563722 0.000563723 0.000568737 0.000563723 0.000563722 0.000563724 0.000563959 0.000594352 0.000563739 0.000565438 0.000563723 0.000563764 0.000563722 0.000563723 0.000563724 0.000667007 0.000563723 0.000563723 0.000563723 39.3933 0.000563722 0.000563722 0.000563722 0.000563724 0.000563722 7.26272 0.000563725 62.8974 0.000563723 0.000563724 0.000563723 0.000563722 0.000563724 0.000563722 0.000563724 0.000563723 0.000563722 0.000564151 0.000563725 0.000563932 0.000563722 0.000563971 12.1556 0.000563724 0.000563836 0.000569119 0.00056433 0.000563722 0.000563726 0.000563723 0.000563723 0.000563723 0.000563723 0.000563722 0.000563723 0.000563726 0.000563724 0.000563732 0.000563722 0.000563722 0.000563722 0.000563898 0.000563944 0.000563722 0.000563722 0.000563725 0.000563722 0.000563726 0.000563723 0.000563723 0.000564681 0.000563722 0.000563723 0.000563722 0.000565126 0.000581992 0.000564672 0.000563722 0.000563722 0.000563723 0.000563729 0.000563725 0.000563722 0.000563723 0.000564441 0.000563722 0.000563723 0.000563946 0.000563722 0.000563724 0.000563722 0.000563722 0.00056388 0.000563722 0.000563722 0.000563726 0.000563722 0.000563722 0.000563723 0.000563723 0.000563722 0.000564672 0.000563723 0.000563893 0.000563724 0.000563743 0.000563724 0.000563817 0.000563722 0.000563724 0.000563862 0.000563723 0.000563723 0.000563725 0.000563733 0.000563727 0.000563722 0.000563723 0.000563723 0.000563723 0.000563723 0.000563813 0.000563722 0.00056373 0.000563726 0.000563722 0.00106331 0.000563723 0.000563724 0.000563725 0.000563722 0.000563723 0.000563725 0.000563723 0.000563723 0.000563723 0.000563723 0.000563724 0.000563722 0.000563722 0.000563724 0.000563722 0.000563723 0.000563723 0.000563723 0.000563723 0.000563724 0.000563722 0.000563726 0.000563722 0.000564287 0.000563757 0.000563724 0.000563722 0.000589458 0.000563722 0.000563724 0.000565646 0.000563723 0.000563748 0.000563728 0.000563836 0.000563723 0.000563971 0.000563789 0.000563723 0.00056478 0.000563724 0.000563722 0.000563722 0.000564657 0.000563723 0.000589756 0.000563723 0.000563723 0.000563763 0.00056373 0.000563725 0.000563722 0.000565517 0.000563725 0.000563723 0.000563722 0.000564046 0.000563722 0.000563726 0.000563722 0.000564379 0.000563722 0.000567938 0.000563722 0.000563725 0.000563722 0.000563722 0.000563722 0.000563723 0.00056413 0.000563724 0.000563722 0.000563723 0.00104284 0.000563723 0.000563722 0.000563724 0.000563724 0.000564273 0.000563724 0.000563722 0.000563723 0.000563722 0.000707837 0.000563725 0.000563722 0.000855369 0.000563761 0.000563722 0.000563722 50.7741 0.000563722 0.000564062 0.000563722 0.000563785 0.000563727 0.000564066 0.000563856 0.000883122 0.000564038 0.000563722 0.000563867 0.000563732 0.000563775 0.000563724 0.000860987 0.000563723 0.000563727 0.000563723 0.000563723 0.00056373 0.000563724 0.000563722 0.000957109 0.000582482 0.000566569 0.000563725 0.000563743 0.000563793 0.000642482 0.000564945 0.000563722 0.000563725 0.000563724 0.000563722 0.000563855 0.000563723 0.00056378 0.000564016 0.000563724 0.000563722 0.000563723 0.000563722 0.000563722 0.000563723 0.000563723 0.000607866 0.00056373 0.000563722 0.000564248 0.000563724 0.000563723 0.000563722 0.000563778 0.000563724 0.000563722 0.000564421 0.000563724 0.000565947 0.000563724 0.000563723 0.000563723 0.000563745 0.000564189 0.000563723 0.000563722 0.000563723 0.000586596 0.000563723 0.000563726 0.000563723 0.000563723 0.000563743 0.000563723 0.000563863 0.000563725 0.000563723 0.000564141 0.000563722 0.000563724 0.000563722 0.000563733 0.000563722 0.00056374 0.000563722 0.000563723 0.000563722 0.000563824 0.000563723 0.000563732 0.000563722 0.000564308 0.000563723 0.000563724 0.000563723 0.000563722 0.000563722 0.000563723 0.000563723 0.000563722 0.000563732 0.000566216 0.000563723 0.000563722 0.000563723 0.000563726 0.000584604 0.000563724 0.000563722 0.000564679 0.000563723 0.000563723 0.000563722 0.000563722 0.000563724 0.000563722 0.000563722 0.000563827 0.000563921 0.000563745 0.000563726 0.000563723 0.000563722 0.000563722 0.000563722 0.000563724 0.000563723 0.000563807 0.000563723 0.000564818 0.000578847 0.000563724 0.000563723 0.000563723 0.000563841 0.000563723 0.00058445 0.000563722 0.00056832 0.000563722 0.000563722 0.000563723 0.000563722 0.000564509 0.000563723 0.000563726 0.000563739 0.000569658 0.000563722 0.000563722 0.000564103 0.000563722 0.000563722 0.000563765 0.000564011 0.000563722 0.000563848 0.000563722 0.000563723 0.000563722 0.000563723 0.000563724 0.000572897 0.000563724 0.00131101 0.000563722 0.000563722 0.000563722 0.000563723 0.000563723 0.000582282 0.000563726 0.000563723 0.000566841 0.000563722 0.000564189 0.000563723 0.000563861 0.000563723 0.000563723 0.000621804 0.000563724 0.000563725 0.000563722 0.000563983 0.000563723 0.000563722 0.000563725 0.000564096 0.000563809 0.000563723 0.000563723 0.000564412 0.000563723 0.000563723 0.000563722 0.000563722 0.000563722 0.000567076 0.000566828 0.000564217 208.919 0.000637235 0.000563722 0.000566652 0.000563723 0.000564795 0.000565926 0.000563725 0.000564203 0.000563725 0.000564294 0.000563723 0.000563724 0.000563723 0.000563786 0.000563723 0.000563764 0.000563723 0.000564021 0.000563998 0.000563726 0.000564983 0.000563723 0.000563722 0.000563738 0.000563724 0.000563723 0.000563787 0.000563723 0.000563723 0.000563722 0.000563723 0.000563747 0.000563723 0.000563722 0.000563784 0.000563723 0.000563722 0.000563722 0.000563741 0.000563722 0.000563947 0.000563722 0.000563722 0.000563724 0.000563723 0.000563723 0.000563847 0.000563722 0.000567524 0.000813367 0.000563725 0.000564258 0.000563722 0.000563723 0.000564077 0.000563724 0.000563861 0.000563723 0.000563856 0.000563725 0.000574636 0.000563723 0.000563722 0.000563732 0.000565498 0.000563895 0.000563722 0.000563722 0.000563723 0.000563723 0.000563723 0.000563722 0.000563722 0.000564672 0.000563723 0.000563731 0.000563724 0.000563723 0.000563725 0.000563723 0.000563723 0.000563723 0.000563723 0.000563723 0.000563723 0.000563724 0.000563723 0.000564273 0.000563722 0.000563725 0.000563722 0.000563915 0.000563731 0.000563722 0.000574619 0.000563723 0.000563722 0.000563722 0.00056561 0.000563722 0.000566215 0.000563723 0.000563722 27.5251 0.000566065 0.000563726 0.000563722 0.000563722 0.000563722 0.000563723 0.000563723 0.000563837 0.000563724 0.000563777 0.000563723 0.000563722 0.000563722 0.000567124 0.000563722 0.000563723 0.000563732 0.000563744 0.000563722 0.000563723 0.00056381 0.000563723 0.000563722 0.000563723 0.000563819 0.000564277 0.000563723 0.000563722 0.000563723 0.000563745 0.000563723 0.000563722 0.000563724 0.000563964 0.000563723 0.000563723 0.000563739 0.000563723 0.000563723 0.000563723 0.000563723 0.000563723 0.000563722 0.000563723 0.000604977 0.000563728 0.000563724 0.000563723 0.000564391 0.000563722 0.000563725 0.000563722 0.000563722 0.000563723 0.000563723 0.000563724 0.000563725 0.000564029 0.000563722 0.000563723 0.000563723 0.000563724 0.000563728 0.000563723 0.000563723 0.000563723 0.000563943 0.000563725 0.000652679 0.000563723 0.000563722 0.000563727 0.000563724 0.000563759 0.000563724 0.000563723 0.000563722 0.000563724 0.000563783 0.000572281 0.000566155 0.000563727 0.000567017 0.000564278 0.000563726 15.1449 0.000563754 3.58894 0.000633255 14.5426 0.000563724 0.000565732 0.000563831 0.000563723 0.000563723 0.000563722 0.000563724 0.000681466 0.000563723 0.000563722 0.000563723 7.57662 0.000563724 0.000563723 0.000563723 0.000563723 0.000563726 0.000563722 0.000563724 0.000563723 0.000564709 0.00697514 0.000576967 0.000563733 0.000563725 0.000565457 0.000563722 0.000563723 0.000563723 0.000563984 0.00056373 0.000563723 0.000563723 0.000563769 0.000563724 0.000563722 0.000563725 0.000563722 0.000563756 0.00056456 15.9883 0.000563722 0.000563722 0.000563723 0.000563869 0.000563722 0.000563948 0.000563723 0.000563723 0.000563723 0.000563725 0.000563737 0.000566239 0.000563722 0.000563885 0.000563723 0.000563725 0.000563722 0.000563723 0.000563722 0.000563723 0.000563722 0.000563724 0.000569522 0.000563737 0.000563724 0.000563722 0.000563726 0.000563723 0.000584686 0.000563724 0.000563723 0.000563723 0.000563723 0.000563722 0.000563723 0.000566611 0.000563723 0.000563723 0.000563723 0.000563723 0.0005913 0.000563722 0.000563723 0.000563722 0.000563722 0.000563725 0.000563724 0.000563722 0.000563722 0.000563723 0.000635619 0.000563723 0.000563722 0.000563777 0.000563726 0.000564073 0.000563725 0.000563802 0.000563724 0.000563722 0.00056398 0.000563722 0.000563808 0.000563723 0.000564835 0.000563723 0.000563722 0.000563723 0.000563867 0.000563942 0.000563723 0.000563723 0.000563723 0.000563812 0.000563722 0.000563722 0.000563723 0.000563726 0.000567174 0.000563722 0.000563722 0.000563723 0.000563725 0.00056618 0.000563723 0.000563724 0.000563724 0.000563723 0.000563723 0.000565628 0.000563722 0.000563723 0.000624581 0.000563723 0.000563723 0.000563726 0.000563722 0.000563723 0.000563723 0.000563723 0.000563722 0.00057557 0.000563819 0.000563723 0.000563723 0.000563723 0.000563723 0.000563723 0.000563723 0.000563771 0.000563723 0.000563744 15.9883 0.000563723 0.000563724 0.000563723 0.000567413 0.000564082 0.000563722 0.000564239 0.00056373 0.000563722 0.000573694 0.000563722 0.000563898 0.000569462 0.000563768 0.000564006 0.000563722 0.000563789 0.000563724 0.000563726 0.000563747 0.000563722 0.000563723 0.000563722 0.000563723 0.000563722 0.000563727 0.000563723 0.000563723 0.000563723 0.000563722 0.000563807 0.000563723 0.000563723 0.00056414 0.000563789 0.000563724 0.000563725 0.000563724 0.000563723 0.000563857 0.000563725 0.000563725 0.000588925 0.000563857 0.000563725 0.000563832 0.000566545 0.000563723 0.000567622 0.000563723 0.000563817 0.000563723 0.000563722 0.000563724 0.000563722 0.000564231 0.000563723 0.000563959 30.0118 0.000563783 0.000563917 0.00056374 0.000563723 0.000571183 0.000563722 0.000563723 0.000565307 0.000563722 0.000563722 0.000563723 0.000563722 0.000563737 0.000563723 0.000563722 0.000563726 0.000594821 0.000563722 0.000563722 0.000563722 0.000563723 0.000563724 0.000563726 0.000563723 0.000563722 0.00056373 0.000563829 0.000563724 0.000563725 0.319735 0.000563732 0.000563722 0.000563724 0.000563787 0.000563722 0.000563722 0.000564804 0.000563724 0.000563724 0.000563723 0.000563723 0.000563722 0.000563725 0.000563779 0.000563722 0.000563723 0.000563738 0.00056532 0.000719405 0.000563724 0.000581752 0.000569647 0.000563786 0.000563723 0.000563726 0.000563723 0.000563724 0.000563723 0.000563767 0.000563729 0.000563723 0.000563723 0.000563723 0.000563724 0.000563722 0.00056375 0.000563723 0.00057108 0.000563725 0.000563723 0.000563723 0.000591644 0.000563722 0.000563775 0.000563724 0.000563723 0.000563723 0.000563722 0.000563773 0.000563724 0.000563724 0.000563743 0.00056414 0.000563723 0.000563728 0.000563723 0.000564406 0.000563795 0.000563837 0.000594157 0.000563722 0.000563741 0.000563756 0.000563724 0.000563725 0.000563799 0.000563724 0.000564613 0.000563723 0.000566863 0.000566805 0.000563724 43.5855 0.000564049 0.000601916 0.000563722 0.000563722 0.000563723 0.000563759 0.000563723 0.000563723 0.000563724 0.000563722 0.000579188 0.000563722 0.000565299 0.000563722 0.000658139 0.000563738 0.000563754 0.000563724 0.000563722 0.000565107 0.000563823 0.000563801 0.000563723 0.000563722 0.000563722 0.000563752 0.000563725 0.000564042 0.000563722 9.91149 0.000563723 0.000563724 0.000563723 0.000563723 0.000563736 0.000578254 0.000563722 0.000563733 0.000563723 0.000563732 0.000611696 0.000563725 0.000564041 0.00127544 0.000563723 0.000563723 0.000563724 0.000563724 0.000563723 8.79357 0.0005639 0.000563722 0.000563723 0.000563726 0.000563722 0.000563723 0.000601366 0.000563724 0.000563722 0.000563724 0.000563723 0.000563722 0.000563723 0.000563748 0.000563722 0.000563723 0.000563775 0.000563723 0.000563723 0.000591793 0.000563722 0.000563724 0.000564251 0.000563725 0.000563723 0.000563874 0.000563771 0.000563724 0.000563722 0.000563823 0.000563791 0.000563723 0.000786247 0.000563723 0.000563723 0.000563723 0.000563722 0.000563722 0.000563723 0.000563724 0.000563722 0.000875871 0.000563724 0.000563723 0.000563723 0.000563723 0.000563722 0.000570752 0.00056373 0.000563723 0.000581626 0.00056374 0.000564746 0.000563724 0.0586626 0.000563725 0.000563724 0.000563722 0.000563723 0.000563725 0.000574773 0.00076642 0.000563723 0.000563722 0.000563722 0.000563722 0.000564791 0.000563724 0.000563728 0.000563723 0.000563723 0.000617357 0.000564531 0.00056414 0.000563723 0.000563776 0.000563889 0.000563812 0.000563722 0.000563724 0.000564527 0.000563782 0.000563722 0.000563725 0.000564013 8.32965 0.000563724 0.000568294 0.00056402 0.000563722 0.000563723 0.000563819 0.000563723 0.000563722 0.000563761 0.000563723 0.000563722 0.000563793 0.000563722 0.000563848 0.000563723 0.000563725 0.000563722 0.000564195 0.000563724 0.000563725 0.000563722 0.000563724 0.000563722 0.000563968 0.000563723 0.000563722 0.000576948 0.000580963 0.000563791 0.000563723 0.000563724 0.000563725 0.000563723 0.000563723 0.000563722 0.000563722 0.000563726 0.000564038 0.000563725 0.000563722 0.000563724 0.000597344 0.000563723 0.000563803 0.000563833 0.000563723 0.000563722 0.000563724 0.000563723 0.000563723 0.0312958 0.000563723 0.000563725 0.000566163 0.000563725 0.000563749 0.000563731 0.000566804 0.000563722 0.000569564 0.000563723 0.000563724 0.000563796 0.000563723 0.000563724 0.000563747 0.000563722 0.000563724 0.000563723 0.000563722 0.000563722 0.000563734 0.000563726 0.000563724 0.000563765 0.000570922 0.000607197 0.000563722 0.000563723 0.000563723 0.000563724 0.000565621 0.000582635 0.000565729 0.000563992 0.000563843 0.00056984 0.000563723 0.000563724 0.000564453 0.000563722 0.000564202 0.000563723 0.000563723 0.000563723 0.000563726 0.000563722 0.000563738 0.000563722 0.000563723 0.000563722 0.000563724 0.000563724 0.000563722 0.000563723 0.000563726 0.000563724 0.000563723 0.000563722 0.000563766 0.000563723 0.000564174 0.000563726 0.000563752 0.000563819 0.000563808 0.000563733 0.000563737 0.000563723 0.000568711 0.000563736 0.00056428 0.000563794 0.000563728 0.000563723 0.000577515 0.000563812 0.00056373 0.000563723 0.000563723 0.000563722 0.00056556 0.000573158 0.000563722 0.000563723 0.000563723 0.000563723 0.000563722 0.000563723 0.000696527 0.000563722 0.000563723 0.000563729 0.000563722 0.000563725 0.000563727 0.000563722 0.000563722 0.000563723 0.000563724 0.000563725 0.000563723 18.0693 0.000596522 0.000563724 0.000563722 0.000563921 0.000563722 0.00056373 0.000563723 0.000676328 0.000563723 0.000563722 0.000563723 0.000564108 0.000563722 0.000563722 0.000563727 0.000563723 0.00182548 0.000563722 0.000563723 0.000563743 0.000564483 0.00057013 0.000563724 0.000563747 0.000563722 0.000563813 0.000564023 0.000563788 0.000563723 0.000563722 0.000563722 0.000563749 0.000563763 0.000567852 0.000563802 0.000563738 0.000563722 0.000563723 0.000563748 0.000563723 0.000563723 0.000563723 0.000563723 0.000563723 0.000563734 0.000563724 0.000563723 0.000563723 0.000563726 0.000563723 0.000563723 0.00056399 0.00107578 0.000563731 0.000563725 0.000563821 0.000563724 0.000563724 0.000563723 0.000563723 0.000563723 0.000563724 0.000563724 0.000714599 0.000563723 0.000563722 0.000563723 0.000563723 0.000563725 0.000563723 0.000563951 0.000563789 0.000563722 0.000563723 0.000563723 0.000564215 0.000563723 0.000563725 0.000563723 0.000563724 0.000563722 0.000563724 0.0014642 0.000563722 0.000563725 0.000563724 0.000563771 0.000563722 27.2646 0.00056494 0.000563725 0.000563724 0.000563723 0.000588155 0.000563723 0.000563856 0.000563728 0.000563722 0.000563722 0.000563724 0.000563722 0.000563722 0.000563723 0.000564396 0.000563723 0.000563723 0.000563723 0.000639366 0.000563723 0.000563723 0.000563725 0.000563723 0.000563778 0.000567698 0.000563724 0.000563726 0.000563722 0.000563798 0.000563723 0.000563723 0.000563723 0.000563789 0.000563725 0.000563724 0.00056374 0.000563724 0.000563724 0.00056378 0.000563723 0.000563723 0.000563737 0.000563732 0.000563744 0.000563722 0.000563727 0.000563722 0.000564187 0.000563723 0.000563724 0.000563722 0.000565835 0.000563723 0.000563724 0.000563723 0.000566806 0.000563722 0.000563723 0.000563838 0.000563726 0.000563724 0.000564944 0.000563725 0.000563722 0.000615308 0.00056374 0.000563724 0.000563722 0.000563724 0.000563722 0.000563723 11.0732 0.000563723 0.000563724 0.000563722 0.000563722 0.000600282 0.000564266 0.000563723 0.000563722 0.000563725 0.000563745 0.000620998 0.000563939 0.000563723 0.000563723 0.000563757 0.000563722 0.000563751 0.000563722 0.000563722 0.000563723 0.000563722 0.000563722 0.000563723 0.000563723 0.000563723 0.000563737 0.000563722 0.000563723 0.000563722 0.00056384 0.000563723 0.000594418 0.000563724 0.000563722 0.000565005 0.000563733 0.000563725 0.000563879 0.000565441 0.000563723 0.000563725 0.000563723 0.000563723 0.000563722 0.000563722 0.00056387 0.000563723 89.5666 0.000563722 0.000563722 0.000563728 0.000567759 0.000563722 0.000569079 0.000571763 0.000563722 0.000564386 0.000564525 0.000563722 0.000563724 0.000563724 0.000563722 0.000582833 0.000563724 0.000563723 0.000563722 0.000563723 0.000563895 0.0909787 0.000563724 0.000563722 0.000563724 0.000563723 0.000563723 0.000563722 0.000564133 0.000563725 0.000563723 0.000563723 0.000563722 0.000563722 0.000569761 0.000563722 0.000563724 0.000563723 0.000563722 32.9689 0.000563722 0.000563723 0.000563722 0.000563728 0.000563724 0.000568782 0.000563723 0.000563722 0.000563723 0.000563722 0.000563724 0.000563723 0.000563723 0.000563723 0.000563722 0.000564281 0.000563722 0.000563722 0.000563722 0.000563724 0.000563725 0.000564622 0.000568751 0.000563723 0.000564764 0.000563921 0.000567336 0.000563954 0.000563723 0.000563723 0.000582525 0.000563726 0.000563722 0.000563726 0.000563724 0.000563723 0.000594111 0.000563724 0.000563734 0.000563725 0.000563723 0.000563723 0.000564113 0.000563723 0.000563723 0.000563811 0.000563832 0.00056427 0.000563723 0.000563722 0.000563723 0.000563807 0.000563722 0.000563725 0.000563762 0.000563722 0.000563724 0.000563723 0.000563722 0.000563722 27.7858 0.000563723 0.000563723 0.000563907 0.000563723 0.000563722 0.000563723 0.000563725 0.000563724 0.000563723 0.000563724 0.000563724 0.000563812 0.000563722 0.000563723 0.000563722 0.000563732 0.000563722 0.000563877 0.000564536 0.000563722 0.000563722 0.000563723 0.000563723 0.000563722 0.000563722 0.000563722 0.000563722 0.000563723 0.000603632 0.000563722 0.000563722 0.000563722 0.000563722 0.000563726 0.319734 0.000563724 0.000563723 0.000563865 0.000564074 0.00056414 0.000563726 0.000563723 0.000563724 0.000563723 0.000563723 0.000563722 0.000563727 0.000563725 0.00056452 0.000563754 0.000563725 0.000563722 0.000563961 0.000563722 0.000563722 0.000563722 0.000563756 0.000563722 0.000563722 0.000564605 0.000563725 0.000563727 0.000584441 0.000565333 0.000563722 0.000563774 0.000572844 0.00056418 0.000563727 0.00056377 0.000563768 0.000563723 0.00725574 0.000563728 0.000579791 0.000563723 0.000564836 0.000563722 0.000563722 0.000563883 0.000563726 0.000563725 0.000563769 0.000563724 0.000563722 0.000563722 0.000563725 0.000714876 0.000563725 0.000564857 0.000563723 0.000563723 0.000563724 0.000564277 0.000565498 0.000563723 0.000572937 0.000563723 0.000563723 0.000563801 0.000563722 0.000563722 0.000563722 0.000563723 0.000563724 0.000563738 0.000563723 0.000563722 0.000563723 0.000563726 0.000563722 0.000563745 0.000563722 0.000563775 0.000563724 0.000563725 0.000563722 0.000563726 0.000563735 0.000586758 0.0005645 0.000563724 0.000563722 0.000563768 0.000569199 0.000563723 0.00060072 0.000563722 0.000563723 0.000563723 0.000563726 0.000563722 0.000748857 0.000563738 0.000563723 0.000563722 0.000563724 0.000627203 0.000563723 0.000563722 0.000563722 0.000563804 0.000563799 0.000563723 0.000563723 0.000563722 0.000563723 0.000589736 0.000564113 0.000563724 0.000606098 0.000563724 0.000563723 0.000563723 0.000563722 0.00061813 0.000563737 0.000563723 0.000581539 0.000563723 0.000563722 0.000563741 0.000563724 0.000563723 0.000563745 0.000563822 0.000563722 0.000563723 0.000563724 0.000563724 0.000563823 0.000618415 0.000566 0.000563724 0.000563722 0.000563725 0.000563723 0.000563725 0.000563723 0.000563724 0.000563723 0.000563722 0.000570679 0.000563722 0.000565109 0.000563724 0.000563726 0.000563723 0.000563726 0.000564375 0.000563724 0.000563723 0.000563723 0.000563751 0.000563723 0.000563722 0.000563723 0.000563722 0.000563722 0.000563722 0.000629673 0.000563723 0.00056379 0.000563723 0.000563723 0.000563723 0.000563723 0.000563722 0.000563725 0.000563722 0.000563723 0.000563726 0.000563723 0.000598132 0.000563722 0.000563723 0.000563724 0.000563723 0.000563725 0.000563722 0.000563723 33.9229 0.000563723 5.70659 0.000563723 0.0005638 0.000564395 0.000564068 0.000563722 0.000563722 0.000563723 0.000563992 0.000563723 0.000564373 82.0488 0.000563723 0.000563722 0.000563723 0.000564452 0.000563724 0.000563722 0.000563723 0.000563723 0.000563726 0.000563722 0.000563733 0.000563722 0.000563725 0.000563725 0.000569774 0.000563724 0.000563723 43.9001 0.000563725 0.000563722 0.000563724 0.000563723 0.000563722 0.00056452 0.00056378 0.000563722 0.000711814 0.000699708 0.000563724 0.433836 0.000563723 0.000563894 0.000563723 0.000563722 0.00056378 0.000563723 0.000563723 0.000670689 0.000563725 0.000563723 0.000565895 0.000563722 0.000563731 0.000564379 0.000563724 0.00056377 0.000563722 0.000563723 0.000563723 0.000563723 0.000563724 0.000563724 0.000565391 0.000563722 0.000563724 0.000563865 0.000563723 0.000591238 0.000564936 0.000563722 0.000564112 0.000563722 0.000563794 0.000999686 0.000563723 0.00056376 0.000563726 0.000563722 0.000563723 0.000563725 0.000563723 0.000563723 0.000563724 0.000563722 0.000563724 0.000563722 0.000563788 0.000563916 0.000563723 0.000599646 0.000581171 0.000563723 0.000563753 15.1449 0.000564049 0.000564085 0.000563739 0.000563722 0.000565893 0.000563723 0.000563788 0.000563769 0.000563722 31.9372 0.000563722 0.000563723 0.000563734 0.000563918 0.000585073 0.0005711 0.000563768 0.000563722 0.000563724 0.000563723 0.000563723 0.000563724 0.000563761 0.000563725 0.000563723 0.000563723 0.000563725 0.000563724 0.000563723 0.000563739 0.000563722 0.000563722 0.00056377 0.000574897 0.000563723 0.000563723 0.000563724 0.000565609 0.000564291 0.000566943 0.000564208 0.000563723 0.000563725 0.000563751 0.000563722 0.00290802 0.000563723 0.000564202 0.000563825 0.000563737 0.000563722 0.000564109 0.000563783 0.000563791 0.000563723 0.000618872 0.000563723 0.000564061 0.000569256 0.000808812 0.000563726 0.000563724 0.000563723 0.000563908 0.000630701 0.000563734 0.000563723 0.000563723 0.00056379 0.000563724 0.000563724 0.000563731 0.000563722 0.000563722 0.000564013 0.000563722 0.000563723 0.000563723 0.000563723 0.000563723 0.000563723 0.000563725 0.000563723 0.000563754 0.000565425 0.000563727 0.000632842 0.000563723 66.2777 0.000563723 0.000563734 0.000592705 0.000563725 0.000563725 0.000563723 0.000563725 0.000563723 0.000589352 0.000563723 0.000563724 0.000567111 0.000563722 0.000563724 0.000563722 0.000563724 0.000563722 0.000563722 0.000563726 0.000563723 0.000563733 0.000582585 0.000563722 0.000563723 0.000563722 0.000563722 0.000563722 0.000614804 0.000563723 0.000563723 0.000563723 0.000563725 0.000563724 0.000563722 0.000563722 0.000563722 0.0005642 0.0005646 0.000563723 0.00056383 0.000563724 0.000563723 0.000563726 0.000563724 0.000564605 0.000563723 0.000563724 0.000563725 0.000563723 0.00061568 0.000563722 0.000563723 0.000563723 0.000563724 0.000563722 0.000563749 0.000563722 0.000563723 0.000563722 0.000563723 0.000563722 0.000563722 0.000563722 0.000563731 0.000563722 0.000563726 0.000575336 0.000563722 0.000563725 0.000563789 0.000563722 0.000563724 0.000563723 0.000563723 0.000563723 0.000563824 0.000563724 0.000570019 0.000563722 0.000563722 0.000563722 0.000563855 0.000563723 0.000563723 0.000563725 0.000563723 0.000564249 0.000563722 0.000563725 0.000564027 0.000563722 0.000563724 0.000563722 0.000563722 0.000563722 0.000563893 0.000563723 0.000563723 0.000563724 0.00056433 0.000563737 0.000563833 0.000563722 0.000563734 0.000629167 0.000563722 0.000563885 0.000563723 0.000563723 0.000563722 0.000563722 0.000563723 0.000563839 0.000563831 0.000563724 0.000563724 0.000584714 0.000563723 0.000563723 0.000563722 0.000563722 0.000563723 0.000563723 0.000563723 0.000566455 0.000564444 0.000563724 0.000563729 0.000681007 0.000563819 0.000563746 0.000563722 14.533 0.000563723 0.000563722 0.000564024 0.000563775 0.000563722 0.000563738 0.000563724 0.000563723 0.000566029 0.000564087 0.000564032 0.000563722 0.000563742 0.000591744 0.000563723 0.000563723 0.000563722 0.000563723 0.000564327 0.000563722 0.000563724 0.000564468 0.000563726 0.0005646 0.000563724 0.000563724 0.000563724 8.1843 0.000563723 0.000563732 0.000563723 0.00108066 0.000563723 0.000563723 0.000563896 0.000563723 0.000563722 0.000563725 0.000563723 0.000563724 0.000563722 0.000563811 0.000563722 0.000563723 0.000563737 0.000563722 0.000563722 0.000563828 0.000563722 0.000563724 0.000563727 0.000563739 0.00060364 0.000563723 0.000563723 22.0992 0.000563722 0.000563724 0.000563726 0.000563723 0.000563723 0.000563723 0.000563723 0.000563722 0.000563722 0.000566139 0.000563722 36.5997 0.000563724 0.000563723 0.000563723 0.00056373 0.000565109 0.000563723 0.000563725 0.000563723 0.000563723 9.91232 0.000563745 0.000563724 0.000563723 0.000563722 0.000563723 0.000563723 0.000563722 0.000563725 0.000563722 0.000563723 0.000563723 0.000563722 0.000563722 0.000563725 0.000563724 0.000563723 0.000563723 0.000563723 0.000563723 0.000563815 0.000563722 0.000563991 0.000563724 0.000563733 0.000563722 0.000563723 30.2431 0.000563724 0.000563738 0.000563724 0.000563814 0.000563723 0.000563722 0.000563737 0.000563722 0.00057289 0.00056388 0.000563723 0.000563722 0.000563724 0.000563724 0.000564091 0.000563723 0.00056381 0.000563723 0.000563727 0.000564285 0.000563989 0.000563726 0.00056383 0.000563778 0.000563723 0.000563722 0.000563724 0.000563723 0.000563722 0.000563722 0.000563724 0.000563723 0.000563733 0.000563722 0.000563722 0.000563723 0.000563743 0.000563723 0.000563723 0.000563729 0.000563722 0.000563857 0.000563723 0.000563723 0.000563722 0.000563723 0.000563722 0.000563722 0.000834916 0.000564006 0.000563723 0.000563729 0.000564006 0.000563723 0.000563723 0.000563723 0.000563723 0.000563722 0.000563722 0.000564279 0.000563727 0.000563723 0.000563722 0.000563761 0.000563868 0.000563722 0.000563722 0.000563723 0.000563723 0.000563723 0.00056435 0.000563723 0.000563723 0.000563723 0.000563723 0.000563723 0.000563723 0.000563722 0.00056375 0.000563723 0.000563723 0.000563769 0.000563723 0.000563723 0.000563728 0.000563723 0.000563722 0.000563722 0.000563725 0.000563808 0.000563723 0.000563968 0.000563741 0.000573607 0.000563722 0.000563726 0.000565381 0.000563839 0.000563724 0.000564725 0.000563723 0.000563725 0.000563723 0.00060426 0.000563723 0.000563723 0.000563724 0.000563724 0.000563723 0.000569046 0.000563723 0.000563723 114.211 0.000563723 0.000563724 0.000564285 0.000563723 0.000563769 0.000563722 0.000563723 0.000563723 0.000563724 0.000563722 0.000563723 0.000563723 0.000563723 0.000563722 0.000563812 0.000563723 0.000563878 3.9681 0.000563723 0.000563747 0.000568045 0.000563723 0.000563723 230.175 0.000563723 0.000563723 0.000563754 0.000563723 0.000563761 0.000563723 0.000564154 0.000563722 0.000563723 0.000563722 0.000564169 0.000570945 0.000563723 0.000564207 0.000563723 0.000563725 0.000563723 0.000563723 6.2791 0.000563723 0.000584141 0.000563723 0.000563724 0.000563723 0.000563941 0.000563722 0.000563723 0.000563724 0.000563725 0.000563723 0.000563723 0.000564105 0.00056909 0.000563722 0.000563722 0.000563726 0.000563722 0.000563722 0.000563723 0.00106775 0.000563725 0.000563723 0.000563723 0.000563722 0.000564413 0.000563825 0.000564785 0.000563757 0.000563723 0.000563827 0.000563728 0.000563722 0.000563722 0.000563723 0.000563723 0.000563724 0.000563722 0.000563722 0.000563722 0.000563723 0.000635361 0.000563722 0.000563722 0.000563723 0.000563723 0.000563722 0.000563723 0.000563722 0.000563757 0.000563723 0.000563723 0.000563739 0.000588841 0.000563724 0.000563722 0.000563722 0.000563723 0.000563722 0.000563722 0.000563722 0.000563786 0.000563722 0.000563722 0.000563723 0.000570136 0.000563723 0.000564862 0.000563722 0.000564126 0.000563723 0.000563723 0.000563724 0.000563722 0.000563723 0.000563724 0.000563723 0.000563723 0.000563724 0.000563726 0.000563722 0.000563722 0.000563723 0.000563723 0.000563724 0.000563725 0.000563723 0.000563723 0.000563744 0.00056374 0.000563724 0.000563722 0.000563722 0.000564229 0.00056376 0.000563722 0.000563725 0.000563723 0.000563722 0.000563723 0.000563731 0.000563723 0.000563724 0.000565128 0.000563724 0.000563723 0.000563722 0.000563723 0.000563723 0.000563723 0.000564339 0.000564175 0.000563748 0.000564888 0.000591744 0.000563723 0.000563723 0.000564 0.000563724 0.000563723 0.00056406 23.6554 0.000563723 0.000563722 0.000564388 0.000563723 0.000563722 0.00056399 0.000563807 0.000563722 0.000563723 0.000563723 0.000578115 0.000563722 0.000563919 0.000563722 0.000569477 0.000563725 0.000672099 0.000563723 0.000563722 0.000563723 19.6961 0.000563813 0.000563723 0.000684451 0.000563722 0.000563724 0.000563723 0.000564661 0.000563725 0.000563723 0.000563734 0.000563722 0.000563722 0.000563722 0.000563723 0.000563786 0.000563723 0.000831502 0.000563723 0.000563723 0.000563728 0.000564036 0.000563834 0.00056379 0.000563723 0.000563953 0.000563722 0.000563722 0.000586798 0.000563727 0.000563723 0.000567628 0.000563724 0.000577648 0.000563723 0.000563723 0.000563723 0.000563722 0.000563754 0.000563723 0.000563725 0.000565569 0.000563722 28.7193 0.000563723 0.000563724 0.000564066 0.000563745 0.000563723 0.000563744 0.000563834 0.000563725 0.000563723 0.000563783 0.000563722 0.000563724 0.000563722 0.000563725 0.000563722 0.000563723 0.000563722 0.000563722 0.000563732 0.000563727 0.000572293 0.000613215 0.000563723 0.000563725 0.000961104 0.000563722 0.000563723 0.000563724 0.000563722 0.000563931 0.000563983 0.000563722 0.000563723 0.000563723 0.000574651 0.000564061 0.000563724 0.000563885 0.000563723 0.000563725 0.000563856 0.000563726 0.000563723 0.000563724 79.9889 0.000563723 0.000563723 0.000563777 0.000563723 0.000563723 0.000563726 0.000563732 0.000563722 0.00060529 0.000563723 0.000563722 0.000563722 0.000563725 0.000563722 0.000563723 0.000563722 0.000563724 0.000563723 0.00056375 0.000563723 0.000563834 0.000563722 0.000563724 0.000563794 0.000563722 0.000564099 0.000563863 0.000563723 0.000563723 0.000563723 0.000563723 0.000563724 0.000563723 0.000563947 0.000563724 0.00056392 0.000563726 0.00056702 0.000563724 0.000563722 0.000563722 0.000564395 0.000563725 0.000563722 0.000563726 0.000563723 0.000563851 0.000565616 0.000563723 0.000563723 0.000563722 0.000563723 0.000563723 0.000563723 0.000563723 0.000563736 0.000563722 0.000563722 0.000563722 0.0113506 0.000563724 0.000564013 0.00056379 0.000563939 0.000563722 0.000563723 0.000563748 0.000563723 0.000563724 15.9175 0.000563722 0.000563725 0.000563723 0.000563722 0.000563843 0.000563727 0.000563724 0.000563723 0.000564338 0.000568051 0.000563727 0.000564585 0.000563723 0.000563723 0.000563936 0.000563817 0.000564348 0.000563722 0.000563725 0.000563723 0.413905 0.000563722 0.000563839 0.00058352 0.000580853 0.000563723 0.000563723 0.000563748 0.000563723 0.000563722 0.000568821 0.000563725 0.000563724 0.000563722 0.000563722 0.000563723 0.000564878 0.000563724 0.000615511 0.000563726 0.00216155 0.0005642 0.000563722 0.000563723 0.000563725 0.000563722 0.000563728 0.000566688 0.000563726 0.000563723 0.000563754 0.000566652 0.000563727 0.000563722 0.000563722 0.000563805 0.000563723 0.000565839 0.000563724 0.000563723 0.000563725 0.000563722 0.000563722 0.000563764 0.000563723 0.000563722 0.000614241 0.000563723 0.000563722 0.000563723 0.000563727 0.000563723 9.42735 0.000563722 0.000563722 0.000563723 0.000576358 0.000563732 0.000563722 0.000563746 0.000563722 0.000567542 0.000563725 0.000563723 2.75776 0.000563722 0.000563726 0.000563724 9.91232 0.000563723 0.000567023 0.000563742 0.000563723 0.000563722 0.000563723 0.000563722 0.000563724 0.000618873 0.000563724 0.000563722 0.000563723 0.000563794 0.00056374 0.000563724 0.000563726 0.000563723 0.000563723 0.000629187 0.000563723 0.000563753 0.000563722 0.000563725 0.000563723 0.000563725 0.000563722 0.000563722 0.000563724 0.000563724 0.000563722 0.000563724 0.000633801 0.000563723 0.000566746 0.000563723 0.000563722 0.00109362 0.00056434 0.000563722 0.000576023 0.000563723 0.000563724 0.000568994 0.000563722 0.000563722 0.000563723 0.000563723 0.000566106 0.000563723 0.000563723 0.000563722 0.000563723 0.000563723 0.000563793 0.000563787 0.00056374 0.000811452 0.000563723 0.000608804 0.000563723 0.000574637 0.000564309 0.0005638 0.000563723 0.000563723 0.000563723 0.000563723 0.000563724 0.000563723 0.000564626 0.000563796 0.000563722 0.000563722 0.000563723 0.000563722 0.000563723 0.000563948 0.000563722 0.000566562 0.000563723 0.000563723 0.000563724 0.000563724 0.000563724 0.000569427 0.000563767 0.000563722 0.000563753 0.000563722 0.000563723 0.00056375 0.000563728 0.000563835 0.000563724 0.000672449 0.000563728 0.000563723 0.000564737 0.000563723 0.000563723 0.000563722 0.00062238 0.000563784 0.00059499 0.000563723 0.000563724 0.000564064 0.000563723 0.000563722 0.000563722 0.000563722 0.000563723 0.000563729 0.000584283 0.000564331 0.000563723 0.000563723 0.000563769 0.000563722 0.000563723 0.000563722 0.000563723 0.000563724 0.000563723 0.000563725 0.00056393 0.000563723 0.000563726 0.000563723 0.000563724 0.000563728 0.000571716 0.000563724 0.000563723 0.000563723 0.000563724 0.000563722 0.000568231 0.000563724 0.000563722 0.000563722 0.000563754 0.000568894 0.000563809 0.000563723 0.000563724 0.000563722 0.000563723 0.000563842 0.000563725 0.00199384 0.000563722 0.000563722 0.000563722 0.000564867 0.000563722 0.000563724 0.000563722 127.745 0.000563743 0.000563723 0.000563724 0.000563724 0.000563722 0.000563723 0.000563725 0.000563726 0.000565947 0.000563723 0.000563722 0.000563726 0.000563722 0.000563722 0.000563723 0.000563723 0.000564195 0.000563948 0.000563723 0.000563726 0.000563722 0.00056373 0.000563723 0.000563723 0.000563724 0.000563725 0.000563726 0.000563722 0.000563724 0.000563723 0.000563761 0.000563723 0.000563728 0.000563723 0.000563726 0.000563723 0.000563722 0.000576503 0.000563723 0.000563723 0.000563973 0.000563724 0.000563739 0.000563722 0.000563724 0.000563724 0.000563723 0.000637219 0.000563724 0.000563724 0.000563824 0.000564452 0.00087218 0.000563725 0.000573281 0.000563723 0.000563724 0.000563722 0.000563723 0.000563808 0.000563722 43.1486 0.000563722 0.00058324 0.000563726 0.000563723 0.000579625 0.000563723 0.000563735 0.00056374 0.000563855 0.000563823 0.000563722 0.000563727 0.000565847 0.000563723 0.000563723 0.000563722 0.000563756 0.000563722 0.000563723 0.000563722 0.000563827 0.000564425 0.000563722 0.000563722 0.000564247 0.000563723 0.000563743 0.000563786 0.000563773 0.000563723 0.000563862 0.000563722 0.000563723 0.000563724 0.000564122 0.000563723 0.000563722 0.000563723 0.000563723 0.000563722 0.000563722 0.000563722 41.9175 0.000563723 0.000563724 0.000564063 0.000563723 0.000563751 0.000563722 0.000563722 0.000563935 0.000563822 0.000563722 0.000563935 0.000570817 0.000563722 0.000563723 0.000563722 0.000563725 0.000563734 0.000563722 0.000564556 0.000563723 0.000563723 0.000563723 0.000563853 0.000563736 0.000563724 0.000563877 0.000563724 0.000563861 0.000563725 0.000563723 0.000564326 0.000563723 0.000563723 0.000563728 0.000564003 0.000563722 0.000563722 0.000563723 0.000564541 0.000563725 0.000563723 0.000565817 0.000563724 0.000563804 0.000563723 0.000563723 0.000563723 0.000565608 0.000563723 0.000563744 0.000563723 0.000563724 0.000585706 0.000563724 0.000563723 0.000563918 0.00056441 0.000563723 0.000563724 0.000564114 0.000564004 0.00056373 0.000563723 0.000563723 0.000563723 0.000563725 0.000563735 0.000563724 0.000563725 0.000563725 0.000579463 0.000563724 0.000563722 0.000563724 0.000563723 0.000563723 0.000747141 0.000563723 0.000563723 0.000563722 0.000563723 0.000563723 0.000670016 0.000563724 0.000563723 0.000563856 0.000563723 0.000563722 0.000594159 0.000567611 0.000563722 0.000564206 0.000563722 0.000563723 0.000563724 0.000593095 0.000563726 0.00128537 0.000563723 0.000563723 0.000563722 0.000563723 0.000563724 0.000564324 0.000563723 0.000563724 0.000563726 0.000563722 0.000563724 0.000563723 0.000564087 0.000563889 0.000563724 0.000563722 0.000566357 0.000564754 0.000563724 0.000563725 0.0005698 0.000563722 0.000563722 0.000563724 0.000563722 0.000563722 0.000563753 0.000609549 0.000563722 0.000563724 0.000563722 0.000582544 0.000563767 0.000563723 0.000563723 0.000563722 0.00407309 0.000563729 0.000850416 0.000563723 0.000563722 0.000563723 0.000563723 0.000563723 0.000569276 0.000563723 0.000563723 0.000563728 0.000567658 0.000563734 0.000563723 0.000563724 0.000563725 0.000563722 0.000563725 0.000563722 0.000563722 0.000563723 0.000563724 0.000564031 0.000563723 0.000563723 0.000563723 0.000563722 0.000563722 0.000563723 0.000567595 0.000563722 0.0372737 0.000563723 0.000563724 0.000563722 0.00056375 0.000563722 0.000563725 0.000563998 0.000563724 0.000563733 0.000563724 0.000563722 0.000564793 0.000563723 0.000563787 0.000574846 0.000564061 0.000563723 0.000563722 0.000563725 0.000563722 0.000563723 0.000563726 0.000563723 0.000564213 0.000563722 0.000563723 0.000563777 0.000563722 0.000563724 0.000563727 0.000580928 0.000563726 0.000563723 0.000563809 0.000563722 0.000578266 0.000565554 0.000563723 0.000566286 0.000563725 0.000563725 0.000563723 0.000563764 0.000563722 0.000563723 0.00056419 0.0010204 0.000563792 0.000563726 0.000563724 0.000565281 0.000568079 0.000563724 0.000563722 0.000563722 0.000589063 0.000563741 0.000581105 0.000563729 0.000563724 0.000563722 7.73888 0.0010208 0.000563731 0.000563723 0.000563723 0.000563722 0.000563723 0.00056375 0.000563723 0.000563723 0.000563722 0.000564394 0.000563724 0.000563755 0.000563723 0.000563724 0.000563725 0.000563745 0.000566398 0.000563722 0.00056386 0.000563723 0.000564022 0.000563723 0.000563723 0.000563723 95.8321 0.000563723 19.8391 0.000563722 0.000563723 0.000563723 0.000563722 0.000563723 0.000563723 0.000563723 0.000563754 0.000563723 0.000563723 19.3766 0.000563848 0.000563729 0.000563722 0.000563722 0.000563724 0.000563723 0.000563752 0.000563828 0.000563726 0.000574425 0.000563766 0.000563776 0.000563728 0.000563722 0.000563725 0.00062768 0.000563725 0.000563723 0.000563722 0.000563722 0.000563722 0.000563722 0.000563723 0.000563723 0.000563722 0.000563723 0.000563723 0.000563723 0.000563723 0.00056403 0.000563969 0.000563723 0.000563936 0.000563722 0.000567956 0.000563743 0.000563722 0.000563722 0.000563902 0.000563722 0.000563723 0.000563842 0.000563823 0.000564352 0.000563722 0.000563722 0.000564662 0.000563722 0.000563722 0.000563722 0.000563722 0.000563727 0.000563726 0.000563723 0.000563723 0.000563724 0.000564018 0.000563734 0.000563853 0.000563723 0.000563728 0.000563722 0.000563751 0.000563723 0.000563724 0.000563722 0.000563725 0.000563723 0.000563726 0.000563722 0.000564114 0.000563883 0.000563724 0.000563858 0.000563726 0.000563723 0.000563722 0.000565145 0.000563722 0.000563723 0.00277829 0.000563722 0.000564061 0.000563725 0.000563723 0.000563723 0.000563829 0.000563722 0.000563723 0.000565499 0.000563722 0.000563722 0.000563722 0.000563722 0.000564102 0.000563722 0.000563723 0.000563724 0.000564179 0.000563722 0.000563723 0.000563722 0.000563722 0.000564749 0.319731 0.000563722 0.000563722 0.000563774 0.000563725 0.00056375 0.000563723 0.000563876 0.000563723 0.000563734 0.000563723 0.000563723 0.000564036 0.000601928 0.00056384 0.000563723 0.000563723 0.000622352 0.000649192 0.000563807 0.000563722 0.000563722 0.000563723 0.000563722 0.000563732 0.000563723 0.000563723 0.000563724 0.000563766 0.000563722 0.000563731 0.000563722 0.000563724 0.000563723 0.000563723 0.000563728 0.000563772 0.000563723 0.000668264 0.000563728 0.000563722 0.000563765 0.000563723 0.000563724 0.00056417 0.000563723 25.1835 0.000563729 0.000578653 0.000563723 0.00141844 0.000563733 0.000582524 0.000563903 0.000563857 0.000564275 0.000563724 0.000563725 0.000563786 0.000563722 0.000565137 0.000563745 0.000563725 0.000563722 0.000563723 0.000566897 0.000563722 0.000563724 8.84606 0.000570165 0.000563722 0.000563722 0.000563723 0.000563723 0.000563724 0.000563729 0.000563724 0.000563786 0.000564285 0.000563723 0.00056374 0.000580914 0.000563724 0.000563722 0.000563722 41.5313 0.000563726 0.000563723 0.000563877 0.000563967 0.000563722 0.000563722 0.000564073 0.000571974 0.000563723 0.000563819 0.000563723 0.000563723 0.000616752 0.000563722 0.000563722 0.000563722 0.000563723 0.000563722 0.000563722 0.000563901 15.5665 0.000565089 0.000563722 0.000563723 0.000563723 0.000563724 0.000563726 0.000564679 0.000584107 0.000563723 0.000563724 0.000563723 0.000563723 0.000563732 0.000563722 0.000563724 0.000563723 0.00056378 0.000563723 0.000563723 0.000563724 0.000563804 0.000563723 0.000563727 0.000563725 0.000563727 0.000563728 0.000564275 0.000591142 0.000563723 0.000563723 0.000563723 0.000563722 0.000563723 0.000563722 0.000563739 0.000563853 0.000563726 0.00142886 0.000563816 0.000564049 0.000564116 0.000564784 0.000563723 0.000563723 0.000563722 0.000563723 0.00057037 0.000570497 0.000563722 0.000563723 0.000563723 0.000563722 0.000563722 0.000563724 0.000563727 0.000563727 0.000563723 0.000563723 0.000563723 0.000563861 0.000563722 0.000563736 0.000563722 0.000563777 0.000563723 0.000563724 0.000563729 0.000563724 0.000563803 0.000563723 0.000563722 0.000563723 0.000564509 0.000563722 0.000563723 0.000563722 0.000563724 0.000563723 0.000563722 0.000563723 0.000564614 0.000563831 0.000565043 0.000563819 0.000605728 0.000563724 0.000563754 0.000563723 0.000563723 0.000563722 0.000563726 0.000563834 0.000656714 0.000564139 0.000563722 0.000563723 0.000563777 0.000563722 0.000563722 0.000563726 0.000563722 0.000563777 0.000831791 0.000563938 0.000563722 0.000563723 0.000563722 0.000563724 0.000563723 0.000564549 0.000563723 0.000563723 0.000563744 0.000586993 0.000563723 0.000563723 0.000563722 0.000902741 0.000563722 0.000563723 0.000563723 0.000563756 0.000623977 0.000564578 0.000610275 0.000563724 0.000563765 0.000563739 0.000563723 0.000563726 0.000563722 0.000563723 0.000563785 0.000563723 0.000563722 0.000563723 0.000563726 0.000563748 0.000563723 0.000563986 0.000563722 0.000563723 0.000563722 0.000563722 0.000563926 8.54962 0.000563722 0.000563723 0.000563724 0.000566454 0.000563725 0.000563722 0.000563754 0.000563724 0.000563723 0.000563725 0.000563723 0.000563723 0.000563799 0.000563722 0.000563722 0.000564936 0.000563748 0.000564054 0.000563723 0.000563723 0.00100166 0.000563722 0.00100399 0.000563723 0.000563723 0.000563815 0.000564383 0.000563789 0.000563725 0.000563723 0.000563723 0.000563723 0.000563722 0.000563724 0.000563724 0.000563722 0.000563723 0.000563722 0.000563931 0.000563723 0.000563723 0.000564558 0.000563722 0.00056408 15.1449 0.000564323 0.000563722 0.000563723 0.000563736 0.000563723 0.000563723 0.000563722 0.000563723 0.000563723 0.000563758 0.000563723 0.000563723 0.000563805 0.000563989 0.000563722 0.000563722 0.000563727 0.000563723 0.000563723 0.000563724 0.000563725 0.000563724 0.000563749 0.000564394 0.000563725 0.000563725 0.000563904 0.000563723 0.000563723 0.000563744 0.000563722 0.000563802 0.000563723 0.000564185 0.000603413 0.000563724 0.000568229 0.00056382 0.000563723 0.000563979 0.000572526 0.000563723 7.32462 0.000563723 0.000563783 0.000563722 0.000563722 0.000578627 0.000563723 0.000563722 0.000563723 0.0005643 0.000563725 0.000564171 0.732933 0.000573284 0.000564334 0.000563724 0.000565615 0.000600326 0.000711453 0.000563722 0.000563723 9.91232 0.000563725 0.000563722 0.000563939 0.000563722 0.000563722 0.000563722 0.000563722 0.000563744 0.000563723 0.000563724 0.000563723 0.000563722 0.000563723 0.000563722 0.000563786 0.000563722 0.00056373 0.000563723 0.000563723 0.000563724 0.000563723 0.000563725 0.000563843 0.000563722 0.000563735 0.000563722 0.000563722 0.000563934 0.000568892 23.5315 0.000563758 0.000563724 0.000563791 0.00056379 0.000563724 0.000563723 0.000563722 0.000563723 0.000564841 0.000563723 0.000563723 0.000563787 0.000576028 0.000563723 0.000577711 0.000563722 0.000563723 0.000563722 0.000579931 0.000563723 0.000563723 0.000563736 0.000563722 0.000563722 0.000563725 0.000563724 0.000564029 0.000563726 0.000563723 0.000563722 0.000563723 0.000563967 0.000563723 0.000563722 0.000563722 0.000563722 0.00056876 0.000709782 0.000563723 0.000563731 0.000563722 0.000563722 0.000563723 0.00216165 0.000563723 0.000563722 0.000564421 0.000563723 0.000563723 0.000564176 0.000563786 0.000563722 0.000563726 0.000563726 0.000563725 0.000563722 0.000563723 0.00056374 0.000563722 0.000563723 0.000563722 0.000563742 0.000563724 0.000563724 0.000563865 0.000563723 0.000563723 0.000564359 0.000563748 0.000564613 0.000563724 0.000563723 0.000563908 0.000563799 0.000563722 0.000563756 0.000563722 0.000563724 0.000563725 0.000563724 0.000563723 0.000563723 0.000573219 0.000563724 0.000563723 0.000563723 0.000563722 0.000563722 0.000563724 0.000563748 0.000563722 0.000563722 0.000563727 0.000563723 0.000563724 0.000563723 0.000563723 0.000563723 0.000563723 0.000564031 0.000563722 0.00101554 0.000563723 0.000563729 0.000563723 0.000564295 0.000563722 0.000563722 0.000563723 0.00056373 0.000563774 0.000563899 0.000563724 0.000563724 0.000563723 0.000563868 0.000563723 0.000563724 0.000563723 0.000563859 0.000563723 0.000563869 0.000563917 0.000563856 0.000563723 0.000563754 0.000563723 107.733 0.000563723 0.000563727 0.00056373 0.000563723 0.000563783 0.000563723 0.000563744 15.2269 0.000563724 0.000563723 0.000564249 0.000563722 0.000609564 0.000563723 0.000563723 0.000564323 15.7057 0.000563722 0.000564269 0.000563722 0.000563723 0.000563722 0.00056398 0.000564889 0.000563722 0.000563722 0.000563722 0.000563723 0.000563723 0.000563723 0.000563722 0.000563723 0.000563724 0.000563723 0.000563722 0.000563741 0.000563722 0.000563724 0.000563745 0.000564037 0.000563722 0.000563723 0.000563723 0.000563723 0.000563723 0.000563722 0.000563724 0.000563723 0.000563724 0.000563723 0.000563723 0.000563792 0.000563723 0.000563723 0.000563723 0.000563722 0.000564313 0.000565218 0.000563723 0.000563724 0.000563723 0.000563723 0.000563723 0.000563722 0.000563725 0.000563722 0.000563782 0.000563722 0.000563725 0.000563722 0.000563723 0.000564114 0.000563896 0.000606846 0.000563723 0.000573533 0.000563725 0.000563722 28.3379 0.000563722 0.000564019 0.000563723 0.00096507 0.000563723 0.000563722 0.000563722 0.000563722 0.000563722 0.000563723 0.000563723 0.00056375 0.000563986 0.000563722 0.000563723 0.000563723 0.000563723 0.000563786 0.000563775 0.000563722 0.000587323 166.571 0.000563722 0.000563722 0.000564005 0.000563723 0.000563726 0.000563741 0.000563722 58.7272 0.000563742 0.000599873 0.000563723 0.000564783 0.000563723 0.000563722 0.000563723 0.000563723 0.000563775 45.0988 0.000563724 0.000568768 0.000563723 0.000563727 0.016423 0.000563723 0.000563745 0.000563804 0.000563722 0.000563724 0.000563817 0.000563723 0.000563725 0.000563723 0.00056373 0.00056391 0.00056479 0.000563724 0.000563733 0.000563723 0.000563723 0.000563725 0.000563747 0.000563723 7.29991 0.000563729 0.000570668 0.000563723 0.000563723 0.000563722 0.000658362 0.000563723 0.000634593 0.000564149 0.000570606 0.000563723 0.000564582 0.000563723 0.000563723 0.000563722 0.000563723 0.000564971 0.000563724 0.000585045 0.000563734 0.000574452 0.000563722 0.000563773 0.000563723 0.000563744 0.000563732 0.00056398 0.00056383 30.2893 0.000577963 0.000563727 0.000563723 0.000563725 0.000563723 0.000563725 0.000563722 0.000565648 0.000563732 0.000563722 0.000563722 0.000563725 0.000572527 0.000563725 0.000563722 0.000563723 0.000563722 0.000563739 0.000564938 0.000563725 0.000563722 0.000563723 0.000564413 0.000563771 0.000563723 0.000563722 0.000563722 0.000563722 0.000563723 0.000563722 102.527 0.000563723 0.000563723 0.000563722 0.000758068 0.000563723 0.000564396 0.000602229 0.000563725 0.000563819 0.000563722 0.000563725 0.000563723 0.000563722 0.000580802 0.000563739 0.000563984 0.000563723 0.000563722 0.000563722 0.000563722 0.000563907 0.000564462 0.000563723 0.000563731 0.000563726 0.000867397 0.000563723 0.000563722 0.000563722 0.000563865 0.000563723 0.000563951 0.000563722 0.000563868 0.000563722 0.000563723 0.000563726 0.000563723 0.000572459 0.000563722 0.000563728 0.000563724 0.000563722 0.000563722 0.000563728 0.000563728 0.00056693 0.000647122 0.000563723 0.000563722 0.000563722 0.000563742 14.6744 0.000563821 0.000563726 0.000563723 0.000563723 0.000563756 0.000563726 0.000563723 0.00057557 0.000563735 0.000563723 0.000563724 0.000563723 0.000563723 0.000563724 0.000563723 0.000563722 0.000563722 0.000563723 0.000563723 0.000563724 0.000567036 0.000563723 0.000563722 0.000563723 0.000619336 0.000563722 0.000563722 0.000563726 0.000563722 0.000563725 0.000563722 0.000563722 0.000563724 0.000570225 0.00100447 0.000563723 0.000563722 0.000563723 0.000563723 0.000563722 0.000563722 0.000564875 0.000563722 0.000563722 0.000563724 0.000563724 0.000563723 0.000563722 0.000563723 0.000563723 0.000563912 0.000563724 0.000563723 0.000563724 0.000563723 0.000563723 0.000563723 0.000563724 0.000563828 0.000563723 0.000563723 0.000563722 0.000563725 0.000563784 0.000563723 0.000565666 0.000563723 0.000563725 0.000563753 0.000563723 0.000565063 0.000564574 0.000564885 0.000563723 0.000563733 0.000564075 101.445 0.000563723 0.000563723 0.000563725 0.000563722 0.000563722 0.000563723 0.000563722 0.000563722 0.000563723 0.000563725 0.000563723 0.000563722 0.000563723 0.000563723 0.000563723 0.000563739 0.000563722 0.000563723 0.000563723 0.000564182 0.000564021 0.000563722 0.000563727 0.000619125 0.000563723 0.000564188 0.000563772 0.000563724 0.000563724 0.000563722 0.000563744 8.32964 0.000563722 0.000583579 0.000563722 0.000563749 0.000563722 0.000563723 0.000564142 0.000563723 0.000563724 0.000563723 0.000603711 0.000563907 0.000563722 0.000563722 0.000563725 0.000563733 0.000563723 0.000563722 0.000563726 0.000563722 0.000563722 0.000563724 0.000563723 0.000563722 0.000563722 0.000563915 0.000563842 0.000563724 0.0893569 0.000563722 0.000563728 0.000563872 0.000563723 0.000563727 0.000563817 0.000608076 0.000563724 0.0222569 0.000563723 0.000563724 0.000563732 0.000594963 0.000563726 0.000563722 0.000563724 0.000563723 0.000563787 0.000563723 0.000565301 0.000563722 0.000563723 0.000563728 0.000564661 0.000563787 0.000563724 0.000563723 0.000563723 0.000563723 0.000563723 0.000563727 0.000563761 0.000563723 0.000563724 0.000563724 15.6021 0.000563724 0.000563723 0.000563723 0.000563723 0.000566058 0.000563754 0.000563723 0.000664021 0.000566361 0.000563727 0.000563723 0.000563722 0.000564731 0.000563723 0.000563904 0.000563726 0.000571489 0.000563727 0.000563722 0.000563752 0.000563783 0.000563732 0.000563825 0.000563722 0.000563724 0.000563722 0.000564059 0.000563722 0.000563755 0.000563753 0.000563724 0.000564621 0.000563723 0.000563724 0.000563723 36.2829 0.000563722 0.000563723 0.000563723 0.000563769 0.000564325 0.000563725 0.000563724 0.000563722 0.000564069 0.000563722 0.000563935 0.000563862 0.000563735 0.000563723 0.000563722 0.000563723 0.000592443 0.000563723 0.000563724 0.000563723 0.000563723 0.000563724 0.000613599 0.000563725 0.000563778 0.000563722 0.000563722 0.000563725 0.000563724 0.000563723 0.000563723 0.000563723 0.000563731 0.000563725 0.000563722 0.000563723 0.000563723 0.000563888 0.000563725 0.000563723 0.000564206 0.000586616 0.000563723 0.000563743 0.000563722 0.000563732 0.000563723 0.000563723 0.000563723 0.000563723 0.000563724 0.000564367 0.000563723 0.000563733 0.000569429 0.000823623 0.000563722 0.000563722 0.000563723 0.000573827 0.000563731 0.000563723 0.000563724 0.000563723 0.000563722 0.000563724 0.000563725 0.000563723 0.000563723 0.000563722 0.000563723 0.000563739 0.000563722 0.000563725 0.000563724 0.000563789 0.00056373 0.000563724 0.000563724 0.000563723 0.000563999 0.000563723 0.000563722 0.000563783 0.000563723 0.000563722 0.000563723 0.000565498 0.000563722 0.000563782 0.000563722 0.000564025 0.000563722 0.000564233 0.000563722 0.000563726 0.000563937 0.000563724 0.000563723 0.000563722 0.000564973 0.000594019 0.000564173 0.00056422 0.000563723 0.000563723 0.000563722 0.000563722 0.000563722 0.000563738 0.000563738 17.3294 0.000563722 0.000563723 0.000563724 0.000563724 0.000563723 0.000563724 0.000563724 0.000563723 0.000563723 0.000563724 0.000563723 0.000563732 0.000563723 0.000563722 0.000563725 0.000563723 0.000563724 0.00056373 0.00162615 0.000577769 17.5879 0.000563871 0.000746975 0.000563723 0.000563723 0.000563725 0.000564167 0.000563723 0.000563725 0.000563828 0.000563724 0.000563753 0.000563722 0.000563722 0.000563981 0.00056373 0.000563725 0.000564671 0.000564996 0.000563723 0.000563723 0.000563723 0.000563724 0.000565038 0.000569278 0.000570251 0.000563724 0.000563984 0.000588998 0.000563734 0.000563723 0.000563724 0.000564644 0.000563724 0.000563722 0.000563723 0.000563723 0.000564312 0.000586256 0.000563853 0.000563723 0.000563725 0.000563994 0.000563722 0.000563962 0.00173265 0.000563743 0.000563723 0.000563723 0.000563722 0.000563723 0.000563723 0.000563725 0.000563779 0.000563723 0.000564286 0.000563723 0.00056449 0.000563722 0.000563722 0.000563722 0.000563722 0.00056422 0.000563726 0.000563819 0.000564066 0.000563722 0.000563723 0.000563722 0.000563723 0.000563861 0.000563723 0.000563722 0.000563722 0.000563724 0.000563725 0.000563725 0.000563744 0.000563783 0.000563724 0.000563891 0.000563722 0.000568274 0.000563722 0.000563722 0.000563723 0.000563723 0.000564832 0.000563722 0.000563724 0.000563723 0.000563722 0.000563723 0.000564054 0.000563723 0.000563817 0.000563722 0.000563723 0.000565437 0.000563723 0.000563734 0.000563722 0.000563724 0.000564316 0.000563726 0.000563723 0.000563722 0.000563723 0.000564084 0.00056378 0.00056537 0.000565793 0.000563722 0.000563723 0.000563722 0.000620517 0.000563745 0.000563723 0.000563794 0.000563723 0.000563723 0.000563748 0.000563725 0.000563783 0.000564344 0.000564179 0.000584467 0.000563724 0.000564753 0.000563723 0.000618952 0.000563725 0.000563724 0.000563723 0.000563723 0.000564041 0.00056387 0.000563725 0.000563723 0.000563722 0.000563737 0.000563801 0.000563912 0.000564704 0.000563722 0.000563723 0.000563722 0.00056376 0.000564301 0.000563787 0.000563727 0.000563722 0.000563723 0.000563904 0.000563722 0.00058451 0.000563764 0.000563722 0.000563737 0.000563724 0.000563726 0.000566064 0.000563723 0.000563723 0.000617699 0.000563723 0.000563911 0.000563737 0.000563739 0.000563723 0.000563723 0.000563779 0.000563723 0.000563766 0.000563724 0.000563723 0.000563733 0.000563724 0.000563722 0.000563724 0.000563722 0.000563723 0.000563723 0.000563724 0.000565174 0.000636952 0.000563722 0.000563767 0.000563835 0.000563723 0.000563821 0.000567325 0.000563722 0.00056428 0.000585036 0.000563724 0.000563724 0.000563722 0.000563724 0.000563724 0.000563723 0.000563723 0.000563723 0.000563722 0.000563723 0.000564092 0.000563725 0.000563724 0.000563727 0.000586981 0.000563725 0.000563722 0.000563723 0.000564367 0.000563722 0.000563723 0.000563722 0.000563723 0.000563723 0.000564336 0.000563722 0.00056384 0.000563722 0.000563723 0.000563723 0.00156958 0.000563723 0.000563832 0.000563722 0.000563724 0.000563725 0.000563725 0.000563722 0.000563722 0.000564435 0.000563726 0.000563723 0.000563725 0.000563722 0.000563722 0.000563725 0.000563723 0.000563723 0.000563724 0.000563723 0.000661673 0.00056389 0.000563725 0.000564344 0.000563724 0.000563725 0.000563724 0.000563722 0.000563762 0.000564784 0.000563728 0.000585955 0.000563812 0.000563722 0.000563723 0.000563723 0.000563722 0.000563723 0.000564271 0.000563857 0.000563723 0.000563742 0.000563722 0.000563734 0.000563726 0.000563722 121.859 0.000563722 0.000563722 0.000563722 0.000563727 0.000563722 0.000563723 0.000563724 0.000563725 0.000563723 0.000563724 0.000563723 0.000563723 0.000563722 0.000564182 0.000564298 0.000563724 0.000563723 0.000563723 0.000563723 59.427 0.000563725 0.000564121 0.000563858 0.000563723 0.000564088 0.000563722 0.000563722 0.000565354 0.000563722 0.000563722 0.000564903 0.000563723 0.000563723 0.000563935 0.000563723 0.000563722 0.000563729 0.000563722 0.000563724 0.000563728 0.000563969 0.000563723 0.000563908 0.000564698 0.00056384 0.000563724 0.000563722 0.000563723 0.000563723 0.000563723 0.000563724 0.000563723 0.000563723 0.000564339 0.000563724 0.000563724 0.000563722 0.000563723 0.000563768 0.000563797 0.000563722 0.0019927 0.00056399 0.000563932 0.000563725 0.000563722 0.000563723 0.000574671 0.000563722 0.000563825 0.000566024 43.0041 0.000563722 0.000804074 0.000563725 0.000563723 0.000563728 0.00056373 0.000563722 0.000563722 0.000563722 0.000563725 0.000563722 0.000563722 0.000563723 0.000563723 0.000563723 0.000563723 0.000563722 0.000563723 0.000563724 0.000563722 0.000563722 0.000563722 0.000563723 0.000570271 0.000563736 0.000563724 0.000563723 0.000567149 0.000563722 0.000564585 0.000696221 0.000576687 0.000563722 0.000563723 0.000563722 0.000563723 42.7812 0.000563722 0.000563892 0.000563752 0.000563722 0.000563725 0.000624988 0.000563723 0.000563724 0.000563723 0.000563723 0.000563724 0.000563724 28.1409 0.000563725 0.000563724 0.000563723 0.000563722 0.000563723 0.000563727 0.000564087 0.000565066 0.000563786 0.000563722 0.000563722 0.000563725 0.000563723 0.000579796 0.000563725 0.000563723 0.000563964 0.000563725 0.000563722 0.000563722 28.3379 0.000563724 0.000563722 0.000563731 0.000563723 0.000563722 0.000563723 0.00056373 0.000572113 0.000563722 0.000563724 0.000563723 0.000563725 0.000563723 0.000563722 0.000563723 0.000563722 0.000563725 0.000564423 0.000563724 0.000563724 0.000563725 0.000563828 0.000563723 0.000564513 0.000563723 0.000563724 0.000563722 0.000563725 0.000564287 0.000563746 0.000669202 0.000563722 0.000563724 0.000563723 0.000563807 0.000563722 0.000563723 0.000563722 0.000564927 0.000563723 0.00056393 0.000563723 0.000563722 0.000563763 0.000563731 0.000563724 0.000563723 0.000617009 0.000563724 0.000563724 0.000563729 0.000563722 0.000563722 0.000563722 0.000619691 0.000564094 0.000563725 0.000563723 0.000565819 72.0141 0.000563723 0.000564188 0.000563726 0.000563723 0.000778661 0.000563723 0.000563722 0.000563723 0.000563755 0.000563724 0.000563722 0.000563726 0.000563724 0.000563723 0.000563725 0.000563722 0.000563723 0.000563722 0.000563722 0.000563722 0.000563724 0.000563723 0.000563724 0.000563723 0.000563725 0.000573483 0.000563726 0.000563868 0.000563723 0.000563722 0.000563723 28.0824 0.000563751 0.000563758 0.000567968 0.000596534 0.000563723 0.000563722 0.000563722 0.000564779 0.000563746 0.000563961 0.000563722 0.000563723 0.000563723 0.000563725 0.000563724 0.000563722 0.220073 0.000638064 0.000564162 0.000568993 0.000563724 0.000563722 0.000563723 0.000563732 0.000563724 0.000563722 0.000563742 0.000563723 0.00056381 0.000568944 0.000563724 0.000563722 0.150951 0.000563723 0.000563723 0.00147532 0.000563723 0.000563722 0.000563722 0.000563723 0.000563735 0.000563722 0.000563723 0.000563723 0.000563724 0.000563722 0.000563723 0.000563755 0.000564448 0.000563723 0.000563722 0.000563723 0.000563722 0.000563724 0.000563722 0.000563726 0.000563723 0.000563761 0.000563726 0.00056384 0.000563724 0.000563725 0.000563725 0.000563737 0.000563722 0.000563722 0.000563744 29.4813 0.000563724 0.000564765 0.000563724 0.000564435 0.000563723 0.000563722 0.000563723 0.000563722 0.000563723 0.000563804 0.000563722 0.000563882 0.000563723 0.000564037 0.000564331 0.00056399 0.000563724 0.000563725 0.000563731 0.000563722 0.000563723 0.000563722 0.000563723 0.000563724 0.000563795 0.000563724 0.000570132 0.000563722 0.000563723 0.000568402 0.000563725 0.000573286 0.000565415 0.000563723 0.000563725 0.000563722 0.000563724 0.000572881 0.000563735 0.000564273 0.000563882 0.000563726 0.000563722 0.000563723 0.000563723 0.000584937 0.000563728 0.000563722 0.000563722 0.000563794 0.000563723 0.000563722 0.000563723 0.000565433 0.00056386 56.6753 0.000563724 0.000563723 0.000570857 0.000563722 0.000563722 0.000563722 0.000603616 0.000563722 0.000563723 0.00056446 0.000563723 0.000563723 0.000563722 0.000563731 0.000563731 0.000563724 0.000564152 0.000563725 0.000563968 0.000563724 0.000564554 0.000563723 0.000564561 0.000563723 0.000563724 0.000563722 0.000564339 0.000563722 0.000563722 40.8804 0.000563723 0.000563723 0.000563722 0.000563724 0.000563722 0.000578551 0.000563723 0.000563723 0.000564476 0.000563723 0.000563722 0.000563734 0.000563736 0.000563723 0.000563722 0.000576675 0.000563725 0.000563723 0.000564015 0.000563731 0.000563723 0.000563814 0.000563724 0.000567312 0.000563722 0.000563723 0.00056381 0.00056374 0.00056396 0.000563722 0.000563722 0.000563841 0.000563741 0.000563725 0.000563725 0.000563723 0.000563723 0.000563722 0.000563723 0.000563722 0.000563744 0.000621582 0.000563722 0.000565299 0.000563723 0.000563723 0.000564907 0.000563723 0.00063163 0.000563722 83.1808 0.000563722 0.000563733 0.000563724 0.000563723 0.000564429 0.000563724 0.000563748 0.000563727 0.000563723 0.000565347 0.000563722 0.000563723 0.000563722 0.000563723 0.00056528 0.000563722 0.000563723 0.000563723 0.000572598 0.000563725 0.000563722 0.000563722 0.000563723 0.000563723 0.000563828 0.000563722 0.000563724 0.000563722 122.95 0.000563723 0.000563723 0.000572578 0.000565009 0.000563723 0.000563723 0.000563723 0.000563727 0.000677658 0.000563722 0.000563812 0.000563724 0.000606926 0.000563723 0.00056373 0.000563724 0.000581794 19.8241 0.000563722 0.000563722 0.000563728 0.000563723 0.000563723 0.000563723 0.000581759 0.000563722 0.000563723 0.000563722 0.000563722 0.000563722 0.000563722 0.000563728 0.00056443 0.000563723 0.000601184 0.000563723 0.000563724 0.00056539 0.000563722 0.000563723 0.000563944 0.000564705 0.000563725 0.000563724 0.000563725 0.000563723 0.000563723 0.000563738 0.000563798 0.000563726 0.000563724 0.000565665 0.000569223 0.000563723 0.000563723 0.000580093 0.000563724 55.1141 0.000563723 0.000619557 0.000563774 0.000563722 0.000563723 0.000563723 0.000563723 0.000563723 0.000563833 0.000563724 0.000563724 0.000567122 0.000564206 0.000563726 0.000563722 0.000563723 0.000563722 0.000563723 0.000563723 0.000563723 0.000563725 0.000563723 0.000563888 0.000563722 0.000563903 0.000563724 0.000563723 0.000563724 0.000563724 0.000564426 0.000563722 0.000565149 0.000563723 0.000563722 0.000563722 0.000563746 0.000564006 0.000563724 43.6135 0.000563726 0.00056378 0.000563723 0.000563722 0.000563722 0.000563784 0.000563724 0.000563722 0.000563724 0.000563729 0.000563766 0.000563722 0.000563724 0.000563722 0.000563723 0.000563722 0.000564191 0.000563722 0.000563724 0.000584615 0.000563823 0.000563751 0.000563722 0.000563723 0.000563723 0.000563723 0.000563723 0.000563722 0.000563722 0.000563723 0.000563723 0.000563725 0.00056487 0.000563725 0.000563723 0.000563723 0.000563723 0.000563723 0.000563723 0.000672841 0.000563725 0.000564147 0.000563722 0.000563723 0.000604383 0.000563726 0.000563974 0.000563722 0.000563724 0.000563724 0.000564381 0.000563723 0.000563725 0.00056382 0.000563723 0.000563722 0.000565442 160.843 0.000563746 0.000563723 0.000688525 0.000563745 0.000563724 0.000563723 0.000563727 0.000563724 0.000563724 0.000563722 0.000563722 0.000563723 0.000563722 0.000563722 0.000563724 0.000563727 0.000563723 0.00056389 0.000563723 0.000563723 0.000638368 0.000563826 0.000564159 0.000563739 0.000572233 0.000605639 0.000563722 0.000563754 0.000574885 0.000563722 0.000563722 0.000563722 0.000563726 0.000563724 0.000563722 0.000563722 0.000563764 0.000563968 0.000563724 0.000564166 0.000625012 0.000564266 0.000563725 0.000563723 0.000580268 0.000675984 0.000563723 0.000563915 0.000563724 0.000563722 0.000563744 0.000563722 0.000616771 0.000563723 0.000563722 0.000563723 0.000569588 0.000563724 0.000563722 0.000563723 0.000563722 0.000563723 0.000576703 0.000563722 0.000563812 0.000563722 0.000564529 0.000563729 0.000563723 0.000563723 0.000563724 0.000563723 0.000563725 0.000563729 0.000563733 0.000563723 0.000563723 0.000563723 0.000564223 0.000563723 0.000563725 0.000563723 0.000563723 0.000563723 0.000563723 0.000563722 0.000563723 0.000579751 0.000563722 0.000563722 0.000563725 0.000563726 0.000563722 0.000563722 0.000563727 0.000563724 0.000563725 0.00056373 0.00056373 0.000563724 0.000586918 0.000563722 0.000563746 0.000564243 0.000563723 0.000563723 0.000563722 0.000563722 0.000569058 0.000563723 0.000563723 0.000563724 0.000563723 0.000563723 0.000563722 0.000563723 0.000564119 0.000563722 0.000563724 0.000563723 0.000563723 0.000563731 0.000563725 0.000563723 0.000571232 0.000563723 0.000563722 0.00057778 0.000563724 0.000563724 0.000563723 0.000563723 0.000563723 0.000563723 0.000563722 0.000563724 0.000564129 0.00056373 0.000563723 0.000566088 0.000563722 0.000563722 0.000563726 0.000563723 0.000563723 0.000563723 0.000563723 0.000563722 0.000563723 0.000563768 0.000563726 0.000563722 0.00056373 0.000563722 0.000563723 0.000563725 0.000563725 0.000563723 0.000563734 0.000563723 0.000563725 0.000563722 0.000563723 0.000564531 0.000563725 0.000563722 0.000563723 0.000563723 0.000563723 0.000577565 0.000563795 0.000563723 0.000563722 0.000563723 0.00056373 0.000563736 0.000577556 0.00134153 0.000563723 0.000563724 0.000563722 0.000567611 0.000563722 0.000563724 0.000563723 0.000563724 0.000563959 0.000563722 0.000563723 0.000563737 0.000563733 0.000563788 0.000563724 0.000563722 11.4514 0.000563723 0.000563728 0.000563803 0.000563722 0.000563728 0.000563723 0.000563724 0.000589247 0.000564489 0.000563723 0.000563723 0.000563724 0.000563866 0.000563723 0.000563723 0.000563722 0.000563723 0.000563722 0.000563723 0.000563819 0.000563723 0.000563976 0.000563752 0.000607441 0.000563842 0.000563724 0.000563723 0.000563725 0.000563723 0.000564084 0.000563723 0.000563723 0.000563724 0.000564541 0.000563724 14.6481 0.000563723 0.000563728 0.000563723 0.000563725 0.00085232 0.000563771 0.000563723 0.000564755 0.000563722 0.000563726 0.000563723 0.000563822 0.000563841 0.000563725 0.000563801 0.000564006 0.000563727 0.000563724 0.000598601 0.000563723 0.000563724 0.000564268 0.000563725 0.000563814 0.000575233 0.000565267 0.000563749 0.000564011 0.000564971 0.000563724 0.00056401 34.0654 0.000564312 0.000563723 0.000563725 0.000563748 0.000563728 0.000563722 0.000563726 0.000566636 0.000563722 0.000566599 0.000563998 0.000563722 0.000566872 0.000563723 0.000563724 0.000563732 0.000563725 0.000563724 0.000564855 9.07893 0.000563723 0.00056712 0.000564255 0.000563727 0.000563722 0.000563838 0.000563723 0.000563723 0.000563724 0.000563723 0.000563726 0.000563723 0.000563723 0.000563759 0.000602817 0.000563723 0.000564278 0.000563795 0.000563723 0.000563722 0.000563723 0.000563723 0.000563723 19.6961 0.000563725 0.000563723 0.000563722 0.000563724 0.000563724 0.000563723 0.000563722 0.000563724 0.000563724 0.000563722 51.5913 0.000563723 0.000563723 0.000563723 0.000563727 0.000563722 0.000563722 0.000563774 0.000563723 0.000563723 0.000563723 0.000563723 0.000563725 0.000563727 0.000563744 0.000563738 0.000564066 0.000563722 0.000563722 0.000563723 0.000563723 0.000563726 0.000563723 0.000563723 0.00056376 0.000563724 0.000563722 0.000563725 0.000563751 0.00056378 0.000563722 0.000563722 0.000563722 0.000563833 0.000563724 0.000563723 0.000563723 0.000563727 0.000563726 0.000563723 0.000563725 0.000563725 0.000564903 0.000563722 0.000563726 0.000563723 0.000564519 0.000563882 0.000563723 0.000563723 0.000563722 0.000563723 0.000563723 0.000563772 0.000563724 0.000563722 0.000563722 0.000563723 0.000563723 0.000563729 0.000563723 0.000563722 0.000563723 0.000563724 0.000563828 0.000563722 0.00056434 0.000563723 0.000563723 0.000625992 0.000563725 0.00056373 0.000563723 0.000563732 0.000563753 0.000646276 0.000626819 0.000563744 0.000563723 0.000636103 0.000563722 0.000563961 0.000611689 0.000563784 0.000563723 0.000563722 0.00056375 0.000563935 0.000563722 0.000563722 0.000563723 0.000563726 0.000563724 0.000563726 0.000563723 0.000577052 0.000563728 0.000563723 0.000574754 0.000563722 0.000563724 0.000563737 0.000563722 0.000563723 0.00056377 0.000563722 0.000563723 0.000563723 0.000563752 0.000598745 0.000563723 0.000563723 0.000563723 0.000563724 0.000563765 0.000605764 0.000563725 0.00056373 0.000563723 0.000563723 0.000563723 0.000563723 0.000563723 0.000563722 0.000563722 0.000563722 0.000563811 0.000563734 0.000563761 0.000563724 0.000563722 0.000563723 0.000564048 0.000563874 0.000563723 0.000563722 0.000563723 0.000599999 0.000565453 0.000563723 0.000563725 0.000563723 0.000563729 0.00057649 50.1598 0.000563727 0.000563724 0.000563722 37.4458 0.000563722 0.000563724 0.000563728 0.000563737 0.000563724 0.000563723 0.000563722 0.000563724 0.000757735 0.000563722 0.000563723 0.000563723 0.000563723 0.000563723 0.00056374 0.000563722 0.000563724 0.000563723 0.000591294 0.000563755 0.000563723 0.000563724 0.00056844 0.000563724 0.000563727 0.000563741 0.000563722 0.000563875 0.000563802 0.000563724 0.000563723 0.000563723 0.000563722 0.000564386 0.000563825 0.000563722 0.000563723 0.000563722 0.000563769 0.000564049 0.000563727 0.000563722 0.000590935 0.000563722 0.000563723 0.000563722 0.000563722 0.000563723 0.000563724 0.000563727 0.000563723 0.000563916 0.000575303 0.000563723 0.000564058 0.000563723 0.000586858 0.000563923 0.000567031 0.000563722 0.000564157 0.000563722 0.000563723 0.00060885 0.000564486 0.000631536 0.000631288 0.000563722 0.000566294 0.000563722 0.000563723 0.000563723 0.000563762 0.000563747 0.000563723 0.000563723 0.000563724 0.000563722 0.000563722 0.000563723 0.000563723 0.000563722 0.000563723 0.000563743 0.000563722 0.000563723 0.000563723 0.000563725 0.000563722 30.3029 0.000563784 0.000563722 0.000580206 0.000563722 0.000563722 0.000563724 0.000563722 0.000563722 0.000563723 0.000563722 0.000563772 0.000563722 0.000593976 0.000563723 0.000563722 0.000563722 0.000563723 0.000563723 0.000563723 0.00059161 0.000563722 77.0859 0.000563918 0.000565684 0.000563767 0.000563722 0.000563723 0.000563912 0.000563731 0.000563749 44.5814 0.000563724 0.000563724 0.000563722 0.000563723 0.000563723 0.000563724 0.000564787 0.000563723 0.000564076 0.000563722 0.000563723 0.000563845 0.000575417 0.000563805 0.000564296 0.000563961 0.000563723 0.000563723 0.000652108 0.000563723 0.000563904 0.000563722 0.000563727 0.000563829 0.000563723 0.000563723 0.000563723 0.000563724 0.000563722 0.000598666 0.000563723 0.000563723 0.000563722 0.000563724 0.000563725 4.71836 0.000563723 0.000563722 0.000563722 0.000630176 0.000563722 0.000563723 0.000564484 0.000564691 0.000563818 0.000563745 0.000563722 0.00056477 0.000563723 0.000563722 0.000563907 0.000563723 0.000563723 0.000601691 0.000563726 0.000580915 0.000563724 0.000563724 0.000563723 0.000563723 0.000563723 0.000563722 0.000571332 0.000563723 0.000563724 0.000578707 0.000563723 0.000563724 0.000563725 0.000563724 0.000563795 0.000563722 0.000563727 0.000563723 22.4848 0.000563724 0.000563725 0.000563921 0.000563722 0.000563724 0.000564161 0.000563724 0.000565204 0.000563723 0.000563723 0.000563722 0.000563722 0.000563748 0.000563724 0.000563722 0.000563722 0.000563723 0.000563725 0.000563723 0.000563724 0.000573696 0.000563722 0.000566687 0.000563722 0.000563723 0.000563723 0.000563722 0.000563722 0.000563722 0.000563722 0.000564755 0.000563725 0.000563722 0.000563733 0.000563723 0.000563723 0.000572119 0.000563889 0.00056522 0.000563724 0.000563722 18.6892 0.000563723 0.000563759 0.000563723 0.000563722 0.000563944 0.000563723 0.000564031 0.000563723 0.000583608 0.000563722 0.000563921 0.000563724 0.000563743 0.000563727 0.000563723 0.000563723 0.000563724 0.00056376 0.000563722 0.000563723 0.000567351 0.000564326 0.000563722 0.000563726 0.000563722 0.000563725 0.000572758 0.000563723 0.000563723 0.000563724 0.000563723 0.000563726 0.000563725 0.00059359 0.000563722 0.000563802 0.000566493 0.000565209 0.000563723 0.000563723 0.000563723 0.000563724 0.000563933 0.000563722 0.000563722 0.000563722 0.000564323 0.000563723 0.000568092 0.000577603 0.000563731 0.000563723 0.000564001 0.000564027 0.000563724 0.000569427 0.000563724 0.000563723 0.000563723 88.0381 0.000563765 29.1664 0.000563872 0.000563723 0.000563725 0.000563724 0.000563722 0.000563723 0.000563722 0.000563723 0.000563722 0.000563911 0.000563723 0.000563723 0.000563723 0.000563725 0.000563729 0.000563894 0.000563965 0.000563723 0.000563724 0.000563723 0.000563723 0.000563723 0.000563727 0.000563722 0.000637183 0.000563825 0.000563722 0.000563723 0.000563723 0.000563722 0.000563722 0.000563723 0.000563722 0.00058321 15.2076 0.000563818 0.000563722 0.000563936 0.000563748 0.000563723 0.000563723 0.000563722 0.000563723 0.000563723 0.000563722 0.000563723 0.000563722 0.000563723 0.000564204 0.000563723 0.000563724 0.000571674 0.000563724 0.000563722 0.000563724 0.000563724 0.000563722 0.000645567 0.000563753 0.000563722 0.000563723 0.000564482 0.000563724 0.000563722 0.000588075 0.000598928 0.000563723 0.000563722 0.000563724 0.000563756 0.000563723 0.000563723 0.000563726 0.000563723 0.000563723 0.000563751 0.000563723 0.000563722 0.000563723 0.000581577 0.000563722 0.000576593 0.000563722 0.000563723 0.000563722 0.000563725 0.000620178 0.000563722 0.000563725 0.000563725 0.000570132 0.000563723 0.000563723 0.000563822 0.000563723 0.000563722 0.000563724 0.000563722 0.000563723 0.000563725 0.000564304 0.000563725 0.000563723 0.000563732 0.000563723 0.000563797 0.000563722 0.000572926 0.000563722 0.000563722 0.000563723 0.000563723 0.000563723 0.000563722 0.000563723 0.000563723 0.000563723 0.000563723 0.000566422 0.000563724 0.000563727 0.000563858 0.000563723 0.000563789 0.000563724 0.000571043 0.000563724 0.000565047 0.000563722 0.000563781 0.000563722 0.000563723 0.000563722 0.000563722 0.000563723 0.000563722 0.000563851 0.000564821 0.000563739 8.80561 0.000563723 0.000563766 0.000564066 0.000563722 0.000563735 0.000563722 0.000563791 0.000563725 0.000563723 0.000563723 0.00056373 0.000563722 0.000563723 0.000563723 0.000563804 0.000563722 0.000563723 0.000563728 0.000563745 0.000568066 0.000563725 0.000563727 0.000563723 0.000563723 0.000563723 0.000564503 0.000563734 0.000563723 0.000563742 0.000563723 0.000563722 0.000564917 0.000563723 0.000564403 0.000563723 0.000563762 0.000665755 0.000563726 0.000608146 0.000563723 0.000563722 0.000577914 0.000563722 0.000563723 0.000563722 0.000563722 0.000563723 0.000563725 0.000563723 0.000563722 0.00058179 0.000563877 0.000563722 0.000563725 0.000563728 0.000565658 0.000563724 0.000563723 0.000563745 152.575 0.000563928 0.000563842 0.000563723 0.000563723 0.000563722 0.000563723 0.000563723 0.000563724 0.000563722 0.000563723 0.000563722 0.000563722 0.000569197 0.000575709 0.000563984 0.000564783 0.000563742 0.000563974 0.000563723 0.000563723 0.000563933 0.000563722 0.000563722 0.000563723 0.000563722 0.000563723 0.000564237 0.000563722 0.000563722 0.000563722 0.000564046 0.000613856 0.000563726 0.000563724 0.000563722 0.000563724 0.000563722 0.000563724 0.000581381 0.000563724 0.000563723 0.000563962 0.000563723 0.000563723 0.000563774 0.000563748 0.000563722 0.000670749 0.000563723 0.000587067 0.000563724 0.000563723 0.000563723 0.000563723 0.000563723 0.000563722 0.000563869 0.00056386 0.000563723 0.000563723 0.000563723 0.000563722 0.000563722 0.000563722 0.000563723 0.000563869 0.000563722 0.000563723 0.000563723 0.000563753 0.000563724 0.000563722 0.000563723 0.000563723 0.000563732 0.000563833 0.000563808 0.000994007 0.000566973 0.000563763 0.000563751 0.000563725 0.000563761 0.000570233 0.000563723 0.000563764 0.000563722 0.00058791 0.000563722 0.000563724 0.000563722 0.000664734 0.000563722 0.000563724 0.000563771 29.1394 0.000563723 0.000563722 0.000563723 0.000564577 0.000563723 0.000588114 0.000563724 0.000563722 0.00258065 0.000563722 0.000634893 0.000563722 0.000563724 0.000563723 0.000563727 0.000571845 0.000563722 0.000563725 0.000563768 0.000564051 0.000563731 0.000563733 0.000563726 0.000563724 0.000563852 0.000564014 0.00077434 0.000563725 0.000563724 0.000563726 0.000563726 0.000563722 0.000563723 0.000563725 0.000563731 0.000563723 0.000563724 0.000563723 0.000563723 0.000563725 0.000563724 0.000563748 0.000563741 0.000563722 0.000638778 0.000563905 0.00056375 0.00056413 0.000563722 0.000565717 0.000563723 0.000563722 0.000563724 0.000564382 0.000563723 0.000564395 0.000563725 0.000563725 0.000563723 0.000563722 0.000565092 0.000563723 0.000563724 0.000564124 0.000563724 0.000563722 0.000565617 0.000563722 0.000563725 0.000570155 0.000563722 0.000570805 0.000563723 0.000563746 0.000563723 0.000563723 0.000563724 0.000563724 0.000578086 0.000563725 0.000565985 0.0058688 0.000563723 0.00056815 28.3379 0.000563723 0.000563722 0.000563723 0.000563723 0.000563732 0.00056375 0.000593562 0.000563723 0.000563723 0.000563722 0.000563723 0.000564451 0.000563723 0.000563724 0.000685979 0.000563724 0.000563724 0.000563723 0.000563723 0.000563724 0.000563724 0.000563751 0.000564619 0.000563723 0.000564328 0.000563724 0.000563723 0.000563723 0.000563723 0.000563723 0.000563723 35.65 0.000563722 0.000563723 0.00056543 0.000563722 0.000563724 0.000563723 0.000564379 0.000563868 0.000563723 0.000563723 0.000563722 0.000614297 0.000563724 0.000563722 0.000563722 0.000566466 0.000563723 0.000563723 0.000767817 0.000563723 0.000570596 0.000563724 0.000563781 0.000563722 0.000564016 0.000660539 0.00056997 0.000563723 0.000563724 0.000563723 0.000564395 0.000563723 0.000563762 0.000568316 0.000563723 0.000563923 40.2255 0.000563724 0.00058707 0.000563723 0.000563724 0.000563722 0.000563787 0.000563724 0.000563739 34.9426 0.000563723 0.000563722 0.000564128 0.000563722 8.32962 0.000563724 0.000563724 0.000564731 0.000563724 0.000563724 0.000563723 0.000563723 0.000563918 0.000593981 0.000563722 0.000563722 0.000563724 0.000563725 0.000563722 0.000563723 0.000563724 0.000563723 0.000563723 0.000563723 0.000563722 0.000563724 0.000563722 0.000563722 0.000563858 0.000563722 0.000563746 0.000563745 0.000563722 0.000563723 0.000563722 0.000563794 0.000563844 0.000563722 0.00056741 0.000563723 0.000563723 0.000563777 0.000563726 0.000569304 0.000563768 0.000563723 0.000563728 0.000563867 0.000563722 0.000563723 0.000563824 0.000563724 0.000563722 0.000563722 0.000563722 0.000564055 0.000565437 0.000563722 0.000563723 0.000568614 0.000563808 0.000563745 0.000563724 0.000563893 0.000563722 0.000563726 0.000563722 0.000564184 0.000563723 0.000565017 0.000563722 0.000563723 0.000563722 0.000564006 0.000565006 0.000563724 0.000563723 0.000563722 0.000563724 0.000563727 0.000563725 0.00056409 0.000563722 0.000563722 0.000568782 0.000563722 0.000563794 0.00056377 0.000563942 0.000563729 0.000563725 0.000688683 0.000563724 0.000563729 0.000563723 0.000564939 0.000563774 0.000563783 0.000563724 0.000563723 0.000563723 0.000563722 0.000563723 0.000563724 0.000563725 0.000563725 0.000563722 0.000563723 0.000563723 0.000563724 0.000563731 0.000563725 0.000563772 0.000563722 0.000563722 0.000571001 0.000563723 0.000563723 0.000564077 0.000563722 0.000563723 0.000563723 0.000563723 0.000563872 0.000563723 0.000563722 0.000563723 0.000564245 0.000563723 0.000563722 0.000563722 0.000567743 0.000563725 0.000563723 0.000563724 0.000563724 0.000563884 316.493 0.000563723 0.000563723 0.000565705 0.000563783 0.000563723 0.000563724 0.000563723 0.000563722 0.000563737 0.000563724 0.000563833 0.000563722 0.000563722 0.000701597 62.3125 0.000564023 0.000563727 0.000563724 0.000564609 0.000563723 0.000563724 0.000563723 0.000563796 0.000563722 0.000564019 0.000563726 0.000563723 0.000563723 0.000563723 0.000820543 0.000563723 0.000563726 0.000563961 0.000563724 0.000563723 0.000563724 0.000563722 0.000563725 0.000563722 0.000563737 0.000717699 0.000563724 0.000581487 0.000563723 0.000563986 0.000563724 0.000563723 0.000563722 0.000563722 0.000563723 0.000563722 0.000569317 0.000563722 0.000563723 0.000563723 0.000563749 0.000563722 0.000563996 0.000563786 0.00056399 0.000563725 0.000601891 0.000564108 0.000563724 0.000563726 0.000563724 0.000563724 0.000563722 0.000563723 0.000563723 0.000563722 0.000563723 0.000563725 0.000563822 0.000563723 0.00110895 0.000563722 0.000563722 0.000563723 0.000598363 0.000563723 0.000563723 0.000563722 0.000563743 0.000608146 0.000565943 0.000736519 0.000563722 0.000563722 0.000563726 0.000563723 0.000563747 0.000563724 0.000563722 0.000563722 0.000584441 0.000563729 0.000563723 0.000577686 0.000563769 0.000563724 0.000563724 0.000563722 0.000563937 0.000563723 0.000563722 0.000563722 0.000564118 0.000563723 0.000563724 0.000563723 0.000563726 0.000563722 0.000563723 0.000563722 0.000563723 0.000563723 0.000563829 0.000563724 0.000563722 0.000563723 0.000563722 0.000563724 0.000563724 0.00056373 0.000563724 0.000563787 0.000563724 0.000563722 0.000563723 0.000563722 0.000563722 0.000564193 0.00056432 0.000563723 0.000563723 0.000563726 0.000563722 0.000564251 0.000563723 0.000563722 0.000563723 0.000583253 0.000563722 0.000563999 0.000563722 0.000563722 0.000563723 0.000563748 0.000563722 0.000671435 0.000563723 0.000563729 0.000563722 0.00056373 0.000563723 0.000563722 0.000563747 0.000617382 0.000563723 0.000563731 0.000563724 0.000595965 0.000563736 0.000563723 0.000563753 0.000563723 0.000563722 0.000564362 0.000563724 0.000563725 0.00056373 0.000563722 0.000563724 0.000809425 0.000563722 0.000853517 0.000563843 0.000563781 0.000563726 0.000563724 0.00069638 0.000563857 0.000563723 0.000630198 0.000563722 0.000563724 0.000563724 0.000563901 0.000563724 0.000563722 0.000565023 0.000563723 0.000563723 0.000563772 0.000563722 0.000563722 0.000563723 0.000563723 0.000563724 0.000581639 0.000563723 0.000563722 0.000563722 0.000563724 0.000563732 0.000563722 0.000563724 0.000564517 0.000563741 0.000564152 0.000563722 0.000563722 0.00393839 0.000563723 0.000563723 0.0005682 0.000671415 0.000563722 0.000563723 0.000563722 0.000563723 0.000563974 0.000563857 0.000563723 10.4911 0.000563723 0.000563723 0.000563725 0.000563959 0.000594074 0.000588744 0.000563725 0.000563723 0.000563722 0.000563739 0.000563724 68.0199 0.000563724 0.000563863 0.000563723 0.000624274 0.000563723 0.000563723 0.000564058 0.000563722 0.000563724 0.000563722 0.000563722 0.000564803 0.000563723 0.00056379 0.0005641 0.000563748 0.000563724 0.000564113 0.000573739 0.000563722 0.000563724 0.000563723 0.000569939 0.000563725 0.000563723 0.000563725 0.000563723 0.000563775 0.000584443 0.000571311 0.000563723 0.000563735 0.000563766 0.000563723 0.000564168 0.000563722 0.000563723 0.000563722 0.000563724 0.000563722 0.000563722 0.000563722 0.000563723 0.000563723 0.000563722 0.000563722 0.000563725 0.000563723 0.000563722 0.000563724 0.000563724 0.000563724 0.000563723 0.000564104 0.000563725 0.000564969 0.000563921 0.000563734 0.000563722 0.000563723 0.000563727 0.000563723 0.000563725 0.000563722 0.000563722 0.000563722 0.000563778 0.000563722 0.000563723 0.000563723 0.000563724 0.000563723 0.000563742 0.000563724 0.000563724 0.000563723 0.000563724 0.000563726 0.000563723 0.000563722 0.000563723 0.00545259 0.000563723 0.000563757 0.000563723 0.000563722 0.000563729 0.000563723 0.000563724 0.000563723 0.00056375 0.000563776 0.000563742 0.000564015 0.000563722 0.000563724 0.000563722 0.000564322 0.000563722 0.000563722 0.000563726 0.000563724 0.000563893 0.000585713 0.000563722 0.000563724 0.000564397 0.000563723 0.000563722 0.000565311 0.000563847 0.000576061 0.000563722 0.000563858 0.000563747 0.000570314 0.000563722 13.644 0.000563723 0.000563722 0.000563728 0.000563724 0.000570164 0.000563724 0.000563726 0.000563722 0.000563807 0.000565119 0.000563724 0.000563724 0.000563723 0.000563724 0.000594573 0.000563722 0.000563722 0.000563722 0.000563723 0.000563797 0.000563722 0.000563723 0.000563722 0.000563724 0.000563722 0.000563724 0.000563723 0.000563741 0.000563722 0.000563722 0.000563724 0.000563722 0.000563722 0.000563724 0.000563722 0.000563729 0.000563722 0.000563722 0.0364331 0.000563723 0.000563732 0.000563723 0.000563722 0.000563847 0.00056937 0.000564205 0.000563824 0.000687564 0.000633074 0.000563723 0.000563723 0.000563723 0.000563723 0.000563722 0.000563795 0.000563741 0.000563722 0.00056876 0.000563724 0.000563722 0.000563722 0.000565892 0.000563722 0.000563722 0.000563723 0.000563745 0.000563899 0.319726 0.000563726 0.000563722 0.000563723 0.000563723 0.000563724 0.000566246 0.000563723 0.000563723 0.000563727 0.000563728 0.000641771 0.000564649 0.000563723 0.000563723 0.000563722 0.000563723 0.000574915 0.000563722 0.000563775 0.000563722 0.000563722 0.000565297 0.000563786 0.000563723 0.000563722 0.000563729 0.000563722 0.000563729 0.000563725 0.000563722 0.000563724 0.000563727 0.000563722 0.000563725 0.000563724 0.000563723 0.000563723 0.000563754 0.000563723 0.000563726 0.000563723 0.000563722 0.000589713 0.000563725 0.000563725 0.000622688 0.000563723 0.000563724 0.000563723 0.000563722 0.000563722 0.000563723 0.000563722 0.000564999 0.000657508 0.000563722 0.000563848 0.000563722 0.000563722 0.000563724 0.00199444 0.000563724 0.000563722 0.000563722 0.000563723 0.000563723 0.000565608 0.000563723 0.000564538 0.000563905 0.000563722 0.000563923 0.000563723 0.000563723 0.000563733 0.000563734 0.000563724 0.000563745 0.000563724 0.000563723 0.000563779 0.000563723 0.000580369 0.000563902 0.000563811 0.000563726 0.000568266 0.000567461 0.000563723 0.000563722 0.000563722 0.000563724 0.000563723 0.000563799 0.000563725 0.000563828 0.000563723 0.000563724 0.000563811 0.000563722 0.000563723 0.000563722 0.000563724 0.000563772 0.000564394 0.000564297 0.000563723 0.000563723 0.000563722 0.000563724 0.000564037 0.000563722 0.000587342 0.000564558 0.000563722 0.000563724 0.000576829 0.000578496 0.000563724 0.000564861 0.000563724 0.000636614 0.000563722 0.000563724 0.000563722 0.000563722 0.000585428 0.000563723 0.000563842 0.000563722 0.000563723 92.8226 0.000563723 0.000563723 0.000563723 0.000563723 0.000563722 72.8639 4.09391 0.000563725 0.000563725 0.000563917 0.000563722 0.000563723 0.000585868 0.000563723 0.000563722 0.000563723 0.00056419 0.000563723 0.000563909 0.000563722 0.000563774 0.000563724 0.000563724 0.000563744 0.000563723 0.000564319 0.000563723 0.000563722 0.000563722 0.000563722 0.00056843 0.000563722 0.000563722 0.000563723 0.000563723 0.000563724 0.00056375 0.000563723 0.000563725 0.000563723 0.000563725 0.000563757 0.000563724 0.000563798 0.000563723 0.000563722 0.000563723 0.000563723 0.000563723 0.000563722 0.000563827 0.000563723 0.000563722 0.000563723 0.000563724 34.407 0.000563723 0.000563811 0.000563723 0.000563723 0.000563723 0.000563833 0.000563724 0.000563725 0.000563723 0.000563723 0.000563723 0.000563723 0.000563722 0.000567326 0.000563722 0.000563723 0.000563731 0.000564144 0.000563723 0.000563726 0.000563723 3.0226 0.000563722 0.000564032 0.000563739 0.000563722 0.000563722 0.000568089 0.000563722 0.000564449 0.000563722 0.000563728 0.000563723 0.000610529 0.000565381 0.000563733 0.000563723 0.000563723 0.000563723 0.000563723 0.000563722 0.000563833 0.000563971 0.000563723 0.000563769 0.000563722 0.000563723 0.000563722 0.000563723 0.000563723 0.000563722 0.00056373 0.000563723 0.000563724 0.000563736 0.000563726 0.000563723 0.000563722 0.000563727 0.000563722 0.000563723 0.000566225 0.00858875 0.00059327 0.000563725 0.000563726 0.000565106 0.000563723 0.000564145 0.000563725 0.000563723 0.000563722 0.000563724 0.000563802 0.000563724 0.000563802 0.000563722 0.000563722 0.000563723 0.000563728 0.000563723 0.000563723 0.000563768 0.000564248 0.000563723 0.000563742 0.000563723 42.4717 0.000563722 0.000563723 0.000563912 0.000563723 0.000563723 0.000563723 14.4685 0.000563928 0.000563723 0.000563722 0.000563724 0.000563723 0.000563723 0.000563722 0.000563725 0.000563742 0.00056378 0.000563726 0.000563722 0.000563723 0.000563829 0.000563723 0.000564601 0.000563724 0.00056804 0.000563725 0.000563723 0.000563723 0.000563953 0.000563722 0.000563766 0.000564883 0.000563723 0.000565726 0.000563722 0.000563723 0.000564198 0.000563722 0.000597137 0.000563917 0.000563724 0.000563723 0.000563746 0.000563723 0.000563722 0.000563723 0.000563722 0.000563723 0.000564474 0.000564401 0.000563831 0.000563722 0.000563755 0.000563723 0.000569072 0.000563724 0.000563722 0.000563722 0.000563723 0.000563722 0.000563821 0.000563723 0.000563724 0.000563723 0.000563722 0.000563723 0.000563724 0.000563723 0.000586305 0.000563724 0.000563724 0.000563722 0.000563723 0.000569341 0.000563725 0.000563859 0.000563724 0.000563724 0.000563722 0.000563722 0.000563727 0.000563722 0.000563724 0.000563905 0.000563723 0.000563802 0.000563723 0.000563723 0.000563723 0.000563751 0.000563916 0.000563724 0.000563722 14.7502 0.000563724 0.000563723 0.000563724 0.000563737 0.000563726 0.000567347 0.000563724 0.000563815 0.00056384 0.000563723 0.000563722 0.000563722 0.000563723 0.000563723 0.000563723 0.000567411 0.000563724 0.000563723 0.000563723 0.000563723 0.000571481 0.000563726 0.000563724 0.00348882 0.000563724 0.000563724 0.000563723 0.000563722 0.000563725 0.000563723 0.000563723 0.000563722 0.000563722 0.000563723 0.000563723 0.000563723 0.000564001 0.00056419 0.000563722 0.000564133 0.000564033 0.000563725 0.000563722 0.000563723 0.000563723 0.000563724 0.000563723 0.000564166 0.000563724 0.000563722 0.000563722 0.000563723 0.000563726 0.000563723 0.000563723 0.000563722 0.000563724 0.000563722 0.000563736 0.000563722 0.000563831 0.000563722 0.000565369 0.000563769 0.000563725 0.000563723 0.000563734 0.000563724 0.000564028 0.000563722 0.000563724 0.000563723 30.1611 0.000563724 0.000563722 0.000574623 0.000563825 0.000563722 0.000563723 0.000563722 0.000563722 0.000563725 0.000563723 0.000563724 0.000563918 0.000563722 0.000563722 0.000564055 0.000563821 0.000563723 0.000563722 0.000563731 0.000563724 0.000563723 0.000563722 0.000563722 0.000564183 0.000564181 0.000563723 0.000563722 0.000564285 0.00304741 0.000564127 0.000563723 0.000564171 0.000563722 0.000563723 0.000563722 7.30256 0.00056407 0.000563722 0.000563722 0.000563819 0.000563724 0.000563727 0.000564986 0.000563725 0.000563722 0.000563723 0.000563722 0.000591016 0.000563722 0.000563752 0.000563723 0.000563724 0.000565427 0.000564474 0.000886263 0.000563725 0.000563741 0.000563731 0.000563723 0.000563799 0.000563727 0.000563723 0.000563729 0.000563722 0.000563723 0.000563728 0.000563723 0.000563722 0.000563914 0.000563723 0.000563723 0.000563723 0.000563724 0.000563723 0.000563722 0.000563724 0.000563723 0.000563722 0.000563722 0.000563722 0.000563722 0.000566018 0.000563723 0.00056379 0.000563723 0.000563722 0.000563722 0.000563724 0.000563726 0.000564204 0.000563725 0.000563724 0.000569578 0.000563723 0.000563771 0.000563723 0.000563722 26.7039 0.000563724 0.000563724 0.000563723 0.000563726 0.000563724 0.000563725 0.000563723 0.000563723 0.000563724 0.000563723 0.000563839 0.000563723 0.000563774 0.000563722 0.000645979 0.000563727 0.000565119 0.000563723 0.000563723 0.000564156 0.000563726 0.000616752 0.000563722 0.000563723 0.000563761 0.000563725 0.000563723 0.000563722 0.000563723 0.000563722 0.000563723 0.000563808 0.000563724 0.000563722 0.000563722 0.000563738 0.000563946 0.000563723 0.000563724 0.000563722 0.000591525 0.000563723 0.000563723 0.000563722 0.000563722 0.000563723 0.000564183 0.000563723 0.000563723 0.000563725 0.000563724 0.00056474 0.000574079 0.000563723 0.000563723 0.000564135 0.000563723 0.000564379 0.000563722 0.000563723 0.000563723 0.000566748 0.000563723 0.000563723 0.000563724 0.000564275 0.000694865 0.000575954 0.000563722 0.000563723 0.000563724 0.000563746 0.000563723 0.000563736 0.000563723 0.000563775 0.000563723 0.000563722 0.000563722 0.000563785 0.000563723 0.000602731 0.000563922 0.000563723 0.000563722 0.000563796 0.000563723 0.000563723 0.000563763 0.000563726 0.000563722 0.000563722 0.000563738 0.000563726 0.000579624 0.000563724 0.000565124 0.000563723 0.000563742 0.000563722 0.000563723 0.000563724 0.000563726 0.000563723 0.000563722 0.000563736 0.00056457 0.000563722 831.668 0.000563729 0.000563724 0.000563722 0.000563737 0.000563722 0.000563722 0.000563729 0.000563722 0.000563766 0.000564841 0.000574647 0.000563722 0.000563745 0.000563722 0.000563723 0.000563722 0.000563722 0.000563725 0.000563723 0.000563724 0.000563722 0.000563723 0.000563724 0.000563749 0.000563722 0.0006144 0.000563722 0.000563723 0.000563722 0.000563722 0.000563731 0.000563724 0.000563723 0.000565296 0.000563722 0.000563722 0.000563723 0.000563817 0.000563722 0.000563724 0.000563724 0.000571001 0.000563762 0.000563723 0.000563724 0.000563723 0.000563724 0.000563745 0.000563743 0.000563723 0.000566195 0.000563747 0.0005653 0.000563723 0.000563722 0.000563723 0.000563939 0.000563731 0.000563724 0.000564326 0.000563723 0.000563722 0.00056383 34.9168 0.000615831 0.000563725 0.000563727 0.000563915 0.000563724 0.00056449 0.000563722 0.000564385 0.000563723 0.000563723 0.000563723 0.000564009 0.000563723 0.000563724 0.000563724 0.000563722 0.000563797 0.000564333 0.000563724 0.000563723 0.000563723 0.000644389 0.000563781 0.000563722 0.000563722 0.000563723 0.000563734 0.000564721 0.000563722 0.000563723 0.000563723 0.00056373 0.000563723 0.000563723 0.000563722 0.000563722 0.000563722 0.000563724 0.000563723 0.000563723 0.000563722 0.000563725 0.000563722 0.000563726 0.000563725 0.000563971 0.000563847 0.000563723 0.000563722 0.000563723 0.000563725 0.000563723 4.02679 0.000565775 0.000563722 0.000563722 0.000563723 0.000563724 0.000563723 0.000566161 0.00056375 0.000577684 0.000563722 0.000563723 0.000563722 0.00056373 0.000563724 0.000563729 0.000563722 0.000563722 19.8457 0.000577003 0.000563723 0.000573462 0.000647295 0.000702616 0.000563722 0.000563724 0.000563723 0.000563724 0.000563722 54.9865 0.000563724 0.000563725 0.000563723 0.000563722 0.000565209 0.000563722 0.000563723 0.000563723 0.000563722 0.000585657 0.000565222 0.00056373 0.000563725 0.000563722 0.000563724 0.000563723 0.00058125 0.000564061 0.000566428 0.000563722 0.00056373 0.000563722 0.000690844 0.000563722 0.000563722 0.000563747 0.000563723 0.000680911 0.000563723 0.000563886 0.000564156 0.000563725 0.000563723 0.000563722 0.000613582 0.000563723 0.000563723 0.000563722 0.000563723 0.000563724 0.000563722 0.00056373 0.000563723 0.00057998 0.000564359 0.000563722 0.000564165 0.000563722 0.000563722 0.000563725 0.000563723 0.000563722 0.000576463 0.000563723 0.000563722 0.000563722 0.00056383 0.000563723 0.000563784 0.000563723 0.000563725 0.000846613 0.000563723 0.000565333 0.000563867 0.000563723 0.000563741 0.000572677 0.000563722 0.000565653 0.000563757 0.000563735 0.000563723 0.000563724 0.000563725 0.000563787 0.000563722 0.000563722 0.000614471 0.000564014 0.000563724 0.000563723 0.000563722 0.000563723 0.000563726 0.000563723 0.000601478 0.000696142 0.000563727 0.000563723 0.000563724 0.000564986 0.000563725 0.00061675 0.000565622 0.000563756 0.000565519 0.000563724 0.000564477 0.000563724 0.000563732 0.000563724 0.000563961 0.000563723 0.000563726 0.000563724 0.000563722 0.000563722 0.000564 0.000563722 0.000564166 0.000563722 0.000563722 0.000563722 0.000563739 0.000563787 0.000563724 0.000563757 0.000586661 0.000563902 0.000563722 0.000563723 0.000563723 0.00056446 0.000563763 0.000563722 0.000563722 0.000572782 0.000563723 0.000563724 0.000563723 0.000563723 0.000563723 0.000563723 0.000563722 0.00056373 0.000563723 0.000563723 0.00056375 0.000574571 0.000563723 0.000563724 0.000718802 0.000575637 0.000563722 0.000563722 0.000563724 0.000563723 0.000563722 0.000563722 0.000563723 0.000563726 0.000563854 0.000563724 0.000563723 0.000563723 0.000563724 0.000563724 0.000564869 0.000563722 0.00056402 0.000563722 0.000563723 0.000563878 0.000563734 0.000563723 0.000563722 0.000563724 0.000563722 0.000563722 0.000563722 0.000563722 0.000563723 0.000563764 0.000573618 0.000563753 0.000564466 0.000563723 0.000563724 0.000563724 0.000563723 0.000563723 0.000563723 0.000563724 0.000563722 24.9268 0.000563722 0.000564954 0.000563723 0.000564905 0.000563724 0.000563723 19.6663 0.000563723 0.000563723 0.000563724 0.000563723 0.000563725 0.000563723 0.000563725 0.000563723 0.000564122 0.00057315 0.000563723 0.000563723 0.000563724 0.000563723 0.000563722 0.000563722 0.000563722 0.000563723 0.000563816 14.7552 0.000563723 0.000563722 0.000563723 0.000563722 0.000563722 0.000563723 0.000563723 0.000563722 0.000563722 0.000563723 0.000563723 0.000563722 0.000563722 0.000563722 0.000563722 0.000596321 0.000564343 0.000563722 0.000563722 0.000563723 0.000563725 0.000563724 0.000563724 0.000563723 0.000563722 0.000563723 0.000563722 0.000563748 0.000564129 0.000563723 0.000565591 0.000572109 0.000563749 0.000563722 0.000563916 0.000563724 0.000564143 0.000563735 0.000563729 0.000563739 0.000563723 0.000563724 0.000563723 0.000563723 0.000563724 0.000563723 0.000576665 0.000563799 0.000563722 0.000563723 0.000563723 0.000567216 0.000563723 0.000563723 0.000563723 0.000563723 0.000563722 0.000563724 0.000563723 0.000563921 0.000563724 0.000596394 0.000563844 0.000563723 0.000563722 0.000563723 0.000563722 0.000563725 0.000563722 0.000563724 0.000563908 0.000563723 0.000563722 0.000563723 0.000564637 0.000563723 0.000563723 0.000563722 0.000564202 0.000563722 0.000563779 0.000563722 0.000563723 0.000563723 0.000563723 0.000563725 0.000563723 0.000563723 0.000563724 0.000563723 0.000563828 0.000563723 0.000563756 0.000563724 0.000563723 0.000564913 0.000563726 0.000564462 0.000563725 0.000563723 0.000563723 0.000563723 0.000575641 0.000563723 0.000563723 0.000563723 0.000563765 0.000563722 0.000563723 0.000563722 0.000563726 0.000563723 0.000564363 0.00056378 0.000563723 0.000563724 0.000565694 0.000583944 0.000563785 0.000563723 0.000563725 0.000563724 0.000563723 0.000563722 0.000607432 0.000563723 0.000563724 0.000567995 0.000563725 0.00056898 0.000563724 0.000563722 0.000563722 0.000563731 0.000563723 0.000564186 0.000563736 0.000563764 0.000563841 0.000563724 0.000563723 0.000563724 0.000582342 0.000563727 0.000572931 0.000565104 0.000563723 0.000595323 0.000563732 0.000563722 0.000563722 0.000563722 0.000565719 0.000563724 0.000590742 0.000563727 0.000563723 0.000563827 0.000563726 0.000563737 0.000563723 0.000563723 0.000563723 0.000563756 0.000563974 0.000563723 0.000563892 0.000563724 23.5655 0.000563723 0.000563725 0.000563723 0.000563722 0.000563722 0.000563723 0.000563722 0.000816274 0.000563753 0.000564573 0.000563722 0.000563839 0.000563723 0.000563723 0.000563722 0.000563935 0.000563722 0.000563965 0.000583488 0.000563722 0.000563722 0.000563722 0.000563723 0.000590914 0.000563723 0.000615419 0.000563722 0.000563723 0.000563722 0.000564034 0.000570227 0.000565284 0.000563722 0.000563725 0.000761755 0.000563727 0.000563723 0.000578174 28.3436 0.000563722 0.000563735 0.000563722 0.000563759 0.000563745 0.000563727 0.000563744 0.000563723 0.000565594 0.000564056 0.000563727 0.000563723 0.000563723 0.000564034 14.8065 0.000563743 0.000699428 0.000563726 0.000563722 0.000563723 0.000563724 27.2719 0.000563723 0.000563723 0.000563723 0.000563723 0.000563724 0.000568826 143.482 0.000563722 0.000564536 0.000564142 0.000563722 0.000563723 0.000563787 0.000590549 0.000563723 0.000563809 0.000563722 0.000563722 0.000563853 0.000563724 0.000563723 0.000563888 0.000563723 46.1317 0.000563723 0.000563722 0.000563723 0.000564879 0.000563722 0.000563723 0.000563754 0.000570221 0.000563724 0.000564667 0.000563723 0.000563731 0.000563725 0.000563722 0.000563724 0.000563723 0.000563722 0.000563723 0.000563724 0.000563722 0.000563764 0.000563725 0.000563874 0.000563771 0.000563725 0.000563723 0.000563723 0.000563722 0.000563724 0.000563723 0.000577224 0.000563726 0.000563723 0.000563723 0.000563722 0.000563723 0.000563724 0.000563723 0.000563724 0.000563723 0.000563724 0.000580915 0.000563723 0.000563723 0.000563725 0.000563723 0.000563723 0.000563723 0.000563723 0.000564281 0.000564444 0.000563735 0.000563765 0.0005878 0.000563723 0.000563883 0.000563725 0.000563724 0.000563725 12.5766 0.000564655 0.000582684 0.000564032 0.000563723 0.000563723 0.000566356 0.000563723 0.000563722 0.000563818 0.000563722 0.000573285 0.000563725 0.000563722 0.000563769 0.000563722 0.000563723 0.000564059 0.000563723 0.000563722 0.000563723 0.00189695 0.000563722 0.000563724 0.000563722 0.000563723 0.000563722 0.000563723 0.000563722 0.000694529 0.000565014 0.000563722 0.000563724 0.000564536 0.000563722 0.000563722 0.000563723 0.000563725 0.000563722 0.000563723 0.000563723 0.000563724 0.000565382 0.000563722 0.000563742 0.000823327 0.000563724 0.000563722 0.000563739 0.000564367 0.000563722 0.000563723 0.000563724 0.000563723 0.000563722 0.000563723 0.000563722 140.16 0.000563723 0.000563723 0.000563726 0.000563723 0.000563756 0.000563724 0.000563723 0.000563723 0.000563747 0.000563723 0.000563724 0.000563723 0.000563846 0.000563722 0.000563773 0.000563777 0.000575798 0.000563724 0.000563723 0.000564023 0.000563724 0.000563722 0.000563725 0.000563723 0.000563753 0.000563884 0.000563724 0.000564625 0.000563864 0.000563722 0.000563846 0.000563723 0.000563723 0.00056373 0.000563722 0.000563724 0.000563722 0.000563723 0.000563723 0.000565962 0.000563724 0.000563723 0.000563723 0.000719989 0.000563722 0.000563726 0.000563723 0.000563722 0.000563722 0.000563723 0.000563726 0.000564975 0.000572203 0.000563724 0.000563722 0.000563722 0.000563723 0.000563722 0.000563722 0.000563724 0.000563722 0.000564117 0.000563723 0.000828882 0.000563724 0.000563722 12.7386 0.000563723 0.000563724 0.000563723 0.000563724 0.000563805 0.000563723 0.0005971 0.000563723 0.000563722 0.000563724 0.000563726 0.000563723 0.000563854 0.000563722 0.000565841 0.000563725 0.000563723 0.000563725 0.000563722 0.000563722 0.000563723 0.000563724 0.000563723 0.000563724 0.000565678 0.000563723 0.000563722 0.000563744 0.000563723 0.000563723 0.000563724 0.000563723 0.000563754 0.000563722 0.000563723 0.000563723 0.000563723 0.00056388 0.000563723 0.000563736 0.000563746 0.000563723 0.000673163 0.000563722 0.000563995 0.000563723 0.000563724 0.000563723 0.000563723 0.00194933 0.000563723 0.000563723 0.000563723 0.000563723 0.000563722 0.000563724 0.000563724 0.000563724 0.000563723 0.000563723 0.00056387 0.00102911 0.000563802 0.000563859 0.000563723 0.000563724 0.000563723 0.000563876 0.000563723 0.000565607 0.000564293 0.000563954 0.000563722 0.000563722 0.000566003 0.000563818 0.000563723 0.000563726 0.000563724 0.000563726 0.000563807 0.000563917 0.000563737 0.000563852 0.000563722 0.000563723 0.000563722 0.000563745 0.000563771 0.000563722 0.000563723 0.000564759 0.000563845 0.000563724 0.000563726 0.000563745 0.000563722 0.000563725 0.000563919 0.000563723 0.000563722 0.000563723 0.000563723 0.000563835 0.000563723 0.000563723 0.000563723 0.000563724 0.000563723 0.000563819 0.000563759 0.000563723 0.000563723 0.000592132 0.000563724 0.000563723 0.000563724 0.000564055 0.000563723 0.000563727 0.000563723 0.000563722 0.000563748 0.000563722 63.1277 0.000563723 0.000563724 0.000564334 0.000563722 0.000563722 0.000563723 174.466 0.000563722 0.000563724 0.000563757 0.000563723 0.000571347 0.000563724 0.000563723 0.000563723 0.000588843 0.000563724 0.000563723 0.000563722 0.000563723 0.000563729 0.000563724 0.000563723 0.000563722 0.000563723 0.000563723 0.000563722 0.000563723 0.000577856 0.000563722 0.000563725 0.000563923 0.000563723 0.000563722 0.000563725 7.30012 0.000563724 0.00056375 0.000564936 0.000565188 0.000563724 0.000564648 0.000563722 0.000563724 0.000563725 0.000563928 0.00056373 0.000563722 0.000563723 0.000563723 0.000563723 0.000563722 0.000566494 0.000563723 0.000563723 0.000563722 0.000563722 0.000563727 0.000564404 0.000563926 0.000563723 0.000567243 0.000563723 0.000563723 0.000563723 0.000563722 0.000563725 0.000564077 0.00056379 0.00056549 0.000563722 0.000563722 0.000628254 0.000563903 0.000563722 0.000563723 0.000576963 0.000563723 0.000563724 0.000563724 0.000563724 0.000563722 0.000563725 0.000583742 0.000563844 0.000563723 0.000624975 0.000563724 0.000563915 0.000563722 0.000563723 0.000563722 0.000563723 0.000563723 0.000563751 0.000564119 0.000563723 0.000563722 0.000579242 0.000563774 0.000563726 0.000563725 0.000563724 0.000563723 0.000564247 0.000564987 0.000563727 0.000563787 0.000563723 0.000563727 0.000563728 0.000563836 0.000563725 0.000563724 0.000567812 0.000563724 0.000563723 0.000563971 0.000563723 0.000563723 0.00056389 0.000566054 0.000563724 0.000564002 0.000563724 0.000563722 0.000563725 0.000563723 0.000563801 0.000563724 0.000563723 0.000563735 0.000563722 0.000563723 0.000563723 0.000565084 0.000563723 0.000564241 0.000563722 0.000563722 13.2606 113.083 0.000563724 0.000563724 0.000563723 0.000563722 0.000563722 0.000622032 0.000563725 0.000563722 0.000563727 0.000563722 0.000563722 0.000563722 0.000563723 0.000563726 0.000563723 0.000563724 0.000573363 0.00056495 0.000564063 0.000563723 0.000563723 0.000563724 0.000566482 0.000564294 0.000563725 0.000563723 0.000563723 0.000563722 42.7804 0.000564024 0.000563726 0.000563723 30.3624 0.000563723 0.000563722 0.000563724 0.000563723 0.000563723 0.000564087 0.000563723 0.000563724 0.000563725 0.000563723 0.000573765 0.000563723 0.000563726 0.000563726 0.000563725 0.000563944 0.000563725 0.000563722 0.000563723 0.000563929 0.00056397 0.000563722 0.000563722 0.000563723 0.000563723 0.000859871 0.000563781 0.000563765 0.000563863 0.000563725 0.00057308 0.000563723 0.000563722 0.000563726 0.000563779 0.000563723 0.000563725 0.000563723 0.000563784 0.00056402 0.00056374 0.000564843 0.00106776 0.000563938 0.00056373 0.000563723 0.000576846 0.000563722 0.000563724 0.000563723 0.000563722 0.000563722 0.000563727 0.000563723 0.000656896 0.000563728 0.000563722 0.000563724 0.000563993 0.000563723 0.000563723 0.000563943 0.000563935 0.000563722 0.000566773 0.000563772 0.000564023 0.000740294 0.000563722 0.000563724 0.000563723 0.000563723 0.00056373 0.000563722 0.000563722 0.000567554 0.000563724 0.000563723 0.000563722 0.000563736 0.000563753 0.000563758 0.000563724 0.000563722 0.000563723 0.000563722 0.000575372 0.000563748 0.000563803 0.00111218 0.000563723 0.000563723 0.000563723 0.000563722 0.000563975 0.000563723 0.000563723 0.000563724 0.000563722 0.000566202 0.000563722 0.000568118 0.000563725 0.000563723 0.000563723 0.000563752 0.000563722 0.000563722 0.000563838 0.000563773 0.000573987 0.000563722 0.000563723 0.000563724 0.000563839 0.000563752 0.000563723 0.000563807 0.000563722 0.000563723 0.000563722 0.000563725 0.000563722 99.8202 0.000563724 0.000566737 0.000563722 0.000563723 0.000563723 0.000563737 0.000563726 0.000563723 0.00056407 0.000563934 0.000563723 0.000563724 0.000563723 0.000563722 0.000563723 0.000563723 0.000563723 0.000563724 0.000563722 0.000563724 0.000563853 0.000563722 0.000563722 0.000563763 0.000563985 0.000574223 0.000576162 0.000563723 0.000563723 0.000563723 0.000563727 0.000563722 0.000563723 0.000563727 0.000563722 0.000563722 0.000563723 0.000564444 0.000563723 0.000563722 15.807 0.000563722 0.000563738 0.000563722 0.000563722 0.000563723 0.000563722 0.00056373 0.000568726 0.000563723 0.000563723 0.000563723 0.000563724 0.000583166 0.000563723 0.000563723 0.000563722 0.000563722 0.000565228 0.000589941 0.000563724 0.000563724 0.000590914 0.000563722 0.000563726 0.000563722 0.00056373 0.000563722 0.000563729 0.000563723 0.000563723 0.000563722 0.000563723 0.000563723 0.000563723 0.000563723 0.000563724 0.000566484 0.000563789 0.000563806 0.000563784 0.000563723 0.000563722 0.000563722 0.000563928 0.000563723 0.000563722 0.000563723 0.000563723 0.000563723 0.000563724 0.000563723 0.000563722 0.0005642 0.000563723 0.000563722 0.000564331 0.000563723 0.000563723 0.000567878 0.000563723 0.000563722 0.000564443 0.000563722 0.000563723 0.000563722 0.000563724 0.000563774 0.000563724 0.000563722 0.000563723 0.000576215 0.000563723 0.000566926 0.000564051 0.000563722 0.000563722 0.000563722 0.000564335 0.000563723 0.000563724 0.000563722 0.000563723 0.000563722 0.000564594 0.000563723 0.000563725 0.000563722 0.000564215 0.000563723 0.000563723 0.000563723 0.000563724 0.000563723 0.000564472 0.000563722 0.000563724 0.000563737 0.000564304 0.000563722 0.000563727 0.000563723 0.000568569 0.000563723 0.000563724 0.000563767 0.000563722 0.000563723 0.000563745 0.000563725 0.000563724 0.000563723 0.000563723 0.000563723 0.000563723 0.000563723 0.000563722 0.000563723 0.000563723 0.000568519 0.000563842 0.000563724 0.000563751 0.000563722 0.000563971 0.000563799 0.000563725 0.000563838 0.000563982 0.00056539 0.000563722 0.000564335 0.000563778 0.000563723 0.000563772 0.000563722 0.000563747 0.000563723 0.000563754 0.000563722 0.000563729 0.000563723 0.000603542 0.000587713 0.000563723 0.000563723 0.00056443 0.000563724 0.000565846 0.000563722 0.000563723 0.000563732 0.000572877 0.000563723 0.000563784 0.000563725 0.000563723 0.000563723 0.000651567 12.1967 0.000563725 0.000563723 0.000563723 0.000563722 0.000563723 0.000563863 0.000563722 0.000563725 0.000563722 0.000563722 8.32965 0.000563778 0.00056377 0.000563743 0.00056373 0.000563725 0.000563723 0.000563736 0.000563723 0.000563723 0.000563724 0.000563724 0.000563724 0.000563723 0.000563724 0.000564001 0.000573564 0.000563723 0.000563759 0.000563724 0.000563723 0.000602642 0.000565461 0.000563726 0.000563725 0.000563722 0.000563724 0.000563722 0.000563722 0.000563753 0.000563725 0.000563833 0.000565305 0.000563723 0.000563722 0.000563874 0.000563893 0.000563722 0.000563723 0.000563724 0.000564837 0.000565648 0.000563722 0.000563722 0.000563896 0.000563723 0.000563723 0.000563867 0.000563723 0.000563722 0.000563974 0.000563723 0.000563723 0.000570537 0.000563741 0.000564511 0.000563754 0.000563723 0.000563725 0.000581567 0.000563722 0.000563781 0.000563723 0.000563723 0.000574934 0.000563786 0.000563723 0.000563723 0.000563722 0.000563983 0.000563723 0.000563722 0.000563722 0.000563722 0.000563725 0.000563723 0.000563728 0.000563722 0.000564309 0.000563722 0.000563723 0.000563724 0.000563723 0.000563732 0.000563723 0.000564054 0.000563723 0.00056383 0.00113264 0.000563723 0.000563733 0.000563961 0.000563723 0.000563722 0.000563723 0.000567993 0.000563722 0.000563723 0.000563723 0.000576559 0.000563722 0.000563723 0.000563767 0.000563723 0.000563722 0.000563724 0.000563722 0.000563723 0.000563724 0.000563723 0.000565012 0.000563734 0.00056464 0.000563723 0.000563724 0.000563723 0.000563723 0.000563722 0.000563724 0.000563723 0.000564176 0.000563725 0.000563722 0.00057201 0.000564802 0.000563722 0.000563725 0.000563723 0.000563722 0.000563722 0.000563723 0.000564262 0.000563723 0.000563723 0.000563723 0.000563728 54.1493 0.000563722 0.000725858 0.000563722 0.000563722 0.000563723 13.7509 0.000563997 0.000563795 0.000563723 0.000563722 0.000563726 0.00178213 0.00056375 0.000563723 0.000563944 0.000563914 0.000563816 0.000563722 0.000563725 0.000563722 0.000563723 0.000563736 0.000563722 0.000563725 0.000563723 0.000563728 0.000563722 0.000563724 0.000563723 53.4123 0.00056432 0.000563724 0.000563723 0.000563732 0.000563723 0.000563722 0.000563727 0.000564327 0.000575301 0.000563723 0.000563792 0.000563722 0.000565297 0.000563722 0.000563723 0.000563723 0.000563762 0.000563722 0.000563723 0.000563724 0.000563723 0.000669702 0.000563725 0.000563725 0.000563723 0.000563722 0.000563722 0.000563726 0.000568668 0.000563723 0.000563723 0.000564022 0.000563722 0.000563723 0.000594315 0.000564024 0.000563737 0.000563723 0.000563723 0.000563723 0.000563723 0.000563722 0.000563723 0.000603606 0.00056373 0.000563726 0.000563723 0.000563798 0.000563723 34.0798 0.000563724 0.000563726 0.000563722 0.000563722 0.000563723 0.000563723 0.000563724 0.000563724 0.000572503 0.000563722 0.000563956 0.000563723 0.000563723 0.000563722 0.000563722 0.000563722 0.000563723 0.000563723 0.000563722 0.000563725 0.000563723 0.000563773 0.000563729 0.000563758 0.000563722 0.000563722 0.000563723 0.000564433 0.000563722 0.000564791 0.000563723 0.000563723 0.000563723 0.000594457 0.000563723 0.000563723 0.000563725 0.000563724 0.000565635 0.000563722 0.000563723 0.000563722 0.000563722 0.000563796 0.000563755 0.000563723 0.000563722 0.000563763 0.0007226 0.000563725 0.000565406 0.000563751 0.000563728 0.000630795 0.000563723 0.000563722 0.000563722 0.000563726 0.000563722 0.000563723 0.000563723 0.000563958 0.000563722 0.000563722 0.000563723 0.00056379 0.000563723 0.000563722 0.000563723 0.000563725 0.000564107 0.000578934 0.000563722 0.000564393 0.000563725 0.000563722 0.000563723 0.000563722 0.000563734 0.000564765 0.000563925 0.000563724 0.000563723 0.000563862 0.000563723 0.000563725 0.00056412 0.000563725 0.000563722 0.000563952 0.000563749 0.000563724 0.000563753 0.000563722 53.0495 0.000563723 0.000563722 0.000563724 0.000563726 0.000563772 0.000565107 0.000563792 0.000563879 0.000563722 0.000563736 0.000563723 0.000564765 0.000563722 0.000563722 0.000563733 0.000563725 0.000563729 0.000563795 0.000563723 0.000563724 0.000583912 0.000563723 0.000563724 0.000563722 0.000563723 0.000563723 0.000563724 0.000563722 0.000564523 0.000563799 0.000564192 37.8752 0.000563723 0.000563723 0.000567349 0.000563723 0.000563725 0.000563722 0.000563723 0.000563723 0.000563723 0.000563726 0.000563841 0.000563722 0.000563723 0.000563729 0.000564959 0.000563726 0.000563724 0.000568056 0.00056396 0.000563723 0.000570469 0.000564315 0.000563723 0.000563723 0.00056374 0.000563723 0.000563723 0.000563725 0.000565297 48.1816 0.000563723 0.000563722 0.000563955 0.000563722 0.000563732 0.000563722 0.000563771 0.000563836 0.000564257 0.000563723 0.000563725 0.000563772 0.000564162 0.000563722 0.000563763 0.000563723 0.000563723 0.000563725 0.000563723 0.000563722 0.00056389 0.000564268 0.000563763 0.000563723 0.000563722 0.000563723 0.000563723 0.000563791 0.000563782 0.000564583 0.000563723 0.000563723 0.000563722 0.000563723 0.000564514 0.000564508 0.000563723 0.000563723 0.000563724 3.80163 0.000563723 0.000563727 0.000563722 0.000565524 0.000563723 0.000563724 0.000563853 0.000563723 0.000563726 0.000563724 0.000563724 0.000563722 0.000564901 0.000563731 0.000563907 0.000563723 0.000563731 0.000563723 0.000563724 0.000563725 0.000563722 0.000563724 0.000565963 0.000563724 0.000563723 0.000563722 0.000563725 0.000563724 0.000563728 0.000563723 0.000563722 0.000563777 0.000564188 0.000566154 0.000563723 0.000563722 0.000564914 0.000563723 0.000563722 0.000677386 0.000563722 0.000563722 0.000568386 0.000563725 0.000563722 0.000563722 0.000563722 0.000563723 0.000563722 0.000563722 0.00056501 0.000564698 0.000563724 0.000563723 0.000563787 0.000563723 0.000563722 0.000563928 0.000563722 0.000563723 0.000563746 0.000563723 0.000563725 0.000563754 0.000563722 0.00077566 0.000563722 0.000563723 0.000629317 0.000563722 0.000610431 0.000564884 0.000563722 0.000563748 0.000563765 0.000563723 0.000638965 0.000563722 0.000598897 0.000563724 0.000563724 0.000563722 0.000563722 0.000563724 0.000564431 0.000563725 0.000563724 0.000564952 0.000563722 0.000569396 0.000563837 0.000563722 0.00056387 23.7006 0.000563723 0.000563723 0.000563722 0.000563724 0.000563722 0.000563723 0.000563722 0.000563724 0.000563723 0.000563722 0.000563725 0.000563722 0.000563723 0.00056377 0.000563723 0.000563723 0.000563722 0.000563723 0.00056385 0.000563725 0.00112808 0.000563723 0.000563808 0.00056373 0.00056812 0.000563789 0.000563724 0.000563723 0.000563723 0.000563723 0.00056407 0.000563723 28.3379 0.000563723 0.000563724 0.000563723 0.000563723 0.000563723 0.000563723 0.000563914 0.000563754 0.000563724 0.000563722 0.000563724 0.000563724 0.000563724 0.000563723 0.000563723 0.000563723 0.000563896 28.1299 0.000563782 0.000568662 0.000563722 0.0005639 0.000563726 0.000563723 0.000563722 0.000563722 0.000563912 0.00056377 0.00056401 0.000563722 0.000563723 0.000564371 0.00056383 0.000563761 0.000563722 29.762 0.000563722 0.000565078 0.000563753 0.000594924 0.000563723 0.000564574 0.000563723 0.000563722 0.000565935 0.000563723 0.000603772 0.000563723 0.000563724 0.000563737 0.000563722 0.000563722 0.000563723 0.000563723 0.000563722 0.000563722 0.000563724 0.000563722 0.000563723 0.000563723 0.000563723 0.000563723 0.000563722 0.000563778 0.00056396 0.000563723 0.00102188 0.000563724 0.000564483 0.000563723 0.000563723 0.000563723 0.000563774 0.000579569 0.000594943 0.000563724 0.000563722 0.000563724 0.000563784 0.000563722 0.000563722 0.000789799 0.000563722 0.000563722 0.000563724 0.000563724 0.000563722 0.000563722 0.00056377 0.000563724 0.000563722 0.000563723 0.000563724 0.000563722 0.000563722 0.000563722 0.000563726 0.000563724 0.000563739 0.000563723 0.000563722 0.000563736 0.000564362 0.000563729 0.000563724 0.000563723 0.000567699 0.000563722 0.000563722 0.000563722 0.000564271 0.000563955 0.000564814 0.000563723 0.000563723 0.000563751 0.000568074 0.000563723 0.000563726 0.000563722 0.000563722 0.000563724 0.000563776 0.000563724 0.000563731 0.000563722 0.000563723 0.000563726 0.000563723 0.000563722 0.000563722 0.000746733 0.000563723 0.000563732 0.000563725 0.000569461 0.000563723 0.000563723 0.000564981 0.000564058 0.000567501 0.000563722 0.000563873 0.000563725 0.000563724 0.000563724 0.000563722 13.0641 0.000564351 0.000563722 0.000580779 0.000563725 0.000563725 0.000568005 0.000563723 0.000563836 0.000563722 6.78582 0.000563722 0.000563723 0.000563783 0.000563723 0.000563723 0.000563761 20.4173 0.000563723 0.000563723 0.000563794 0.000563722 0.000565511 0.000563722 0.000563723 0.000563788 0.000563766 0.000563725 0.000563723 0.000569095 0.000563727 0.000563723 0.000563722 0.000563722 0.00056374 0.000563722 0.000563722 0.000567111 0.000563723 0.000563723 0.00140761 0.000563722 0.00056387 0.000563725 0.000564015 0.000563774 0.000563723 0.000563725 0.00056406 0.000563723 0.000568518 0.00056376 0.000583068 0.000563724 0.000568127 0.000563723 0.000563737 0.000563722 0.000563723 0.000563723 0.000563855 0.000563723 0.000563722 0.000563723 0.000563725 0.000563722 0.000563723 0.000563724 0.000566022 0.000563722 0.000563724 0.000563724 0.000563722 0.000563724 0.000563722 0.000566224 0.000563743 0.000563722 0.000563723 0.000563722 0.000563723 0.000563723 0.000563728 0.000563722 0.000563725 0.000563767 0.000563723 0.000563722 0.000563723 0.000563722 0.000567476 0.000563722 0.000563724 0.00056379 0.000563722 0.00058974 0.000563723 0.000563722 0.000563733 0.000579334 0.000563723 0.000563725 0.000563723 0.000564418 0.000564566 0.000563723 0.000563724 0.000563722 0.000563724 0.000564519 0.000563723 0.000563776 0.000563724 0.000825077 0.000563722 0.000563722 0.000563723 0.000563723 0.000563723 0.000563729 0.000563725 0.000563725 0.000563723 0.000563723 0.000563935 0.000563724 0.000563884 0.000563722 0.000563735 0.000563723 0.000563724 0.000563723 0.000566126 0.000563748 0.000563723 0.000563902 0.000567266 0.000565299 0.000563942 0.000563723 0.000566975 0.000563726 0.000563729 0.000563925 0.000563723 0.000563722 0.000564599 0.00056374 0.000564507 60.5947 0.00056391 0.000563723 0.000563727 0.000569797 0.000563729 0.000563724 0.000563722 0.000563722 0.000563725 0.000563723 0.0005638 0.000563769 0.000563722 0.000563724 0.000563723 0.000564401 0.000563862 0.000563724 0.000563722 0.000564076 0.000563723 0.000563723 0.000563724 0.000563722 0.000563723 0.000563914 0.000563731 0.000564072 0.000563899 0.000563723 0.000563722 0.000563725 0.000563746 0.000563724 0.000564382 0.000576451 0.000563722 0.000563722 0.000563888 0.000563722 0.000563785 0.000563723 0.000563723 0.000563724 0.000563722 0.000563724 0.000563723 0.000563735 0.000563728 0.000563723 0.000563723 0.000567433 0.000563722 0.000563723 210.38 0.000563725 0.000563723 0.000564052 0.000563743 0.000563722 0.000563723 0.000563767 0.000563723 0.000563912 0.000570921 0.000563722 0.000563722 0.000563722 0.000563724 0.000563723 0.000563776 0.000563723 0.000563723 0.000563722 0.000563723 0.000563723 0.000563722 0.000580099 0.000563752 0.000563723 0.000563722 0.000563723 0.000563722 0.000563723 0.000563885 0.000563722 0.000563723 0.000563723 0.000563725 0.00060526 0.000563722 0.000563723 0.000563724 0.000563733 0.000564274 0.000565817 0.000875136 0.000563724 0.000563722 43.2245 0.000563723 0.000563723 0.000563722 0.000578731 0.000563723 0.000563722 0.000592199 0.000563795 0.000565586 0.000563723 0.000563724 0.000563722 0.000563723 0.000563723 0.000564285 0.000563725 0.000563723 0.000763947 0.000563725 0.000563722 0.000563723 0.00056529 0.000597958 0.000563725 0.000563723 0.000563722 0.000563722 0.000563724 0.000563723 0.000563723 0.000563791 0.000563723 0.000563724 0.000563722 0.000563723 0.000563723 0.000563724 0.000563723 0.000563723 0.000563991 0.000610565 0.000564181 0.000563723 0.000563724 0.000563735 0.000569463 0.000563921 0.000563722 0.000563723 0.000564238 0.000563722 0.000563724 0.000563722 0.000563722 0.000563722 0.000563722 0.000563791 0.000572614 0.000563722 0.000563737 0.000563722 0.000563723 0.000563723 0.000563722 0.000563723 0.000563723 0.000577305 0.000563722 0.000563723 0.000569952 0.000563811 0.00056378 0.000563722 0.000563723 0.000563722 0.000563809 0.000563778 0.000563722 0.000563723 0.000563723 0.000563723 0.000563722 0.000563791 0.000564019 0.000563723 0.000565099 0.000563722 0.000563723 0.000563723 0.000564036 0.000563726 0.000563724 0.00056761 0.000571606 0.000563722 0.000563724 0.000563726 0.000563724 0.000563722 0.000563722 0.000563725 0.000563722 0.000563724 0.000563725 0.000563788 0.000563723 0.000563725 0.000563723 0.000563722 0.000563723 0.000563723 0.000569511 0.000563881 0.000563799 0.000563724 0.000563723 0.000563723 0.000563723 0.000563723 0.000563722 0.000563723 0.000563723 0.000564182 0.000563725 0.000563974 0.000563943 0.000563722 0.000564009 0.000563723 0.000563723 0.000568406 0.000563722 0.000563723 0.000563722 0.000563722 0.000564821 0.000563722 0.000563755 0.000563723 0.000563722 0.000563722 0.000563722 0.000563723 0.000607581 0.000563722 0.000563722 0.000564349 0.000563727 0.000563789 0.000563722 0.000658919 0.000563723 0.000563722 0.000563723 0.000563723 0.000563758 0.000563725 0.000563806 0.000563724 0.000563723 0.000563723 0.000563724 0.000571535 0.000563722 0.000563726 0.000563723 0.000563724 0.000564931 0.000563724 0.000563878 0.000563723 0.000563723 0.000563727 0.000563796 0.000563725 0.000563723 0.000563723 0.000563722 0.000563723 0.000563724 0.000563723 0.000564415 0.000563745 0.000563723 0.000563726 0.000563724 0.000563722 0.000563722 0.000563723 0.000563787 0.000563723 0.000563723 0.000563723 0.00056386 0.000563723 0.000564133 0.000563722 0.000563788 0.000563722 0.000563724 0.000563724 0.000563722 0.000563728 0.000563723 0.00060802 0.000563723 0.000569095 0.000563722 0.000563722 0.000563722 0.000563952 0.000563828 0.000563723 0.000563723 0.000585314 0.000563723 0.000563724 0.000563723 0.000563842 0.000563775 0.000563724 0.00194444 0.000563723 0.000563723 0.000563723 0.000563833 0.000563724 0.000563726 0.000564069 0.000563724 0.000570135 0.000563748 0.000563725 0.000564481 0.000563723 0.000563722 0.000563723 0.000583593 0.000563723 0.000564032 0.000563722 0.000563798 0.000603332 0.00056375 0.000563723 0.000563723 0.000563723 0.000563724 0.000563724 0.000563769 0.000564467 0.000564916 0.000563813 0.000563723 0.000563722 0.000563726 0.000563723 0.000563723 0.000563722 0.000563723 0.000563724 0.000563723 0.000563724 0.000565745 0.00056385 0.000572466 0.000563723 0.000563723 79.4212 0.000569033 0.000579622 0.000563722 0.000563722 0.000563722 0.00056379 0.000563723 0.000563723 0.000563723 0.000563723 0.000563723 0.000563723 0.000563722 0.000564126 0.000563723 0.000563723 0.000563723 0.000563722 0.000589546 0.000563722 0.000563722 0.000563723 0.000563723 0.000563722 0.000563722 0.000563839 0.000567486 0.00056753 0.000563722 0.000563921 0.000563725 0.000563746 0.000563722 0.000563723 0.000563723 0.000563722 0.000563722 0.000563724 0.000563722 0.000563723 0.000563723 0.000563821 0.000563723 0.000563723 0.000563722 0.000563722 0.000563723 0.000563722 0.000563723 0.000563724 0.00056382 0.000563724 0.000563725 0.000563724 0.000563723 0.000563723 0.000563722 0.000563912 0.000563725 0.000563723 0.000563724 0.000563723 0.000563724 0.000563722 15.4093 0.000563726 0.000563723 0.000563723 0.000563749 0.00064845 0.000563723 0.000563761 0.000563723 0.000563722 0.000563734 0.000563762 0.000563892 0.000563722 0.00056391 0.000563944 0.000563723 0.000563772 0.0871058 0.000563726 0.000563722 0.000563722 0.000563722 0.000563722 0.000589024 0.000563724 0.000563736 0.000563723 0.000563723 0.00056374 0.000564104 0.000563722 0.000563724 0.000563723 0.000563723 0.000563722 0.000563729 0.000563725 0.000563725 0.000563722 0.000563981 0.000563723 0.000563725 0.000563722 0.000563728 0.000564658 0.000563722 0.000785565 0.000564422 0.000563723 0.000563726 0.000563723 0.000563725 0.000563722 0.000563736 0.000563869 0.000567055 0.000563723 0.00056377 0.000563723 0.000563722 0.000563723 0.000633746 0.000563935 21.8629 0.000563722 0.000563723 0.000563913 0.000563722 0.000563723 0.000563724 0.000563818 0.000592575 0.0005769 0.000563824 0.000563722 0.000563722 0.00056376 0.000563725 0.000563731 0.000563722 0.000563724 0.000563725 0.000563722 0.000563722 0.000563722 0.000563725 0.000563727 0.000563725 0.000563723 0.000823421 0.000563724 0.000563766 0.000563722 0.000563722 0.000563723 0.000563723 0.000564616 0.000565306 0.00056413 0.000563979 0.000563723 0.000563722 0.000563723 0.000563975 0.000563745 0.000563723 0.000563722 0.000563804 0.000563722 0.000563722 0.000563724 0.000563722 0.000563722 0.000581202 0.000563725 0.000563723 0.000563723 0.000563835 0.000563801 0.000563723 0.000563798 0.000564056 0.000563723 0.000563722 0.000563724 0.00056379 0.000563722 0.000563757 0.000563722 0.000563722 0.000563723 0.000563722 0.000563723 0.000563722 0.000563723 0.000563724 0.000563724 0.000563723 0.000563723 0.000564332 20.5046 0.000571572 0.000563723 0.000563723 0.000563839 0.000564354 0.000563724 0.000563781 0.000563722 0.000563722 0.000564911 0.000563727 0.000565235 0.000563723 0.000563723 0.000563723 0.000563744 0.000563722 0.000563723 0.000564393 0.000563723 0.000563722 0.000563723 0.000563724 0.00056388 0.000563918 0.000563723 0.000563726 0.000563722 85.6776 0.000563723 0.000563996 0.000563915 0.000563724 0.000563723 0.000563723 0.000620141 0.000563726 0.000563724 0.000563722 0.000563723 0.00056391 0.000563723 0.000563723 0.000563723 0.000563723 0.000563724 0.000563724 0.000563722 0.00158084 0.000563815 0.000568066 0.000563724 0.000563723 0.000563723 0.000563723 0.000563771 0.000563743 0.000563723 0.000564364 0.000563722 0.000564216 0.000563724 0.000563722 0.000563725 0.00056433 0.000563724 0.000563724 0.000563725 0.000563746 0.000563722 0.000598207 0.000563722 192.006 0.000563724 0.000563722 0.000563724 0.000563722 0.000563723 0.000563723 0.000563748 0.000563913 0.000563722 0.000563887 0.000563723 0.000563723 0.000563723 0.000565031 0.000563722 0.000563725 0.000563722 0.000563724 0.000563723 0.000563723 0.000563722 0.000563722 0.000574341 0.000563722 8.1843 0.000563723 0.000565086 0.000563722 0.000563723 0.000563722 0.000563722 0.000563725 0.000564174 0.000563723 0.000563734 0.000563723 0.000563723 0.000563723 0.000570371 0.000563722 0.000563724 0.000563722 0.000563723 0.000563722 0.000563722 2.51779 0.000563722 0.00056374 0.000563978 0.000567332 0.000563723 0.000563723 0.000575629 0.000563723 0.000563724 0.000563723 0.000563724 0.000612281 0.000563731 0.000566065 0.000566299 0.000563724 0.000563723 0.000563725 0.000563784 0.000563723 0.000563723 0.000564021 0.000563724 0.000565802 0.000563723 0.000565227 0.000563722 0.000563724 0.000563723 0.000565429 0.000563723 0.000563727 0.000564064 0.000563722 0.000563753 0.000563723 0.000563723 0.000563722 0.000563723 0.000563724 0.000563723 0.000563782 0.000563722 0.000563722 0.000571098 0.000563723 0.00056374 0.000563723 0.000563722 0.000563725 0.00137873 0.000563724 0.000564176 0.000922766 0.000563725 0.000563722 0.000563723 0.000563723 0.00056375 0.000563755 0.000563738 0.000563723 0.000563723 0.000563723 0.000563724 0.000567757 0.000581454 0.000563783 0.000563723 0.000563722 0.000563722 0.000563725 0.000563722 0.000563723 0.000563757 0.000563723 0.000563976 0.000563723 0.000563722 0.000563722 0.000563723 101.258 0.000563722 0.000569184 0.000563724 0.000563723 0.000563724 0.000563722 0.000563722 0.000570868 0.000563724 0.000563723 0.00056385 0.000563722 0.000565008 0.000563722 0.000563722 0.000563723 0.000563723 0.000563723 0.000563723 0.000566027 0.000563722 0.000563979 0.000563722 0.000563799 0.000563946 0.000564489 0.000563723 0.000563727 0.000563745 0.00056376 0.000564203 0.000563724 0.000572954 0.000563726 0.000563723 0.000563722 0.000563726 0.000563725 0.000563725 0.000563722 0.000563725 0.000563723 0.000563723 0.000638827 0.000563722 0.000563724 0.000563725 0.000565674 0.000563742 0.000564247 0.000563723 0.000563836 0.000564398 0.000563722 0.000564395 0.000563724 0.000563762 0.000563724 0.000564284 0.000563745 0.000563722 0.000563723 0.000563724 0.000576838 0.000563726 0.000563745 0.000563722 0.000563722 0.000563723 0.000563723 0.000563723 0.000563723 0.000564954 0.000563722 0.000567616 0.000563723 0.000563722 0.000563723 0.000563723 0.000563909 0.000563731 0.000563722 0.000563722 0.000563744 0.000563725 0.000563723 0.000563722 0.000564154 0.000563764 0.000563723 0.000563723 0.000567316 0.000563723 0.0005666 0.000563725 0.000563971 0.000563723 0.000567031 0.000563724 0.000563722 0.000563722 0.000563957 0.000565312 0.000563724 0.000564627 0.000744762 64.8726 0.000563722 0.000567405 0.000563723 0.000563722 0.000563731 0.000563723 0.000563722 0.000563722 0.000564933 0.000563724 0.000563722 0.000563722 0.000563725 0.000563722 0.000563817 0.00056373 0.000563722 0.000563722 0.000563722 0.000563723 0.000563722 0.000563722 0.000563723 0.000563723 0.000563723 0.000563724 0.000563723 0.000563722 0.000567056 0.000563766 0.000563784 0.000563771 0.000563723 0.000564377 0.000563722 0.000563725 0.000564914 0.000563723 0.000563722 0.000564096 0.000565482 0.000563723 0.000563723 0.000563724 0.000563723 0.000563724 0.000563723 0.000563724 0.000563726 0.00056435 0.000563723 0.000563722 0.000563724 0.000563724 0.000563722 0.000563724 0.000563723 0.000614299 0.000563905 0.000563723 0.000563723 0.000564091 0.000563724 0.000563723 0.000563726 0.000563722 0.000563722 0.000563723 0.000563723 0.000563722 0.000565358 0.000563762 0.000563723 0.000563723 0.00056376 0.000563722 0.000563723 0.000563723 0.00056391 0.000757515 0.000563723 0.000612866 0.000563722 0.000563722 0.000564478 0.000563724 0.000563835 0.000563812 0.000563723 0.000588019 0.000563722 0.000563723 0.000563723 0.000563754 0.000563722 0.000564359 0.000563723 0.000563881 0.000565913 0.000564011 0.000563726 0.000563997 0.000563723 0.000563722 0.000563724 0.000563723 0.000563722 0.000563723 0.000563723 0.000564127 0.000563723 0.000563801 0.000563723 0.00056377 0.000563723 0.000563724 0.000563722 0.000563723 0.000563724 0.000563726 6.69587 0.000563722 0.000563723 0.000563724 0.000563722 0.000563815 0.000563738 0.000564806 0.000563723 0.000574791 0.000563723 0.000563803 0.000563723 0.000563722 0.000563722 0.000563724 0.000563735 0.000564804 0.000563723 0.000563722 9.63125 0.000563736 0.000563995 0.000563723 0.000563722 0.000563724 0.000567031 0.000563723 0.000563724 0.000563738 0.000563722 0.000563722 0.000563723 0.000563723 0.000563723 0.000563723 0.000564341 0.000563723 0.000563727 0.000563759 0.000563722 0.000563724 0.000563722 0.000563724 0.000565125 0.00056482 0.000563723 0.000563902 0.000563723 0.000563768 0.000563722 0.000563724 0.000563722 28.3379 0.000563725 0.000563862 0.000563722 0.000563722 0.000563725 0.000563727 0.000563775 0.000563725 0.000563736 0.000563725 0.000563739 0.000563912 0.000563723 0.000563722 0.000563723 0.000563724 0.000563753 0.000563743 0.43195 0.000563722 0.000564323 0.000563723 0.000563723 0.000563722 0.000571978 0.000564387 0.000563723 0.000563722 0.000563724 0.000563722 0.000563725 0.000563772 0.000563731 0.000563722 0.000563741 0.000563723 0.000570809 0.000563723 0.000563724 0.000563723 0.00105246 0.000563723 0.000563722 0.000563723 0.000587287 0.000563723 0.000563723 0.000563727 0.000563722 0.000563723 0.000564485 0.000563723 0.000564012 0.000564675 0.000563722 0.000563724 0.000563772 0.000563725 0.000571024 0.000563832 0.000563722 0.000563722 0.000563723 0.000563723 0.000563723 0.000563726 0.00056378 0.000570611 0.000563722 0.000563722 0.000563725 0.000563723 0.000563723 0.000563724 0.000563722 0.000568219 0.000563722 0.000563722 0.000563788 0.000563722 0.000563723 0.000563723 0.000563723 0.000564714 0.00056392 0.000563726 0.000563723 0.00056373 0.000563722 0.000563722 0.000563722 0.000563846 0.000563723 0.000563722 0.000563723 0.000563723 0.000563723 0.000563723 0.000563823 0.000563723 0.000563723 0.000563964 0.000564487 0.000563723 0.000563723 0.000563722 0.000563725 0.000563724 0.000563723 0.000563963 0.000563723 0.000563723 0.000563723 0.000563755 0.000563733 0.000563723 0.000584829 0.000564493 0.000563726 0.000563724 0.000563728 0.000563934 0.000786276 0.000563722 0.000563723 0.000565032 0.000574282 0.000564513 414.798 0.000563722 0.000566005 0.000563723 0.000563744 0.000566098 0.000563723 0.000564036 0.00056393 0.000563722 0.000563733 0.000563723 0.000563785 0.000563724 0.000563723 0.000563723 0.000563723 0.000563752 0.000563723 0.000563873 0.000563833 0.000563722 0.000563724 0.000563722 0.000563724 0.000564055 0.000563723 0.00056436 0.000563722 0.000563797 0.000563725 0.000565329 0.000563724 0.000563722 0.000563722 0.000563722 0.000564315 0.000566707 0.000563732 0.000563723 0.000563722 0.000563722 0.000563722 0.000563724 0.000563723 0.000563724 0.000563723 0.000563723 0.000563722 0.000563722 0.0013181 0.000564619 0.000563723 0.000778161 0.000563722 0.000564148 0.000563867 0.000563722 0.000563722 26.2074 0.000564132 0.000563729 0.000563723 0.000566453 0.000563722 0.000563732 0.00056379 0.000563722 0.000563723 0.000563723 0.000563725 0.000563723 0.000563723 0.000563756 0.000563925 0.000584429 0.000563725 0.000563722 0.000563722 0.000563803 0.000569615 0.000563789 0.000563722 0.000564502 0.000563723 0.000563723 0.000563725 0.000563723 0.000563725 0.000563722 0.000563722 0.00057326 0.000563837 0.000563723 0.000563722 0.000563723 0.000563724 0.000563722 0.000564467 0.000563722 0.000563724 0.000563724 0.000563723 0.00058223 0.000563724 0.000563746 0.000563723 0.000563723 0.000563722 0.000563723 0.000563724 0.000563722 0.000563722 0.000563977 0.000564377 0.000563741 0.000563777 0.000563769 0.000563723 0.000563724 0.000563722 0.000563723 0.00056375 0.000633092 0.000563723 0.000563775 0.000563724 0.000563722 8.1843 3.07912 0.000580927 0.000565182 0.000563724 0.000563722 0.000563723 0.000563723 0.000563725 0.000563724 0.000564313 0.000563722 0.000563723 0.000563726 0.000563722 0.000563722 0.000563946 0.000563723 0.000563723 0.000563723 0.000563724 0.000563723 0.000563724 0.000563948 0.00056479 0.000563723 0.000564104 0.000563726 0.000572902 0.000563732 0.000563723 0.000563737 0.000564237 0.000563722 0.000563722 0.000564058 0.000563722 0.000563723 0.000563723 0.000563775 0.000563725 0.000563722 0.000563724 0.000563723 0.000563723 0.000563908 0.000563722 0.00056394 0.0005653 0.000564744 0.0005639 0.000563722 0.000563723 0.000568898 0.000563722 0.000563723 0.000563723 0.000563737 0.000564026 0.000563723 0.000566143 0.000563722 0.000563723 0.000563722 0.000594675 0.000563796 0.000604555 0.000563727 0.000563723 0.000563723 0.000563853 0.000563861 229.942 0.000564254 0.000563722 0.000563724 0.000563722 0.000609036 0.000563723 0.000563722 0.000563722 0.000563725 0.000581771 0.000563833 0.000563723 0.000563724 0.000563797 0.000563724 0.000563723 0.000563723 0.000563739 0.000563722 0.000563723 0.000566707 0.000563723 0.000563722 0.000563745 0.000565613 0.000608789 0.000563723 0.000563722 0.000563723 0.000563724 0.000573467 0.000563767 0.000563723 0.000563723 0.00056379 0.000563741 0.000563722 0.000564167 0.00056373 0.000563724 0.000564237 0.000563726 0.000563723 0.000563724 0.000563723 0.000564431 0.000563722 0.000563722 0.00056391 0.000563723 0.000563722 0.000563871 0.000563726 0.000563723 0.000563722 0.000563723 0.000563722 0.000563723 0.000564469 0.000564049 0.000563722 0.000563722 0.000563777 0.000563722 0.000563967 0.000563722 0.000563723 0.000563723 0.000563724 0.000564501 0.000563723 0.000563722 0.000563727 0.000563722 0.000563723 0.000563723 0.000564647 0.000563817 0.000563723 0.000563725 0.000563723 0.000563818 0.000563723 0.000563722 0.000563727 0.000563723 0.000563722 0.000563724 0.000563725 0.000568582 0.000563723 0.000563724 0.000563727 0.000563723 0.000563722 14.6484 0.000583985 0.000591663 0.000563736 0.000563722 0.000563838 0.000563722 0.000563723 0.000563723 0.000563723 0.000616758 0.000563722 0.000563722 0.000563723 0.000563957 0.000563723 0.000563733 0.000563722 0.000563723 0.00190521 0.000563722 0.000563722 0.000563723 0.000563722 0.000563724 0.000566005 0.000563722 0.000563726 0.000563918 0.000563831 0.000563722 0.000563722 0.000563723 0.000563724 0.000563931 0.000563722 0.000563723 0.000563724 0.000563935 0.000563927 0.000563723 0.000563723 0.000563931 0.000563723 0.000563722 0.000563808 0.000563723 0.000563918 0.000563874 0.000563723 0.000563725 0.000563724 0.000563724 0.000563725 0.000563723 0.000564503 0.000565603 0.000563733 0.000563722 0.000563723 0.000563723 0.000563747 0.000564464 0.000563723 0.000563722 0.000563723 0.000563722 0.000563723 0.000563722 0.000563723 0.000564288 0.000563724 0.000563723 0.000563722 0.000563723 0.000563723 0.000563722 0.000563724 0.000563723 0.000563723 0.000567412 0.000563723 0.000563722 0.000563724 0.000563722 0.000563725 0.000564041 0.000563723 0.000563723 0.000563723 0.000564184 0.000563724 0.000564013 0.000563722 0.000563722 0.000563722 0.000563723 0.000563722 0.000575072 0.000563723 0.000563724 0.000564049 0.000563901 0.000563724 0.000563827 0.000563725 0.000565685 0.000563723 0.000563722 0.000563771 0.000563722 0.000563723 0.000563723 0.000563723 0.000564396 0.000563723 0.000563722 0.000614027 0.000563722 0.000563741 0.000563722 0.000563722 0.00056381 0.000563723 0.000564251 0.000563724 0.000563921 0.00058813 0.000563722 0.000563728 0.000563723 0.000563722 0.000563724 0.000564014 0.000563723 0.00056374 0.000563723 0.000563723 0.000563724 0.000563722 0.000563723 0.000563724 0.000563724 0.000563723 0.000563722 0.000563726 0.000563723 0.000563727 0.000563722 0.00106722 0.000563724 0.000563723 0.000563726 0.000563852 0.000563722 0.000563725 0.000563725 0.000573279 0.000563722 0.000563723 0.000563725 0.000563722 0.000563723 0.000563725 0.000563724 0.000563724 0.000563921 0.000563723 0.000563722 0.000640454 0.000696347 0.000563722 0.00056419 0.000563725 0.000566217 0.000563762 0.000563726 0.000570132 0.000563723 0.000564137 0.000563724 0.000564853 0.000563722 0.000596746 0.000563722 0.000563725 0.000563782 0.000563723 0.000563821 0.000563722 0.000578024 0.000563939 0.000563722 0.000563724 0.000563723 0.000563722 0.000563826 0.000588257 0.000566354 0.000566444 0.000565654 8.90068 0.000563723 0.000563722 0.000563724 0.000563722 0.000564914 0.000563722 0.000563758 0.000563823 0.000563724 0.000563723 0.000563723 0.000563722 0.000563722 0.000563725 0.000563723 0.000573685 0.000563724 0.000563723 0.000566065 0.000563777 0.000563723 0.000563726 0.000563724 0.000563722 0.000563726 0.000563723 0.000564351 0.000563722 0.000563722 0.000564503 0.00056448 0.00061597 0.000563723 0.000572723 0.000564676 0.000563724 0.000723567 0.000563727 0.000563722 15.9855 0.000563734 0.000563722 0.000563732 0.000563722 0.000563722 0.000563722 76.7414 0.000563726 0.000563723 0.000563723 0.000563723 0.000563731 0.000563828 0.000565609 0.000563723 0.000563723 0.000563723 0.000563723 0.000563723 0.000563722 4.91199 0.000563723 0.000563864 0.000563848 0.000563724 0.000563723 0.000576655 0.000563723 0.000564212 0.000568725 0.000563724 0.000563722 0.000563724 0.000563724 0.000564373 0.000563723 0.00056467 0.000563723 0.000563757 0.000563724 0.000563722 0.000563723 0.000563723 0.000563723 0.000563762 0.000563723 0.000860988 0.000563723 30.9252 0.000563725 0.000563722 0.000563723 0.000563722 0.000563722 0.000563722 0.000563723 0.000564036 0.000564526 0.000565368 0.00064989 0.000563723 0.00056421 0.000563723 0.000564721 0.000563867 228.744 0.000563725 0.000563783 0.000563723 0.000563722 0.000565532 0.000563723 0.000563723 0.000563787 0.000565568 0.000563723 0.000563782 0.000563723 0.000563754 0.000563724 0.000563723 0.000563722 0.000563724 0.000563722 0.000563725 0.000573285 0.000563722 0.000563723 0.000563729 0.000563723 0.000756316 0.000563954 0.000563725 0.000563722 0.000563728 0.000563723 0.000563722 0.000563725 0.000563723 0.000563723 0.000563723 0.000563723 0.000563723 0.000563785 0.000563723 0.00067596 0.000563722 0.000563723 0.000563723 17.1629 0.000563739 0.000577686 0.000563723 0.000564088 0.000563723 0.000563722 0.000563723 0.000563772 0.000563723 0.000563722 0.000563723 0.000564664 0.000563723 0.000563724 0.000564098 0.000563723 0.000563725 0.000563722 0.000563722 0.000563724 0.000563724 0.000563729 0.000572294 0.000563723 0.000563746 0.000563729 0.000564314 0.000563722 0.000563723 0.000563724 0.000563724 0.000563724 0.000563725 0.000564056 0.000563725 0.000563722 0.000563724 0.000563723 0.000563723 0.000563723 0.000563722 0.000563722 0.000563722 0.000563724 0.000563724 0.000563723 0.000563725 0.000563727 0.000563836 0.000563723 0.000563737 0.000563722 0.000563962 0.000563723 0.000563724 0.000563723 0.000566164 0.000563723 0.000563818 0.000563722 0.000563724 0.000563723 0.000564186 0.000563723 0.000563722 0.000563725 0.000563724 0.000576635 0.000563723 0.000563724 0.00056409 69.6837 0.000563722 0.000563723 0.000563722 0.000563734 0.000564193 0.000571529 0.000563872 0.000563953 0.000563723 0.000563722 0.000563787 0.000563722 0.00056373 0.000563726 0.000563722 0.000563723 0.000563724 0.000563729 0.000563723 0.000563748 0.000563722 0.000563722 0.000563724 0.000563757 0.000563729 0.000563724 0.000563723 0.000563723 0.000598094 0.000563723 0.000563723 0.000563723 0.000563724 0.000657617 0.000563891 0.000563725 0.000563722 0.000563723 0.00056384 0.000566273 0.000563722 0.000563722 0.000563722 0.000563724 0.000563769 0.000563724 0.000563722 0.000563722 0.000563731 0.000563722 0.000563987 0.000563723 0.000563722 0.000563883 0.000563732 0.000563723 0.000563723 0.000563724 0.000563723 0.000563893 0.00056393 0.000563723 0.000563722 0.000563723 14.5824 0.000563723 0.000563722 0.00056379 0.000564738 0.000563722 0.000563722 91.7314 0.00056397 0.000563723 0.000563724 0.000563724 0.000564061 0.000563723 0.000564757 0.00056392 0.000563724 0.000563722 0.000563835 0.000563723 0.000563818 0.000564916 0.000563724 0.000563723 0.000563794 0.000563723 0.000563744 0.000563779 0.000563722 0.000563795 0.000563819 0.000563722 0.000563726 0.000563722 0.000563726 0.000563769 0.000563723 0.000563722 0.000563722 0.00056395 0.000563724 0.000563722 0.00061495 0.000563723 0.000563748 0.000568902 0.000563757 0.000563854 0.000563725 0.000563727 0.000563723 0.000563722 0.00056373 0.000563722 0.000563849 15.1965 0.000563723 0.000565933 0.000563722 0.000563976 0.000563722 0.000563733 0.00056486 0.000563723 0.000563723 0.000563722 0.000563725 0.000563723 0.000568226 0.000563723 0.000563725 0.00056418 0.000564014 0.000563723 0.000563723 0.000564326 0.000563722 0.000563723 0.000563924 0.000563879 0.000563722 0.000563724 0.000563842 0.000572893 0.000563794 0.000563724 0.000563722 0.000563722 0.000643087 0.000619487 0.000564887 0.000616738 0.000563723 0.000563722 0.000563805 0.000563722 0.000563723 0.000563723 0.000581136 0.000563722 0.000563821 0.000563723 0.000563723 0.000563722 0.000563723 0.000564451 0.000564738 0.000572796 0.000563723 0.000563723 0.000563722 0.000563724 0.000563722 0.000563994 0.000563723 0.000563722 0.000563722 8.32965 0.000563723 0.000563723 0.000563722 0.00056377 0.000563723 0.000563778 0.000573536 0.000563722 0.000563724 0.000564414 0.000563724 18.5641 0.000563724 0.000563726 0.000563723 0.000563723 0.000563723 0.000563722 0.000563723 0.000563727 0.000563722 0.000869151 0.000564343 0.000564916 0.000563722 0.000563731 0.000621469 0.000563723 0.00056374 0.000563722 0.000563722 0.000563724 0.000563723 0.000563722 0.000563722 0.000563723 0.000563724 0.00057477 0.000563723 0.000563723 0.000563722 0.000618305 0.000563811 0.000563935 0.000563772 0.000563723 0.000563723 0.000563738 0.000563725 0.000563723 0.000563722 0.000563723 0.000563723 0.000563723 0.000563722 0.000563782 0.000564307 0.000563796 0.000563724 0.000563723 0.000563722 0.000563722 0.000563723 0.000563723 0.000563723 0.000563724 0.000563724 0.000565892 0.000563741 0.000563722 0.000563722 0.000563723 0.000563727 0.000564262 0.000563723 0.000563722 0.000563723 0.000565813 0.00056377 0.000563722 0.000563723 0.000563723 0.000563722 0.000563832 0.000563722 0.000563722 0.000564356 0.000563723 0.000563726 0.000563722 0.000563722 0.000563723 0.000563769 0.000563723 0.000565388 0.000563723 0.000563723 0.000563747 0.000563722 0.000566557 0.000563723 0.000563724 0.000563785 0.000563784 0.000563723 0.000563723 0.000564033 0.000563722 0.00056389 0.000563723 0.000563724 0.000563722 0.000563723 0.000563722 0.000563722 0.000563745 0.000563722 0.000563725 0.000563723 0.000563723 0.000563723 0.000563722 0.000563723 0.000563723 0.000563836 0.000564094 0.00056523 0.000563723 0.000563723 0.000563722 0.000563723 0.000563722 0.000563723 0.000563722 0.000563724 0.00056514 0.000563723 0.000563723 0.000570491 0.000563723 0.000563722 0.000563722 0.000563789 0.000563749 0.000563736 0.000568766 0.000563723 0.000563751 0.000563725 0.000563722 0.000563723 0.000563723 0.000563722 0.000563723 0.000563722 0.000563724 0.000563723 0.000563722 0.000612056 0.000564113 0.000563723 0.000618116 0.000563722 0.000563723 0.000563768 0.000563723 0.000563723 0.000563757 0.000563722 0.000563722 0.000563722 0.000563723 0.000563723 0.000563723 0.000563732 0.000563828 0.000605187 0.000563722 0.000563723 0.000563723 0.000569153 0.000563724 0.000563723 0.000563723 0.000564171 0.000563723 0.000563724 0.000564464 0.000563723 0.000563722 0.000563724 0.000563722 0.000563724 0.000563764 0.000563727 0.000563741 15.2357 0.000563722 0.000564141 0.000563996 0.000567989 0.000563722 0.000580048 85.4033 0.000563722 0.000563725 0.000563724 0.000563723 0.000563724 0.000563722 0.000563723 0.000564171 0.000563725 0.000563723 0.000563724 0.000563722 0.000563723 0.000563727 0.000563925 0.000563722 0.000563723 0.000563723 0.000563724 0.000563722 0.000564234 0.000563734 0.000563722 0.000563722 0.000563795 0.000563728 0.000563723 0.000563722 0.000563723 0.000563723 0.000563723 0.000563723 0.00057081 0.000563722 0.000563724 0.000563722 0.000563889 0.000563724 0.000563723 0.000563991 164.174 0.000563722 0.000563763 0.000563892 0.000563723 0.000563724 0.000563737 0.000563723 0.000563723 0.000563723 0.00141909 0.000563722 0.000564033 0.000563722 0.000563722 0.000563723 0.000563726 0.000563722 0.00056391 0.000563722 0.000563723 0.000563723 0.000563722 0.000563723 0.000563723 0.00056376 0.000797989 0.000563723 0.000563723 0.000563725 0.000563724 0.000595707 0.000563723 0.000563723 0.000563732 0.000616107 0.000563724 0.000563725 0.000563764 0.000563724 0.000563724 0.000563722 0.000563725 0.000563724 175.766 0.000564626 0.000563724 0.000563723 0.000563724 0.000563725 0.000563932 0.000563748 0.000563748 90.0956 0.000563724 0.000563722 0.000563795 0.000563723 0.000564451 0.000563723 0.000563723 0.000563723 0.000571037 0.000563723 0.000563726 0.00057768 0.000563724 0.000563727 207.803 0.000563726 0.000563723 0.000563723 0.000563744 0.000563723 0.000563727 0.000563722 0.000563725 0.000582605 0.000563722 0.000563722 0.000567217 0.000563726 0.000563868 0.000563722 0.00056378 21.1587 0.000563722 0.000563734 0.000563723 0.000563723 0.000563722 0.000563723 0.000563723 0.000563723 0.000563855 0.000563723 0.000563723 0.000563723 0.562275 0.000563723 0.000563723 0.000563787 0.000563723 0.000563723 0.000683581 0.000564724 0.000564581 0.000563948 0.000563733 0.000563722 0.000563723 0.000563723 0.000566232 0.000564286 0.000563919 0.000563825 0.000563723 0.000563723 0.000563723 0.000563814 0.000563727 0.000709245 0.000563722 0.000563723 0.000563722 0.000563723 0.000563825 0.000563835 0.000563723 0.000563723 0.000563722 0.000563725 0.000563724 0.000565429 0.000563725 0.000564127 0.000563722 0.000563722 0.000563723 0.000563723 0.000564016 0.000563722 0.000563722 0.000563722 0.000564079 0.000716532 0.000563723 0.000563724 0.000563722 0.000563722 0.000563723 0.000563723 0.000563723 0.000563724 0.000563722 0.000563723 0.000563722 0.000563722 0.000563723 0.000563726 0.000563726 0.000563725 0.0017832 0.000563801 0.000563722 0.000563723 0.000563723 0.000563723 0.000563722 0.000563722 0.000563725 0.000563899 0.000563725 0.000578277 0.00141402 0.000563723 0.000563724 0.000563798 0.000563722 0.000563723 0.000563722 0.000563723 0.000563791 0.000564063 0.000563722 0.000564322 0.000565393 0.000563723 0.000563722 0.000563723 0.000563722 0.000563722 0.000563723 0.000563723 0.000563723 0.000563724 0.000563739 0.000563723 0.000564094 0.000629528 0.000563723 0.000563724 0.000564281 0.000563723 0.000563723 0.000563907 0.000563722 0.000563723 0.000614349 0.000563722 0.000563725 0.000566413 0.000563722 0.000563895 0.000563723 0.000563722 0.000563723 0.000563722 0.000563722 0.000563722 0.000575956 0.000563722 0.000563726 0.000563966 0.000563722 67.7077 0.000563837 0.000564601 0.000563725 0.000563722 0.000563723 0.000563724 0.000563727 0.000563777 0.000563723 0.000578417 0.000564672 0.000563922 0.000563723 0.000563724 0.000563724 0.000564019 0.000563724 0.000564116 0.000563738 0.000563722 0.000563723 0.000563723 0.000563722 0.000563724 0.000563774 0.000563725 0.000563723 0.000565682 0.000563723 0.000563722 0.000563739 0.000563723 0.000563722 0.000563745 0.000563759 0.000563726 0.000563722 0.000563722 0.000563723 0.000563724 0.13749 0.000564281 0.000563724 0.000563727 0.000563762 0.000563724 0.000563722 0.000563723 0.000563723 0.000563725 0.000563722 0.000563723 0.000563722 0.000563723 0.000563722 0.000563723 0.000563723 0.000585976 0.000563726 0.00085916 0.000563722 0.000563723 0.000563723 0.000563723 0.000563824 0.000563722 0.000563723 0.000563723 0.000563723 0.000564417 0.000563724 0.000563724 0.000563722 0.000581743 0.000563722 0.000563876 15.7271 0.000576846 12.1556 0.000563722 0.000563723 0.000563723 0.000563722 0.000563724 0.000563722 0.000563728 0.000563722 0.000563821 0.000563725 0.000580534 0.000563723 0.000563723 0.000563741 0.000563753 0.000563725 0.000870574 0.000563723 0.000563722 0.000563722 0.000563722 0.000563724 0.000564282 0.000563722 19.8391 0.000563723 0.000563845 0.000563842 0.000563724 0.000563723 0.000563723 0.000563723 0.000563784 0.000563722 0.000563723 0.000563722 0.000563723 0.000563722 0.000563723 0.000563724 0.000563726 0.000563723 0.000563723 0.000563723 0.000563722 0.000563722 0.000564067 0.000563723 0.000563723 0.000563723 0.000563723 0.000563737 0.000563723 0.000563909 0.000563722 0.000563722 0.000563722 0.000563723 0.000563722 0.000563723 0.000563723 0.000564992 0.000563722 0.000563972 0.000563724 0.000563724 0.000563739 0.000563724 0.000563722 0.000564179 0.00056376 219.836 0.000563752 0.000563723 0.000563722 0.000563722 0.000563723 0.000563724 0.0005638 0.000563907 0.000563724 0.000563722 0.000563723 0.000563895 0.000563724 0.000563723 0.000563784 0.000563722 0.000564566 0.000563724 0.000672494 0.000563722 0.000563723 0.000563722 0.000563724 0.000564364 0.000563723 0.000563722 0.000563726 0.000563723 0.000563722 0.000563781 0.000563724 0.000563724 0.000563724 0.000582409 0.000563723 0.000563723 0.000563723 0.00056373 0.000564601 0.000566805 0.000563723 0.000563723 0.000563722 0.000563723 0.000723182 0.000563723 0.000569721 0.0005661 0.000564033 0.000563725 0.000563888 0.000564051 0.000563725 0.000563722 0.000563878 0.000564029 0.000563722 0.000563722 0.000635981 0.000563723 0.00056426 0.000592162 0.000563723 0.000563725 0.000564797 0.000563723 0.000563723 0.000563723 0.000563726 0.000563786 0.000563722 0.000563729 0.000563725 0.000563728 20.7877 0.000563723 0.0005672 0.000563723 4.26407 0.000563723 0.000563722 0.000563722 0.000563722 0.00056538 0.000563724 0.000563722 0.000563724 0.000563723 0.000563855 0.000563725 0.000563723 0.000563722 0.000563724 0.000563723 0.000563724 0.000563725 0.000563723 0.000563724 0.000622688 0.000564532 0.000782556 0.000563723 0.000563724 0.000563724 0.000565278 0.000563722 0.000563722 0.000563723 0.000563722 0.000563841 0.000563725 0.000563722 0.000563723 0.000563722 0.000563758 0.000563923 0.000563724 0.000563725 0.000563723 0.000563725 0.000815234 0.000563723 0.000564413 0.00056373 0.000563725 0.000564854 0.000563723 0.000563749 0.000600375 0.000563725 0.000563722 0.000563722 0.000563724 0.000563724 0.000563728 0.000563722 0.000563722 0.000564055 0.000563722 0.000563722 0.000563722 0.000563723 0.000563722 0.000563722 0.000914216 0.000563723 0.000563724 0.000563722 0.000563722 0.000563939 0.000563724 0.000563723 0.000571981 0.000563724 0.0005653 0.00056388 0.000563882 0.000563723 0.000563723 0.000563722 0.000563723 0.000565366 0.000563725 0.000564213 0.000563722 0.000563806 0.000563722 0.000563722 0.000563723 0.000574052 0.00056525 0.000563722 0.000563722 0.000564054 0.000563722 0.000563723 0.000564653 0.000563723 0.000563724 8.83964 0.00056398 0.000563723 0.000563724 0.000563724 0.000563725 0.000563724 0.00289972 0.000563723 0.000563723 0.000567665 15.1447 0.00056378 0.000564278 0.000563724 0.000563733 0.000563723 0.000563722 0.000563723 0.000563722 0.000563723 0.000563723 0.000563726 0.000563977 14.1208 0.000563724 0.000563865 0.000563877 0.000563723 0.000563722 0.000563858 0.000563723 0.000563722 0.00056414 0.000563746 0.000563959 0.000596892 0.00056893 0.000563722 0.000563722 229.75 0.000564302 0.000563723 0.000563723 0.000563768 0.000563723 0.000563724 0.000563722 0.000563927 0.000563724 0.00056725 0.000563723 0.000563767 0.000563764 0.000563773 0.000563722 0.000563723 0.000563913 0.000563723 0.000591741 0.000563724 0.000563724 0.000563723 0.000563733 0.000563727 0.000563723 0.319745 0.000563724 0.000563722 0.000563724 0.000563723 0.000563723 0.0010811 0.000563726 0.000563722 15.6647 0.000563725 0.000565179 0.000563723 0.000563723 0.00058033 0.000563723 0.000563724 0.000563722 0.000563722 0.00056631 0.000563722 0.000563723 0.00056373 0.000563726 0.000576049 0.000563906 0.000563763 0.000563722 0.000563728 0.000569136 0.000563722 0.000563722 0.000563924 0.000563748 0.000563726 0.000574997 0.000778045 0.000563723 0.000563725 0.000563795 0.000563722 0.000563723 0.000563722 0.000563722 0.000563723 0.000563722 0.000563723 0.000563722 0.000563722 0.000563723 0.000580756 0.000563722 0.000563737 0.000563723 0.000566175 0.000563723 0.000563722 0.000563723 0.000563723 0.000563733 0.000563737 0.000563723 0.000563724 0.000563752 0.000563725 0.000563722 0.000571404 0.000563723 0.000563722 0.000563726 0.000563724 0.000563724 0.000563722 0.000563724 0.000563722 0.000563941 0.000619161 0.000563723 0.000563722 0.000564844 0.000563723 0.000563724 0.000563724 0.000566358 0.000563724 0.000563817 0.000563722 0.000563813 0.000563725 0.000563722 0.000563725 0.000563723 0.000564424 0.000563842 0.000563724 0.000563724 0.000563991 0.000563868 0.000563722 0.000563723 0.000624639 0.000563723 0.000563723 0.00056378 0.000563919 0.000563723 0.000566864 0.000563727 0.000565257 0.000563724 0.000563723 0.000563722 0.000563723 0.000563723 0.000603618 0.00056373 0.000563727 0.000564656 0.000563724 0.000563722 0.000563723 0.000563723 0.000563724 0.000563724 0.000563724 0.000563724 0.000563722 0.000563723 0.000564224 0.000563722 0.000563727 0.000563748 0.00057083 0.000563733 0.000563752 0.000563724 0.000563722 0.000563736 0.000563722 0.00085232 0.000563722 0.000759431 0.000563725 0.000564642 0.000563723 0.000563723 0.000563722 0.000563723 0.000582926 0.000563906 0.000563722 0.000563723 0.000563726 0.000563725 0.000563723 0.000563744 0.000563724 0.000563722 0.000563722 0.000563722 0.000563724 123.156 0.000563722 0.000607488 0.000563822 0.000638012 0.000570916 0.000563896 0.000563722 0.000563722 0.000563723 0.000563724 0.000563723 0.000563723 0.000563724 0.000563725 0.00056379 0.000563726 0.000563723 0.000563726 62.6059 0.000563724 0.000563723 0.000712665 0.000563722 0.000564965 0.000563723 0.000564847 0.000563723 0.000563845 0.00060573 0.000563722 0.000563726 0.000563723 0.000563724 0.000563722 0.000563723 0.00056429 0.000563722 0.000564533 0.000715872 0.000563722 0.000563953 0.000563739 0.000563988 0.000563733 0.000563723 0.000563722 0.000563722 0.000563722 0.000563723 0.000563722 0.000563722 0.000563723 0.000563723 0.000563722 0.000563845 0.00056419 0.000563723 0.000563722 0.000563736 0.000563722 0.000563723 0.000563722 0.000563722 0.000563722 0.000563723 0.000563727 0.000563722 0.000563723 0.000564559 0.000563722 0.00056374 0.000563723 0.000563723 0.000589466 0.000573855 0.000563722 0.000775361 0.000563876 0.000563723 0.000563722 0.000591335 0.000563724 0.000563724 0.000563723 0.000563722 0.000606713 0.000563722 0.000563725 0.000563785 0.000563723 0.000563722 0.000563821 0.000563731 0.000563723 0.000594093 0.000563752 0.000563723 0.000563722 0.000563829 0.000563722 0.000563723 0.000563974 0.000563722 0.00065739 0.000563724 0.000564039 0.000563722 0.000563723 0.000563784 0.000563724 0.000563723 0.000563723 0.000563781 0.000563723 0.000563724 0.000563889 0.000563722 0.000563723 0.000563725 0.000565337 0.000563723 0.000563724 0.000563723 0.000563723 0.000563724 0.000563725 0.000563723 0.000563722 0.000563722 0.000563766 0.000563722 0.000563723 0.000564834 0.000563867 0.000563722 0.00056448 0.000563723 0.000563731 0.00477665 0.000563723 0.000563723 0.000563723 0.000563724 0.00056437 0.000563725 0.000563723 0.000587046 0.000563724 151.417 0.000563722 0.000563728 0.000563722 0.000563726 0.000563724 0.000565297 0.000563768 0.000563749 0.000563725 0.000563724 0.000563728 0.000563722 0.000563724 0.000564621 0.000563723 21.046 0.000564708 0.000563726 0.000563724 0.000563722 0.000563727 0.000563878 0.000563723 0.000563725 0.000563727 0.000563723 0.000563725 0.000563722 0.000563725 0.000563723 0.000563725 0.000563722 0.000563723 32.3353 0.000563722 0.000564332 0.000563724 0.000563722 0.000563723 0.000563722 24.5061 0.000616637 0.000563724 0.000610773 0.00056374 0.000563738 0.000563723 0.000563723 0.000563723 0.00056445 0.000563724 0.000784092 8.42729 0.000563722 0.000563731 0.000563722 0.000563722 0.000580915 0.000563723 0.000563723 0.000563722 0.000563723 0.000563723 0.000563722 0.000573599 0.000563727 0.000563723 0.000564132 0.000563723 0.000563723 0.000563722 0.000571001 0.000564311 0.000563723 0.000563722 0.000563723 0.000563722 0.000563723 0.000563722 0.000568729 0.000563723 7.30016 0.000563724 0.000563725 0.000563724 0.000563724 0.000563724 0.000563723 0.000563749 0.000563723 0.000564295 0.000563724 0.000563781 0.000563758 0.000563722 0.000563723 0.000563722 0.000563722 0.000563726 0.000563722 0.000563723 0.000563724 0.000563723 0.000563724 28.3379 0.000563745 0.000565298 0.000563729 0.000563755 0.000563879 0.000563723 73.8408 0.000563723 0.000563723 0.000563722 0.000563723 0.000563724 0.000564395 0.000563724 0.000563722 0.0005638 0.000563723 0.000563887 0.000563723 0.000563725 0.000563722 0.000563723 0.000563723 0.000563725 0.000563754 0.000575932 0.000563723 0.000563724 0.000563722 0.000563724 0.000563727 0.000563722 0.000563723 0.000563723 0.000563725 0.000563723 0.000563723 0.000563723 0.000642507 0.000563722 0.000566867 0.000563724 0.000644549 0.000563941 0.000563723 0.000563722 0.000564059 0.000583275 0.000563722 0.000563723 0.000563874 0.000563722 0.000564084 0.000563723 0.000563723 0.000563722 0.000563723 0.000563722 0.000563747 0.000563725 0.000563751 0.000563724 0.000563724 0.000563727 0.000600011 0.000563722 0.00056475 0.000563722 0.000563723 0.000563723 0.000563801 0.000563723 0.000563722 0.000563723 0.000563723 0.000564168 0.000563857 0.000563722 0.00056374 0.000563723 0.000563723 0.000563723 0.000563722 0.000563722 0.000563723 0.000563723 0.000563723 0.000563723 0.000563722 0.000563884 0.000563722 0.000563788 0.000564076 0.000601084 0.000565206 0.000564665 0.00056409 0.000563724 0.00056386 0.000563722 0.000563722 0.000563896 0.000563722 0.000567674 0.000563722 0.000563723 0.000563722 0.000563723 0.000563722 0.000563724 0.00056379 0.000563722 0.000563723 0.000563722 0.000563724 0.000563724 0.000563773 0.000563723 0.000563722 0.000563921 0.000563723 0.000564009 0.000563723 0.000563722 0.000563724 0.000563724 0.000563722 0.000563723 0.000563723 0.000563725 0.000563723 0.000563723 0.000565438 0.000563723 0.000563722 0.000563723 0.000563728 0.000563763 0.000563722 0.000563725 0.000563723 0.000563723 0.000665699 0.000563723 0.000570072 0.000563723 0.000584657 0.000563894 0.000563722 0.000563723 0.000563722 0.000563727 0.000563722 0.000563725 0.000563723 0.000563722 0.000563796 0.000563723 0.000563722 0.000932538 0.000563724 0.000563747 0.000563722 0.000563722 0.000578367 0.000563723 0.000563722 0.000629035 0.000563722 0.000563722 55.8833 0.000563724 0.000563723 0.000563723 0.000563753 0.000563723 0.000563724 0.000563724 0.000563726 0.000563722 0.000563722 0.000563723 0.000563724 0.000563723 0.000563818 0.000563723 0.000563722 0.00059039 0.000563722 0.000563725 0.00056375 0.000563722 0.000563723 0.000563747 0.000563722 0.000563723 0.000563724 0.000563723 0.000563725 0.000563724 0.000563722 0.000563722 0.000563725 0.000563723 0.000563722 0.000564441 0.000563729 0.000563743 0.000589508 0.000563723 0.000563723 0.000859877 0.000563723 0.000563725 0.000563723 0.000585636 0.000563724 0.000563726 0.000563723 0.000699235 0.000563723 0.000563722 0.000563723 0.000566648 0.000563722 0.000563805 0.000563723 0.000563724 0.000563722 0.00106987 0.000563723 0.000563722 0.000572378 0.000563723 0.000563726 0.000563722 0.000563722 0.000563723 0.000563723 0.000563723 0.000563723 0.000563815 0.000563744 0.000619502 0.000563723 0.000563725 0.000563723 0.000563722 0.000563722 0.000563722 0.000563771 0.000563723 0.000563722 0.00059152 0.000563722 0.000563723 0.00056404 0.000646699 0.000563722 0.000563724 0.000563722 0.000563737 0.000563725 0.000564101 0.000563724 0.000563786 0.000563722 0.000563722 0.000600626 0.000564352 0.000563722 0.000563723 0.000563723 0.000563723 0.000564421 0.000563725 0.000563723 0.000564093 0.00066461 0.000563856 0.000563723 0.000563722 0.000563726 0.000575349 0.000563724 0.000578543 0.000584284 0.000563864 0.000563723 0.000563723 0.000564 0.000563722 0.000563836 0.000692782 0.000563723 0.000991888 0.000563723 0.000563723 0.000564315 0.000563792 0.000563723 0.000563731 0.000563722 0.000563722 0.000563723 0.000563765 0.000563724 0.000563726 0.000563724 0.000564058 0.000563726 0.000563723 0.000563724 0.00125875 0.000563723 0.000563836 0.000563722 0.000563722 0.000563723 0.000563748 0.000563722 0.000563723 0.000563723 0.000563723 0.000563722 0.000563744 0.000563757 0.000564188 0.000563724 0.000563724 0.000563772 0.000587458 0.000563722 0.000563841 0.000563722 0.000563722 0.000563723 0.000563723 0.000563722 0.00058115 0.000563778 0.000563722 0.000563723 0.00056416 0.000567059 0.00058697 0.000563723 0.000563722 0.000564361 0.000563723 0.000563771 0.000563723 0.000563723 0.000563724 0.000564521 0.000563725 0.000580196 0.000563724 0.000563775 0.000563722 0.000563827 0.00056928 0.000563773 0.000564011 0.000563808 0.000564119 0.000563776 0.000563814 0.000563724 0.00063393 0.000563722 0.000563768 0.000563723 0.000563722 0.000563739 0.000563723 0.000563742 0.000563871 0.000563725 0.000563723 0.000563723 0.000563722 0.000563722 0.000563723 0.000563724 0.000563722 0.000566928 0.000563723 0.000563722 0.000563723 0.000563723 0.000563723 0.000563727 0.000563722 0.000563722 0.000563723 0.000563722 0.000563723 0.000563723 0.000563723 0.000563724 0.000563724 0.000563723 0.000563723 0.000563723 0.000563744 0.000563722 0.000563722 0.000564333 0.000563723 0.000563723 0.000621167 0.000563724 0.000563723 0.000563723 0.000563723 0.000563728 0.000563722 0.000563722 0.000563723 0.000563724 0.000563725 0.0005647 0.000563723 0.000563723 0.000563723 0.000563723 0.000563872 0.000563723 0.000563722 0.000563724 0.0203469 0.000564593 0.000563722 27.2668 0.000563723 0.000563722 0.000563723 0.000563723 0.000563723 0.000563723 0.000563728 0.000563725 0.000566232 0.000565792 0.000579097 0.000563756 40.0905 0.000563722 0.000563722 0.000563724 0.000563722 0.000564025 0.000564313 0.000563723 0.000563996 0.000563722 0.000634274 0.000563722 0.000563722 0.000615717 0.000563723 0.000563817 0.000563722 0.000563723 0.000563729 0.000563744 0.000563723 0.000563722 0.000563722 0.000563878 0.000563774 0.000563723 65.7059 0.000564047 0.000563722 0.000563725 0.000563723 0.000563723 0.000563722 5.42354 0.000563722 0.000563728 0.000563728 0.000565794 0.000571593 0.000563725 0.000563722 0.000563722 0.000563723 0.000563945 0.00056415 0.000563722 0.000563931 0.000564127 47.3717 0.00056374 0.000564721 0.000563722 0.000563722 0.000563722 0.000575837 0.000564937 0.000563722 0.000564142 0.00056596 0.000563723 0.000563724 0.000563722 0.000563723 0.000679984 0.000764212 0.000563723 0.000563723 0.000563724 0.000596331 0.000563723 0.000563837 0.000563723 0.000563722 0.000563724 0.000581009 0.000563723 0.00056388 0.000686507 0.000563723 0.000564395 0.000563722 0.000563723 0.000563813 0.000563723 0.000563725 0.000563722 0.000563725 0.000563723 0.000563758 0.000563724 0.000563722 0.000563722 0.000563724 0.000563855 0.000563723 0.000563723 0.000563722 0.000563723 0.000563723 0.000563723 0.000563722 0.000563722 0.000563724 0.000563723 0.000563722 0.000563725 0.000563722 0.000563725 0.000563722 0.000564764 0.000563723 0.000563723 0.000563723 0.000563723 0.000563723 0.000563722 0.000563722 0.000563722 0.000563722 0.000563724 0.000563725 0.000563724 0.000563724 0.000563723 0.000563773 0.000563861 0.000564557 0.000563723 0.000628293 0.000611207 10.7104 0.000563722 0.000563758 0.000563722 0.000563722 0.000563722 0.000563723 0.000563724 0.000563722 0.000563723 0.000563722 0.00323211 0.000563955 0.000563723 0.000563722 0.000563722 0.000563816 0.000563722 0.000563722 0.000563723 0.000564056 0.000563722 0.000563723 104.039 0.000563724 0.000563722 0.000563723 0.000563724 0.000563723 0.000563723 0.000563725 0.000563823 0.000563723 0.000563729 0.000563723 0.000563723 0.00056426 0.000563723 0.000563722 0.000567783 30.5385 0.000563725 0.000563723 0.00056374 0.000563726 0.000563724 0.000563725 0.000563723 0.000563724 0.000563812 0.00085623 0.000563723 0.0005788 0.000565294 0.000565899 0.000563914 0.000563726 0.000563723 0.000563724 0.000563725 0.000563723 0.000564259 0.000563779 0.000563723 0.000565429 0.000563722 0.000563723 0.000563749 0.000563723 0.000563722 0.000563723 0.000563724 0.000563722 0.000563722 0.000563727 0.000563725 0.000563723 0.000563723 0.000563723 0.000564155 0.000563843 0.00056373 0.000563798 0.0005648 0.000563723 0.000563724 0.000563724 0.000563724 0.000563722 0.000563725 0.000563723 0.000563723 0.000563722 0.000563724 239.515 0.000563723 0.000565105 0.000563722 0.000563725 0.000563723 0.000563726 0.000563726 0.00056389 0.000563722 0.000563724 0.000563731 0.000563727 0.00056983 0.000563722 0.000563722 0.000563723 0.000563722 0.000563724 0.000564157 0.000563722 0.000563723 0.000563812 0.000563722 0.000563724 0.000563722 0.000590001 0.000563722 0.000563722 0.000564951 0.000564221 0.000563722 0.000768276 0.000563867 0.000563725 0.000563724 0.000563724 0.000602622 0.000563723 0.000563929 0.000563733 0.000563985 33.14 0.000563722 0.000563722 0.000563723 0.000563723 0.00056494 0.000846798 0.000564378 0.00056528 0.000563722 0.000563739 0.000563724 0.000563722 0.000563723 0.000563722 0.00061365 0.000563724 0.000694083 0.000565066 0.000563723 0.000563806 0.000564769 0.000563722 0.000563725 0.000563723 0.000563722 0.000563722 0.000563722 0.000563845 0.000563725 0.000563723 0.000563722 0.000566999 0.000565934 0.000563725 0.000564004 0.000563724 0.000564624 0.000565093 0.000563724 0.000563814 0.000563814 0.000563722 0.000563722 0.000563723 0.000563722 0.000563751 0.000563725 0.000563722 0.000563732 0.000669792 0.000575454 0.000563724 0.000565413 0.000563722 0.000564429 0.000566463 0.000564634 0.000563722 0.000563724 0.00057742 0.000563722 0.000563722 0.000572365 0.000563726 0.000563723 0.000563723 0.000563722 0.000563724 0.000582009 0.000563725 0.000563862 0.000563723 0.000563722 0.000563729 0.000563722 0.000563723 0.000563723 0.000563723 0.000563722 0.000563724 0.000564329 0.000564465 0.000563911 0.000564309 0.000563725 0.000565288 0.000563723 0.000563723 0.000563723 0.000563949 0.000563722 0.000567594 0.000563722 0.000564245 0.000563778 0.000563779 0.000563727 0.000563724 0.000563722 0.000563773 0.000563989 0.000563722 0.000563774 0.000563722 0.000563725 0.000567411 0.000563723 0.000563734 0.000563722 0.000563722 0.000579182 0.000563722 0.000563723 0.000563723 0.000563722 0.000563723 0.000563722 0.000563723 0.0011399 0.000563853 0.000563723 0.000563723 0.000563722 0.000563725 0.000563723 0.000563723 0.000563786 0.000646754 0.000563725 0.000563767 0.000563726 0.000563722 0.000564117 0.000563726 0.000563722 0.000563722 0.000563722 0.000563722 0.000563723 0.000564218 0.000585039 0.000563856 0.000563722 0.000563724 0.000563771 0.000563723 0.000563723 0.000563803 0.000563726 0.000564291 0.000564203 0.000575773 0.000563724 0.00056373 0.000603485 0.000564371 0.000563848 0.000563921 0.000563723 0.000563766 0.000563722 0.000563723 0.000563723 0.000563723 0.000563723 0.000563722 0.000563724 0.000563868 0.000690369 0.000577554 0.000563724 0.000563722 0.000563723 0.000563861 0.000563724 0.000563785 0.000563723 0.000563723 0.000563722 0.000563723 0.000563722 0.000563723 0.000563723 0.000563735 0.000563723 0.000563724 0.000563723 0.000563723 0.000563722 0.000563722 0.000563726 0.000563722 0.000563724 0.000564346 0.000563734 0.000563722 0.000563723 0.000563724 0.000563723 0.000563723 0.000563722 0.000615918 0.000563728 0.000563722 0.00056441 0.000563724 0.000563722 0.000721794 0.000563723 0.000563732 0.000563723 0.000563723 0.000563856 0.000564132 0.000563724 0.000563723 0.000568503 0.000563723 0.000563723 0.000563777 0.000563723 0.000563724 0.000563723 0.000563722 16.7053 0.000563723 0.000563759 0.000563959 0.000564778 0.000563723 0.000564135 0.000563723 0.000563722 0.000564012 0.000563723 0.0005706 0.000563898 0.000563724 0.000563965 0.000563723 0.000564232 0.000567489 0.000563724 0.000564498 0.000564895 0.000563723 0.000564015 0.000563723 0.000673172 0.000563723 0.000563723 0.000563722 0.000563723 0.000563724 0.000564754 0.000563722 0.000563726 7.3001 0.000563723 0.000563723 0.000563723 0.000563723 0.000563724 0.000564094 0.000563982 0.000563935 0.000564248 0.000574619 0.000563725 0.00057318 0.00060396 0.000563723 0.000563722 0.000563722 0.000563732 0.000563791 0.000604443 0.000563723 0.000563912 0.00421483 0.00056436 0.000563723 0.000563723 0.000563732 0.000563723 0.000563726 0.000563849 0.000563722 0.000563911 0.000563722 0.000563722 0.00056416 0.000563722 0.000563747 0.000563722 0.000563729 0.000563725 0.000563722 0.000563723 0.000563723 0.000563724 0.000563725 0.000563722 0.000563723 0.000564903 0.000563723 0.000563724 0.000563722 0.000563724 0.000568062 0.000563725 0.000564424 0.00056387 0.000564245 0.000924186 0.000563985 0.000564139 0.000859869 0.000563935 0.000563724 0.000563724 0.000564206 0.000563725 0.000563958 0.000569091 0.000563724 0.000563722 0.000566058 0.000564344 0.000563723 0.000563734 0.000563723 0.000569365 0.000563986 0.000563798 0.000563723 0.00056903 0.000563723 0.000563723 0.000563723 0.000563722 0.000563723 0.000563723 0.000563723 0.000563723 0.000563724 0.000564175 0.000563723 0.000563723 0.000563723 0.000563723 0.000586136 0.000563723 0.000563723 0.000566398 0.000563722 0.000563723 0.000563722 0.000570195 0.000563723 0.00355003 0.000563722 0.000563722 0.000563766 0.000563723 0.000564727 0.000563835 0.000563754 0.000563723 0.000563837 0.000563723 0.000574205 0.000563722 0.00056373 0.000563723 0.000563722 0.000564307 0.000581704 0.000563722 0.000563722 0.000563722 0.000563725 0.000563723 0.000563723 0.000563723 0.000563723 0.000563722 0.000563722 0.000563723 0.000563723 0.000563723 0.000573994 0.000563722 0.000563725 0.00056373 0.000563723 0.000571369 0.000563722 0.000563723 0.000563722 0.000563722 0.000563722 0.000563724 0.000563723 0.000565503 0.000563722 0.000563723 0.000563815 0.000563722 0.000563724 0.000563863 0.000563726 0.000563728 0.000563723 0.000563723 0.000564008 0.000563722 0.000563727 0.000564092 0.00056374 0.000563724 0.000563722 0.000563724 0.000563726 0.0005672 0.00056385 0.000564071 0.000563722 0.000563725 0.000563722 0.000564125 0.000563726 0.000563722 0.000564375 0.000563728 0.000563752 0.000563722 0.000563723 0.000563722 0.000568864 0.000563723 0.000563722 0.000564338 0.000563722 0.000563722 0.000563724 0.000563722 0.000563724 0.000565296 0.000563722 0.000563723 0.000563724 0.000563724 0.000563724 0.000563723 0.000563723 0.000570015 0.000563722 0.000563723 0.000563724 0.000563722 0.000563725 0.000563722 0.000563723 0.000563722 0.000563723 0.000563722 43.6486 0.000564836 0.000563724 0.000563722 0.000563847 0.000566947 0.000563723 0.000563725 0.000567213 0.000563724 0.000563722 0.00056373 0.000563722 0.000563722 0.000563909 0.000563723 0.000563723 0.000563921 0.000567219 0.000563722 0.000563722 0.000563722 0.000563723 0.000563746 0.000563869 0.000563723 0.000563729 0.000563722 0.000563727 0.000564029 0.000620551 0.000563724 0.000563726 0.000563722 0.000564154 0.00056615 0.000563723 0.000563722 0.000563723 0.000563741 0.000580234 0.000563724 0.000563722 0.000563756 0.000563725 0.000563729 0.000563724 0.000563723 0.000563722 0.000636504 0.000563726 0.000563729 0.000563973 0.000563723 0.000563722 0.000563723 0.000563722 0.000563723 0.000563722 0.000563723 0.000563722 0.000569312 0.000563723 0.000563722 0.000563724 0.000563722 0.000563904 0.000563724 0.000563723 0.000563723 0.000563724 0.000563948 9.91232 0.000565654 0.00056558 0.00056374 0.000563816 0.000563722 0.000563722 0.000563723 0.000585129 0.000563812 0.000563723 0.000563723 0.000563722 0.000563722 0.000563857 0.000563722 0.000563726 0.000568398 0.000563722 0.000563724 0.000563723 0.000563724 0.000563724 0.000563722 0.000563726 0.000564053 0.000563723 0.000563756 0.000563723 0.000563723 0.00056376 0.000563723 0.000563724 0.000563723 0.000563722 0.000563722 0.000563723 0.000563722 0.000563723 0.000563723 0.000564694 0.000563944 0.000563724 0.000563756 0.000563722 0.000563743 0.000563973 0.000563722 0.000564293 0.000563732 0.000563727 0.000563726 0.000563724 0.000563722 0.000563723 0.000563902 0.000564016 0.000563723 0.000563725 0.000563725 0.000563722 0.000563725 0.000563723 0.00056376 0.000563722 0.000563784 0.000563782 0.000563724 0.000563723 0.000563723 0.000563722 0.000563722 0.000563724 0.000563722 0.000563723 0.000563898 0.000563748 0.000563723 0.000563723 0.000563749 0.000564987 0.000563723 0.000563722 0.000563725 0.000563962 0.000563856 0.000563723 0.000563722 0.000563722 0.000563724 0.000563728 0.000563722 0.000563722 0.00056591 0.000563722 0.000563724 0.000563723 0.000563724 0.000563724 0.000563893 0.000563723 0.000564093 0.000568778 0.000563723 0.000563724 0.00065806 0.000564064 0.000563723 0.000563723 0.000563723 0.000563723 0.000563806 0.000563723 0.000563723 0.000563723 0.000563723 0.000563728 0.000565608 0.000563722 0.000563747 0.000563722 0.000563722 0.000566193 0.000563723 0.000563723 0.000563788 0.000563723 0.000563726 0.000563724 0.000563723 0.000563928 0.000563722 0.000563722 0.000563755 0.000563725 0.000563722 0.000563723 0.000563914 0.000578326 0.000571737 0.000563723 0.000563722 0.000563724 0.000563853 0.000564673 0.000563723 0.000563723 0.000563983 0.000563753 0.000563723 0.000563722 0.000563723 0.000563741 0.000563723 0.000563723 0.000563723 0.000564137 0.000563723 0.000563723 0.00056386 0.000563755 0.000563723 0.000563723 0.000563762 0.000563722 0.000563722 0.000563722 0.000563738 0.000563722 0.000563823 27.9499 0.000563723 0.000563722 0.00056638 0.000563725 0.000563726 0.000587082 0.000563722 0.000564092 0.000563723 0.000563724 0.000563723 0.000563722 0.000563825 0.000563726 0.000565436 0.000563723 0.000563722 0.000563971 0.000563874 0.000563885 0.000563722 0.000563874 0.000563724 0.000564145 0.000563723 0.000563723 0.000564344 0.00056383 0.00244469 0.000563723 0.000563723 0.000563722 0.000563722 0.000563722 0.000563722 0.000563745 0.000563723 0.000563723 0.000563722 0.000563724 0.000563722 0.000563734 0.000563723 0.000563723 0.000563723 0.000563722 0.000563723 0.000563725 0.000563723 0.105094 0.000563722 0.000563725 0.000563724 0.000563856 0.000576793 0.000563723 0.000563722 0.000563722 0.000563726 0.000563724 0.000563722 0.000563722 0.000563723 0.000745514 0.000563723 0.000564047 0.000563722 0.000563723 0.000563724 0.000563724 0.000563724 0.000563853 0.000563723 0.000563722 0.000563723 0.000563884 0.000563768 0.000563723 0.000563723 0.000563722 0.000563724 0.000563724 0.000565747 0.000563723 0.000563729 0.000565912 0.000563723 0.000563722 0.000563723 0.000563724 0.000563722 0.000563783 0.000563723 0.000563723 0.000563723 0.000563723 0.000563724 0.000563722 0.000563724 0.000563722 0.000563724 0.000563724 0.000564365 0.000564167 0.000563872 0.000563722 0.00056375 0.000563724 0.000563723 0.000563723 0.000563804 0.000563722 0.000563724 0.000563975 0.000563722 0.000563722 0.000563728 0.000563722 0.000563723 0.000563722 0.247779 0.000563725 0.000566284 0.000563723 0.000563722 0.000563724 0.000563723 0.000563722 0.000563737 0.000563722 0.000563772 0.000563722 0.000563723 0.000563936 0.000563724 0.000563722 0.000563722 0.000563723 0.000563722 0.000563722 0.000563723 0.000563725 0.000563722 0.000563741 0.000563728 0.000563724 0.000563724 0.000563728 0.000564862 0.000564587 0.000563723 0.000569849 0.000563723 0.000563722 0.000563724 0.000563722 0.000563822 0.000563725 0.000563726 0.000563724 0.000563722 0.000563722 0.000563724 0.000563724 0.000564349 0.000563723 0.000563723 0.00056597 0.000563723 0.000565163 0.000563818 0.00056494 0.000563724 0.000565391 0.000563723 0.000563722 0.000564889 0.000563803 0.000563916 0.000563722 0.000563723 0.000564324 0.000563722 0.000595296 0.000563722 0.000570179 0.000563723 0.000563723 0.000563826 0.000563722 0.000563724 0.000563723 0.000563726 0.000563723 0.00165651 0.000570128 0.000563724 0.000563723 0.000563723 0.000563727 0.000564056 0.000563723 0.000567157 0.000564054 0.000563723 0.000563749 0.000563724 0.000563722 0.000563878 0.000563722 0.000563953 0.000563724 0.000563722 0.000565366 0.000563855 0.000563722 0.000563764 57.2133 0.000563723 0.000566852 0.000563722 0.000563723 0.000563723 0.000563723 0.000563742 0.000563723 0.000563722 0.000707872 0.000564125 0.000563722 0.000564985 0.000563758 0.000563723 0.000563726 0.000563724 0.000563734 0.000563723 0.000564927 0.000563976 0.000563723 0.000564113 0.000563724 0.000563935 0.000563722 0.000563723 0.000564325 0.000563722 0.000563727 0.000563722 0.000563722 0.000564152 0.000563723 0.000563724 0.000563769 0.000563723 0.000563723 0.000563723 0.000565067 0.000580732 0.000563734 0.000563723 0.000563723 0.000563724 0.000563722 0.000563722 0.000563723 0.000563723 0.000564468 0.000563724 0.000563722 0.000563723 0.000563723 0.000563722 0.000563723 0.000565376 0.000563725 0.000563725 0.000563723 0.000563722 0.000563722 0.000563723 0.000563725 0.000563723 0.00056379 0.000563722 0.000563723 0.000563724 0.000563723 0.000563722 0.000563725 0.000563729 0.000963511 0.000563722 0.000563722 0.000563722 0.000563722 0.000563722 0.000563724 0.000564017 0.000563723 0.000563723 0.000563723 0.000563722 0.000563725 0.000563723 0.000563725 15.9818 0.000563722 0.000563722 0.000563765 0.000563722 0.000563975 0.000563724 0.000563758 0.000563723 0.000563723 0.000563722 0.000563723 0.000563723 0.000563722 0.000563722 0.00056373 0.000563724 0.000563723 0.000563723 0.000563724 0.000563722 0.000563722 0.000587098 0.000563724 0.000563724 0.000563813 0.000563723 0.000563723 0.000563723 0.000563726 0.000563724 0.000563924 0.000563723 0.000563725 0.000563722 0.000565481 0.000563724 0.000563723 0.000623481 0.000563723 0.000563722 0.000570843 0.000563722 0.000563723 0.000563926 0.000563758 0.000563723 0.000563723 0.000563722 0.000563724 0.000563723 0.000563952 0.000563724 0.000563722 0.000563723 0.000563722 0.000564322 0.000563723 0.000563722 0.000563724 0.000563723 0.000563722 0.000563723 0.000568305 0.000563724 0.000563723 0.000563728 0.000563723 0.000563723 0.000563753 0.000563722 0.000563723 0.000563723 0.000563724 0.000563992 0.000563749 0.000563723 0.000563723 0.000563723 0.000563722 0.000563908 0.00056418 0.000563723 0.000563724 0.000564789 0.000563888 0.000591762 0.000563723 0.000563778 0.000564368 0.000563798 0.000564079 0.000563723 0.000563724 0.000563722 0.000563723 0.000563726 0.000563723 0.000563723 0.000563723 0.000563726 0.000563723 0.000563723 0.000563722 0.000751609 0.000563722 0.000563724 0.000563723 0.000563722 0.000563722 0.000563804 0.000563724 0.000563722 0.000563725 0.000563963 0.000563723 0.000563722 0.000563723 0.000563781 0.000669344 0.000563738 0.000563725 0.000563722 0.000564271 0.000563723 0.000563741 0.000563723 0.000563723 0.000563785 0.000563724 0.000563726 0.000572784 0.000566296 0.000564462 0.000563828 0.000563722 0.000563722 0.000589131 0.000563722 0.000563723 0.000563723 0.000563959 0.000564972 0.000563734 0.000563723 0.000577685 0.000564773 0.000563722 0.000563722 0.000563896 0.000563723 0.000563724 0.000563723 0.000566087 0.000563724 0.000563723 0.000563725 0.000632128 0.000563724 0.000563722 0.000563723 0.000564742 0.000563723 0.000563785 0.000563724 0.000563723 0.000601992 0.000563723 0.000574008 0.00072361 0.000563726 0.000563723 0.000563723 0.000563722 0.000563723 0.000564682 0.559983 0.000563723 0.000564078 0.000563723 0.000563723 0.000563722 0.000563723 0.000563724 0.000563782 0.000563841 0.000565322 0.00131991 0.000563723 0.000563861 0.000563722 0.000563724 0.00121536 0.000563723 0.000563723 0.000563753 0.000564348 0.000585528 0.000563725 0.000563723 0.000601396 0.000563723 0.000595934 0.000563722 0.000563723 0.000563722 0.000563724 0.000564043 0.000563892 0.000563723 0.000565655 0.000563723 0.000563722 0.000563723 0.000563722 0.000565872 0.000563783 0.000563724 0.000563727 0.000563722 0.000563726 0.000623977 0.000563723 0.000573534 0.00056467 0.000563722 0.000563723 0.000563724 0.000563722 0.000563742 0.000563739 0.000563723 0.000564769 0.000563723 0.000563725 0.000563722 0.000563722 0.000563836 0.000563723 0.000563723 0.000622845 0.000563722 0.000563897 0.000563745 0.000563724 0.000563723 0.000563937 0.000563722 0.000563808 0.000563727 0.000563725 0.00056761 0.000563723 0.000563835 0.000564509 0.00057902 0.000563727 0.000563723 0.000564885 0.000563722 0.000563734 0.000563726 0.000564019 0.000563725 0.000564062 0.000563722 0.000563723 0.000563755 0.000573284 0.000563722 0.00118811 0.000563724 0.000563735 0.000563723 0.000566473 0.000563723 0.000563723 0.000563722 0.000563722 0.000592879 0.000563874 0.000564519 0.000563965 0.000563722 0.000563722 0.000563723 0.000563723 0.000563726 0.000603515 0.000563727 0.00056373 0.000626149 0.000563723 0.000563725 0.000563722 0.000563724 0.000563723 0.000563723 0.000563723 0.000563722 0.000563723 0.000563723 0.000563723 0.000638378 0.000563723 0.000563722 0.000563722 0.000563835 0.000568046 0.000563724 0.000563752 0.000563852 0.000563722 0.000563723 0.000563723 0.000564039 0.000626339 0.000564096 0.000563743 0.000563723 0.000563773 0.000563722 0.00059195 0.000563736 0.00056452 0.000563722 0.000563722 0.000563894 0.000563722 0.000563722 0.00056469 0.000564018 0.000563723 0.000563723 0.000563723 0.000563722 0.000563723 0.00056375 0.000563722 0.000563723 0.000600849 0.000563954 0.000564798 0.000563723 0.000564309 0.000563722 0.000563724 0.000563765 0.000563725 0.000563724 0.000563722 0.000563723 0.000644071 0.000563722 0.000563724 0.000568066 0.000563724 0.000564579 0.000563723 0.000563723 0.000563724 0.000563876 0.000563722 0.000563722 0.000563722 0.00056377 0.000563722 0.000563723 0.000563724 0.000563723 0.000564122 0.000563723 0.000563723 0.000563723 0.000563723 0.000563724 0.000563948 0.000563722 0.000563935 0.000563722 0.000563723 0.00056373 0.000563724 0.000563804 0.000563723 0.000563722 0.000563722 0.000824538 0.000569543 0.000563723 0.000563722 0.0021907 0.000563723 0.000563725 0.000563724 0.000573284 0.000563796 0.000563722 0.000563724 0.000563814 0.000563724 0.000573286 0.000563722 0.000590914 0.00056373 0.000563922 0.00056382 0.000563723 0.000563723 0.000583765 0.000563726 0.000563735 0.000563823 0.000563723 0.000563859 0.00056373 0.000563723 0.000563724 0.000563723 0.000563722 0.000563724 0.000563723 0.000563723 0.000563724 0.000563723 0.000563728 0.000563798 0.000564021 0.000563722 0.000621834 0.000563724 0.000563941 0.000563722 0.000563741 0.000563722 0.000563723 0.000563723 0.000563723 0.000563757 0.000563817 0.000588436 0.000575663 0.000563722 0.000563753 34.0822 0.000563723 0.000563723 0.000563727 0.000563724 0.000563816 0.000563724 0.000563723 0.000587581 0.000563724 0.000563723 0.000563722 0.000634302 0.000563722 0.00209818 0.000563723 0.000563724 0.000563725 0.000565525 0.000565536 0.00056433 0.000563723 0.000563806 0.000563725 0.000568906 0.000563723 0.000563723 0.000563723 0.000564249 0.000563722 0.000563723 0.000563724 0.000563728 0.000563723 0.000563722 0.000563725 0.000563724 0.000563723 0.000563722 0.000563808 0.000563724 0.000563723 0.000563722 0.000563725 0.000564476 0.000563723 0.000563723 0.000563752 0.000563803 0.000563722 10.6 0.000563724 0.000563723 0.000563722 0.000599393 0.000564008 0.000563785 0.000563724 0.000563724 0.000563973 0.000563723 0.000563724 0.000563722 0.000563936 0.000645173 0.000563723 104.755 0.000573963 0.000563723 0.000563724 0.000563723 0.000565934 0.000563722 0.000563723 6.76096 0.000563723 0.000565231 0.000563726 0.000563723 0.00056719 0.000563722 0.000563777 0.000563724 0.000563722 0.000563723 0.000563723 0.000563722 0.000563855 0.000563723 0.000563726 0.000563722 0.000563735 0.000563722 0.000563728 0.000563869 0.000563726 0.000563723 0.000563722 14.8273 0.000563723 0.000563724 0.000563723 0.000563723 0.000563724 0.000563723 0.000563724 0.000563722 0.000563722 0.000563722 0.000563722 0.000563723 0.000563723 0.000563723 0.000563724 0.000563723 0.000563724 0.000564578 0.000563722 0.00057013 0.000563722 0.000564117 0.000563723 0.000563723 0.000748824 0.000563723 0.000563722 0.000563722 0.000563723 0.000563723 0.000563724 0.000563723 0.000564061 0.000563724 0.000563722 0.000564709 0.000563746 0.000588112 0.000563723 0.000563803 0.000563722 0.000563755 0.000563725 0.000563724 0.000563984 0.000563726 0.000563722 0.000563858 0.000563723 0.0005638 0.000573888 0.000564243 0.000563722 0.000563722 0.000563819 0.000563722 0.000563722 0.000563723 0.000563724 0.000563722 0.000563724 0.000563723 0.000563723 0.000563968 0.000563724 0.000563722 0.000563723 0.000563722 0.000563722 0.000563726 0.000563825 0.000563722 0.000563722 0.000563723 0.000563747 0.000563724 0.000573606 0.000563723 0.000563724 0.000563722 0.000563724 0.000563722 726.515 0.000563722 0.000563731 0.000563722 0.000563723 0.000563722 0.000573641 0.000563723 78.5474 0.000563854 0.00056373 0.000563722 0.000563723 0.000563723 0.000564132 0.000563723 0.000563724 0.000563722 0.000564308 0.000563724 0.000563722 0.000570844 0.000563722 0.000563723 0.000563722 0.000566526 0.000563723 0.000563771 0.000563787 0.000563725 0.000563724 0.000563753 0.000563723 0.000563722 0.000563802 0.000563724 0.00056373 0.000569858 0.0005714 0.000563882 0.000563722 0.000563891 0.00056388 0.000563723 0.000563869 0.000563722 28.3379 0.000563722 0.000563769 0.000566917 0.000563723 28.5662 0.000563723 0.00056409 0.000563723 0.000563882 0.000563722 0.000563723 0.000563722 0.000563722 0.000563722 0.000563723 0.000563788 0.000563861 0.000563723 0.000563725 0.000733561 0.000563723 0.000563878 0.000565532 0.000563747 0.000563723 0.000563731 0.000584442 0.000563727 0.000563896 0.000563722 0.000563774 0.000563722 0.000563722 0.000563722 0.000563722 0.000569329 0.000563725 0.000578029 0.000563736 21.5728 0.000567868 0.000563723 0.000563723 0.000643117 0.000563722 0.000563723 0.000563723 0.000563723 0.000563723 0.000563723 0.000563724 0.000563723 0.000563738 0.000563724 0.000563736 0.000563722 0.000563745 0.000563953 7.55128 0.000564786 20.3434 0.000563726 0.000563725 0.000563723 0.0005648 0.000563916 0.000563723 0.000563866 0.000563724 0.000563724 0.000563722 0.000563811 0.000563722 0.000563816 0.000564375 0.000563723 0.000563836 0.000563722 0.000563723 0.000564493 0.000564298 0.000563723 0.000563722 0.000563987 0.000563724 0.000563725 0.000563725 0.000563728 141.683 0.000563733 0.000750553 0.000563723 0.000563723 0.000574498 0.000563722 0.000563723 0.000563723 0.000563724 0.000563725 0.000563748 0.000563724 0.000566059 0.000651324 0.000563725 0.000563722 0.000563723 0.000563739 0.000563729 0.000588127 0.00056376 0.000576963 0.000566642 0.000563723 0.000563723 0.000563723 0.000563723 0.000563723 0.000563722 0.000563723 0.000563724 0.000565416 0.000563723 0.000563773 0.000563791 0.000572854 0.000618072 0.000563723 0.000563724 0.000563726 0.000563908 0.000563724 0.000563728 0.000563724 0.000563732 0.000563722 0.000564591 0.000563732 0.000563722 0.000564298 0.000563723 0.000563844 0.000563724 0.000563723 0.000563724 0.000563817 0.000563722 0.000563724 0.000564414 0.000563722 0.000563722 0.000563851 0.000563723 0.000563723 0.000566881 0.0005789 0.000563723 0.000564046 0.000564685 0.000563722 0.000563723 0.000563723 0.000563722 0.000563725 0.000563723 0.000563723 19.6961 0.000563722 0.000563723 0.000563722 96.8032 0.000563723 0.000563724 0.000563796 0.000563878 0.000563723 0.000563722 0.000563723 0.000563723 0.000880629 0.000563723 0.000563723 0.000563724 0.000563783 0.000563723 0.00056415 0.000563722 0.000565131 0.000563722 0.000563722 0.000563726 0.000563723 0.000563876 0.000563722 0.000563908 0.000563734 0.000563724 0.000563723 0.000563738 0.000563724 0.000563722 0.000563769 0.000563955 0.000563722 0.000563722 0.000563724 0.000563724 0.000563722 0.000563722 0.000563723 0.000563724 0.00056451 0.00056373 0.000563725 0.000563723 0.000569436 0.000563722 0.000563722 0.000563722 0.000563724 0.000563722 0.000563737 0.000563726 0.000563723 0.000563723 0.000563724 0.0146233 0.000563722 0.000563723 0.000563726 0.000563723 0.000568144 0.000563728 0.000563723 0.000563722 0.000563729 0.000563723 0.000563724 0.00056373 0.000563722 0.000563723 0.000563723 0.000566268 0.000563741 0.000563723 0.000563725 0.000564103 0.000563723 0.000564164 0.000563748 0.000563723 0.000563725 0.000563912 0.000563723 0.000563727 0.000563722 0.000563723 0.000563723 0.000563725 0.000564668 0.000563722 0.000563723 0.000563722 0.000563722 0.000563723 0.000563723 0.000563722 0.000563723 0.000563722 0.000563722 0.000563833 15.1698 0.000563724 0.000563786 0.000563949 0.000563722 0.000564103 0.000563834 0.00056444 0.000563723 0.000564315 0.000563722 0.000563817 0.000563723 0.000563732 0.000572461 0.000563778 0.000563722 0.000564636 0.000563723 0.000564125 0.000563723 0.000563724 0.000563725 0.104761 0.000563727 0.000563785 0.000563722 0.000563723 0.000908256 0.000563725 0.000633839 0.000563723 0.000563725 0.000563723 0.000563723 0.000563723 0.000607945 0.000563724 0.000563727 0.000563722 0.000563722 0.000564423 0.000563725 0.000563724 0.000563723 0.000563723 0.000563723 0.00056439 0.000564112 0.000563722 0.000563724 0.000563722 0.000563722 0.000563723 0.000563728 0.000563722 0.000563733 0.000563863 0.000563723 0.000563736 0.000563723 0.000563723 0.000563723 0.000563722 0.000563818 0.000563732 0.000563888 0.000563723 0.00056388 0.000563722 0.000563749 0.000563727 0.000563723 0.000563723 0.000563722 0.000563723 0.000563723 0.000563724 0.000563722 0.000563722 0.000563722 0.000563722 0.000570804 0.000563722 0.000563724 0.000563723 0.000564172 0.000564047 0.000563723 0.000564115 0.000563722 0.000563722 78.3466 0.000565979 0.000564211 0.000563831 0.000625451 0.000563775 0.000563897 0.000563722 0.000563723 0.000563722 0.000563722 0.000563722 0.000706705 0.000563723 26.9751 0.000563723 0.000563742 0.000563723 0.000564171 0.000570603 0.000563722 0.000563723 0.000563883 0.000563723 0.000563722 0.000563722 0.00056509 0.000563723 0.000563723 0.000564086 0.000563723 0.000563722 0.000563723 0.000563978 0.000563722 0.000563724 0.000563722 0.000563723 0.000563723 0.000563722 0.000564465 0.000563725 0.000563722 0.000563722 0.000563723 0.000564114 0.000563723 0.000563723 0.000563722 0.000564364 0.000563723 0.000563723 0.000872 0.000563723 0.000563935 0.000564351 0.000563723 0.000563723 0.000563967 0.000563723 0.000563723 0.000563725 0.000563723 0.000563729 0.000564282 18.5146 0.000563723 0.000588868 0.000563722 0.000563724 0.000852631 0.000563723 0.000563722 0.000564224 0.000564802 0.000563723 0.000563722 0.000563722 0.000563724 0.000563985 0.000563724 0.000563723 0.000563722 0.000595365 0.000563722 0.000563722 0.000563723 0.000563724 0.000563723 0.000563722 0.00056393 0.000563723 0.000563723 0.000563724 0.000563724 0.000563723 0.000563723 0.000563724 0.000563723 0.000563724 0.000563733 0.000563723 0.000563724 0.000563722 0.000563723 0.000563726 0.000563723 0.000563723 0.000563723 0.000563726 0.000563737 0.000563723 0.000563722 0.000563722 0.000563724 0.000563722 0.000563723 0.000577727 0.000563723 0.000563725 0.000563723 0.00056402 0.000563722 0.000563722 0.000563723 0.000567853 0.000563722 0.000563722 0.000563723 0.000563722 0.000563723 0.000563783 0.000563722 0.000563723 21.5349 0.000563752 0.000563724 0.000563725 0.000563725 0.000563723 0.000563723 0.000563747 0.000563726 0.000563725 0.000563723 0.000563965 0.000563723 0.000564104 0.000563722 0.000563722 0.00056377 0.000563723 0.000563722 0.000564109 0.000563723 0.000563723 0.000563723 0.000563723 0.000563733 0.000563722 0.000563722 0.000564029 0.000563723 0.000563723 0.000563723 0.000563725 0.000563724 0.000563722 0.000563743 0.000571392 0.000564072 0.000563722 0.000563724 0.000563723 0.000563722 0.000563722 0.000563725 0.000564086 0.000563723 0.000563725 0.000563722 0.000563724 0.000563725 0.000563726 0.000565382 0.000563808 0.000563722 0.000563738 0.000563724 0.000563723 0.000563723 0.000563723 0.000563722 0.000563722 0.000563722 0.000563725 0.000563723 0.000563722 0.000564113 0.000563722 0.000563723 0.000563919 0.000563726 0.000563726 0.000563722 0.000563723 0.000563725 0.000563736 0.000563887 0.000563722 0.000563722 0.000563723 0.000563722 0.000563722 0.000563725 0.000563992 0.000563723 0.000563868 0.000563723 0.000563722 0.000563874 0.000563723 0.00056375 0.000563726 0.00056386 0.000564341 0.000567032 0.000563723 0.000563723 0.000563722 0.000563723 0.000563722 0.000563722 0.000563723 0.000563724 0.000563722 0.000563725 0.000563723 0.000563722 0.000563722 0.000564241 0.00056755 0.000564101 0.000563723 0.000563723 0.000563723 0.000563722 0.000637427 0.000563722 0.000563723 0.000563724 0.000563723 0.000563724 0.000563725 0.000563922 0.000563725 0.00056505 0.000563723 0.000563724 0.000564207 0.000646402 0.000563724 0.000563723 0.000875122 0.000563723 0.000563723 0.000564229 0.000564765 0.000563745 0.000563722 0.000563723 0.000563722 0.000563724 0.000563827 0.000563722 0.000563722 0.000563749 0.00056471 0.000563723 0.000564125 0.000563724 0.000569609 0.000564512 0.000563722 0.000563722 0.000563723 0.000563724 0.000563737 0.000563723 0.000563723 0.000563737 0.000563736 0.000563724 28.0147 0.000563723 0.000563722 0.000563723 0.000563726 0.000563723 0.000563723 0.000563878 0.000563723 0.000563723 0.000575459 0.000563723 0.000563724 0.000563723 0.000563723 0.000563722 0.000563724 0.000563722 0.000563815 0.000563724 0.000563722 0.000563722 0.00056444 0.000563723 0.000563723 0.00059858 0.000563724 0.000563723 0.000563725 0.00056373 0.000563797 0.000563723 0.000563745 0.000596102 0.000563724 0.000563723 0.000563723 0.000563723 0.000563724 0.000563775 0.000564914 0.000563723 0.000563722 0.000564421 0.000563723 0.000568594 0.00180046 0.000563722 0.000563725 0.000563722 0.000563723 0.000563725 0.000563722 0.000567928 0.000565291 0.000563728 0.000564002 0.000563723 0.00056384 0.000563723 0.000563784 0.000563722 0.000563722 0.000571886 0.000563722 0.000564019 68.5015 0.000565219 0.00056373 0.000574241 0.000563725 0.000624098 0.000563722 0.000563723 0.000563728 0.000563722 0.00056414 0.000563723 0.000563987 0.000563725 0.000585502 0.000563723 0.000563722 0.000563722 0.000563723 0.000563723 0.000563724 0.000563724 0.000563728 0.000563723 0.000563743 0.000563725 0.000563777 0.000563722 0.00056387 0.000563722 0.000613404 0.000563722 0.000563723 0.000563802 0.00056917 0.000626378 0.000563722 0.000563722 0.000563722 0.000563725 0.000563722 0.000563722 0.00056373 0.000563722 0.000563723 0.000563722 0.000563724 0.000563768 0.000563723 0.000563723 0.000563722 0.000563722 0.000563733 0.000611227 0.000563722 0.000563722 0.000563723 0.000563723 0.000563736 0.000563861 0.000563724 0.000563723 0.000563722 8.4872 28.7399 0.000563723 0.000563723 0.000563723 0.000563724 0.000563722 0.000563723 0.000564445 0.000563723 0.000563723 0.000563722 0.000563723 0.000564313 0.000563722 0.000563723 5.39681 0.000563933 0.000563883 0.000563723 0.000563723 0.000563724 0.000563723 0.000563723 0.000563722 0.000563723 0.000563725 0.000563762 0.000563723 0.000563723 0.000563724 0.000563722 0.000563722 0.000563723 0.000563724 0.000563722 0.000576706 0.000563722 0.000563723 0.000563723 0.000563727 0.000563723 0.000563724 0.000563773 0.000563722 0.000563731 0.000563723 0.000563723 0.000563722 0.000564484 0.000563723 0.0164287 0.000563725 0.000563732 0.000564611 0.000563725 0.000563722 0.000563724 0.000563722 0.000563722 0.000563723 0.000563722 0.000563723 0.000563723 0.000590869 0.000570541 0.000563723 0.000563735 0.0005677 0.000563854 0.000563723 0.000563726 0.000563724 0.000591742 0.000563723 0.000563955 0.000563722 0.000563722 0.00056373 0.00077818 0.000563722 0.000563723 0.000563723 0.000563723 0.000563723 0.000563723 0.000563722 0.000565754 0.000563724 0.000563723 0.000565647 0.000563776 0.000563725 0.000563785 0.000563741 0.000563722 0.000563722 0.000563723 0.000563723 0.000563722 0.000563724 0.000563722 0.000563723 0.000563724 0.000563725 0.000563723 0.000563724 0.000563725 0.000563722 0.000563777 0.000563723 0.000563723 0.000568882 0.000563948 0.000563723 0.000563929 0.000563723 0.000563772 0.000563722 0.000563723 0.000563753 0.000563722 0.000563722 0.000563722 17.7206 0.000563724 0.000563737 0.000563723 0.000563722 0.000563723 0.000563724 0.000564514 0.000563732 0.000563724 0.000565633 0.00057733 0.000585627 0.000563723 0.000563723 0.000582497 0.000563723 0.00056381 0.000563878 0.000563895 35.5792 0.000563871 0.000563744 0.000563765 0.000563724 0.000563723 0.000564026 0.000564347 0.000563724 0.000563723 16.1411 0.000563779 0.000563723 0.000563727 0.000563723 0.000563723 0.000563722 0.000563723 0.000563723 0.000563722 0.000563917 0.000605734 0.000563723 0.00056373 0.000563722 0.000563724 0.000563723 0.000563723 0.00056545 0.000563722 0.000563725 0.000563723 0.000563724 0.000563722 0.00123649 0.000563725 0.000563724 0.000563723 0.000563759 0.000563724 0.000563723 0.000563724 0.000563726 0.000563723 0.00056452 0.000571269 0.000563724 0.000563723 0.000563722 0.000577739 0.000564029 0.000563871 0.000563723 0.000563735 0.000563724 0.000563722 0.000563722 0.000563725 0.000563724 0.000563722 0.000563723 0.000563942 0.000563723 0.000563724 0.000563724 0.000563981 0.000563723 0.000563723 0.000563725 0.000617392 45.4668 0.000563722 0.000563722 0.00056373 0.000563722 0.000563723 0.000563725 0.000563723 0.000563729 0.000583545 0.0301139 0.000564019 0.000568674 0.000563725 0.000563725 0.000563724 0.000563723 0.000563725 0.000563844 0.000563722 0.000563722 0.000563722 0.000564769 0.000563723 0.000563722 0.00056741 0.000563722 0.000569854 0.000563722 0.000563744 0.000563722 0.000564064 0.668033 0.000563735 0.000564141 0.000565584 0.000563723 0.000563722 0.000563726 0.000563724 0.000576964 0.000563723 0.000567053 0.000563723 0.000563722 0.000564129 0.000564074 0.000564145 0.000563722 0.000563723 0.000563723 0.000563722 0.000563723 0.000563723 85.8318 0.000563725 0.000563778 0.000563722 0.000563749 0.000563723 0.000564595 0.000563723 0.000563723 0.000568291 0.000564308 0.000563723 0.000565 0.000563723 0.000563747 0.000563722 0.000563723 0.000563722 0.00056404 0.00056565 0.00062607 0.000563723 0.000563723 0.000563825 15.5074 0.000563724 0.000563886 0.000563722 0.000563723 0.000563723 0.000563725 0.000563723 0.000563723 50.7741 0.000563723 0.000563724 0.000563722 0.000563724 0.000563726 0.000563722 0.000563782 0.000565517 0.0112886 0.000563723 0.000563723 0.000564018 0.000563722 0.000563723 0.000574949 0.00056407 0.000563722 0.000565503 0.000563723 0.000563809 0.000563725 0.000563722 0.000563722 0.000563725 0.000563722 0.000563723 0.000563844 0.000563722 51.6762 0.000563723 0.000563858 0.000563722 0.000563723 0.000563722 0.000563722 0.000564106 0.000563726 0.000563723 0.000563722 0.000563725 0.000563722 0.000564283 0.000563722 0.000564095 0.000563724 0.000564211 0.000563724 0.000563738 0.000563722 0.000563722 0.000563726 0.000563723 0.000563722 0.000564384 0.000563725 0.000563724 0.000591741 0.000563722 0.000569247 0.000563731 0.000563727 0.000563722 0.000563995 0.00056405 0.000564451 0.000563826 0.000563723 0.000563756 0.000563725 0.000563723 0.000563723 0.000563723 0.000563731 0.000563725 0.000572374 0.000565096 0.000564326 0.000563727 0.000563881 0.000563723 0.000563728 0.000563723 0.000563725 0.000563782 0.000564221 0.000563722 0.00056805 0.000563725 0.000563879 0.000563795 0.000563723 0.000563723 0.000563725 0.00056389 0.000563724 0.000563723 0.000563722 0.000563723 0.000563725 0.000595825 0.000563723 0.000563723 0.000564064 0.000563724 0.000563723 0.000563722 0.000563723 0.000563723 0.000569789 0.000563722 0.000563722 0.000563724 0.000563722 0.000563771 0.000563751 0.000563723 0.000563722 0.000563722 0.000563756 0.000563722 0.000563723 0.000563723 0.000563722 0.000563723 0.000563722 0.00058549 0.000563722 0.000563724 0.000563723 0.000563723 0.000563722 0.000565356 0.00056373 0.000563722 92.5262 0.000563812 0.000563723 0.000563722 0.000563724 0.000563723 0.000563758 0.000563941 0.000650798 0.000563723 0.000563723 0.000564505 0.000564316 0.000563726 0.000563725 0.000563723 0.000563723 0.000563722 0.000563724 0.000563722 0.000563723 0.000563722 0.000563724 0.000563749 0.00056375 0.000563723 0.000563722 0.000563723 0.00056373 0.000775699 0.000563723 0.000563722 0.000573283 0.000563722 8.15327 0.000563723 0.000564334 0.000563723 0.000563763 0.000563722 0.000699818 0.000563724 0.000565808 0.000563857 0.000563722 0.000563735 0.000563722 0.000563729 0.000563723 0.000563723 0.000563732 0.000563723 0.000563723 0.000563723 0.000563725 0.000563726 0.000568121 0.000563735 0.000563723 0.000563723 0.000563744 0.000563728 0.000563722 0.00056373 0.000563722 0.000563723 0.000563723 0.000563723 0.000563722 0.000563723 0.000563722 0.000563723 0.000563722 0.000563722 0.000609801 0.000563723 0.000566811 0.000563724 0.000563806 0.000563723 0.000563722 0.000563723 0.000563724 0.00056374 0.000563722 0.000563727 0.000563829 0.000564599 0.000563723 0.000563725 0.000564032 0.000563723 0.000619153 0.000563724 0.000563773 0.000563722 0.000563722 0.000563723 0.000563722 28.0282 0.000566959 0.000642873 0.000563754 0.000563723 0.000563724 0.000563728 0.000563723 0.000563722 0.000563724 0.000563723 0.000594097 0.000563722 0.000563723 0.000563725 0.000563722 0.000563723 0.000563722 0.000565223 0.000563723 0.000563723 0.000564128 0.000925112 0.000563723 0.000563722 0.000563723 0.000563723 0.000563725 0.000563723 0.000563744 0.000563733 0.000563725 0.000563724 0.000563735 0.000563723 0.000563724 31.7964 0.000563726 0.000563722 0.00058084 0.000563723 0.000563723 0.00056385 0.000565608 0.000563722 0.000563723 0.000564292 0.000563723 0.000563726 0.000564095 0.000590248 0.000563723 0.000563723 0.000563722 0.000563722 0.000563723 0.000563734 0.000563722 0.000570326 0.00056397 0.000563723 0.000563723 0.000563722 0.000563722 0.000563722 0.000563724 0.000564245 0.000563723 0.000563723 0.000563924 0.000563726 0.000843809 0.000563727 0.000563809 0.000563723 0.000563723 0.000564594 0.000563801 0.000563723 0.000563831 0.000572581 0.00056432 0.000563722 0.000563723 0.000563723 0.000852322 0.000563731 0.000563724 0.000563725 0.000563724 0.000563723 0.000563723 0.000563722 0.000563722 0.000598493 0.000563723 0.000643595 0.000563755 0.000563722 0.000563724 0.000563723 0.000563724 0.000563722 0.000563839 0.000563722 0.000563795 0.000563748 0.000563729 0.000563738 0.000563722 0.000563722 0.000563723 0.000563941 0.000563722 0.000563722 0.000563722 0.000563723 0.000563723 0.000563724 0.000563723 0.000563857 0.000563722 0.000563773 0.000564309 0.00056397 0.000563733 0.000563722 0.000563724 0.000563722 0.000564012 0.000665865 0.000563726 0.000563723 0.00056422 0.000563724 0.000563722 0.000563722 0.000563724 0.000563723 0.000563722 0.000563723 0.00056373 0.000563722 0.000692015 0.000563723 0.000563723 0.000563842 42.2184 0.000564182 0.000563987 0.000578918 0.000563723 0.000563724 0.000563723 0.000563724 0.000563723 0.000563725 0.000564075 0.000564139 0.000563722 0.000563722 0.000564348 0.000571105 0.000563724 0.000563723 0.000563728 0.000563725 0.000563723 0.000563722 0.000563722 0.000563723 0.000563722 0.00056433 0.000563722 0.000563737 0.000563723 0.000563722 0.000563841 0.000563794 0.000563724 0.000563723 0.000564056 0.000563723 0.000568631 0.000563788 0.000563726 0.000564721 0.000563722 0.000563722 0.000563843 0.000564286 0.000563724 0.000563777 0.000563722 0.000563723 0.000564497 0.000563722 0.000563723 0.000563722 0.000666355 0.000563864 0.000563732 0.000563724 0.000563723 0.000563723 0.000563723 0.000742363 0.000563723 0.000563723 0.000563723 0.000563723 0.000563797 0.000580743 0.000563884 0.000585438 0.000563723 0.000563731 0.000563722 0.000563735 0.000564072 0.000563722 0.000563722 0.000563947 0.000563792 0.000564782 33.2142 0.000563722 0.000563839 0.000563722 0.000570651 0.000563722 0.000563722 0.000563739 0.000563722 0.000567568 0.000563962 0.000563722 0.000568611 0.000563722 0.000564249 0.00056431 0.000563723 0.000563725 0.000563722 0.000563723 0.000563724 0.000564043 0.000563902 0.000563723 0.000563723 0.000563722 79.1143 0.000563734 0.000583959 0.000563723 0.000563724 0.000563725 0.000563723 0.000563722 0.000563723 0.000563723 0.000563723 0.000563723 0.000603007 0.000563723 0.000563723 0.000571472 0.000563723 0.000563723 0.000564261 0.000563728 0.000563726 0.000563722 0.000563722 0.000563724 0.000563981 0.000563723 0.000563723 0.000565687 0.00060152 0.000563723 0.000563723 0.000563723 0.000563723 0.000563749 0.000563724 0.000563723 0.000563726 0.000563814 0.000563722 0.000563725 0.000563723 0.000563722 0.000566757 0.000566872 0.000563726 0.000563724 0.000563912 0.000563723 0.000823297 0.000563723 0.000563722 0.000563724 0.000563726 0.000563723 0.000563723 0.000563723 0.000563951 0.000563722 0.000563724 0.00056374 0.000576775 0.00056373 0.000571001 0.000563722 0.000563723 0.000563723 0.000563769 0.000563722 0.000563722 0.000563722 0.000564571 0.000563723 0.000563722 0.000563724 0.000563723 0.000563724 0.000563728 0.000571273 0.000563722 0.0010884 0.000563723 0.000563723 0.000563728 0.000563722 0.00056387 0.000563724 0.000563835 0.000563724 0.000563723 0.000563722 0.00056373 0.000564052 0.000563725 0.000563723 0.000563723 0.000563723 0.000563723 0.000577216 0.000563724 0.000564653 0.000563722 0.0164258 0.000567036 0.000565438 0.000563723 0.000563726 0.000563727 0.000564776 0.000563722 0.000563722 0.000563722 0.000563723 0.000563869 0.000564007 0.000720115 0.000563722 0.000563722 0.000563724 0.000563724 0.000563722 0.0107428 0.000563765 0.000563723 0.000563723 0.000563724 0.000563849 0.000566048 0.000563732 0.000563723 0.000564165 0.000568646 0.000563722 0.000564584 0.000563724 0.000563723 0.000563722 0.000563724 0.000563723 0.000564282 0.000563912 0.000563724 8.79276 0.000563723 0.000563722 0.000563723 0.000587204 0.000563723 0.000563724 0.000564479 0.000565397 0.000566936 0.000563722 0.000563783 0.000563723 0.000563871 0.000563725 0.000563722 0.000563722 0.000563722 0.000563726 0.000563722 0.00057459 0.000563723 0.000563722 0.000563724 0.000563778 0.000563723 0.000563722 0.000563723 0.000563814 0.000563729 0.000563722 0.000563723 0.000563724 0.000563722 0.000563723 0.000563723 0.000563723 0.000563722 0.000563723 0.00056392 0.000563725 0.000563738 0.000563723 0.000563723 0.000563723 0.00063073 0.000563724 0.000563726 0.000563727 0.000563723 0.000563723 0.000563723 0.000564017 0.000563722 0.000563743 0.000563723 0.00056516 0.000563723 0.000563723 0.000563956 0.00123405 0.000563722 0.000563722 0.000563738 0.000563723 0.000563722 0.000563819 0.000563722 0.000563722 0.000564285 0.000563723 0.000563722 0.000563722 0.000563723 0.000563724 0.000563864 0.000563723 0.000955104 0.000563724 0.000563731 0.000563724 0.000563722 0.000563722 0.000711476 0.000563726 0.000563759 0.000563882 0.000563723 0.000563726 0.000564173 0.000563723 0.000563722 0.000563746 0.000563725 0.000563731 0.000563723 0.000820296 0.000563723 0.00056381 0.000563723 0.000563723 0.000564395 0.000563723 0.000563726 0.000563723 0.000563723 0.000563722 0.000563736 0.00250003 0.000570844 0.000563723 0.113439 0.000563789 0.000563723 0.000567266 0.000563723 0.000563726 0.000830838 0.000563723 0.000573229 0.000563724 0.000563723 0.000563723 0.000563722 0.000563722 0.000563724 0.000563983 0.000563723 0.000563724 0.000563722 0.000569086 0.000563744 0.000563723 0.000563724 0.000563726 0.000564032 0.000565518 0.000563723 0.000563722 0.000563722 0.000563723 0.000563722 0.000563723 0.000563776 0.000563833 0.000563722 0.000563722 0.000566492 0.000565622 0.000563722 15.2024 0.000563731 0.0005649 0.000563723 0.000563722 0.000563759 0.000563722 0.000700276 0.000563726 0.000563723 0.000563724 0.000563722 0.000563726 2.86106 0.000563723 0.000563726 0.000563722 0.00056374 0.000564915 0.000563806 0.000563723 0.000566088 0.000563722 0.000563724 15.1525 0.00056379 0.000564465 0.000564131 0.000564466 0.000563723 0.000563723 0.000563723 0.000563724 0.000563726 0.000563723 0.000563984 0.000563722 0.000563723 0.000563725 0.000563722 0.000566775 0.000563723 0.000563904 0.000563722 0.000563723 0.000563723 0.000564813 0.000563735 0.000563723 0.000563737 0.000564171 98.4937 0.000563722 0.000563723 0.000563722 0.000563759 0.000563722 0.000565727 0.000563722 0.000563915 0.000563726 0.000775546 0.000563723 0.000563723 0.000563725 0.000563736 0.000563744 0.000563746 0.000563723 0.000563723 0.000563725 0.000892399 0.000564285 0.000563724 0.000563725 0.000563725 0.000563723 0.000563722 0.000569087 0.000563724 0.000563747 0.000563723 0.000563964 0.00062031 0.000563723 0.0009105 0.000563723 0.000563723 0.000563722 0.000563765 0.000563723 344.172 0.000563902 0.000603006 0.000563723 0.000563722 0.000563723 0.000563722 0.00056591 0.000563723 0.000563725 0.000563724 0.000563723 0.000563723 0.000563722 0.000597163 0.000563964 0.000563724 0.000563723 0.000563722 0.000563723 0.000563723 0.000563745 0.000563723 0.000563723 0.00056412 0.000563734 0.000563722 0.000563723 0.000563723 0.000566127 0.000563746 0.000563724 0.000563787 0.000563723 0.000564256 0.00080912 0.000565177 0.000563904 0.00114597 0.000563724 0.000563723 0.000563818 0.000563723 0.000563723 0.000563722 0.000563724 0.000563722 0.000563722 0.000563726 0.000563945 0.000563724 0.000564214 0.000580118 0.000563723 0.000563723 0.000563722 0.000563724 0.000563723 0.000563722 0.000563725 0.000563724 0.000566785 0.000563722 0.000563729 0.000563722 0.000563722 0.000570093 0.000563723 0.000563722 0.000563723 0.000622085 0.000563971 0.000563725 0.000563732 0.000563722 0.000563932 0.000563736 0.000563742 0.000563723 0.000563723 0.000563723 0.000563725 0.000563724 0.00056512 0.000563722 0.0005643 0.000578239 0.000563723 0.000563722 0.000564044 0.000563722 0.00056384 0.000564607 0.000563723 0.000563722 0.000604116 0.000570235 0.000563863 0.000563723 0.000563723 0.000563723 0.000563724 0.000563725 0.000563723 0.000563723 0.000563722 0.000563725 0.000563722 0.000571608 0.000563723 0.000563722 0.000563723 0.000564847 0.000563726 0.000564042 0.000564229 0.000563723 0.000570384 0.000563725 0.000565677 0.000563723 0.000563723 0.000563723 0.000563723 0.000563722 0.000563722 0.000563724 0.000563722 0.000563723 0.000563724 0.000563723 0.000563722 0.000563723 0.000575161 0.000571544 0.000563723 0.000563777 0.000563723 0.000835162 0.000563724 0.000563722 0.000564701 0.000563724 0.000563725 0.000563724 0.000563723 0.000563723 0.000577282 0.000563725 0.000563724 0.000563724 0.000563723 0.000563723 0.000593251 0.000563722 0.000595741 0.000563722 0.000563752 0.000563722 0.000563723 0.000563722 0.000563724 0.000563722 0.000564233 0.000563724 0.000563829 0.000563722 0.000563722 0.000563725 0.000563726 0.000563722 0.000564419 0.000563723 0.000563723 0.000563723 0.000563722 0.000563758 0.000563723 0.000563722 0.000563754 0.000563836 0.00056385 0.000563724 0.000563723 0.000563727 0.000563724 0.000563722 0.000563722 0.000563724 0.000563722 0.000563723 0.000563723 0.000563722 0.000564075 0.000563723 0.000563724 0.000563723 0.000566169 0.000563723 0.000563724 0.000563724 0.000563723 0.000564438 0.000563723 0.000563722 0.000563723 0.000563723 0.000563723 0.000563722 0.000566207 0.000563725 0.000563724 0.000566805 0.000564063 0.000563722 0.000625411 0.000563723 0.000563723 0.000563723 0.000565084 0.000563891 0.000563722 0.000563723 0.000566836 0.000563722 0.000569094 0.000563724 0.000563761 0.000565231 0.000591456 0.000563722 0.000563722 0.000571544 0.000563722 0.000563725 0.000563722 0.000563935 0.000563723 0.000563723 0.000563724 0.000563723 0.000563722 0.000563724 0.000563723 0.000577472 0.000563722 0.000563722 0.000563736 0.000563723 0.000563722 0.000563722 0.000595122 0.000563723 0.000563723 0.000563955 137.402 0.000563724 0.000563723 0.000563722 0.000563737 0.000563728 0.000563723 17.0013 0.000563725 0.000563725 0.000565608 0.000563723 0.000563722 0.000563724 0.000570613 0.000563821 0.000564388 0.000563722 0.000563756 0.000563723 0.000563722 0.000563724 0.000563722 0.000563723 0.000563723 0.000563722 0.000563725 0.000563726 0.000563723 0.000573944 0.000564107 0.000563724 0.000563742 0.000563723 0.000563722 0.000563723 0.000563817 0.000563871 0.000563743 0.000565608 0.000563722 0.000563732 0.000563723 0.319732 0.000563757 0.000563724 0.000563785 0.000563732 0.000565481 0.000563767 0.000563722 0.000563722 0.000563723 0.000563723 0.000563723 0.000563723 0.000563722 0.000563724 0.000563723 0.000563904 0.000563722 0.000563724 0.000563722 0.000563771 0.000563726 0.000563733 0.000563722 8.06517 0.000563722 0.000563723 0.000563746 0.00079018 0.000563722 0.000564142 0.000563745 0.000563722 0.000570105 0.000563727 0.000563722 0.000566619 0.000563723 0.000563723 0.000563727 0.000563722 0.000576694 0.000563724 0.000563723 0.000563723 0.000563759 0.000563727 0.000563763 0.000563723 0.000563788 0.000563725 0.000563722 0.000563726 0.00056377 0.000563723 0.000563722 0.681183 0.000563723 0.000563731 0.000563728 0.000563722 0.000623801 0.000563723 0.000563723 0.000563723 0.000760035 0.000563832 0.000563724 0.000564601 0.000563723 0.000563722 0.000563723 0.000563723 0.000563722 0.000567072 0.000563723 0.000563723 0.000563722 0.000563766 0.000563722 0.000563723 0.000563733 0.000563722 0.000563726 0.000563724 0.000563723 0.000563726 0.000563784 0.000563722 0.000580709 0.000563723 0.000571769 0.000563724 0.000563723 0.000563723 0.000569637 0.000606794 0.000564395 0.000563741 0.000563875 0.00056378 0.000563722 0.000563724 0.000563722 0.000563723 0.000563723 0.000578322 0.000563723 0.000563782 0.000563723 0.000564024 0.000565396 0.000563722 0.000563722 0.000563723 0.00141061 0.000563722 0.000563722 0.000563742 0.000563722 0.00056395 0.000563722 0.00056382 0.000563725 0.000563752 0.00250745 0.000563723 0.00056373 0.000563723 0.000563724 0.000563722 0.000563725 0.000563723 0.000563725 0.000838429 0.000563725 0.000563722 0.000563722 0.000564126 0.000563723 0.000563722 0.000563722 0.000563723 0.000563902 0.000563726 0.000563739 0.000563722 0.000563722 0.000563723 0.000563722 0.000564542 0.000563864 0.000563723 0.000563723 0.000563765 0.000563723 0.000563745 0.000563733 0.000563723 0.000563724 52.0921 0.000630204 0.000564127 0.000563723 0.000563723 0.000563724 0.000563724 0.000567329 0.000563723 0.000563722 0.000581623 0.000563724 0.000563725 0.000563722 0.000563723 0.000563723 0.000563722 0.000563723 0.000563723 0.000563722 0.000574586 0.000563722 0.000563722 0.000563722 0.000563723 0.000563723 0.000563724 0.000564839 0.00191884 0.000563723 0.000563723 0.000563723 0.000563723 0.000563748 0.000563768 29.2063 0.000563725 0.000564265 0.000563725 0.000563722 0.000564746 0.000564534 0.000564174 0.00057879 0.000563724 0.000563723 0.000563723 0.000563723 0.000563722 0.000563724 0.000563726 0.000563723 0.000563726 0.000563723 29.8053 0.000563739 0.000568009 0.000563725 0.000563992 0.000563723 0.000563723 0.000563748 0.000563723 0.000563889 0.000563771 0.00056396 0.000563723 0.000564223 0.000563722 0.000563722 0.000563753 0.000563886 0.000563722 0.000563722 0.000563723 0.000563722 0.000563802 0.000563722 0.000563722 0.000574363 0.000578877 0.000563813 0.000563807 0.000563723 0.000563723 0.000563724 0.000563724 0.000563727 0.000563723 0.000563723 0.000563729 0.000563725 0.000563724 0.000563862 0.000563758 0.000564034 0.000572813 0.000563723 0.000563724 0.000563722 0.000563723 0.000563778 0.000677038 0.000563723 0.00056508 0.000563723 0.000563723 0.000563723 0.000563723 0.000563722 0.000609371 0.000563723 0.000563723 0.000563722 0.000563741 0.000563724 34.8851 0.000563725 0.000563722 0.000564259 0.000563722 0.000563724 0.000563725 0.000563725 0.000563723 0.000563722 0.000586182 0.000563722 0.000563724 0.000563722 0.000563724 0.000563723 0.000563723 0.00056373 0.000563722 33.7122 0.000563757 0.000563725 0.000563722 0.000570785 0.000563942 0.000563743 0.000563722 0.000564859 0.000563723 0.00056373 0.000563723 0.000563723 0.000564798 0.000563722 0.000585069 0.000563722 0.000563724 0.000563958 5.48163 0.000563725 0.000563723 0.000563724 0.000563808 0.000563748 0.000563745 0.000564477 0.000563723 0.00056395 0.000563723 0.000563722 0.000563722 0.000563722 0.000563722 0.000575401 0.000563723 0.000563724 0.000563722 0.000563725 0.000563734 0.000563729 0.000563722 0.000563981 0.000563792 0.00056737 0.000563743 0.000563724 0.000563722 0.000563723 0.000563725 0.000563723 0.00056382 0.000563722 0.000563912 0.000563722 0.000563722 0.000606651 0.000563723 0.000563731 0.000563722 0.000563722 0.00056379 0.000563722 0.000563726 0.000563749 0.000563722 0.000563722 0.000563722 0.000563722 0.000563723 0.000563723 0.000563729 0.000563731 0.000563723 0.000563723 0.000563724 0.000563722 0.000563723 0.000563722 0.000563723 0.000563724 0.000563952 19.6956 0.000563785 0.000564244 0.000563737 0.000564773 0.000563722 0.000563732 0.000563723 0.000563724 0.000563724 0.000563722 0.000565597 0.000563725 0.000563722 0.000563723 0.000563722 0.000563723 0.000563724 0.000563723 0.000574923 0.000564385 0.000563722 28.3379 0.000563726 0.000563724 0.000563723 0.000563852 0.000563723 0.000563782 0.000563723 0.00056437 0.000563907 0.000563723 0.000563722 0.000563723 0.000563722 0.000563725 0.000563722 0.000563723 0.000571957 0.000563723 0.000563722 0.000563722 0.00056421 0.000563725 0.000563724 0.000563723 0.000563723 0.00062458 0.000563723 0.000563723 0.000563855 0.000563725 0.000563836 0.000563753 0.000563965 0.000563993 0.000563724 0.000563739 0.00056388 0.000563798 0.000564157 0.000563763 12.1551 0.000564439 31.9463 0.000563723 0.000576923 0.00151983 0.000564185 0.000563724 0.000563722 0.000563809 0.000563723 0.000563722 0.000563722 0.000563723 0.000563723 0.000563725 0.000563724 0.000563743 0.000597771 0.000563727 0.000572118 0.000563723 0.000583159 0.000563723 0.00065283 0.000563723 25.3841 0.000563723 0.000563722 0.000563722 0.000563722 0.000563908 0.000563731 0.000566164 0.000564311 0.00056418 0.000563723 0.000563723 0.000563724 0.000563722 0.000563724 0.000564078 0.000563723 0.000563724 0.000563725 0.000563724 0.000563722 0.000563723 0.000563777 0.000563723 9.91232 0.000563725 0.000563722 0.000563723 0.000563722 0.000563743 0.000564899 0.000563742 0.000563766 0.00057558 0.000563723 0.000563723 0.000563723 0.000563724 0.000563722 0.000563723 0.000564265 0.000563723 0.000563744 0.000564004 0.000563724 0.000563722 0.000575502 0.000563722 0.000563728 0.000563724 0.000563724 0.000564029 0.000563926 0.000563724 0.00056537 0.000563724 0.000563722 0.000563723 0.000563723 0.000563722 0.000563723 0.0005652 67.9618 0.000563723 0.000569241 0.000563728 0.00056375 0.000567411 0.000564354 0.000564428 0.000563724 0.000563724 0.000563725 0.000563723 0.000563723 0.000563723 0.000568049 0.000563727 0.000564574 0.000563753 0.000563722 0.000565434 0.000573835 0.000564053 0.000564351 0.000563723 0.000563723 0.000563724 0.000565754 0.000565242 0.000563723 0.000563723 0.000563722 0.000569215 0.000563722 0.000563723 0.000563723 0.000563723 0.000563722 0.000563729 0.000563725 0.000563723 0.000563726 0.000563723 0.000563724 0.000563724 0.000563722 0.000563722 0.000563723 0.000564848 0.00119245 0.000563918 0.00056373 0.000563723 0.000563723 0.000563722 0.000563725 0.000563722 0.000563789 0.000563722 0.000564617 0.000563722 0.000563777 0.000563723 0.000563723 0.000563723 0.000563723 0.000564491 0.000563964 0.000563722 0.000564527 0.00056877 0.000563823 0.000563723 0.000563722 0.000563725 0.000563723 0.000564693 0.000563723 0.000563724 0.000563722 0.000563838 0.000563722 0.000563723 0.000563723 0.000563724 0.000563723 0.000563723 0.000563724 0.000563768 0.000563723 0.000563725 0.000563725 0.000563723 0.000563723 0.000563723 0.000563723 0.000563926 0.000564288 0.000563722 0.000563724 0.000563723 0.000563723 0.000563724 9.92132 0.000563759 0.000563724 0.000568011 0.000563732 0.000564338 0.000563723 0.000564181 0.000563722 0.000563723 0.000563723 0.000563722 0.000563722 0.000563722 0.000566491 0.000565174 0.000563722 0.000563723 0.000571546 0.000563723 0.000563723 0.000563723 0.000564254 0.000563723 0.000563739 0.000564027 0.000563724 0.000563723 0.000563722 0.000566279 0.000563777 0.000563991 0.000563722 0.000563724 0.000565559 0.000563724 0.000716687 0.000563723 0.000563724 0.00056383 0.000563722 0.000563725 0.000563723 0.000563724 0.000563723 0.000569167 0.000563723 0.000563957 0.000563722 0.000642536 0.000563724 0.000563722 0.000563723 0.000563736 0.000563722 0.000563723 0.000563722 0.000563722 0.00056425 0.000563752 0.000563723 0.000563722 0.000563723 0.000563722 0.000576057 0.000563726 0.000563724 0.000626155 0.000564319 0.000586489 0.000563723 0.000563737 0.000563723 0.00056382 0.000563898 0.000637894 0.000563722 0.000563722 0.000563723 0.000563868 0.000563724 0.000563723 0.000563723 0.000563722 0.000563722 37.9246 0.000563725 0.000563724 0.000579778 0.000563854 0.000563722 0.000563722 0.000563722 0.000563723 0.000579396 0.000563723 0.000563724 0.000563725 0.000564074 0.000563722 0.000563722 0.000563723 0.000564078 0.000563723 0.000563723 0.000563724 0.000563788 0.000563765 0.000563723 0.000566323 0.000563723 0.000700863 0.000563723 0.000563722 0.000563723 0.000563726 0.000563722 0.000563723 0.000563841 0.000563723 0.000565192 0.000563935 0.000563723 0.000563723 0.000567118 0.000563722 0.000563723 15.9883 0.000563722 0.000565217 0.000563729 0.000564038 0.000563848 0.000563723 0.000563821 0.000563723 0.000563723 0.000563723 0.000563876 0.000563723 0.000563722 0.000563723 0.000563722 0.000563728 0.000563722 0.000921 0.000563743 0.000563724 0.000563723 0.000563722 0.000601832 0.00056463 0.000563723 0.000565146 0.000564057 51.9564 0.000563723 0.000563724 0.000563722 0.000563723 0.000563722 0.000670314 0.0005638 0.000563723 72.8975 0.000631603 0.000564098 0.000563918 0.000563722 0.000563722 0.000563722 0.000563723 0.000563723 0.000563723 0.000563723 0.000563723 0.000563722 0.000563723 0.000563723 0.000563728 0.000563722 0.000563723 0.000563722 0.000563722 0.000563722 0.000563725 0.000563723 0.000563941 0.000563722 0.000563723 0.000563785 0.000563723 0.000563724 0.000563723 0.000563748 0.000563785 0.000563722 0.000563723 0.000563728 0.000563932 0.000563722 0.000563723 0.000563786 0.000563722 0.000563723 0.000563722 0.000563723 0.000563783 0.000563724 0.000563722 0.000563767 0.000563723 0.000564113 0.000563722 0.000563723 0.000564072 0.000563723 0.000580179 0.000563739 0.000563728 0.000563723 0.000563723 0.000563722 0.000563722 1.01656 0.000576841 0.000563732 0.000563901 0.000563724 0.000565055 0.000563722 0.000563723 0.000563996 0.000563723 0.000563723 0.000563724 0.000563862 0.000563722 0.000795141 0.000563723 0.000563723 0.000569782 0.000563726 0.000563722 0.000564281 0.000563723 0.000566314 0.000564195 0.000563722 0.000563722 0.000565972 0.000563731 0.000563722 0.000563801 0.000563724 0.000563723 0.000565725 0.000563723 0.000563725 0.000563724 0.000563725 0.000563724 0.000563724 0.000563724 0.000563732 0.000563722 0.000564257 0.000564218 0.000563789 0.000563723 0.000564204 0.000563722 0.000563722 0.000563722 0.000578864 0.000563727 0.000704355 0.000563723 0.000563722 0.000563724 0.000563725 0.000563723 0.000563795 0.000563722 0.000734626 0.000563722 0.000563726 0.000563722 0.000563723 0.000563727 0.000563723 0.000563723 0.000563723 0.000563723 0.000578761 0.000563724 0.000563724 0.000611332 0.000563723 30.1903 0.000571811 0.000563723 0.000564164 0.000563723 0.000563723 0.000563723 0.000563722 0.000563723 0.000563723 0.000563725 0.000563723 0.000563723 0.000563729 0.000563738 0.000563723 0.000564999 0.000563723 0.000563724 0.000567331 0.000563722 0.000563723 0.000563722 0.000563722 0.000563723 0.00056416 393.034 0.000564368 0.000563723 0.000563725 0.000563725 0.000563723 0.000565015 0.000563723 0.000563723 0.000636501 0.000564446 0.000563722 0.000563724 0.000564029 0.000563904 0.000569405 0.000563722 0.000563722 0.000563748 0.000563724 0.000563723 0.000563723 0.000563722 0.000563723 0.000563724 0.000563723 0.000584442 0.000569624 0.000563722 0.000563756 0.000563839 0.000666167 0.000563737 0.000563727 0.000563724 0.000563724 0.000564342 0.00056373 0.000565687 0.000563723 0.000563723 0.000565206 0.000563939 0.00056572 0.000563799 0.000563723 0.000563729 0.000563724 0.000563724 0.000563723 0.000564425 0.000563724 0.000563724 0.000563723 0.000563725 0.000563723 0.000563723 0.000563724 0.000563722 0.000563723 54.7516 0.000563725 0.000563724 0.000563726 0.000564006 0.000563724 0.000563723 0.000563724 0.000563722 0.000563758 0.000563726 0.000563723 0.000563722 0.000563722 0.000565608 0.000563722 0.000563723 0.000563724 0.000563723 0.000564011 0.000563722 0.000563815 0.000563723 0.000600608 0.000563796 0.000563722 0.000563722 0.000563723 0.000563723 0.000563723 0.000563723 0.000629195 0.000563723 0.000563723 26.5209 0.000563723 0.000563723 0.000563722 0.000563723 0.000563723 0.000563727 0.000563733 0.000563723 0.000697648 0.00056373 0.000563725 0.000563778 0.000563723 0.000563724 0.000564767 0.000563723 0.000564007 0.000563722 0.000563726 30.1189 0.000563722 0.000581376 0.000563921 0.000563722 0.000563723 0.000563722 0.000563723 0.000563725 0.000563722 0.000563722 0.000563723 0.000563724 0.000563725 0.000563724 0.000563725 0.000563724 0.000563722 0.000563722 0.000563727 0.000563722 0.000602149 0.000569362 0.000563722 0.000563727 74.2623 19.6961 0.000563722 0.000563723 0.000563723 0.000563723 0.000563723 0.000563722 0.000563724 0.000563944 0.000563724 0.000563848 0.000563722 0.000563723 0.000563725 0.000563734 0.000563723 0.000563722 0.000563725 0.0005657 0.000563723 0.000563722 0.000610197 0.000564361 0.000563725 42.0991 0.000563725 0.000563724 0.000563723 0.000563722 0.000563722 0.000563755 0.000563752 0.000563726 0.000563723 0.000563729 0.000563723 0.000563723 0.00056404 0.000563722 0.000563794 0.000563722 0.000563723 0.000563736 0.000563743 0.000563723 0.000563722 0.000563722 0.000563723 0.000563722 0.000563723 0.000563723 0.000563744 0.000563958 0.000563724 0.000563918 0.000600299 3.27682 0.000563772 0.000563722 0.000563723 0.000563723 0.00182274 0.000563726 0.000563722 0.000563722 0.000563842 0.000563863 0.000563722 0.000563723 0.000563723 0.000563722 0.000563722 0.000563908 0.00399173 0.000563723 0.000563723 0.000563726 0.000564214 0.000563722 0.000563722 0.000563723 0.000563723 0.000563724 60.6053 0.000563725 0.000568607 0.000563722 0.000563724 0.000563995 0.000563723 0.00108986 0.000563723 0.000563722 0.000563873 0.000597929 0.000563723 0.000563723 0.000572863 0.000563722 0.000571412 0.000563725 0.000564031 0.000563722 0.000563818 0.000563726 0.000563723 30.1143 0.000564198 0.000563722 0.000563722 0.000563849 0.000563723 0.000563722 0.000563722 0.000563726 0.000563749 0.000563723 0.000567456 0.000563801 0.000563722 0.000564047 0.000563723 0.000563723 0.000563724 0.000563811 0.00126583 0.000565099 0.000563723 0.000563724 0.000563806 0.000563723 0.000577685 0.000563723 0.000563722 0.000563722 0.000563725 0.000564042 0.000563722 0.000563724 0.000563723 0.000563723 0.000563722 0.000563846 0.000563722 0.000563723 0.000563723 0.000563726 0.000563724 0.000563848 99.5529 0.000563723 0.000563723 0.000564285 0.000563723 0.000563722 0.000563722 0.000563723 0.000563744 0.000563722 0.000563722 0.000563723 0.000563722 0.00784115 0.000564313 0.000563722 0.000563723 0.000563723 0.000563726 0.000563722 28.3379 8.62003 0.000563723 0.000563724 0.000563723 0.000563888 0.000563723 0.000563725 0.000564011 0.000563722 0.000563981 0.000563723 8.32962 0.000563723 0.000563723 0.000564205 0.000563997 0.000563889 0.000563742 0.000563726 0.000564916 0.000563723 0.000563722 0.000563723 0.000563722 0.000564391 0.000563724 0.000563726 0.000564396 0.000563722 0.000563786 0.000563725 0.000563723 0.000563723 0.000563726 0.000563723 0.000983452 0.000563724 0.000563723 0.000563779 0.000569892 0.000563726 0.000563722 0.000563722 14.4071 0.000563724 0.000563723 0.000563905 0.000563722 0.00056453 0.000564274 0.000563727 0.000563724 0.000563958 0.000563822 0.000563725 0.000563724 0.000563723 0.000563723 0.000563729 0.000585766 0.000563722 0.000563725 0.000563927 0.000563722 0.000563725 0.000563722 0.000563727 0.000563723 0.000563793 0.000563724 0.000563722 0.000564273 0.000563723 0.000563763 0.000563723 0.000564977 19.4856 0.000563722 0.000563723 0.000563723 0.000563725 0.000563723 0.000563723 0.000566752 0.00056377 0.000563726 0.000564645 0.000564421 0.000564964 0.000563729 0.000563725 0.000567504 0.000563724 0.00056604 0.000563723 0.000563722 0.000563724 0.000563723 0.000603616 0.000564085 0.000563723 0.000563824 0.000563725 0.000564155 0.000563746 0.000563723 0.000563722 0.000563724 0.000563951 0.0005638 0.000563789 0.000563723 0.000563723 0.000563724 0.000563723 0.000563722 0.00056387 0.000563738 0.000563723 0.000563723 0.000563723 0.000563949 0.000563722 0.000563724 0.000563723 0.000563722 0.000563732 0.000563724 0.000564212 0.000563723 0.000563723 0.000563723 0.000563741 0.000563723 0.000563723 0.000563724 0.000563722 0.000563724 0.000563837 0.000563724 0.000564156 0.000568283 0.000563723 0.000563724 0.000563722 0.000563723 0.000563722 0.000563725 0.000563849 30.1 0.000563725 0.000564115 0.000563723 0.000563723 0.000563873 0.000563722 0.000563724 0.000563723 0.000563724 0.000563722 0.000563722 0.000582635 0.0005638 0.00056375 0.000563724 0.000563722 12.1556 0.000588374 0.000569229 0.000563725 0.000563741 0.000563723 0.000564193 0.000564893 0.000563736 0.000563723 0.000563723 0.000563724 0.000563722 0.000563722 0.000563723 0.000563722 0.000563725 0.000563723 0.000563723 0.000563722 0.000563724 0.000563723 0.000563723 0.000563722 0.000563722 0.000563723 0.000563725 0.000563722 0.000563723 0.000563726 0.000564032 0.000563723 0.000563752 0.000563723 0.000563722 0.000564266 0.000563731 0.000563723 0.000563722 0.000563727 0.000563722 0.000563722 0.000563723 0.000563722 0.000563724 0.000563984 0.000563736 0.000563723 0.000563724 0.000563729 0.000563723 0.000563722 0.000564103 0.000563725 0.000563723 0.000563723 0.000563723 0.000565218 0.000563724 0.000563726 0.000563972 0.000563722 0.000563724 0.000563723 0.000566656 0.000563894 0.0008002 0.000563723 0.000563724 0.000563724 0.000563723 0.000563849 0.000563723 0.000565297 0.000563724 0.000563724 0.000563723 0.000563722 0.000563723 0.000563783 0.000563723 0.000563728 0.000563722 0.000563723 0.000563723 0.000563723 0.000563723 0.000563723 0.000563725 0.000563722 0.000563723 0.000564055 0.000563883 0.000563722 0.000563724 0.000563723 0.000563722 19.8623 0.000563723 0.000563722 0.000563722 0.000563722 0.000563723 0.000564357 0.000564012 0.000563725 0.000563722 0.000563722 0.000563723 0.000563722 0.000563722 0.000563723 0.000563724 0.000564031 0.000563936 0.000563818 0.000563723 0.000563725 0.000563723 0.000563769 0.000563722 0.000563722 0.000563724 0.000563725 0.000564534 0.000563808 0.00138524 0.000563722 0.000563723 0.000563722 0.000563722 0.000563722 0.000563784 0.000564419 0.000563723 0.000563722 0.000565461 0.000564029 0.000569696 0.000569095 0.000563722 0.000563733 0.000563724 0.000563722 0.000563962 0.000563723 0.000563725 0.000563725 0.000563723 0.000563862 13.9979 0.000563725 0.000563723 0.000565334 0.000563723 0.000563723 0.000563726 0.000563722 0.000563722 0.000563834 0.000563722 0.000571383 0.000563723 0.000563748 0.000563722 0.000563723 0.000563727 0.000563724 0.000563724 0.000563724 0.000606315 0.000563752 0.000563724 0.000563722 0.000563723 0.000563723 0.000563725 0.000563722 0.000563949 0.000563723 0.000563723 0.000563722 0.000563959 0.000563859 0.000563724 0.000563725 0.000563722 0.000563723 0.000568288 0.000563722 0.000563722 0.000563723 0.000563723 0.000564176 0.000563722 0.000563722 0.000563742 0.000563723 0.000564444 0.00056425 0.000565889 0.000563723 0.000573281 0.000563724 0.000563725 0.000563855 0.000563823 0.000563723 0.000563854 0.000563723 0.000563725 0.000563724 0.000563723 0.000625476 0.000564114 0.000563722 0.000563722 0.000563723 0.000565279 0.000563723 0.000563984 0.000563723 0.000563724 0.000563722 0.000563723 0.000563724 0.000563722 0.000563749 0.000563723 0.000563723 0.000563723 0.000563723 0.000569309 0.000563881 0.000563723 0.000563722 0.000563723 45.7623 0.000563725 0.00056374 0.000563723 0.000565157 0.000563934 0.000563723 0.000563728 0.000564765 0.000563722 0.000603007 0.000563723 0.000563843 0.000563723 0.000563722 0.000563756 0.000567771 0.000564347 0.000563723 0.000563845 0.000563725 0.000563731 0.000563723 0.000635768 0.000563723 0.000563723 0.000565217 0.000612312 14.6484 0.000563722 16.663 0.000564008 0.000640939 0.000563725 0.000563751 0.000563723 0.000563724 0.000563724 0.000563724 0.000563747 0.000563722 0.000563723 0.00056382 0.000563723 0.000563729 0.000563723 5.31973 0.000563723 0.000563723 0.000563723 0.000563723 0.000563722 0.000563724 0.000563722 0.00056389 0.000565126 0.000563722 0.000563767 0.000574935 0.000563722 0.000563722 0.000563724 0.000563724 0.00058227 0.000565188 0.000563723 0.000563723 0.000567221 0.000563722 0.000563723 0.000563773 0.000564326 0.000563723 0.000563737 0.000563753 0.000563723 0.000991767 0.000563732 0.000563722 0.000563722 0.000563738 6.63011 0.000563723 0.000563866 0.000563888 0.000563723 0.000563722 0.000563723 0.000563722 0.000563723 0.000563722 0.000563728 0.000563723 0.000563724 0.000563722 0.000563723 0.000563722 0.000563722 0.000563723 0.000563723 0.000563884 0.000563835 0.000584169 0.000563726 0.000563723 0.000563726 0.000563726 0.000564676 0.000563723 0.000563723 0.000563724 0.000563723 0.000563722 0.000563722 0.000563723 0.000599038 0.000572836 0.000563723 0.000563881 0.000563722 0.000563772 0.000563723 0.000563723 0.000565794 0.000563726 0.000563732 0.000563839 0.00056382 0.000563723 0.000563722 0.000563723 0.000564039 0.000563722 0.000563722 0.000563722 0.000563723 0.000564068 0.000563859 0.000563723 0.000563899 0.000563723 0.000563723 0.000580915 0.000563723 0.000563824 0.000883133 0.000563726 0.000563722 0.000563724 0.00056379 0.000563723 0.000563723 0.000614474 0.000563724 0.000564244 0.000565707 0.000563734 0.00056383 0.000563724 0.000563722 0.000563723 0.000563722 0.000563723 0.000563723 0.000563882 0.00056455 0.00056374 0.000563755 0.000563723 0.000564465 0.000564796 0.000563815 0.362751 0.000563723 0.000563723 0.00056386 0.000563722 0.000563722 0.000563722 0.000563723 0.000563734 0.000563731 0.000564607 0.000563723 0.00056418 0.000563722 0.000563723 0.000564352 0.000563723 0.000563723 0.000563729 0.000565791 0.000563825 0.000563723 0.000563724 0.000563722 0.000563722 0.000563723 0.000563724 0.000563723 0.000563722 0.000563722 0.00056378 0.000563724 0.000563724 0.000563722 0.000564057 0.000563723 0.000563732 0.000563723 0.000563722 0.000563769 0.000563726 0.000563729 0.000563723 0.000563722 0.00059708 0.000563722 0.000564172 0.000563722 0.000563729 0.000563722 0.000563725 0.000563723 9.7344 0.000960741 0.000563723 0.000563722 0.000563736 0.000565297 0.000564088 0.000563725 0.000563723 0.00199207 0.000563723 0.000563771 0.000563724 0.000563723 0.000563723 0.000563723 0.000563723 0.000563723 0.000563724 0.000563723 37.8725 0.000563724 0.000563724 0.000563722 0.000566939 0.000563724 0.000563722 0.000563726 0.000563722 0.00056737 0.000563726 0.000563722 0.000563723 0.000563732 0.000563722 0.000563747 0.000563723 0.000563725 0.000563735 0.000610172 0.000563732 0.000564886 0.000563723 0.000563722 0.000563723 0.000563722 0.000563722 21.9606 0.000563723 0.000563824 0.000563722 0.000563722 0.000563723 0.000563739 0.000565864 0.000563859 0.000563723 0.000563723 0.000563724 0.000563723 39.3611 0.000563723 0.000563723 0.000563723 0.000563724 0.000563723 0.000563748 0.000563888 0.000564004 0.000563725 0.000563722 0.000563723 0.000563722 0.000563723 0.000563723 0.000563722 0.000563722 0.000568844 0.000564397 0.000563723 0.000563723 0.000563723 0.000563722 0.000563723 0.000563732 0.000563722 0.000563724 0.000638177 0.000573323 0.000563722 0.000563724 0.000563723 84.8838 0.000563723 0.000563724 0.000568899 0.000563722 0.000563724 0.000563724 0.00107637 0.000563791 0.000563723 0.000563722 0.000563725 0.000563795 0.000563872 0.000563723 0.000563723 0.000563723 0.000563723 0.000563722 0.000563723 0.000563722 0.000563722 0.000563722 0.000563723 0.000564799 0.000563825 0.000563724 0.000563723 0.000563726 0.000563722 0.000563723 0.000563723 0.000563723 0.00104204 0.000563725 0.000563724 0.000564193 0.000563724 0.000563723 0.000563723 0.000563722 0.000563723 0.000563722 0.000563725 0.000563724 0.000563723 0.000579427 0.000563725 0.000563723 0.00056706 0.000564113 0.000563723 0.000563753 0.000563722 0.000563724 45.4383 0.000570228 0.000563723 0.000563723 0.000563723 0.000563722 0.000563724 0.000563723 0.000563723 0.000563723 0.000563725 0.000563723 0.000563723 0.000563723 0.00056373 0.000563723 0.000564375 0.000563723 0.000570132 0.000563866 0.000563725 0.000582008 0.000563722 0.000563722 0.000563726 0.000563723 0.000563805 0.000563722 0.000564306 0.000563724 0.00056373 0.000563723 0.000563723 0.000563723 0.000563723 0.000563723 15.807 0.000563724 0.000563735 0.000563722 0.000564267 0.000564012 0.000563722 0.000566291 0.000563723 0.000563722 0.000563722 11.1724 0.000563821 0.000563722 0.000563722 0.000611412 0.000563723 0.000563722 0.000563722 0.000563722 0.00056383 0.000563722 0.000563748 0.000563723 0.000563723 0.000563722 0.000564265 0.000564082 0.000563723 0.000563723 0.000563724 0.000563726 0.000563723 0.000563734 0.000563722 0.000563725 0.000563761 0.000563825 0.00056438 0.000563724 0.000563723 0.000564245 0.000563722 0.000563738 0.000563722 0.000563723 0.000563723 0.000563723 0.00056755 0.000563723 0.000563723 0.000563722 0.000563954 0.000563954 0.000563724 0.000564164 0.000563723 0.000563722 0.000563726 0.000563735 0.000563724 0.000563722 0.000563723 0.000564703 0.000563722 0.000563723 0.000563723 0.000571164 0.000563725 0.000563726 0.000563794 0.000563723 0.00065997 0.000563726 0.000563744 0.000705645 0.000563723 0.00088234 0.0005646 0.000569519 0.000563773 0.00056416 0.00058239 0.000564353 0.000572312 0.000563725 0.000563731 0.000563722 0.000564189 0.000639958 0.000563724 0.000563725 0.000563724 0.000563724 0.000563723 0.000563902 0.000568888 0.000564748 0.000563722 0.000564577 0.000563724 0.000563723 0.000564618 11.3907 0.000563725 0.000563723 0.000563724 0.00056433 0.000563722 0.00056386 0.000563724 0.000563722 0.000563824 0.000563722 0.00056379 0.000563723 0.000563726 0.000563722 0.000563723 0.000665759 0.000563722 0.000563723 0.000563723 0.000566653 0.000563827 0.000563723 0.000577683 0.000563723 0.000563723 0.000563723 0.000563746 0.000563729 0.000563821 0.000563722 0.000563783 0.000563723 0.000563724 0.000563724 0.000696939 0.000563726 0.000564462 0.000563796 0.000563723 0.000563723 0.000563724 0.000563723 47.5112 0.000564022 0.000563722 0.000563723 0.000563805 0.000563725 0.000563932 0.000563722 0.000563722 0.000563722 0.000563723 0.000563723 0.000563723 0.000564389 0.000563777 0.000563726 0.000563724 0.000563725 0.000563725 0.000563723 0.000563724 0.000563729 0.000563722 0.000563725 0.000563723 0.000563723 0.000614179 0.000564117 0.000563722 0.000563722 0.000563797 0.00056374 0.000563723 0.000563722 0.000563722 0.000563722 0.000563722 0.000563722 0.000564278 0.000563731 0.000563729 0.000563723 0.000563725 0.000563722 0.000644043 0.000563943 0.000563725 0.000563722 0.000563723 0.000563724 0.000563723 0.000563728 0.000563724 0.000563723 0.000564396 0.000563724 0.000612741 0.000563723 0.000563728 0.000563722 0.000563723 0.000563724 0.000563739 0.000563723 0.000563723 0.000563722 0.000565148 0.000563725 0.000563729 0.000563724 0.000563905 0.000563723 0.000563722 0.000563726 0.000563723 0.000563723 0.000563722 0.000563722 0.00109577 0.000563724 0.000563722 0.000564449 0.000563722 0.000563723 0.000563722 0.000563734 0.000564028 0.000563723 0.000563723 0.000563796 0.000563724 0.000703283 0.000563723 0.000563727 0.000563842 0.000563722 0.000563722 0.000563722 0.000563723 0.000563723 0.00103682 0.000563916 0.000563723 0.000563723 0.000563723 0.000563723 0.000563723 0.000563727 0.000563723 0.000565402 0.000563722 0.00056374 0.000563726 0.000563864 0.00079466 0.000563722 0.000563722 0.000563723 0.000595038 0.000587775 0.000563723 0.000563723 0.000563725 0.000563722 0.00056379 0.000563725 0.000563724 0.000563731 36.9189 0.000564264 0.000563723 0.000565823 0.000563724 0.000563859 0.000563723 0.000563722 0.000563745 96.3202 0.000563722 0.000563723 0.000563723 0.000563722 0.000563724 0.000563724 0.000563722 0.000563724 0.000563722 0.000563723 0.000563765 0.000563723 0.000563734 0.000563723 0.000563723 0.000563724 0.000564165 0.000563722 0.000563723 0.000563722 0.000563736 0.000563766 0.000563725 0.000563803 0.000563723 0.000563726 0.000563725 0.000563723 0.000563727 0.000563723 0.000563722 0.000563722 0.000563722 0.000563722 0.000775484 0.000563798 0.000563728 0.000563722 0.000563723 0.000563725 0.000563723 0.000563723 0.000563726 0.000563722 0.000563723 0.000563724 0.000563722 0.00056376 0.000564692 0.000563749 0.000563723 0.000563723 0.000563724 0.000563723 0.000563723 0.000563723 0.000563916 0.000563722 0.000563723 0.000563723 0.000563723 0.000563723 0.000563723 0.000563722 146.717 0.000565069 0.000563792 0.000563722 0.000563725 0.000563724 0.000638973 0.000563724 0.000563724 0.000563722 0.000563725 0.000563723 0.000563724 0.000563722 0.000597504 0.000563723 0.000563722 0.000563723 0.000563725 0.000563724 0.000563723 0.000563722 0.000563738 0.000563758 0.000563723 0.000564362 30.4919 0.000602526 0.000563748 0.000563734 0.000563842 0.000563723 0.00059044 0.000563723 0.000563723 0.000563739 0.000563723 0.00056373 0.000563724 0.000590192 0.000563764 0.000563722 0.000563723 0.00056409 0.000563725 0.000563722 0.000563722 0.000563724 0.000563723 0.000563724 0.000563737 0.000563722 0.000563896 0.000564421 0.000563723 0.000563725 0.000564216 0.000563722 0.000563723 0.000563724 0.000563723 0.000564033 0.000571144 0.000563724 0.000563722 0.000563725 0.000563723 0.000563722 0.000564056 0.000563723 0.000563723 0.000563723 0.000590915 0.000563722 0.000573582 0.000563744 0.000563722 0.000563722 0.000563963 0.000563722 0.000563723 0.000563722 0.000563722 0.000563725 0.000563723 0.000563724 0.000630574 0.00056375 0.000563787 0.000563722 0.000563722 0.000563722 0.000563722 0.000563739 0.000563723 0.000569868 0.000563722 0.000563722 0.000563724 0.000563722 0.000563725 0.000563723 0.000564215 0.000563723 0.000584577 0.000564079 0.000563723 0.00056442 0.000649025 0.000563722 0.000563726 0.000563722 0.000563722 0.000563723 0.000567002 0.000563725 0.000563722 0.000563727 0.000563724 0.000563723 0.000563723 0.0519108 0.00056373 0.000565701 0.000716074 4.50242 0.000563764 0.000563747 0.000563724 0.000563724 0.000563722 0.000563722 0.000619662 0.000563924 0.000563724 0.000563726 0.000563722 0.000568778 0.000563723 0.000563722 0.000563854 0.000563723 0.000572528 0.000637301 0.000563723 0.00056393 0.000563722 0.000563727 0.000563725 0.000823305 0.000563725 0.000563723 20.1937 0.000563723 0.000564034 0.000563723 0.00504505 0.000563723 0.000564744 0.000563948 0.000563765 0.000563723 0.000587735 0.000563723 0.000563737 0.000563725 0.000563723 0.000563725 0.000563723 0.000563723 0.000563722 0.000563767 0.00057217 0.000564015 0.000563877 0.000563724 0.000563724 0.000563842 0.000563722 0.000563722 0.000563725 0.000563723 0.000563723 0.000564852 0.000563921 0.000563896 0.000563725 0.000563723 0.000564396 0.000563722 0.000563726 0.000563733 0.000563724 0.000563769 0.000571994 0.000563722 0.000563723 0.000564027 0.000563725 0.000563742 0.000563723 0.000563748 0.000563723 0.000563723 0.000563723 0.000563724 0.000563723 0.000563742 0.000569189 0.000563723 0.000563722 0.000563724 0.000563722 0.00056384 0.000571853 0.000563756 0.000563724 0.000563723 0.000563722 24.7531 0.000563723 9.88631 0.000563745 0.000564966 0.000563725 0.000563723 0.000563725 0.000564213 0.000563726 0.000563722 0.000563723 0.000563745 0.000563722 0.000563723 0.000563836 28.3379 0.000574376 0.396018 0.00056378 0.000563722 0.000563722 0.000563724 17.1587 0.000563722 0.000563722 0.000564726 0.000563944 0.000563722 0.000563724 0.000563722 0.000584812 0.000563725 0.000563723 0.000563723 0.000563722 0.000621705 0.000564038 0.000563727 0.000563723 0.000563723 0.000563723 0.000563723 0.000563722 0.000563722 27.2306 0.000563723 0.000563762 0.000563722 0.000563724 0.000563722 0.000563723 0.000563852 0.000563725 0.000563725 0.000563724 0.000563722 0.000563723 0.000563722 0.000563724 0.000563722 0.000563722 0.000563723 0.000563933 0.000563724 0.000563756 0.000563723 0.000563723 0.000563723 0.000563724 0.000563722 0.000563725 0.000563724 0.000563723 0.000564272 0.000563724 0.000563724 0.000563731 0.000563725 0.000563722 0.000564108 0.000563744 0.00056384 0.000563722 19.4811 0.000563722 0.000565657 0.000563724 0.000563722 0.000563788 0.000563723 0.000565413 0.000563722 0.000563726 32.8093 0.000563723 0.000563722 0.000563788 0.000563723 0.000563725 0.000563722 0.000563722 0.000563724 0.000563722 0.000563724 0.000566619 0.000563725 0.000563724 0.000563723 0.000563723 0.000563732 0.000563723 0.000563732 0.000563745 0.000563723 0.000563723 0.000563723 0.000563722 0.000563723 0.000563723 0.000577684 0.000563723 0.000563723 0.000563722 0.000563869 0.000563723 0.00056388 0.000563722 0.000563724 0.000564576 0.000563726 0.000563723 0.000563724 0.000563725 0.000563723 0.000563723 0.000563722 0.000563726 0.000563993 0.000563732 0.000563723 0.000564279 0.000563722 0.000563722 0.000565167 34.4597 0.000563722 3.01231 0.000563723 0.000564194 0.000563929 0.00083358 0.000563723 0.000563722 0.000563722 0.000563724 0.000563722 0.000563723 0.000563723 0.000563724 0.000563723 0.000563725 0.000565398 0.000563723 0.000563723 0.000563724 0.000563928 0.000563723 0.000563723 0.000563723 0.000563819 0.000563725 0.000563722 0.000563723 0.000563722 0.000563723 0.000563724 0.000563723 0.000564334 0.000563724 0.000563722 0.000563723 0.000564263 0.000563722 0.000564764 0.000563723 0.000563724 0.000563809 0.000564753 0.000563725 0.000563791 0.000563723 0.000563723 0.000567209 43.6598 0.000563722 0.000563723 0.000563723 0.000564184 0.000563723 0.000563722 0.000563724 0.000563725 0.000563723 0.000563723 0.000564422 0.000563723 0.000563722 0.000563724 0.000564152 0.000563725 0.000565099 0.000563729 0.000563722 0.000563933 0.000563723 0.000563722 8.32964 0.000563722 0.000563726 0.000563723 0.000563722 0.000563742 0.000563723 0.000563758 0.000563722 0.000563923 0.000563756 0.000563722 0.000563722 0.000563723 0.000571611 0.000564325 0.000563722 0.000573371 0.00199176 0.000570068 0.000563724 0.000563725 0.000563723 0.000563723 0.000563722 0.000563737 0.000563724 0.000563724 0.000563723 0.000563725 0.000563723 0.000563722 0.000563723 0.000564336 0.000563733 0.00056453 0.000563724 0.000563725 0.000563724 0.000563851 0.000563722 0.000564137 0.000563776 0.000563723 0.000563943 0.000563723 0.000563723 0.000566132 0.000563723 0.000564268 0.000563722 0.000563723 0.000563723 0.000563723 0.000565328 0.000563785 0.000563722 0.000563722 13.7177 0.000563723 0.000563722 0.000563777 0.000563722 0.000563723 0.000563769 0.000563722 0.000563723 0.000563722 0.000563722 0.000563723 0.000563723 0.000622208 0.000563746 0.000563723 0.000563947 0.000565175 0.000563724 0.000563724 0.000563723 0.000563723 0.000563747 0.000563725 0.000563726 0.000563722 0.000563722 0.000563724 0.000563722 0.000563722 0.000563724 0.000563722 0.000563723 0.000563724 0.000563725 0.000563723 0.000563723 0.000563723 0.000563724 0.000563723 0.000564297 0.000563722 0.000563749 0.000563722 0.000563723 0.000563723 0.000584936 0.000563723 0.000563723 0.000563723 0.000563723 0.000563723 0.000563723 0.000563873 0.000570023 0.000563797 0.000563722 0.000563722 0.000574628 0.000563722 0.000563726 0.000587762 0.000563858 0.000563742 0.000563978 0.000578754 0.000563723 0.000563723 0.000563724 0.00057057 0.000563961 0.000563726 0.000563773 0.000563725 0.000563722 0.000572712 0.000563723 0.000563723 0.000563723 0.000563722 0.000563723 0.000563722 0.000563764 0.000563725 0.000570809 0.000563765 0.000563724 0.00174593 0.000563722 0.000563726 0.000563723 0.000563726 0.000563724 0.000564728 0.000564937 0.000563837 0.000563723 0.000563723 0.000563722 0.000564492 0.000563723 0.000563722 0.000563724 0.000563722 0.000563723 0.000563723 0.000563722 0.000563722 0.000563723 0.000563722 0.000563722 0.000563723 0.000563724 0.000563723 0.000563723 0.000564036 0.000563723 0.000563722 0.000563722 0.000563723 0.000563723 0.000566491 0.000565054 0.000563722 0.000563722 0.000577234 0.000563722 0.000563722 0.000569945 0.000563751 0.000567531 0.000582288 0.000572207 0.000563723 0.000563725 0.000563723 0.000563722 0.000563802 0.000563732 0.000563762 0.000563734 0.000563722 0.000563722 0.000563723 0.000564058 0.00056399 0.000568781 0.000563724 0.000563722 0.000563799 0.000563738 0.000563724 0.000563723 0.000563723 0.000563723 0.000563723 0.000563724 0.000566466 0.000563722 0.000565911 0.000563723 0.000594475 0.000563722 0.000563724 0.000564011 0.000563781 0.000563724 0.000564574 0.000563723 0.000563813 0.000563723 0.000563732 0.000563723 19.2324 0.000563726 0.000564105 0.000563723 0.00121489 0.000563724 0.000563722 0.000563724 0.000563722 0.000563723 0.000563723 0.000563828 0.000563723 0.000563761 0.000563722 0.000563848 0.000563724 0.000563724 0.000563723 0.000602875 0.000563838 0.000563723 0.000563723 0.00056374 0.000563725 0.000563725 0.000563722 0.000563723 0.000564349 0.000563724 0.00056373 0.000564307 0.000564488 0.000563726 0.000563723 0.000563723 0.000563723 0.000590815 0.000563723 0.000563727 0.000564795 0.000563834 0.00056376 0.000563722 0.000563724 0.000563722 0.000563733 0.000563723 0.000563731 0.000563722 0.000563728 0.000563749 0.000567062 0.00056704 0.000563725 0.000563796 0.000563722 0.000563722 0.000563723 0.000563722 0.000563724 0.000563722 0.000563723 0.000563722 0.000563727 0.000563722 0.000563745 0.000564004 0.000563722 0.000563723 0.000578892 0.000563724 15.987 0.000563722 0.000563723 0.000563813 0.000563724 0.000563723 0.00056391 0.000563777 0.000563755 0.000563723 0.000563743 0.000563785 0.000563722 0.000564157 0.000563722 0.000563724 0.000563724 0.000563759 0.00056385 0.000563722 0.00056373 0.000563722 0.000563722 0.000563763 0.000563772 0.000567153 0.00056373 0.000563722 0.000563722 0.000563763 0.000563723 0.000564005 0.000563722 0.000563722 0.000563722 0.000563725 0.000563722 0.000563723 0.000563723 0.000563736 0.000563725 0.000563725 0.000563723 0.000563771 0.000563724 0.000563799 0.000563722 0.000564062 0.000564017 0.000563748 0.000563729 0.000563722 0.000563722 0.000563898 0.000563722 0.00063488 0.000563722 0.000563892 0.000563723 0.000563722 0.000563722 0.000564072 0.000572294 0.000564241 0.000563804 0.000563735 0.000563788 0.000563726 0.000566139 0.000563722 0.000563723 0.000563725 0.000563722 0.000563723 0.000563723 0.000563722 0.000563723 0.000564538 0.000565216 0.000563724 0.000563723 0.000563724 0.000563728 0.000563724 0.000563723 0.000563722 0.000563761 0.000565457 0.000563784 0.000563723 0.000563722 0.000563722 0.000564324 0.00059731 0.000563723 0.000563725 0.000563725 0.000563723 0.000563871 0.000563722 0.000563724 0.000563723 0.000563722 0.000563722 0.000563724 0.000563725 1.02028 0.000563873 0.000564021 0.000563725 0.000563723 0.000563722 0.000563723 0.000563722 0.00136694 73.3343 0.000563723 0.000563723 0.000578243 0.000563723 0.000563724 0.00056379 0.000563722 0.000563759 0.000563722 0.000563722 0.000563723 0.000563722 0.000563722 0.000563723 0.000857803 0.000563723 0.000563777 0.000563722 0.000563722 0.000563723 0.000563724 0.000563779 0.000563723 0.000563723 0.000563723 0.000563724 0.000563722 0.000563724 0.000563723 28.4151 0.00056382 0.000563722 0.000563722 0.000563723 0.000563825 0.00056622 0.000564001 0.000563863 0.000563765 0.000563724 0.000563723 0.000563725 0.000563722 0.000563722 0.000574472 0.000563722 0.00056373 0.000565813 0.000563806 0.000563722 0.000563724 0.521602 0.000563722 0.000563724 0.000563732 0.000563723 0.000563908 0.000570545 0.000563747 0.000564016 0.000563722 0.000563723 0.000563726 0.000563961 0.000563722 0.000563724 0.000564344 0.000563823 0.000563722 0.000563722 0.000563722 0.000565301 0.000564468 0.000563723 0.000563724 0.000563761 0.000563723 0.000563722 0.000563722 0.000564046 0.00056422 0.000563723 0.000563772 0.000563728 0.000563723 0.000563723 0.000563724 0.000563723 0.000563722 0.000563724 0.000564149 0.000563722 0.000563723 0.000563933 0.000563723 0.000563724 0.000563722 0.000563789 0.000563774 0.000563722 0.000563722 0.000563725 0.00111315 0.000563723 0.000563722 0.000563724 0.000563723 0.000563722 0.000563722 0.000563722 0.000563724 0.00200947 0.000563723 0.000563724 0.000563724 0.000563855 0.000563723 0.000563731 0.000563722 0.000563723 0.000563723 0.000563722 0.000563723 0.000563723 0.000563898 0.000563723 0.000563737 0.000563725 0.000563725 0.000563722 0.000563723 0.000563725 0.000563722 0.000563991 0.000638658 0.000563723 0.000563723 0.000563724 0.000563725 0.000563723 0.000563725 0.000563722 0.000563722 0.000563723 0.000563723 0.000563722 0.000582212 0.000563722 0.000563723 0.000563722 0.000563723 0.000563735 0.000595875 0.0010716 0.000563723 0.000564049 0.000563725 0.000563784 0.000563724 0.000563723 0.000563723 0.000563722 0.000563722 0.000563723 0.000564223 0.000563722 0.000682802 0.000563723 0.000563723 0.000563723 0.000563723 0.000563722 0.000563723 0.000563724 0.000563722 0.000563913 0.000563723 0.000584142 0.000563725 0.000563722 0.000563723 4.76596 0.000563722 0.000564108 0.000576837 38.2292 0.000563725 0.000563723 0.000563723 0.000563722 0.000563723 0.000563722 0.000563724 0.00056401 0.000563723 0.000563723 0.000563723 0.000563725 0.000894936 0.000563722 0.000563946 0.000563723 0.000563722 0.000563789 0.000566271 0.000563766 0.000563722 0.000563723 0.000563723 0.000563724 0.000563723 0.000563725 0.000563722 0.000563724 0.000563722 0.000563724 0.000609299 0.000563724 0.000564758 0.000564058 0.000563724 0.000563723 0.000563724 0.000563722 0.000563816 0.000563723 0.000563722 0.000563723 0.000563723 0.000563723 0.000563723 0.000563725 0.000563723 0.000564005 0.000563722 0.000572883 0.000563723 0.000565901 0.000563722 0.000563724 0.000563724 0.000563723 0.000563722 0.000563723 0.000563724 0.000563722 0.000563724 0.000563722 0.000563724 0.000563723 0.000563723 0.000563722 0.000563728 0.000582779 0.000563725 0.000563723 0.000563725 0.000563723 0.000563747 0.000563724 0.000563723 0.000564057 0.000577684 0.000563723 0.000563722 0.000563751 0.000563722 0.000563858 0.000563722 0.000563725 0.000563722 0.000563723 0.000563723 0.000563778 0.000563724 0.000563723 0.000565631 0.000563722 0.000563723 0.000563726 0.000563723 0.000564097 0.000563723 0.000563726 0.000563722 0.000563762 0.000563724 0.000563724 0.000563725 0.0005788 0.000563722 0.000563723 0.000563723 0.000563723 0.000563825 0.000563868 0.000564524 0.000563722 0.000563724 0.000564502 0.000563722 0.000563723 0.000563768 0.000563724 0.000563722 0.000563731 0.000563724 0.000563723 0.00057936 0.000563723 0.000563723 0.000563722 0.000563726 0.000563722 0.000563722 0.000563723 0.000563729 0.000563832 0.000563723 0.000563723 0.000563722 0.000563724 0.000563746 0.00057124 0.000563725 0.000563725 5.90138 0.000565074 0.000564624 0.000563722 0.000563723 0.000563723 0.000563723 0.000563792 0.00056378 0.000564411 0.000563722 0.000563728 0.000563722 0.000563723 0.000563722 0.000563722 0.000563873 0.000563724 0.000563723 0.000564945 0.000563725 0.000659424 0.000563723 0.000590904 0.000563723 0.000563722 0.000564584 0.000563723 0.000564092 0.000563725 0.000563722 0.000563723 0.000563724 0.000563724 0.000563723 0.000563722 0.000563725 0.000563723 0.000563723 0.000563958 0.000563724 0.000563724 0.000563723 0.000563723 0.000563724 0.000563723 0.000565792 0.000563726 0.000564511 0.000563722 0.000563724 0.000565247 0.000563724 0.000563723 0.000563795 0.000563722 0.000563723 0.000563745 0.000563759 0.000563723 0.000563723 0.000638863 0.000563724 0.000563722 0.000563751 0.000563723 0.000563726 0.000563728 0.000563758 0.000563723 0.000563743 0.00056411 0.000563724 0.000563722 0.000563722 0.000563723 0.000563723 0.000563724 0.000563726 0.000563723 0.000563784 0.000571404 0.000852321 0.000563724 0.000563725 0.000563724 0.000564187 0.000563724 71.9887 0.000563788 0.000563732 0.000563722 0.000563901 0.000563725 0.000563826 0.000563722 0.000563722 0.000563907 0.000564049 0.000563722 0.000676134 0.000563722 0.000563723 0.000563724 0.000563724 0.000563724 0.000568455 0.000563723 21.8809 0.000563723 0.000563726 0.000563722 0.000563723 0.000563722 0.000563732 0.000563722 0.000563754 0.000563724 0.000563803 0.000563724 0.000563722 0.0005676 0.000563724 0.000563723 0.000563731 0.000563864 0.000563722 0.000563724 0.000563722 0.00056656 0.000563792 0.000566848 0.000574618 0.000563722 0.000563722 0.000563722 0.000563722 0.000563722 0.000564395 0.000563737 0.000563723 0.000563723 0.000563722 0.000563724 0.000563729 0.000563724 0.000563724 0.000563725 0.000563816 0.000578514 0.000563725 0.000563722 0.000563722 0.000563991 0.000563723 0.000563722 0.000565496 0.000563887 0.000571189 0.000563723 0.000564 0.00056402 0.000563724 0.000564016 0.000563723 0.000563723 0.000563723 0.000563722 9.50098 0.000563723 0.000563722 0.000563725 0.000563723 0.000563722 0.000563723 0.000563725 0.000610187 0.000563723 0.000563724 0.000563725 0.000563723 0.000563725 0.000563725 0.000563723 0.000575576 0.000572455 0.000563722 0.000563723 0.000563745 0.000563723 0.000563723 0.000564771 0.000563722 0.000563722 0.000563723 0.000563723 0.000563724 0.000563722 0.000563725 0.00056381 0.000563723 0.000590621 0.000563722 63.2147 0.000563724 0.00056445 0.000563785 0.000563726 0.000563722 0.000563827 0.00056381 0.000563723 0.000563723 0.000563857 0.000563722 0.000563725 0.000563723 0.000645394 0.000563862 0.000568501 0.000564024 0.000641146 0.000563723 0.000563754 0.00056373 0.000563725 0.000563729 0.000563728 0.000563724 0.000563724 0.000563722 0.000563722 0.000563722 0.000563722 0.000563725 0.000563723 0.000563722 0.000649612 0.000563722 0.000563722 0.000563726 0.000563722 0.000563724 0.000563739 0.000563811 0.000563724 0.000563723 0.000563723 0.000563725 0.000563722 0.000563723 0.000592052 0.000563722 0.000563963 0.000563985 0.00058813 0.000564005 0.000563723 0.000576165 0.0005639 0.000565463 0.000564516 0.000563725 8.32959 0.000563891 0.000563722 0.000563722 0.000563782 0.000563722 0.000563723 0.000563869 0.000563724 0.000563723 0.000563724 0.000564131 0.000564267 0.000563724 0.000563723 0.000563723 0.000563726 0.000563722 0.000563724 0.000563723 0.000563722 0.000563723 0.000563784 0.000563723 0.00056464 0.000563856 0.000563723 0.000563724 0.000563769 0.000603007 0.000563722 0.000563723 0.00056491 0.000567692 0.000563722 109.349 0.000563725 0.000563722 0.000611036 0.000563723 0.000563724 0.000563723 0.000563723 0.000563725 0.000563724 0.000569054 0.000563722 0.000563725 0.000563725 0.000564642 0.000563723 0.000563725 0.000563726 0.000563964 0.000563723 0.000563722 0.000563726 0.000656519 0.000563724 0.00057206 0.000563722 0.000563723 0.000563723 0.000563723 0.000563722 0.000563722 0.000628068 0.000563722 0.000563725 0.000563723 0.000563722 0.000651068 0.000563723 0.000563722 0.000563722 0.000563722 0.000563739 0.000581114 0.000575843 0.000563723 0.000563722 0.000563723 0.000629835 0.000563723 0.000563722 0.000563723 0.000563723 0.000563723 0.000563723 0.000563722 0.000563725 0.000563723 0.00056373 0.000563725 0.000563723 0.000563722 0.000563722 0.000563723 0.000563723 0.000563723 0.000563736 0.000563724 0.000563861 0.000563722 0.000563723 0.000563722 0.000563776 0.000563722 0.000563722 0.000563723 0.000563722 0.000564163 0.000563722 0.000563723 0.000565862 0.000563723 0.000563724 0.000563728 0.000593035 0.00056374 0.000564179 0.000563722 0.000564917 0.000563722 0.000563722 0.000565498 0.00056525 0.000563723 0.000563722 0.000563739 0.000563979 0.000564043 0.000563722 0.00056996 0.000564015 0.000572396 0.000563723 0.000563722 0.000563726 0.000563956 0.000563726 0.000563722 0.000563722 0.000563723 0.000563724 0.000563785 0.000563722 0.000563724 0.000563723 0.000565106 0.000563723 0.000563723 0.000563724 0.000854372 0.000563722 0.000563724 0.000563989 0.000563722 0.000563723 0.000563725 0.000852321 0.000563943 0.000563724 0.000563723 0.000563723 0.000563725 0.000564083 0.000563723 0.000564622 0.000563723 0.000563785 0.000563723 0.000563726 0.000563725 0.000563723 0.000563728 0.000563724 0.000563723 0.000608012 0.00111764 0.000563724 0.000563723 0.000563896 0.000563723 0.000563723 0.000563723 0.000563758 0.000563746 0.000563725 0.000563726 0.000563727 0.000563725 0.000563729 0.000563722 0.000563722 0.000563723 0.000563726 0.000573732 0.000616583 36.1025 0.000563725 0.000563723 0.000563722 0.000563771 0.000563724 0.000563761 0.000563724 0.000563724 0.000564473 0.000563722 0.000571782 0.000563752 0.000563725 0.000563725 0.000563723 0.000563722 0.000563722 0.000563723 0.000563731 0.000563722 0.000563724 0.000571611 0.000563722 0.000563724 17.1612 0.000564088 0.000563722 0.000573284 0.000563724 0.000563723 0.000563722 0.000563723 0.000563724 0.000563724 0.000641935 0.000564239 0.000563723 0.000563723 0.000563725 0.000563722 0.000586823 0.000563723 0.000564065 0.000563723 0.000563723 0.000563723 0.000563722 0.000563762 0.000563722 0.000563723 0.000565909 0.000563723 0.000563722 0.000563722 0.000563725 0.000563723 0.000564072 0.000563722 0.000563909 0.000563725 0.00056403 0.000563723 0.000563723 28.2018 0.000563722 0.000563723 0.000563722 0.000563723 0.000563723 0.000563725 0.000563723 0.000563723 0.000563724 0.000564059 0.000564395 0.000563723 0.000563729 0.000563723 0.000563722 0.000563724 0.000563927 0.000563722 0.000563724 0.000563814 0.000563722 0.000563725 0.000564116 0.000563725 0.000563722 0.00056523 0.000563722 0.000601239 0.000563722 0.000563724 0.000564591 0.000563724 0.000563724 0.000563722 0.000563723 0.000563725 0.000563722 0.000563724 0.000563722 0.000563722 0.000564178 0.000563724 0.000563722 80.1583 0.000563722 0.000563723 0.000563723 0.000563722 0.000563724 0.000563723 0.000671444 0.000563724 0.000563929 0.000563727 0.0006302 0.000563722 0.000563722 0.000563723 0.000563722 0.000563722 0.000563723 0.000573281 0.000563723 0.000563723 0.000563723 0.000563728 0.00056373 0.00056377 0.000563722 0.000563724 0.000563723 0.000563722 0.000563763 0.000563723 0.000563723 0.000563723 0.000563723 0.000563749 0.000563722 0.000563743 0.000563723 0.000563723 0.000563722 0.000563757 0.000563741 0.00056413 0.000563723 0.000563786 0.000563723 0.000563724 0.000563724 0.000563723 0.000563991 0.000563723 0.000563722 0.000563722 0.000563722 0.000563722 0.000563901 0.000563722 0.000563724 0.000563931 0.000563723 0.000563723 0.000563723 0.000563723 0.000563728 0.000563723 0.000563727 0.000563722 0.000563722 0.000567239 0.000563722 0.00056373 0.000563723 0.000564273 0.000563859 0.000564213 0.000563722 0.000563723 0.000563724 0.000563722 0.000563723 0.000565677 0.000564551 0.000564469 0.00056387 0.000563727 0.000563723 0.000625328 0.000673994 0.000651355 0.00056373 0.000563722 0.000633259 0.000563766 0.000563724 0.000563748 0.000563723 0.000563722 0.000563723 0.000563725 0.000563722 0.000563723 0.000563783 0.000563722 0.000563724 0.000563723 0.000563723 0.000563725 0.000563742 0.000563722 0.000563727 0.00056397 0.000563722 0.000563723 0.000563722 0.000563724 0.00056378 0.000563722 0.000563958 9.88999 0.000563724 0.000563723 0.000563723 0.000563724 0.000563723 0.00056373 0.000563724 0.000567405 0.000563723 0.000563723 0.000563723 0.000563766 0.000563724 0.000883076 0.000573195 0.000563728 0.000563729 0.000563723 0.000563738 0.000563722 0.000563747 0.000563723 0.00056376 0.000563766 0.000563724 0.000565382 0.000563723 0.000563722 0.000563724 0.000564091 0.000564113 0.000563722 0.000565272 0.000563723 0.000563722 0.000563723 0.000563724 0.000563724 0.000563723 0.000603611 13.8921 0.000563792 0.000564027 0.000563722 23.2259 0.00056392 0.000563724 0.000563776 0.000563722 0.000564853 0.000563722 0.000563723 0.000563722 0.000563732 0.000563723 0.000563723 0.000563723 0.000563722 0.00060573 0.000563725 0.000563724 0.000563724 0.000563727 0.000563725 0.000563803 0.000563722 0.000563722 0.000563722 0.000565153 0.000585913 0.000603489 0.000563944 0.000563723 0.000563723 0.000563756 0.000563723 0.000563724 0.000563726 8.32963 0.000563723 0.000563726 0.000564655 0.000563722 0.000563722 0.000630198 0.000563739 0.000563724 0.000563723 0.000563725 0.000563724 0.000563723 0.000563762 0.000563723 0.000563724 0.000563723 0.000563726 0.000563722 0.000563722 0.000563909 0.000563723 0.000563723 0.000563722 0.000563722 0.000565873 0.000563892 0.000563724 0.000563722 0.00056465 0.000563722 0.000594426 0.000563722 0.000563748 0.000563722 0.000563724 0.000563722 0.000563723 0.000564958 0.000563723 0.000563722 0.000596403 0.000563723 0.000573443 0.000563722 0.000563722 0.000563722 0.000563722 0.000563724 0.000563723 0.000563722 0.000563935 0.0164216 0.000563723 0.000563724 0.000563725 0.000564037 0.000564753 0.000563722 0.000563722 0.000563779 0.000563722 0.000563723 0.000563722 0.00417579 0.000563724 0.000563725 0.000563723 0.000563723 0.000563722 0.000563723 0.000563723 0.000563727 0.000563723 0.000563723 0.000574757 0.000563816 0.000570291 0.000563725 0.000563764 0.000563722 0.000563722 0.000563722 0.000563722 0.000563749 0.000563723 0.000563723 0.000563764 0.000563723 0.000563724 0.000563732 0.000563723 0.000563723 0.000563722 0.000563723 0.000565995 0.000563723 0.000563778 0.000565282 0.000563722 0.000563725 0.000563722 0.000567468 0.000573987 0.000563722 0.000563723 0.000563722 0.000563723 0.000563723 0.000563723 0.00056456 0.000563732 0.000563722 0.000563729 0.000563723 0.000564173 0.000563827 0.000563723 0.000575305 0.000564073 0.000564329 0.000563722 0.000563724 0.000563723 0.000563723 0.000563723 0.000564281 0.000563774 0.000565384 0.000563722 0.000563724 0.000563722 0.000563722 0.000563741 0.000563755 0.000563723 0.000563725 0.000563722 0.000563722 0.000563723 0.000563725 0.000563722 0.000563727 0.000563735 0.000563723 0.000563722 0.000563722 0.000563722 120.857 0.000563723 0.000563927 0.000563724 0.000565204 0.000563722 0.000563723 0.000564075 0.000563723 0.000563722 0.000563724 0.000563723 0.000563722 0.000563723 0.000563723 0.000564644 0.000563726 0.000563839 0.000564542 0.000563724 0.000563723 0.000565348 0.000563723 0.000563723 0.000563724 0.000565312 0.000563871 0.000563722 0.000563724 0.000563722 0.000563723 0.000567292 0.000563742 0.000563722 0.000563935 0.000563722 29.0094 0.000563723 0.000563723 0.000563724 0.000563725 0.000563724 0.000563826 0.000563723 0.000563722 15.9883 0.000563723 0.000563725 0.000563723 0.000563722 0.000563723 0.000563722 0.000563723 0.000563722 0.000563722 0.000563723 0.000563723 0.000804439 0.000563724 0.000563723 0.000563741 0.000563723 0.000563723 0.000563724 0.000563723 0.000563722 0.000563723 0.000563724 0.000563723 0.000563722 0.000563725 0.000563724 0.000563983 0.000563723 0.000564264 0.000563722 0.000564445 0.000563726 0.000565536 0.000564543 0.000563945 0.000563723 0.000563723 0.000563722 0.000563764 0.000563737 0.000563722 0.000563836 0.000563959 0.000563723 0.000563745 0.000563723 0.000563724 0.000563722 0.000563723 0.000563723 19.8241 0.000563723 0.000563722 0.000563725 0.000563888 0.000563722 0.000563723 0.000563724 0.000563723 0.000563724 0.000563723 0.000563941 80.3483 0.000779916 0.000563722 0.000563724 0.000563724 0.000563722 0.000563723 199.86 0.000563724 0.000563722 0.000563722 0.000563725 0.000563724 0.000563722 0.000563723 0.000563729 0.000563723 0.000563749 0.000563724 0.000852322 0.000563723 0.000563722 0.000584508 0.000597136 0.000569492 0.000563722 0.000564125 0.000577683 0.000563723 0.000563724 0.000563724 0.000563726 0.000563722 0.000563723 0.000563723 0.000580915 0.000563723 0.000563723 0.000563915 0.000563722 0.000565312 0.000563723 0.000563724 0.000563722 0.000563724 0.000582367 0.000564065 0.000566016 0.000618852 0.000563725 0.000563723 0.000565772 0.000564101 0.000563724 0.000563722 8.69681 0.000563789 0.000563723 0.000563723 0.000563723 0.000563724 0.000563725 0.000563723 0.000563724 0.000563726 0.000563722 0.000563723 0.000563728 0.000563723 0.000563747 0.000567614 0.000563722 0.000563725 0.000563723 0.000563724 0.000563722 0.00056378 0.000564613 0.000563723 0.000563723 0.00057642 0.000564169 0.000563722 0.000563722 0.000563723 0.000563722 0.000563724 0.000563843 0.000563722 0.000563724 0.000563723 0.000563725 0.000563723 0.000563753 0.000563722 0.000563723 0.000563723 0.000563722 0.000572865 0.000564036 0.000563723 0.000563723 0.000563737 0.000563723 0.000584444 0.000563724 0.000563763 0.000563723 0.000563722 0.000563724 0.000563722 0.000563723 0.000563886 0.000563722 0.000563727 0.000563722 0.000563846 0.000563723 0.000563722 0.000563793 0.00517731 33.8101 0.000563722 0.000563812 0.000563722 16.331 0.000563724 0.000563724 0.000563777 0.000563723 0.000563905 0.000565128 0.000563822 0.000563723 0.000563722 0.000563723 0.000563724 0.000563724 0.000563723 0.000563722 0.000563723 0.000563728 0.000563725 0.000563723 0.000563765 0.000563722 0.000567202 0.000563792 0.00056436 0.000563724 0.000563723 0.000563723 0.000563774 0.000563722 0.000563845 0.000563723 0.000563747 0.000564387 0.000566197 0.000564176 0.000564051 0.000563723 0.000563723 0.000563802 0.000566651 0.000563722 0.000563723 0.000563723 0.000563724 0.000563722 0.00057339 0.000563723 0.000563724 0.000563722 0.000563726 0.000563731 0.000563723 0.000563881 0.000563725 0.000563724 0.000563727 0.000563864 0.000563722 47.7952 0.000563724 0.000563724 0.000563725 0.000563794 0.000563722 0.000599901 0.000563722 0.000563817 0.000563736 0.000563723 0.000564494 0.000564771 0.000563724 0.000563753 0.000563723 0.000563723 0.000564082 0.000563722 0.000563723 0.000563723 0.000563724 0.0005638 0.000563723 0.000563724 0.000563724 0.000563724 0.000563723 0.000563791 0.000563724 0.000563724 0.000563722 0.000563724 0.000742614 0.000563722 0.000563853 0.000563722 0.000563725 0.000563723 0.000564366 0.000563722 0.000563723 0.000563734 0.000563723 0.000563724 0.000563723 0.000563819 0.000563808 0.000563722 0.000563723 0.000563724 0.000563722 0.000563723 0.000563723 0.000563726 0.000563722 0.000564428 0.000563722 0.000563724 0.000564339 0.000563742 0.000563723 0.000563723 0.000563722 0.000563726 0.000646178 0.000563722 0.000563727 0.000564353 0.000563723 0.000563722 0.000563824 0.000563722 0.000563724 0.000563724 0.000563732 0.000563724 0.000563971 0.000563723 0.000563722 0.000563723 0.000563932 0.000563722 0.000573089 0.000563723 0.000564411 0.000563724 0.000563722 0.000563723 0.00062786 0.000563722 0.000563723 0.000563722 0.000563725 0.000563722 0.000563879 0.000563724 0.000563741 0.000563725 0.000563723 0.000567056 0.000563723 0.000563723 0.000563723 0.000563731 0.000563722 0.000563727 0.000564067 0.000563723 0.000564438 0.000563724 0.000563723 0.000564308 0.000563723 0.000563723 0.000563783 0.000563723 0.000563982 0.000563722 0.000564666 0.0163755 0.000564012 0.000563722 0.000563723 0.000563724 0.000563723 0.000563724 0.000564098 0.000564074 0.000563722 0.000563723 0.000563723 0.000563722 0.000563797 0.000563766 0.000580307 0.000563722 0.000563722 0.000563979 0.000563723 0.000563724 0.000563723 0.000563723 0.000563856 0.000563737 0.000563722 0.000563722 0.000563738 0.000563726 0.000563723 0.000569145 0.000563725 0.000563828 0.000564148 0.000563731 0.000563723 0.000564403 0.000563723 0.000563725 0.000563723 0.000563723 0.000563723 0.000569831 0.000563782 0.000563723 0.000563723 0.000563915 0.000563725 0.000627856 0.000582464 0.000563748 0.000563722 0.000563722 0.000563782 0.000563722 0.000563737 0.000563723 0.000563723 0.000563722 0.000563723 0.00056388 0.000563722 0.000563723 0.000563723 0.000564249 0.000563723 0.000563722 0.000563723 0.000563723 0.000563723 0.000563724 0.000563827 0.000563722 0.000861025 0.000563723 0.000563722 0.000563723 0.000563723 0.000563723 0.000563725 0.000563723 0.000718008 0.000568791 0.000563722 0.000563723 0.000563722 0.000563725 0.000563722 0.000563723 0.000563722 0.000577261 0.000563722 0.000563722 0.00853846 0.000563723 0.000563724 0.000586674 0.000563723 0.000635396 0.000563869 0.000563726 0.000563724 0.000563722 0.000563723 0.000590963 0.000563813 0.000563725 0.000563724 0.000563723 0.000563723 0.000563723 0.000563722 0.000563722 0.000563723 0.000563722 0.000563723 0.000563877 0.000563722 0.000563724 0.000563723 0.000563762 0.000563723 0.000563722 0.000564704 0.000563725 0.000563722 0.000624142 0.000565376 0.00056373 0.000563722 0.000563725 0.000563726 0.000563722 0.000563725 0.000566775 0.000563723 0.000563722 0.000563726 0.000563827 0.000564212 0.000563722 0.000563722 0.000563722 0.000563724 0.000563726 0.000590415 0.000564419 0.000563724 0.000563877 0.000564291 0.000563722 0.000563723 0.000563723 0.000563723 0.000563723 0.000563724 0.000563724 0.000563722 0.000563723 0.000563741 0.000563725 0.000563723 0.000563723 13.3178 0.000563723 0.000563723 0.000563722 0.000563864 0.000563723 0.000564909 0.000563723 0.000563723 0.000563728 0.000563724 0.000670603 0.000563723 21.1444 0.000563727 45.2814 0.000855191 0.000563724 0.000563723 0.000565696 0.000563723 0.000563722 0.000563722 0.000563724 0.000563723 0.000563722 0.000563722 0.000563723 0.000563723 0.000563723 0.000563723 0.000570649 0.000563914 0.000563855 0.000564384 0.000563724 0.000563724 0.000563723 0.000563931 0.000563722 0.000563722 0.000563723 15.5562 0.000566235 0.000563725 0.000563724 56.6753 0.000563726 0.000563738 0.000563722 0.000563723 0.000563726 0.000563723 0.000564295 0.000563723 0.000563824 0.000702132 0.000563722 0.000563724 0.000563722 0.000563723 0.000563724 0.000570353 0.000563723 0.000563722 0.000563723 0.000563812 0.000563823 0.000563937 0.000563723 0.000563728 0.000563725 0.000563724 0.000563722 0.000563964 0.000563722 0.000563723 0.000563722 0.000563723 0.000581205 0.000563725 0.000563868 0.000563722 0.000563723 0.000563722 0.000563723 0.000563723 0.000563723 0.000563724 0.000563723 0.000563724 0.000563722 0.000564305 0.000563723 0.000563724 0.000563722 0.000563724 0.000563722 0.000563929 0.000563723 0.000563723 0.000563725 0.000563722 0.000564955 0.000563724 0.000563725 0.000563722 0.000563722 0.000564306 0.000563722 0.000563723 0.000564002 0.000563723 0.000563723 0.000563724 0.000563724 0.000563723 0.000563722 0.000563738 0.000563722 0.000563722 0.0017532 0.000563725 0.000563746 0.000563751 0.000567926 0.000563724 0.000564175 0.000563723 0.000563725 0.000563723 0.000563805 0.000563733 0.000563723 0.000563725 0.000563724 0.000563724 0.000581106 0.000563723 0.000563725 0.000563746 0.000563723 0.000563723 0.000563723 0.000563724 0.000563723 0.000563722 0.000563722 0.000563722 0.000563724 0.000563788 0.000563722 0.000563722 0.000563729 0.000563723 0.000563723 0.000563722 0.000563764 0.000563722 0.000563724 0.000563723 0.000563724 0.000581591 0.000563723 0.000563722 0.000564941 0.000563723 0.000563733 0.000563723 0.000564161 0.000563725 0.000564963 0.000563722 0.000564027 0.000563901 0.000566234 0.000563724 0.000563723 0.000563723 0.000563885 0.000563723 0.000563723 0.000563722 0.000563723 0.000563895 0.000563724 0.000563722 0.000563918 0.000570843 0.000613272 23.5315 0.000563881 0.000563723 0.000563724 0.000563722 0.000563723 0.000563739 0.000563723 0.000563723 0.000563724 0.000564098 0.000563727 0.000563723 0.000563747 0.000564346 0.000563723 0.000563722 0.000563722 0.000563724 0.000563745 0.000563724 0.000563723 0.000565708 0.00056376 0.000563722 0.000563722 0.000570721 0.000568888 0.000563739 0.000564765 0.000563724 0.000563724 0.000563722 0.000563722 0.000563809 0.000563876 0.000563722 0.000563738 0.00056425 0.000563722 0.000563723 0.000563724 12.1362 0.000563722 0.000563725 0.000563723 0.000563724 0.000563724 0.000563722 0.000563726 0.000563723 0.000563723 0.000563724 0.000588431 0.000563737 0.00056373 0.000563722 0.000563724 0.000563722 0.000563723 0.000563724 0.000563847 0.000563722 0.000563722 0.000563722 0.00056399 0.000564632 0.000563724 0.000563723 0.000563722 0.000563723 0.000563744 0.000563724 0.000563724 0.000563723 0.000563723 0.000563725 0.000563722 0.000563744 0.000563724 0.000563724 0.000563722 0.00056374 0.000563724 0.000564147 0.000563723 0.000563727 0.000563722 0.000586975 0.000563722 0.000563772 0.00056419 0.000565348 0.000563725 0.000563723 0.000563874 0.000563723 0.000564922 0.000563722 0.000563723 0.000563723 0.000563724 0.000563723 28.0627 0.000563723 0.000563829 0.00056375 0.000563756 0.000564416 0.000563723 0.000563723 0.000563722 0.000563723 0.000563855 0.000563724 0.000563724 0.00056568 0.000628577 0.000563727 0.00056406 0.000563722 0.000563724 0.000563727 0.000563724 0.000563731 0.000563723 0.000563723 0.000563842 0.000563722 0.000563723 0.000563723 0.000574624 0.000563724 0.000563723 0.000564266 0.000563857 0.000563722 0.000563723 0.000563722 0.000563731 0.000564892 0.000563725 0.000563723 0.000563724 0.000563723 0.000563989 0.000565909 0.000563797 0.000563924 0.000563723 0.000563725 0.000564259 0.000563725 0.000563762 0.000563722 0.000563722 0.000563723 0.000563724 0.000563723 0.000563724 0.000563722 0.000563724 0.000563816 0.000563801 0.000563727 0.000563727 0.000563724 0.000563723 0.000563723 0.000563724 0.000563723 0.00115301 0.000563724 0.000563723 0.000563724 0.000564876 0.000563723 0.000563722 0.000563865 0.00056385 0.000563723 0.000563724 0.000564138 0.000563731 0.000563891 0.000563724 0.000563722 0.00056373 31.5487 0.000563725 0.000566351 0.000563802 0.000563722 0.000563724 0.000580391 0.000563723 55.745 0.000563724 0.000563722 0.000563727 0.000563722 0.000563726 0.000563723 0.000563723 0.000563722 0.000563835 0.000581838 0.000563747 0.000563723 0.000563724 0.000563745 0.000563723 0.000563722 0.000563723 0.000563863 0.000563724 0.000563724 0.000563723 0.000563723 0.000563743 0.000564674 0.000563724 0.000563723 0.000563723 0.000563723 0.000564058 19.5118 0.000563978 0.000567411 0.000563722 0.000563723 0.000564832 0.000563723 0.000563724 0.000565808 0.000563843 0.000563722 0.000563723 0.000563722 0.000563724 0.000563722 0.000563723 0.000563723 0.000563723 0.000563722 0.000563722 0.000563724 0.000563723 0.000563722 0.000563722 0.000563813 0.000563723 0.000563724 0.000563724 0.000563722 0.000564343 0.000563723 0.000564255 0.000563722 0.000563723 0.000563722 0.000563723 0.000563722 0.000564067 0.000563723 0.000564254 0.000563772 0.000616749 0.000563722 0.000977268 0.000564023 0.000563723 0.000563724 0.00056377 0.000568138 0.000563738 0.000563892 0.000563724 0.000563723 0.000563967 0.000563722 0.000563723 0.000563723 0.000563722 0.000563725 0.000563723 0.000563744 0.000563723 0.000563722 0.000563876 0.000563722 0.000563823 0.000563723 0.000563723 0.000563723 0.000564223 0.000563722 0.000571767 0.000563996 0.000563723 0.000563804 0.000563735 0.000563799 0.000563733 0.000563725 0.000563724 0.000563723 0.000563725 0.000567673 0.000565237 0.000563723 0.000563727 0.000563723 0.000563723 0.00085986 0.000563723 0.000563723 0.000563722 0.000563722 0.000563722 0.000563723 0.000563723 0.000563723 0.000570895 0.000564399 0.000563723 0.000564411 0.000563723 0.147033 0.000563727 0.000566492 0.000563725 0.000563725 0.000566391 0.00056373 0.000582846 0.000563723 0.000563722 0.000563722 0.000563723 0.000563723 0.000563722 0.000563723 0.000563722 0.000563722 0.000563798 0.000563723 0.000563787 0.000563724 0.000563724 36.2052 0.000563722 0.000564584 0.00056387 0.000563724 0.000563723 0.000563724 0.000563724 0.000563724 0.000563723 0.000563724 0.000563773 0.000563723 0.000563723 0.000563724 101.202 0.000563867 0.000563724 0.000563724 0.000563722 0.000563722 0.000564875 0.000563725 0.000563723 0.000563882 0.000563723 0.000563723 0.000563957 0.000563722 0.000563723 0.000563728 0.000565114 0.000563724 0.000563723 0.000563944 0.000563723 0.000860991 0.000563725 0.000565195 0.000563723 0.000564598 0.000563722 0.000563725 0.000563722 0.000563723 0.000563725 0.000574441 0.000564651 0.000563723 0.000563722 0.000563723 0.000563771 0.000563723 0.000563722 0.000563722 0.000563723 0.000563724 0.000563725 0.000563722 0.000563723 0.000563724 0.000563723 0.000563722 0.00056373 0.000563722 0.000572986 0.000563723 0.000563724 0.000563995 0.000620792 0.000563821 0.00103901 0.000563723 0.000563722 0.000563722 0.000563722 0.000563723 0.000563726 0.000563725 0.000563723 0.000563723 0.000563722 0.000563723 0.000563746 0.000563861 0.000564446 0.000563722 0.00056497 0.000563725 0.000563748 0.000563753 0.000563795 0.000563722 0.000563726 0.000563726 0.000563723 0.000609939 0.000563723 0.000564339 0.000563724 0.000608029 0.000564247 0.000563722 0.000563725 0.000563723 0.000564169 0.000563722 0.000563725 0.000563723 0.000563723 0.000563723 0.000563956 0.000563722 0.000564333 0.000563722 0.000563723 0.000563722 0.000777973 0.000563722 0.000563722 0.000563723 0.000563724 0.000563724 0.000563723 0.000563722 0.000563722 0.000563768 0.000563722 0.000563725 0.000563722 0.000563722 0.000563723 0.000563723 0.000563723 0.000563722 0.000564151 0.000564322 0.000564066 0.000643181 0.000563722 0.000563723 0.000563722 0.000564353 0.000564087 0.000563783 0.000586221 0.00056389 0.000569 0.000564682 28.4194 0.00056373 0.000563724 0.000563723 0.000563723 0.000563723 0.000564829 0.000566205 0.000563724 0.000564024 0.000563723 0.000563724 0.000563726 0.000563722 0.000563726 0.000563722 0.000563722 0.000563877 0.000563723 0.000563981 0.000563722 0.000563729 0.000563723 0.000565215 0.000563779 0.000563722 0.000563725 0.000563722 0.000563723 0.000563722 0.000563722 17.1612 0.000563723 0.000563723 0.000563722 0.000563722 0.000563722 0.000563723 0.000563722 0.000563723 0.000563723 0.000563725 0.000563722 0.000563722 0.000563735 0.000563723 0.000563732 0.000563722 0.000563722 0.000563723 0.000563725 0.000563727 0.000563749 0.000563762 0.000563791 0.000563726 0.000563722 0.000563724 0.000563819 0.000564088 0.000568738 0.000563722 0.000565449 0.000564546 0.000563723 0.000563722 0.000563722 0.000563722 0.000563724 0.000564065 0.000564742 0.00056376 0.000563724 0.000564093 0.000563723 0.000563723 0.00056402 0.000563767 0.000563726 0.000593224 0.00112881 0.000563724 0.000563722 33.6357 0.000563722 0.000563723 0.000563723 0.000563722 0.000563725 0.000563723 0.000563723 0.000563722 0.000564278 0.000563726 0.000563723 0.00143316 0.000563722 0.000563723 0.000563722 0.000563723 0.000563723 0.000563723 0.00056393 0.00056546 0.000563726 0.000563722 0.000584397 0.000576195 0.000563755 0.00059609 0.000563723 0.000563724 0.000563722 0.000565505 0.000563723 0.00056443 0.000563722 0.000563723 0.000563723 0.000563722 0.000569186 0.000563723 0.000563724 0.000563722 0.000563723 0.000563722 0.000565772 0.000563757 0.000564298 0.000563722 0.000563757 0.000563789 0.000563724 0.000563723 0.000563723 0.000563891 0.000563723 0.000563722 0.000563738 0.000564835 0.000563723 0.000563723 0.000563725 0.000563723 0.000563723 0.000563994 0.000563725 0.000563838 0.000563764 0.000563731 0.000563723 0.000563722 0.000563722 0.000563722 0.000580486 0.000563745 0.000564546 0.000563724 0.000563722 0.000563722 0.000563723 0.000563723 0.000563722 0.000563722 0.000563724 0.000563723 0.000563723 0.000563723 0.000563751 0.000563723 0.000563723 0.000563723 0.000563768 0.000565144 0.000563725 0.000563723 0.000563722 0.000563722 0.000563723 0.00056373 0.000563722 0.000563728 0.000564214 0.000563776 0.000563723 0.000563722 0.000563722 0.000563722 0.000563722 0.000563722 0.000564073 0.000563723 0.000563724 0.000563722 0.000563722 0.000563723 0.000563723 0.000563722 0.000564567 0.000563885 0.000563723 0.000563723 0.000563724 0.000563723 0.000563723 0.000611721 0.000563723 0.000563722 0.000563726 0.000563724 0.000563723 0.000563744 0.000563729 0.000563735 0.000563722 0.000563998 0.000563723 0.000563723 0.000563841 0.00061053 0.000563722 0.000563723 0.000563723 0.000563727 0.000563723 0.000563723 0.000563722 0.000563723 0.000563723 0.000564757 0.000563723 0.000564058 0.000563769 0.000563723 0.000563722 0.000563722 0.000563722 0.000563722 0.000563723 0.000563722 0.000563722 0.000563956 0.000563723 0.000563722 0.000627524 0.000563725 0.000563724 0.000564052 0.000564583 0.000563732 0.000563723 0.000563723 0.000563723 0.000563725 0.00056374 0.000563723 0.000563723 0.000563722 0.000563798 0.000563724 0.000563722 0.000563821 0.00056477 0.000563723 0.000563722 0.000563739 0.000563731 0.000563723 0.000563723 0.000563724 0.000564559 0.000563722 0.000563723 0.000563723 0.000563724 0.000563728 0.000563799 0.000564754 0.000563722 0.000563723 0.000563722 0.000563723 0.000563723 0.000563769 0.000563723 0.000563769 0.000563723 0.000563723 0.000563722 0.000563723 0.000563723 0.000564518 0.00056396 0.000563723 0.000563722 0.000563722 0.000563723 0.000563723 0.00056919 0.000669819 0.000563724 0.000563722 0.000563723 0.000563966 0.000564176 0.000563722 0.000563724 0.000563723 0.000563726 0.000563723 0.000563724 0.000563722 0.000563723 0.000577054 0.000568969 0.000564133 0.000563722 0.000563729 0.000563722 0.000563725 0.000563723 0.000565087 0.000563724 0.000563722 0.00056373 0.000563724 0.000670139 0.000581241 0.000564155 0.000563724 0.000564807 0.000563754 0.000563722 0.000563913 0.000563723 0.000563724 0.000563723 0.000563723 0.000563723 0.000563722 0.0005638 0.000563722 0.000606307 0.000563751 0.000563722 0.000563724 0.000563845 0.000572447 0.000563722 0.000563724 0.000565301 0.000564035 15.1329 0.00098527 0.000564107 0.000563724 0.000567639 0.000563722 0.000563722 0.000563723 0.000563722 0.000563724 0.000563722 0.000563722 0.000563723 0.000563743 0.000563868 0.000563725 0.000563723 0.000563723 0.000564898 15.807 0.000564153 0.000563723 0.000563723 0.000563727 0.000563723 0.000563722 0.000563723 0.000563724 0.000563723 0.000563758 0.000563828 0.000563723 0.000563724 0.000563766 0.000564218 0.000563725 0.000563749 0.000563722 0.000563722 0.000563723 0.000563772 0.000563848 0.000563796 0.000563722 0.000563734 0.000564144 0.000563722 0.000563725 0.000563722 0.000563723 0.000563724 0.000563723 0.00138689 0.000580391 0.000563722 0.000601876 0.000563722 0.000563724 0.000563723 0.000563723 0.000563724 0.000563724 0.000563724 0.000563725 0.000563722 0.00056375 0.000564524 0.000563724 0.000802674 0.000563722 0.000563754 0.000575097 123.686 0.000563725 0.000563722 0.000563928 0.000563724 0.000563725 0.000566812 0.000563738 0.000563722 0.000563724 0.000563723 0.000563723 0.000563722 0.000563725 0.000563723 0.000563722 0.000563722 0.000563724 0.000563735 0.000563722 0.00056374 0.000592028 0.000563723 0.000563722 0.000576842 0.000563723 0.000563725 0.000564062 0.000563723 0.000563723 0.000563723 0.000563724 0.000563725 0.000563722 0.000563726 0.000563723 0.000563723 0.000563722 0.000563947 0.000563722 0.000563722 0.000563723 0.000563725 0.000563723 0.000563743 0.000563722 0.000563722 0.000563776 0.000564104 0.000563723 0.000563726 0.000563963 0.000563723 0.000563801 0.000563723 0.000563723 0.000563745 0.000563724 0.00056516 0.000563722 0.000563743 0.000563745 0.000563723 0.000563722 0.000563723 0.000563722 0.000563821 0.000563723 0.000580604 0.000572132 0.000563724 0.000563722 65.4962 0.000563723 0.000564378 0.000563841 0.000602659 0.000563722 0.000563747 0.000563722 0.00056377 0.000563724 0.000563725 0.000563723 0.000563729 0.000563722 0.000563722 0.000563723 0.000563722 0.000563809 0.000563723 0.000563739 0.000563723 0.000563722 0.000563725 0.00056373 0.000563723 0.000563724 0.000572892 0.000563722 0.000563723 0.000563745 0.000563722 0.000573284 0.000563722 0.000563722 0.000563722 0.000563722 0.000563723 0.000563724 0.000563802 0.000563724 0.000563951 0.000564111 0.000563724 0.000563723 0.000564568 0.000564405 0.000563723 0.000563723 0.000563722 0.000564469 0.000563722 0.000563829 0.000563723 0.000563723 0.000563722 61.9884 0.000563802 0.000563741 0.000563724 0.000563725 0.000563801 0.000563762 0.000563812 0.000563723 0.000563724 0.000563723 0.000563722 0.000573999 0.000563722 0.000563754 0.000563723 0.000563722 0.000564627 0.000563732 0.000563731 0.000563723 0.000563723 0.000563724 0.000563767 0.000563722 0.000583236 0.000563723 0.000563964 0.000563724 0.000563725 0.000563892 0.000563722 0.000563724 0.000563723 0.000595231 0.000563724 0.000563722 0.000563724 0.000563723 0.000563723 0.000563761 0.000563723 0.000563723 0.000563723 0.000563723 0.000563728 0.000563724 0.000564252 0.000563724 0.000563791 0.000563723 0.000563792 0.000563722 0.000563722 0.000563723 0.000563723 0.000570917 0.00056376 0.000563726 0.000563725 0.000563723 0.000563722 0.000563722 0.000563723 0.000563722 0.000563722 0.00056381 0.000563722 0.000567236 0.000563723 0.000563723 0.000563724 0.000563722 0.000563723 0.000563723 0.000564376 0.000563725 0.000563732 0.000563758 0.000563966 0.000563724 0.000563725 0.000563725 0.000579647 0.000563765 0.000563722 0.000563723 0.000564019 0.00056374 0.000563723 0.000563722 0.000563783 0.000563723 0.000563722 0.000563725 0.000564746 0.000563722 0.000563785 0.000563861 0.00056373 0.00056394 0.000564012 0.000566547 0.000565811 0.0006045 0.000563722 0.000563723 0.000563749 0.000563722 0.000563722 0.000563991 0.000563723 0.000582737 0.000563723 0.000563723 0.000563737 0.000563724 0.000563722 0.000563724 0.000563722 0.000563723 0.000563723 0.000563725 0.000564206 0.000563723 0.000685461 0.000563722 0.000563732 0.000563723 0.000563722 0.000564013 0.000563723 0.000568722 0.000564686 0.000563722 0.000563722 0.000563723 0.000573343 0.000563722 53.9757 0.000563723 0.000563731 0.000563722 0.000563724 0.000590625 0.000563722 0.000563877 0.000563722 0.000576439 0.000581739 0.000563723 0.000563723 0.000563723 0.000563724 0.000563723 0.000563723 0.000563722 0.000563818 0.000563722 0.000563724 0.000563724 0.000563781 0.000563784 0.000563723 0.000563723 0.000563724 0.000563723 0.000563722 0.000563752 0.000563723 0.000563724 0.000563761 0.000563724 0.000563723 0.000563723 0.000563723 0.000563724 0.0005638 0.000572905 0.000563722 0.000563725 0.000563722 0.000563724 0.000573027 0.000563722 0.000563723 0.000563839 0.000563723 33.3126 0.000563726 0.000644904 0.000563723 0.000563723 0.000563724 0.000563723 0.000563726 0.000563723 0.000563723 0.000563725 0.000563723 0.000563724 0.000563723 0.000563723 0.000563722 0.000563723 0.000563722 0.000563722 0.000563723 0.000563722 0.000563749 0.000563722 0.000563723 0.000563722 0.000563722 0.000563723 0.000563722 0.000563723 0.000563722 0.000563747 0.000563724 0.000563727 0.000563723 0.000563722 0.000563728 0.00056382 0.000563723 0.000563722 0.000563723 0.000563723 0.000563722 0.000565137 0.000563722 0.000563838 0.000563722 21.0889 0.000564111 0.000563722 0.000563723 0.000563722 0.000563723 0.000563726 0.000563863 0.000563722 0.000563725 0.000563723 0.000564075 0.000563724 0.000585804 0.000563724 0.000563723 0.000563724 0.000610026 0.000563723 0.000563723 13.933 0.000563722 0.000563727 0.000563722 0.000563724 0.00138027 0.000568727 0.000563757 0.000563744 0.000563722 0.000563722 0.000563722 0.000566216 0.000564417 0.000563723 0.000563724 0.000563722 0.000563727 0.000563725 0.000563723 0.000564169 0.00056386 0.000563723 0.000563722 76.8259 0.000577779 0.000563722 0.000563722 0.000563768 0.000563723 0.000564226 0.000563734 0.000563723 0.000563723 0.000563723 0.000563745 0.000563722 0.000563722 0.000677126 0.000563723 0.000563723 0.000563724 0.000563723 0.000563732 0.000563722 0.000564281 0.000563725 0.000563724 0.000563723 0.000563722 0.000563723 0.000563723 0.000563723 0.000563724 0.000563723 0.000563723 0.000563722 0.000563731 0.000563722 0.000563728 0.000563724 0.000563723 0.000563723 0.000563722 0.000563862 0.000563724 0.000563724 0.000563727 0.000563723 0.000563723 0.000577653 0.000563724 0.00056451 0.000565019 0.000563722 0.000563725 0.000563722 0.000563725 0.000563726 0.000563723 0.000563976 0.000563723 0.000574661 0.00056408 0.000563724 0.000563908 0.000563724 0.00056405 0.000563754 0.000565578 0.000563859 0.000563723 0.000563724 0.000563723 0.000563722 0.000563749 0.000563722 0.000565696 0.000563723 0.000563723 0.000564192 0.000563723 0.000563776 0.000563724 0.000563722 0.000563724 0.000563726 0.000563749 64.9409 0.000563722 0.000564024 0.000563723 0.0005639 0.000563724 0.000563723 0.000565065 0.000563723 0.000563724 0.000563765 0.000563914 0.000563722 0.000563723 0.000563765 0.000563722 0.000563724 0.000563725 0.000563722 0.000563722 0.000563723 0.000568121 0.000563724 0.000563723 0.000563722 0.000563722 0.000566927 0.000563776 0.000563726 0.000563722 0.000563976 0.000563723 0.000563722 0.000563723 0.000563722 0.000563723 0.000563723 0.000563726 0.000563723 0.000563723 0.000563722 0.000563888 0.000577106 0.000563723 0.000572527 0.000563722 0.000563724 0.000563722 0.000563723 0.000563722 0.000563723 0.000563723 0.000563723 0.000563722 0.000563726 0.000563773 0.000563723 0.000563723 0.000563727 0.000563722 0.000563725 0.000563723 0.000564786 0.000563744 0.000563742 0.000563725 0.000564898 0.000563809 0.000563723 0.000563729 0.000563856 0.000563729 0.000563723 0.000563727 0.000563724 0.000563722 0.000563724 0.000563722 0.000563725 0.000563722 0.000563725 0.000563722 0.000565432 0.000563814 0.000563723 0.000571393 0.000563722 0.000563723 0.000563724 0.000563722 0.000563723 0.000563723 0.000563723 0.000563722 0.000563774 0.000563725 0.000563723 0.000563728 0.000575253 0.000563722 0.000563722 0.00056373 0.000563723 0.000563722 0.000563727 0.000563723 0.000563723 0.000563723 0.000563723 0.000563722 0.000563722 0.000563743 0.000563759 0.000563722 0.000563723 0.000564166 0.000563722 0.000563723 0.000563747 0.000563722 0.000564067 0.000563725 0.000563724 0.000563723 0.000563722 0.000563722 0.000563736 0.000563723 0.000563729 0.000563722 0.000564195 0.000564526 0.000563723 0.000563724 0.000588111 0.000563723 0.000563722 0.000563722 0.000563742 0.000775834 0.000563723 0.000563723 0.000563922 0.000563723 0.000563722 0.000563724 0.000563751 0.000563737 0.000563723 0.000563722 0.000563723 0.000563724 0.000563722 0.000563723 0.000563722 0.000563723 0.000563723 0.000566978 0.000563724 0.000563723 0.000563729 0.000564476 0.000563725 0.000678693 0.000563779 0.000563724 0.000563722 0.000563731 0.000563727 0.000563723 0.000563723 0.000563723 0.000563724 0.000564345 0.000563891 0.000563725 0.000563723 0.000563724 0.000563724 0.000563722 0.000563723 0.000563722 0.000563723 0.000563723 0.000564161 0.000563723 0.000563722 0.000564323 0.000563722 0.000563723 0.000563723 0.000563723 0.000563723 0.000563722 0.000563722 0.000563722 0.000563722 0.000563723 0.000563722 0.00056379 0.000563723 0.000563808 0.000563734 0.000563722 0.000563722 0.000563722 0.000563922 9.1717 0.000563723 0.000563724 0.000563802 0.000563723 0.000564155 0.000563726 0.000564075 0.000563723 0.000563724 0.000563723 0.000563724 0.000563763 0.000563722 0.000564731 0.000563855 0.000563722 0.000563723 0.000563723 0.000563722 0.000563843 0.000566224 0.000563724 0.000563724 0.000563724 0.000564133 0.000563722 0.000563723 0.000563722 0.000563725 0.0005638 0.000563723 0.000563722 0.000563723 0.000564083 0.000563722 0.000563799 0.000563723 0.000563723 0.000563723 0.000564833 0.000563723 0.000563723 0.000563723 0.000563723 0.000563724 0.000563752 0.000563722 0.000563723 0.000564854 0.000563722 0.000563723 0.000563746 0.000563722 0.000563723 0.000572801 0.000563727 0.000563724 0.000563724 0.000563723 0.000584186 0.000563729 0.000563723 0.000563724 0.000563722 0.000574618 0.000563723 0.000563725 0.000563722 0.000563723 0.000563738 0.000563723 0.000563722 0.000564975 0.000563722 0.000563723 0.000564395 0.000564243 0.000563723 0.000563728 0.000563723 0.000563723 0.000563872 0.000563725 0.000563723 0.000563808 0.000563723 0.000563725 0.000563722 0.000563722 0.000563723 0.000563722 0.000563723 0.000563722 0.000563722 0.000563722 0.000563822 0.000563796 0.000564221 0.000563767 0.000563722 0.000563723 0.000563723 0.000563722 0.000563726 0.000563724 0.000563722 0.000650333 0.000563723 0.000602952 0.000563724 0.000563866 0.000726649 0.000563752 0.000563724 0.000563725 0.00057139 0.000563727 0.000563873 0.000563722 0.000571315 0.000563723 51.0624 0.000563724 0.000563722 0.000563756 0.000563723 0.000574551 0.000563724 0.000563724 0.000563724 0.000563722 0.000563723 0.000563723 0.000563723 0.000563733 0.000565591 0.000563722 0.000563722 0.000563723 0.000565532 0.000563724 0.000707273 0.000563723 0.000563722 0.000563723 0.000563725 0.000563725 0.000563722 0.000563726 0.000566139 0.000563724 0.000563723 0.000576905 0.000563725 0.000563762 0.000563723 0.000563723 0.000563723 0.000563723 0.000564199 0.000563723 23.1391 0.000563722 0.000563722 0.000563724 0.000563723 0.000563722 0.000563724 0.000563722 0.000563723 0.000563821 0.000563724 0.000563724 0.000731558 0.000563723 0.000563724 0.000563723 0.000563726 0.000563722 0.000563725 0.000563722 0.000563822 0.000563722 0.000563723 0.000563723 0.000563725 0.000581936 0.000563722 0.00056506 0.000572273 0.000563966 0.000563725 0.000563722 0.000563722 0.000563722 0.000563723 0.000563722 0.000563722 0.000564276 0.000563722 0.000563722 0.000563738 0.000563742 0.000565721 0.000563724 0.000563722 0.000563723 0.000563723 0.000633898 0.000563723 0.000563725 0.000563723 0.000563722 0.000563724 0.000563724 0.000565243 0.000563724 0.000563725 0.000563953 0.000563724 0.000563722 0.000564074 0.000563723 0.000563723 0.000573283 0.000563725 0.000563726 0.000563723 0.000563722 0.000564045 0.000563723 0.000563722 0.000563724 0.000563724 0.000563722 0.000564056 0.000574802 0.000564557 0.000563723 0.000563723 0.000563723 0.000563722 0.000563722 0.000565331 0.000563723 0.000563722 0.000563723 0.000563726 0.000563722 0.000563722 0.000563723 0.000563725 0.000563723 0.000563724 0.000563722 0.000563722 0.000563723 0.000564333 0.000563723 0.000563722 0.000563724 0.000563724 0.000563722 0.000563722 0.000563722 0.000563723 0.000563722 0.000563741 0.000563724 0.000563723 0.000563722 27.1321 0.000563723 0.000563723 0.000563725 0.000563722 0.000563723 0.00056449 0.000563723 0.000563723 0.000563723 0.000563723 0.000563723 0.000563725 0.000563722 0.000563722 0.000563722 0.000563723 32.3754 0.000563784 0.000563723 0.00056373 0.000595389 0.000563724 0.000563722 0.000563722 0.000563725 0.000563726 0.000563723 0.000563845 0.000563726 0.000563723 0.000563726 0.000692128 0.000563727 0.000563723 0.00056435 0.000563724 0.000606926 0.000563726 0.000563723 0.000563724 0.000563722 0.000563724 0.000563741 0.000563729 0.000563723 0.000563724 0.00056575 0.00056402 0.000563723 0.000563722 0.000564123 0.000563724 0.000563724 0.000564142 0.000563723 0.000563727 0.000564018 0.000563723 0.000563722 0.000563729 0.000563787 0.000564296 0.000563723 0.000563748 14.0036 0.000563725 0.000563775 0.000563723 0.000563723 0.000563722 0.00056374 0.000563726 0.000563728 0.000583659 0.000564182 0.000563722 0.000563726 0.000563722 0.000563723 0.000563724 0.000563724 0.000563801 0.000563723 0.000563723 0.000566328 0.00056382 0.000563722 0.000564488 0.000563724 0.000563723 0.000563722 0.000563722 0.000563723 0.000563723 0.000570023 0.000563724 0.000563735 0.000564247 0.000563847 0.000563722 0.000563727 0.000563722 0.000563725 8.96249 0.000563723 0.000563722 0.000563722 0.000564065 0.000564075 0.000563723 0.000563723 0.000563771 0.000563723 0.000563723 0.000563793 240.855 0.000564023 0.000563723 0.000563722 0.000563724 0.000563759 0.000563727 0.000563722 0.000563723 0.000563723 0.000563723 0.000563722 0.000563722 0.000563725 0.000563723 0.000572742 0.000563722 0.000563722 0.000572476 0.000563722 0.000563722 0.000563725 0.000573179 0.000564049 0.000563729 0.000563864 0.000566906 0.000563722 0.000563724 0.000563722 0.000564119 0.000563727 0.000563723 0.000563836 0.000563724 0.000564838 0.00067554 0.000563728 0.000563723 0.000563724 0.000563724 0.000563722 0.000563723 0.000563722 0.000563724 0.000624023 0.000563723 0.000563745 0.000563722 0.000563722 0.000563724 0.000563723 0.000563737 0.000563723 0.000563724 0.000563723 0.000563722 0.000563722 0.000565053 0.000564442 0.000563726 0.000564267 0.000563723 0.000563722
1 1 5 2,1 1 5,11607.3,0.00056139 0.000561168 0.00199999 0.000561168 0.000561168 0.000561169 0.000561178 0.000609945 0.000561167 0.000561869 0.00056149 0.000561169 0.000561332 0.00056258 0.000562327 0.000561168 0.000561167 0.000561168 0.000561317 0.000561368 0.000561367 0.00056117 0.000561169 0.000561316 0.000561168 0.000561167 103.169 0.000573268 0.000561169 0.000561167 0.000561168 0.000561167 0.000561167 0.000561167 0.000561218 0.000561169 0.000561169 0.000561167 0.000562181 0.000561167 0.000561167 0.000562315 0.000561386 0.000561167 0.00056119 0.000561325 0.000561375 0.000561232 0.000562656 0.000561169 0.000561167 0.000561167 0.000561168 0.000561177 0.000561168 0.000561169 0.000561167 0.000561507 0.000561169 0.000561465 0.000566071 0.000561167 0.00056256 0.000561169 0.000561167 0.000561168 0.000561168 0.000580369 0.000561239 0.000561556 0.000581172 0.00057488 23.4006 0.000561358 0.00056202 0.000561207 0.00056167 0.000561167 0.000561167 0.000561177 0.000561623 0.000561167 0.000561167 0.000561178 0.00056117 0.000561167 0.000561168 0.000561168 0.000561168 0.000561169 0.000561167 0.000561168 0.000561167 0.000561168 0.000561167 0.000561174 0.000561168 0.00244717 0.000561167 0.000581696 0.000562287 0.000561977 0.000561168 0.00056121 0.000561168 0.000561167 0.000561167 0.000561167 0.000561167 0.000561167 0.000561688 0.000561208 0.000561169 0.000674871 0.000596341 0.000561167 0.000561169 0.000561167 0.000561169 0.000561167 0.000561169 67.2096 0.000561167 0.000561263 0.000561169 0.000561167 0.000561168 0.000561272 0.000561167 0.000561197 0.000651426 0.000561168 0.000561167 0.000561173 0.000561425 0.000563717 0.000563826 0.000561645 0.000561169 0.000561171 0.000561169 0.000562928 0.000561167 0.000561167 0.000561252 0.000562745 0.00056117 0.000561168 0.000561167 0.000561218 0.000561167 0.000561169 0.000561204 0.000564627 0.000561177 0.000561168 0.000561974 0.000561167 0.000561207 0.000561168 0.000561168 0.000561295 0.000561177 0.000561168 0.000755797 0.000561169 0.000561168 0.000561169 0.000561168 0.000561168 0.000561169 0.000561168 0.000570503 0.00056117 0.000561296 0.000561169 0.000561168 0.000561168 0.000561167 0.00056117 0.000561167 0.00056165 0.000561564 0.0005624 0.000562627 0.000561608 0.000568825 0.000561584 0.00057182 0.000561168 0.000569656 0.000561167 0.000561167 0.000561168 0.00056117 0.000561238 0.000563077 0.000561172 0.000561168 0.000561167 0.000561167 0.000561167 0.000561265 0.000561167 0.000561167 0.000561167 0.000566022 0.000561167 0.000561991 0.000561168 0.000561167 0.000561167 0.000561172 13.4641 0.000561185 0.000561168 0.000561167 0.000584645 0.000563114 0.000561169 0.000561169 0.000561186 0.000561329 0.000561168 0.000749463 0.000561248 0.000561607 0.000561168 0.000561169 0.000612816 0.000561167 40.8743 0.000564307 0.000561167 0.000561186 0.000561168 0.000561167 0.000561168 0.00056117 47.7075 0.000561167 0.000561168 0.000561168 0.000561167 0.000561168 0.000561169 0.000561168 0.000561174 0.00056117 0.000561168 0.000561167 0.000562079 0.00060779 0.000561168 0.000561167 0.000561225 0.000561272 0.000561168 0.000561171 0.000561167 0.000564398 0.000561168 0.000561168 0.000561328 0.000561169 0.000562012 0.000561168 0.000561568 0.000561169 0.000561271 0.000561169 0.000561218 21.5598 0.000561168 0.000561287 0.000561199 0.000561167 0.000561169 0.00056117 0.000561168 0.000563461 0.000561372 0.000561168 0.000561169 0.000562004 0.000561167 0.000561262 0.000561559 0.000562829 0.000561171 0.000561274 0.000562496 0.000561167 0.000561382 0.000561168 0.000561167 0.000561168 0.000561572 0.000561185 0.000561167 0.000564201 0.000561171 0.000561383 0.000561167 0.000561167 0.000561168 0.000561407 0.000561168 0.000561168 0.000561305 0.000561168 0.000561167 0.000562114 0.00056117 0.000561167 0.000568862 0.000561169 0.000561167 0.00056117 0.000561168 0.000561167 0.000561168 0.000561167 0.000561168 0.000562384 86.1693 0.000561169 0.000561169 0.000561167 0.000561428 0.000561167 0.000561173 0.000571225 0.000561193 19.8199 0.000561168 0.00062736 0.000561168 0.000561211 0.000561168 29.2501 0.000561169 0.000563336 0.000561211 0.000561167 0.000561167 0.000561168 0.00056117 0.00056117 0.000561168 0.000561168 0.000561169 0.000561168 0.00056686 0.000561181 0.000561168 0.000561527 0.000561167 0.000561282 0.000561167 0.000572192 0.000561192 0.00056147 0.000561167 0.000561202 0.000561187 0.00056123 0.000561169 0.000561168 0.000561167 0.000561168 0.000562733 0.000583786 0.000561168 0.000628876 0.000561167 0.000561168 0.000561167 0.000561167 0.000561167 0.000561168 0.000561219 0.000561176 0.000561167 0.000561168 0.000561167 0.000565766 0.000561195 0.00056879 0.000561167 0.000561173 0.000561168 0.000561268 0.000572447 0.000561169 0.000561168 0.000561167 0.000561762 0.000561167 0.000561167 0.000561635 0.000561168 0.000561168 0.000561167 0.000561181 0.000561826 0.000561641 0.000561167 0.000561497 0.000561168 0.000561959 0.000561167 0.000561167 0.000561167 0.000561176 0.000567316 0.000561167 0.000561801 0.000561167 0.000561168 0.000561539 0.000561169 0.000561167 0.000570695 0.000561585 0.00056118 0.000561167 0.000562505 0.000823571 0.000561169 0.000561167 0.000561168 0.000561706 0.000561167 0.000561169 0.00056124 0.000561167 0.000561185 0.000561168 0.000561167 0.000561167 0.000561167 0.000816071 0.000564578 0.000561168 0.00056117 0.000561263 0.00056126 0.000561169 0.000561238 0.00056117 0.000562767 0.000561167 0.000561176 0.000561174 0.000561168 0.000561168 0.000561167 0.00056138 0.000561167 0.000585381 0.000561167 0.000561435 0.000561167 0.000561739 0.00056393 0.000561168 0.00056147 0.00056119 0.000561168 0.000561167 0.000561349 0.000561169 0.000561169 0.000561167 0.000561167 0.000561205 0.000561179 0.000561167 0.000561167 0.000561231 0.000561167 0.000561167 0.000561168 0.000561167 0.000561268 0.000561167 0.000563661 0.000561167 0.000561168 0.000561168 0.000561174 0.000561174 0.000562275 0.000561167 0.000561168 0.000622623 0.00056323 0.000561167 0.000561168 0.000567008 0.000561167 0.000576214 22.4036 0.000561493 0.000654149 0.000561505 0.000561541 0.000561187 0.000561168 0.000561168 0.000561167 0.000561278 0.000561167 0.000561168 0.000561167 0.000561195 0.000562127 0.00056136 0.000561169 0.000561167 0.000563712 0.00056155 0.000561167 0.000561169 0.000561267 0.000561167 0.00056129 0.000561167 0.000561174 0.000561457 0.000561248 0.000561169 0.000561254 0.000561168 0.000561979 0.000561169 0.000561169 0.000561561 0.000561168 0.000561168 0.000561167 0.000561197 0.000561776 0.000561167 0.000561167 0.00056117 0.000561167 0.000561167 0.000561168 0.000561167 0.000561168 0.000561168 0.000561171 0.000561168 0.000562903 0.00056772 0.000561167 0.00059707 0.000562149 0.000561167 0.000561168 0.000561168 0.000561167 0.000561168 0.000561439 0.000561167 0.000561168 0.000563379 0.000561168 0.000561167 0.000561167 0.000561167 0.000564004 0.000561281 0.000569829 0.000562389 0.000561253 0.00056117 0.000561168 0.000573548 0.000571774 0.000561167 0.000561167 0.000561168 0.000561288 0.000564374 0.000561189 0.000561167 0.00057419 0.000561582 0.000561168 0.00056147 5.36862 0.000773652 0.000561167 0.000561167 0.000561206 0.000561167 0.000561557 0.000561167 0.000566708 0.000563092 0.000561194 0.000561168 0.000561167 0.000561309 0.00056117 0.000561168 0.000561168 0.000561168 0.00056127 0.000561181 0.000561225 0.000561167 0.000563391 0.000561378 0.000561167 0.000561169 0.000561169 0.000561167 0.000561167 0.000561168 0.000561168 0.000561431 0.000561184 0.000561167 0.000561168 0.000561169 0.000561167 0.000561167 0.000561318 0.000561167 0.000567531 0.000561167 0.000561716 0.000561168 0.000561332 0.000561167 0.00056117 0.000561167 0.000561677 0.000562234 0.000561719 0.000561186 0.000561991 0.000562507 0.000561191 0.000561167 0.000568126 0.000561167 0.00056192 0.000561167 0.000561425 0.000561167 0.000882803 0.000561168 0.000561298 0.000561168 0.000561167 0.000561175 0.000561168 0.000561167 0.000561167 0.000561167 0.000561253 0.000561278 0.000561167 0.000562251 0.000561214 0.000561167 0.000561531 0.000580943 0.000590529 0.000561169 0.000561198 0.000561167 0.000561595 0.000561655 0.000561186 0.000561167 0.000561677 0.000581701 0.000565244 0.000571282 0.000561168 0.000561168 0.00056137 0.000561167 0.000562459 43.2234 0.000561167 0.000561171 0.000561167 0.000561171 0.000561167 0.0005612 0.000561167 0.000561167 0.000561199 0.000561167 0.000561175 0.000585939 0.000561169 0.000561209 0.000561167 0.00056536 0.000561168 0.000561203 0.000561168 0.000561406 0.000561168 0.000561167 0.000561168 0.000561168 0.00056117 0.00056908 0.000561187 0.000561167 0.000561167 0.000561167 17.2077 0.000561169 0.000561169 19.0088 0.000561608 0.000561217 0.000561167 0.000561168 0.000561239 0.000561167 0.000561167 0.000561168 0.000561167 0.000563224 0.000761235 0.000575696 4.46024 0.000561199 0.000561206 0.000561167 20.3024 0.000561168 0.000561167 0.000561168 0.000562167 0.000561169 0.000561167 0.000561742 0.000561167 0.000561734 0.000561168 0.000561167 0.000561958 0.000561167 0.000561247 0.000561167 0.000561168 0.000561167 0.000561898 0.000566809 0.000561167 0.000561169 0.000561168 0.000561168 0.000561167 0.00056117 0.000565023 0.000561167 0.000561233 0.000561199 0.000561169 0.000561167 0.000562147 0.000567224 0.000561167 0.000561172 0.00056117 0.000561168 0.000561167 0.000561168 0.000561182 0.000561228 0.000561167 0.000561168 0.000561169 0.000561168 0.000779745 0.000561168 0.000561168 0.000561168 0.000561167 0.000561168 0.000561167 0.000561169 0.000561184 0.000561168 0.000561251 0.000561167 0.000561168 0.000561167 0.00056181 0.000561167 0.000561167 0.000561167 0.000561169 0.000561168 0.000561167 0.000561167 0.00056117 0.000561168 12.9947 0.000566729 0.000561169 0.000563564 0.000564549 0.000561418 0.00056117 0.000561168 0.000561167 0.000561168 0.000561168 0.000561167 0.000561462 0.000561167 0.000561495 0.000561167 0.000561167 0.000561168 0.000561167 0.000561167 0.000561167 0.000561168 0.000561173 0.000561168 0.000561167 0.000561589 0.000561168 0.000561168 0.000561851 0.000561167 0.000685792 0.000561169 0.0005617 0.000608891 0.000561303 0.000561168 0.000561167 0.000561167 0.000561194 0.000561168 0.000561378 0.000561168 0.000561169 0.000561168 0.000561174 0.000562288 28.0759 0.000561171 0.000561378 0.000561168 0.000561171 0.000561167 0.000561181 0.000561184 0.000564781 0.000561168 0.00056117 0.000561863 0.000561764 0.000561168 0.000561167 0.000561167 0.000561167 0.000561168 0.000564133 0.000561169 0.000561591 0.000561167 0.000562883 0.000561167 0.000561177 0.000561168 0.000561167 0.000561167 0.000573851 0.000561167 0.000561169 0.000561278 0.000563386 0.000561168 0.000564734 0.000561167 0.000561167 0.000561168 0.000561173 0.000561171 0.000561206 0.000561167 0.000561167 0.000561206 0.000561168 0.000561964 0.000561167 0.000561168 0.000563335 0.000573351 0.000561168 0.000561168 0.000561169 0.000561314 0.000561168 0.000570854 0.000561168 0.000561167 0.000561167 0.000561698 0.00056891 0.000561168 0.000561212 0.000566409 0.000561168 0.00056117 0.000561168 109.96 0.000561167 0.000564392 0.000561168 0.000624053 0.000593614 0.000561168 0.000561206 0.000561167 0.00059567 0.000561169 0.000567686 0.000561188 0.000561434 0.000561167 0.000561167 0.000571904 65.1333 0.000561167 0.000561199 0.000561267 0.000561167 0.000561169 0.000561167 0.000561167 0.000561167 0.000561167 0.00056117 0.000561296 0.000561167 0.000561168 0.000561167 0.000561816 0.000561175 0.000561167 0.000561167 0.000561168 0.000597257 0.000567077 0.000561168 0.000561434 0.000561167 0.000563526 0.000561167 0.000577647 0.000561373 0.000561167 0.000561171 0.000561167 0.000562454 0.000561167 0.000561173 0.000561255 0.000561287 0.000561167 0.00056127 39.0949 0.000561167 0.000561283 0.00056152 0.000561989 0.000561167 0.000561168 0.000561317 0.000561217 0.000561553 0.000561203 0.00056119 0.000562223 0.000562709 0.000561167 0.000561167 0.000561168 0.000561168 0.000561203 0.000561168 0.000561168 0.000561169 0.00056269 0.000561167 0.000561177 0.000561168 0.000561167 0.000561325 0.000561168 0.000561206 0.000561229 0.000561167 0.000561235 0.000561167 0.000561167 0.000561169 0.000561168 0.000561229 0.00056448 0.000561167 0.000561168 0.000562471 0.000561175 0.000561167 0.000561168 0.00056117 0.000562049 0.000562646 0.000656826 0.000561169 0.000561259 0.000561167 0.000561198 0.00056125 0.000561167 0.000562082 0.000561168 0.000561167 0.000561874 0.000561168 0.000561168 0.000561167 0.000570888 0.000586675 30.4167 0.000561703 0.000562348 0.000561169 0.000561528 0.000561167 0.000561168 0.000561167 0.000561171 0.000561186 0.000561169 0.000561168 0.000561168 0.000562204 0.000561606 0.000561167 0.000561168 0.000561167 0.000561167 0.000561167 0.000561168 0.000561287 0.000561171 0.000561167 0.000561495 0.000569965 0.000563096 0.000561167 0.000561168 0.000561167 0.000561168 0.000564882 0.00056478 0.000561168 0.000561367 0.00056323 0.000561167 0.000561168 0.000571527 0.000561168 0.000561168 0.000562184 0.000561168 0.000561167 0.000561181 0.000561403 0.000561167 0.000561167 0.000561168 0.000561167 0.00138075 0.000565378 0.000561167 0.000561167 0.000561169 0.000561167 0.000561238 0.000561817 0.000561169 0.000561167 0.00056119 45.1496 0.000562794 0.000562517 0.000562739 0.000674387 0.000561168 0.000561503 0.00056117 0.000561169 0.000561168 0.000561192 0.000561701 0.00056117 0.000561271 0.00056163 0.000566406 0.000561167 0.00056117 0.000561168 29.3872 0.000561168 0.000561626 0.000561167 0.000561167 0.000561169 0.000561167 0.00056118 0.000569478 0.000561169 41.3375 0.000561168 0.000561167 0.000563223 0.000562275 0.000561168 0.000561295 0.000561168 0.000561168 0.000561167 0.000561274 0.000561567 0.000562194 0.000561472 0.000561167 0.000561168 0.135782 0.000561517 0.000561784 0.000561169 0.00056117 0.000561167 0.000563174 0.000565199 0.000561167 0.000561168 0.00058083 0.000561507 0.000561167 0.000561168 0.000561169 0.000561169 0.000561185 0.000561168 0.000561167 0.000578565 0.000561167 0.000561208 0.000561167 0.000561167 0.000561168 0.000577393 0.000561168 0.000561168 0.000561201 0.000562776 0.000561168 0.000564586 0.000561351 0.000608094 0.000561222 0.000561168 0.000561168 0.00056149 0.000561174 0.000561168 0.00056117 0.000562371 0.000562393 0.000561207 0.000561167 0.000561167 0.000568176 0.000561259 0.000561167 0.000561167 0.000561172 0.0005612 0.000561169 0.000561167 0.000562423 0.000561167 0.000561268 0.000568923 0.000561172 0.000563325 0.000561167 0.000561899 0.000561167 0.000561167 0.000561167 0.000561168 0.000565768 0.000561349 0.000561168 0.000561185 0.000561168 0.000567831 0.000561168 0.000561167 0.00056117 0.000561673 0.000561208 0.000561167 0.000561178 0.000561168 0.000561167 0.000561385 0.000561167 0.000562913 0.00056117 0.000568911 0.000561231 0.000561301 0.000581909 0.000561168 0.000564001 0.000561167 0.000561167 0.000561169 0.000561182 0.000569455 0.000561168 0.000561167 0.000588627 0.000561167 0.000561351 0.000576838 0.000561172 0.000561437 0.000561336 0.000561167 0.000561379 0.000563341 0.000561182 0.000561167 0.000561167 0.00056117 0.000561167 0.000561168 0.000561468 0.000567006 0.00056117 0.00056178 0.000561167 0.000561167 0.00056323 0.000561688 0.000561168 0.000561168 0.000604384 0.000564346 0.000572273 0.00056117 0.000565527 0.000561169 0.000636033 0.000561167 0.00056117 0.000561167 0.00056117 0.000561168 0.000561167 0.00057586 0.000561167 0.000561171 0.000561167 21.019 0.000561169 0.000561301 0.000567198 0.000561167 0.000561171 0.000561168 0.000585033 0.000561167 0.000561199 0.000599852 0.000660335 0.000561167 0.000561168 0.000561169 0.000561167 0.000561168 0.000562109 0.000561168 0.00061539 0.000561167 0.000561167 0.000561245 0.000561172 0.000561169 0.000562745 0.0005616 0.000561752 0.000561167 0.00056149 0.000561168 0.000561169 22.4035 0.000561167 0.000561783 0.000561167 0.000561167 0.000561167 0.000561167 0.000561167 0.000561325 0.000561168 0.000561695 0.000561168 0.000561765 0.000581136 0.000562264 0.000632216 0.000561168 0.000561413 0.000561383 0.000561167 0.000561167 0.000701208 0.000570568 0.000561167 0.000561168 0.000593309 0.000561167 0.000571433 0.000561168 0.000561167 0.000567837 0.000561175 0.000564029 0.000581616 0.000561169 0.000561171 0.000561178 0.000561168 0.000561167 0.000561573 0.000561168 0.000562142 0.000561636 0.000561169 0.000561167 0.000573836 0.000561169 0.000561169 0.00056243 0.000561168 0.000562896 0.000561167 0.000784624 0.000561175 0.000566715 0.000561167 0.000564694 0.000561168 0.000561167 0.000565607 0.000562052 0.000561167 0.000561167 0.000561167 0.000562224 0.000561168 0.000561168 0.000565901 0.000561193 0.000562724 0.000561167 0.000561167 0.000561167 0.000561167 0.000561752 0.000561362 0.000561225 0.000626178 0.000561168 0.000561253 0.000561356 0.000561169 0.00056117 0.000561167 0.000561232 0.0005613 0.000561168 0.000561167 0.000561562 0.000596741 0.000561167 0.000561754 0.000801036 0.000561173 0.000561207 0.000561167 0.000561167 0.000561168 0.000561167 0.000561167 0.000561168 0.000561168 0.000561168 0.000561241 0.000562649 0.000561167 0.000563035 0.000564119 0.000561167 0.000561167 0.000561249 0.000561234 0.000561167 0.000561167 0.000561168 0.000561178 0.000561167 0.0193957 0.000561167 0.000561167 0.000561938 0.000562189 0.000561168 0.000561275 0.000561167 0.000561168 0.000561167 0.000561167 0.00056157 0.000561167 0.000561167 0.000562527 0.910555 0.000561169 0.000561168 0.000561167 0.000561169 0.000561171 0.00056117 0.000584725 0.000561726 0.00056117 0.000562008 0.000568833 0.000561168 0.000561168 0.000561167 0.000561168 0.000561435 0.000561167 0.000563437 0.000561169 0.000561169 0.000561171 0.000562794 0.000561169 0.0005612 0.000561167 0.000561168 0.000561167 0.000561679 0.000572396 0.000561353 0.000561169 0.000561169 0.000561167 0.000561167 0.000561167 0.000561167 0.000561168 0.000561167 0.000561228 0.000573606 0.000561168 0.000561168 0.000561167 0.00056135 0.000562321 0.000561168 0.000561168 0.000561168 0.000561687 0.000561205 0.000561168 0.000561167 0.000561167 20.8152 0.000561167 0.000561167 0.000561174 0.000561356 0.000561167 0.000561168 0.000561168 0.00056146 0.000561167 0.00056119 0.000561167 0.000561566 0.000561168 0.000561168 0.000561168 0.000561167 0.000561169 0.000562006 0.00056162 0.000561182 0.000561167 0.000564834 0.000561167 0.000561167 0.000561185 0.000561167 0.000566079 0.000562077 0.000561169 0.000561254 0.00056123 0.000561178 0.000561168 0.000563458 0.000561168 0.000561843 0.00056119 0.00056117 0.000561168 0.00056118 0.000561167 0.000561169 0.000561167 0.000561188 0.000561169 0.000561466 0.000561168 0.000561167 0.000561169 0.000563247 0.000561168 0.000561168 0.000561167 0.000573361 0.000562639 0.000561169 0.000561168 0.000561167 0.000570889 0.000575752 0.00056117 0.000561167 0.000561308 12.122 0.000561169 0.000561168 0.000561167 0.000562037 0.000561167 0.000561167 0.000561445 0.000561168 0.0005615 0.000564666 0.000561168 0.00056117 0.000561172 0.000561386 14.3437 0.000561167 0.000561378 0.000570213 0.000561168 0.000561168 0.000561168 0.000561167 0.000561172 0.000561168 0.000563368 0.000561167 0.000561168 0.000561235 0.000561168 0.000561168 0.000571085 0.00056137 0.000561171 0.000561167 0.000561168 0.000561168 0.000561868 0.000561624 0.000561176 0.000561168 0.000561168 0.000579961 0.000561167 0.000561206 0.000561167 0.000561168 0.000561168 0.000561168 0.000561169 0.000561168 0.000561167 0.000561168 0.00076861 0.000561167 0.000561167 0.000561167 0.000561167 0.000561248 0.000561167 0.000561168 0.000561167 0.000561167 11.458 0.00056132 0.000561168 0.000561174 0.000561167 0.000561167 0.000561168 0.000562222 0.000561168 0.00056117 0.000561169 0.000561167 0.000561942 0.000561167 16.0781 0.000561169 0.000566137 0.000561384 0.000561169 0.000561187 0.000561168 0.000561192 0.000561411 0.000561168 0.000561167 0.000561168 0.000561167 0.00056145 0.000561169 0.000561169 0.000563507 0.000561168 0.000561168 0.000561167 0.000561167 0.000769145 29.9843 0.000561659 0.000561167 0.000561169 0.00056133 0.000561167 0.000561168 0.000561167 0.000582662 0.000561167 55.9212 0.000561168 0.000568042 0.000561168 20.8826 0.000562131 0.000566381 0.000561167 0.00056117 0.000561208 0.000561178 0.000561168 0.000561191 0.000561168 0.000578536 0.000563996 0.000561169 0.00056117 0.000561168 0.000563781 0.000561167 0.000564945 0.000563203 0.000561167 0.000561169 0.000563677 0.000561167 0.000563172 0.000561167 0.000563046 0.000561168 0.000619868 0.000561168 0.000561168 0.00056117 0.000660334 0.000561168 0.000561191 0.000561168 0.000561167 0.000561227 0.00056192 0.000561168 0.000561199 0.000561214 0.000561168 0.000561442 0.000561167 0.000561192 37.1822 0.000561205 0.000561167 0.000563861 0.000561167 0.000561536 0.000561168 0.000809567 0.000572834 0.000561167 0.000561167 38.145 0.000561167 0.000561167 0.000561168 0.00056133 0.000561171 0.000561444 0.000561169 0.00056172 0.000561168 0.000561167 0.000561167 0.000561515 0.000561167 0.000561171 0.000561167 0.000563336 0.000561167 0.00056149 0.000561167 0.000561372 0.000561266 0.000561211 0.000561167 0.000561167 0.000561168 0.000561167 0.000561168 0.000561168 0.000561168 0.000561316 46.2032 0.000561167 0.000679933 0.00108701 0.000561422 0.000561168 0.00056117 0.000562955 0.000561167 0.000561173 0.000562057 0.000561167 0.000561168 0.000561167 0.000589574 0.000561168 0.000561309 0.000561203 0.000561167 0.000561167 30.545 0.000561167 0.000561169 0.000561168 0.00056759 0.000561169 0.000561168 0.000657604 0.000561624 0.000566306 0.000561168 0.000561831 0.000561167 0.00056138 0.000561167 0.000561169 0.000562936 0.000561292 0.000561167 0.000561168 0.00056117 0.000568079 0.000561168 0.000561169 0.000561566 0.000561173 0.000561368 0.000561191 0.000561169 0.0005612 0.00057022 0.000563204 0.000561169 0.000561167 0.00056117 0.000561167 0.000566895 0.000561167 0.000561169 0.000610397 0.000561168 0.000561598 0.000561169 0.000561239 0.000571706 0.000576418 0.000561168 0.000561167 0.000561169 0.000561168 0.000561168 0.000561285 0.000561167 0.000561217 0.000561167 0.000561183 0.000561167 0.000561167 0.000561584 0.000561167 0.000561167 0.000561167 0.000561168 0.000561168 0.000581268 0.000561169 0.000649415 0.000563926 0.00056319 0.00056117 0.000633944 0.000561167 0.000561167 0.000564603 0.000561167 0.000561167 0.000561176 0.000603299 0.000562158 0.000561169 0.000561169 0.000561183 0.000561168 0.000578398 0.000561167 0.000561167 0.000562 0.000561167 0.00056123 0.000561168 0.000561168 0.000561168 0.000561169 0.000561269 0.000561167 0.000561168 0.000561168 0.000561167 0.000561168 0.000561168 0.00056122 0.000564677 0.000561167 0.000561864 0.000561168 0.000561168 0.000561169 0.000561167 0.000561167 0.000561168 0.000561267 0.00056126 0.000561168 0.000561167 0.000561167 0.000561167 0.000561168 0.000561167 0.000561822 0.000561167 0.000561189 0.000561217 0.00056117 0.000561167 0.000561167 0.000609256 0.000566865 0.000561169 0.000561239 0.000561171 0.000561332 0.000561345 0.000561168 0.00056117 0.000562393 0.000561169 0.000561168 0.000561167 0.000561167 0.000598832 0.000561168 0.000561171 18.5998 0.000561167 0.000561224 0.000561167 0.000561167 0.000561167 0.000561169 0.000582983 0.000561917 0.000561269 0.000561169 0.000561167 0.000574009 0.000561168 0.000561172 0.000561169 0.000561167 0.000561582 0.000561167 22.1121 0.000561492 0.000573863 0.000561167 0.00056117 17.0506 0.000561176 0.000561338 0.000561167 0.000562308 0.000561167 0.000561168 0.000561168 0.00105722 0.000561167 0.000561169 0.00056393 0.000561282 0.000561186 0.000561167 0.000561168 0.000561168 0.000561375 12.6462 0.000561207 0.000561167 0.000562077 0.000562324 0.000561177 0.000561276 0.00056195 0.000561188 0.000561169 0.000561719 0.000561169 0.000562147 0.000561194 0.000561167 0.000561176 0.000562753 0.000561167 0.000561169 0.000561179 0.000561218 0.000573615 0.000561169 0.000561169 0.000561583 0.000561379 0.00056122 0.00056125 0.000561169 0.000561458 0.000561395 0.000562873 0.000561336 0.000561168 0.00056868 0.000561167 0.000561167 0.000561168 0.000561167 0.000561239 0.000561709 0.000561168 0.000561223 0.000561225 0.000561173 0.000561168 0.000561189 0.000561167 0.000561168 0.000562573 0.000561167 0.000561169 0.000561167 0.000561584 0.000561167 0.000561181 0.000561168 0.000561186 0.000561194 0.000561167 0.000561728 0.000561395 0.000561167 0.00056117 0.000561168 0.000561358 0.000561167 0.000561169 0.000561167 0.000571628 0.000564002 0.000561291 0.000561167 0.000561229 0.000561586 0.000561276 0.000561167 0.000561682 0.000561467 0.000561168 0.000561169 0.000561172 0.000561169 0.000561168 0.000561167 0.000561169 0.000572458 0.000565866 0.000563333 0.000561168 0.000561167 0.00058289 0.000561167 0.000561228 0.00180649 0.000561169 0.000561167 0.000561168 0.000561168 0.000562199 0.000581949 0.000561172 0.000561167 0.000561189 0.000561168 0.000561167 0.000576872 0.000657442 0.000609385 0.000561167 0.000561168 0.000561286 0.000561178 0.000561168 0.000561167 0.000561169 0.00056117 0.00056171 0.000561168 0.000561168 0.00056117 0.000814745 0.000561591 0.000561175 0.000561168 0.000702793 0.000561167 0.000561168 0.000561168 0.000561451 0.000561168 0.000561312 0.000561168 0.000561168 0.000561168 0.000955226 0.000561168 0.00056127 0.000938557 0.0023047 0.000561168 0.000561167 0.000563122 0.000561191 0.000561201 0.000629635 0.000561167 0.000561241 0.000561187 0.000570011 0.000563343 0.00056127 0.000561168 0.000561499 0.000561167 0.000561221 0.000561167 0.000561908 0.000561169 0.000561171 0.000561167 0.000561322 0.00278275 0.000561996 0.000561209 0.000561167 0.000561168 0.000561168 0.000561346 0.000561909 0.000561169 0.000561167 0.000561167 0.000561167 0.000561169 0.000561169 0.000561168 0.000561168 0.000561188 0.000561167 0.000561167 0.000561213 0.000561167 0.000561171 0.000561167 0.00056117 0.00056123 0.000562196 0.000561169 0.000561168 0.000561167 0.000561169 0.000561168 0.000561169 0.000561167 0.000561167 0.000561779 0.000561168 0.000561168 0.00056213 0.000561168 0.000562756 0.000561168 0.000561243 0.000561168 0.000561208 0.000561174 0.000561589 0.000563342 0.000561167 0.000604464 0.000561167 0.000561251 0.000561168 0.000561303 0.000561167 0.000561167 0.000561167 0.000561342 0.000561966 0.000561168 0.000568215 0.00223152 0.000561167 0.000561402 0.000561168 0.000561167 0.000561172 0.000563638 0.000561168 0.000561168 0.000561168 0.000561656 0.000561167 0.000561167 0.000561168 0.000561204 0.000562574 0.000576206 0.000561169 0.000561169 0.000561167 0.000561168 0.000561168 0.000561168 0.000561168 0.000562629 0.000561263 0.000561167 0.000561167 0.000561175 0.000561842 0.000561167 0.000561167 0.000561175 0.00180655 0.000561167 0.000561171 0.000561167 0.000561169 0.000561167 0.000561169 0.000561168 14.1506 0.000561168 0.000561167 0.000561169 0.000561199 0.000561168 0.000561167 0.000561171 0.000561168 0.000561168 0.000561167 0.000561167 0.000561168 0.000561168 0.000561168 0.000561167 0.000561167 0.000561195 0.000561167 0.000561167 0.000561292 0.000565646 0.000561731 0.000561167 0.000561207 0.000561199 0.000561167 0.000561167 0.000561168 0.000561168 0.000561167 0.000561576 0.000561168 0.000561169 0.000561172 0.000561167 0.000561167 0.000561168 0.000561167 0.000562172 0.00056124 0.000561167 0.000561208 0.000561168 0.000561169 0.000561169 0.000561167 0.000561167 0.000561167 0.000561169 0.00056127 0.000561169 0.000561168 0.000561172 0.000561171 0.000561167 0.000571253 0.000561168 0.000561221 0.00056168 0.000561322 0.000561167 0.000564742 0.000561567 0.000561168 0.000561223 0.000561167 0.000561169 0.00056149 0.000561618 0.000564309 0.000575387 0.000561168 0.000561167 0.000561325 0.000561168 0.000561276 0.000561186 0.000561728 0.000561168 0.000561214 0.00056478 0.000561169 0.000561202 0.000561168 0.000561179 0.000561816 0.000561168 0.000561222 0.000561168 0.00056127 0.000561174 0.000561168 0.000561168 0.000561168 0.000561194 0.000563235 0.000561168 0.000561167 0.000561806 0.000561238 0.000561168 0.000561168 0.000561217 0.000561168 0.000561167 0.000561172 0.00056117 0.000561169 0.000906354 0.000561186 0.000561167 0.000564212 0.000561261 0.000561281 0.000561176 0.000562864 0.000561167 0.000561326 0.000561168 0.000561747 0.000561196 0.000561167 0.000561167 0.000561168 0.000561535 0.000561167 0.000561169 0.000561167 0.000561168 0.000561168 0.000561169 0.000564423 0.000561168 0.000561169 0.000563067 0.000561167 0.000561167 0.000561168 0.000561444 0.000563136 0.000561209 0.000563051 0.000622601 0.000561848 0.000561517 0.00994962 0.000561167 0.000561167 0.00056117 0.000561169 0.000561198 0.000561168 0.000561168 0.00056118 0.000561168 0.000561462 0.00056117 0.000561509 0.000561167 0.000561167 0.000562354 0.00056221 0.000561167 0.00056123 0.000561571 0.000561433 0.000561168 0.000561676 0.000561288 0.000561386 0.000561167 0.000561167 0.000561168 0.000561168 0.000561167 0.000561167 0.000561167 0.000567352 0.000562218 0.000567515 0.000561167 0.000561171 0.000561202 0.000561168 0.000561168 0.000561169 0.000561168 0.00056122 0.000561167 0.000561167 0.000561168 0.000561167 0.00056131 0.000561167 0.000561248 0.000561167 0.000561168 0.000561169 0.000561167 0.000561168 0.000561167 0.000561168 0.000561216 0.000561167 0.000562532 0.000561167 0.000561167 0.000561466 0.000561337 0.000561167 0.000561167 0.00056117 0.000561167 0.000561169 0.000561167 0.000564079 0.000562385 0.000561168 0.000561171 0.000561197 0.000561315 46.5765 0.000561167 0.000561168 0.000578548 0.000561732 0.000561169 0.000561168 0.000561172 0.000561167 0.000561168 0.000561168 0.000561273 0.000561168 0.000561233 0.000561172 0.000561167 0.000561168 0.000561168 0.000561279 0.000561392 0.000561182 0.000561349 0.000561168 0.000771258 0.000561168 0.000561168 0.000561171 0.000561167 0.000563903 0.000561167 0.000561272 0.000561169 0.000562269 0.000561776 0.000561171 0.000561167 0.000561167 0.00056119 0.00056117 0.000561168 0.000561515 0.000561791 0.000561167 0.000561586 0.000562152 0.000561168 0.000561167 0.000561173 21.1671 0.000561189 0.000561206 0.000561168 0.000561469 0.000563728 0.000561171 0.000561167 0.000561168 0.000564054 0.000561344 0.000561168 0.000561169 0.000561168 0.000561167 0.000561182 0.000564953 0.000561168 0.000561169 0.000572884 0.000561169 0.000563111 0.000561167 0.000562328 0.000561167 0.000561168 0.000561181 0.000561168 0.000561168 0.000561168 0.00056117 0.000561168 0.000561168 0.000561167 0.000561268 0.000561167 0.000561168 0.000561209 0.000561169 0.000561167 0.000561167 0.000561168 0.00105723 0.000561167 0.000561168 0.000561423 0.000563466 0.000561253 0.000561219 0.000561168 0.000561216 0.000561168 0.000561169 0.00056134 0.000561167 0.000561377 0.000561168 0.000561177 0.000561167 0.000561167 0.000561167 0.000562582 0.000561167 0.00056117 0.000588813 0.000561167 0.00056756 0.000561167 0.000561859 0.000561171 0.000561168 0.000561269 0.000561191 0.000561168 0.000597154 0.000561167 0.000561167 0.000561168 0.000561167 0.000561468 0.000561168 0.000561167 0.000561169 0.00056117 0.000561395 0.00056124 0.000561167 0.000561167 0.000640599 0.000561167 0.000561167 0.000561218 0.000561167 0.000561167 0.000561168 0.000561167 0.000564732 0.000566676 0.000562071 0.000594499 0.000561167 0.00056117 0.000561672 0.000561168 0.000561169 0.000561167 0.000563163 0.000561168 0.000561168 0.000561167 0.000561172 0.000561167 26.4503 0.00070161 0.000561167 0.000561167 0.000561169 0.000561188 0.000561932 0.000561167 0.00056117 14.1506 0.000561207 0.000561168 0.000561167 0.000561167 0.000561168 0.000561168 0.000569211 0.000561169 0.000561167 0.000561184 0.00056153 0.000561168 0.000561167 0.000561177 0.000561169 0.000561718 0.000561167 0.00056322 0.00056122 0.000561167 0.000561167 0.000561171 0.000561169 0.000561168 0.000561674 0.000561167 0.000562385 0.000561167 0.000561168 0.000561557 0.000561168 0.000561168 0.000561434 0.000561167 0.000561167 0.00056117 0.000561171 0.000561196 0.000561169 0.000561168 0.000561168 0.000561172 0.000561168 0.000563807 0.000561167 0.000561167 0.000561168 0.000561273 0.000561167 0.000561167 0.000566512 0.000561695 0.000561167 0.000561167 0.000561256 0.000561168 0.000561561 0.000561168 0.000561168 0.000561168 0.000561168 0.000561167 0.000561168 0.000561356 0.000561168 0.000561168 0.000721813 0.000561167 0.000561168 0.000561167 0.00056117 0.000561244 0.000561168 136.718 0.000562737 0.000561168 0.000561168 0.000561167 0.000637323 0.000561168 0.000561168 0.000657531 0.000561669 0.000561219 0.000561167 12.5079 159.981 0.00785683 0.000561168 0.000561168 0.000561167 0.000561167 0.000561218 0.000561167 0.000562035 0.000561167 0.000561168 0.000561188 0.000561583 0.000561168 0.000561169 0.000561329 0.000561167 0.00056766 0.000561169 0.000562964 0.000561168 0.000561168 0.000561211 0.00056117 0.00056117 0.00056117 0.000561174 0.000561175 0.000561167 0.000561169 0.000563452 0.000561209 0.000561168 0.000561181 0.000561171 0.000563513 0.000563071 0.000561918 0.00056119 0.000561168 0.000561167 0.000561186 0.000564203 0.000561167 0.000561582 0.000561169 0.00056117 0.000605562 0.000561168 0.00056117 0.000561167 0.000561167 0.000561535 0.000561167 0.000561169 0.000563612 0.000561793 0.000561167 0.000561169 0.000562052 0.000561167 0.000561167 0.000561169 0.000561169 45.2964 0.000561167 0.000561167 0.000568584 0.000561894 0.000561167 0.000561169 0.000561167 0.000561167 0.000561168 0.000561174 0.000561168 0.000561377 0.000561167 0.000561167 0.000561167 0.000571278 0.000561167 0.000561168 0.000561167 0.000561168 0.000561167 0.000562079 0.000561167 0.000561168 0.000561168 0.000561168 0.000561168 0.000561169 0.000561167 0.000561169 0.000561167 0.00056198 0.000561781 0.000561811 0.000561245 0.000561167 0.000561226 0.000561167 0.000611155 0.000561167 0.000561167 0.000561167 0.000561172 0.000809545 0.000561168 0.000561273 0.000561175 0.000561167 0.000561167 0.000561168 0.00056288 0.000578398 0.000561168 0.000561167 0.000561172 0.000561168 0.000561167 0.000561171 0.000565769 0.000561167 0.000561237 0.000561168 0.000561822 0.00056129 0.000561167 0.000562017 0.000562108 0.000572193 0.000561167 0.000561185 0.000561196 0.000561169 0.000567385 0.000561167 0.000561172 0.000561187 0.000561169 0.00056117 0.000561167 0.000561172 0.000561509 0.000562658 0.000561167 0.000561187 0.000561576 0.000561167 0.000561167 0.000561167 0.000561903 0.000561169 0.000561167 0.000561167 0.000561167 0.000561471 0.000561168 0.000561167 0.000561261 0.000561167 0.000561167 0.000563546 0.000561167 0.000561167 0.000596082 0.000561168 0.000561168 0.000561167 0.000563421 0.00056119 0.000561167 0.000561167 0.000561169 0.000561171 0.000561177 0.000561167 0.000561175 0.000561181 0.000561167 0.000561168 0.000561167 0.000561168 0.000561169 0.000775094 0.000561171 0.000561169 0.000561169 0.000561168 0.000561167 0.000566606 0.000561168 0.000563186 0.000561177 0.0010953 0.000566681 0.000561167 0.000561989 0.00056117 0.000562753 0.000561174 0.000561169 0.000561377 0.000561168 0.000561167 0.000561168 0.000561168 0.000561167 0.000561168 0.000561168 0.000561167 0.000561167 0.000561275 0.000561172 0.000561168 0.000561167 0.000561177 0.000561167 0.000561168 0.000565523 0.000561563 0.000561168 0.000561614 0.000561169 0.000561169 0.000565941 0.000561167 0.000562342 0.000561533 0.000561167 0.000561169 0.000572687 0.000561168 0.000561168 0.000561464 0.000561167 0.000561167 0.000561168 0.000561168 0.000561179 0.000561185 0.00056117 0.000561168 0.000561168 0.000563603 0.000561167 0.000566899 0.000566367 0.000561168 0.00300615 0.000562289 0.000561172 62.8135 0.000561176 0.000561167 0.000561167 0.000561187 0.000561167 0.000561168 0.000561168 0.00056117 0.000561169 0.000561167 0.000561167 0.000561167 0.000561167 0.00056117 0.000561169 0.000561173 0.000561168 0.000561168 0.000561238 0.000561167 0.000561171 0.000561167 0.000561309 0.000561226 0.00056129 0.00056121 0.000561167 0.000561168 0.000595327 0.000561307 0.000561763 0.00056382 0.000561169 0.000561167 0.000561169 0.000561167 0.000561339 0.000561168 0.000561167 144.809 0.000567009 0.00056138 0.000561167 0.000561512 0.000561169 0.000561169 0.000561229 0.000561168 0.00056117 0.000561168 0.000561191 0.000561173 0.000561169 0.000561171 0.00056117 0.000561167 0.000561168 0.000561169 0.000561491 0.000561471 0.000561168 0.000571226 0.000561167 0.000570909 0.000561167 0.000564727 0.000561167 0.000561168 0.000561168 0.000561167 0.000567882 0.00056117 0.000561168 0.000561255 0.000561168 0.000561226 0.000561168 0.000561167 0.000561237 0.000561232 0.000561176 0.000603038 0.000561168 0.000561168 0.000561168 0.000561168 0.000561168 0.000561443 0.000561172 0.000561168 0.000566888 0.000561168 0.000561409 0.000561167 0.00056117 0.000561168 0.000571461 0.000561168 0.000561225 0.000561167 0.000561168 0.000561168 0.000561167 0.00056117 0.000561168 0.000565437 0.000561168 0.000561333 0.000561424 0.000562191 0.000561571 0.000561317 0.00056288 0.000561183 0.000561168 0.000568222 0.00056123 0.00056135 0.000561168 0.000561168 0.000562022 0.000564754 0.000561299 0.000561469 0.000561215 0.00056117 0.000561168 0.00056117 0.000561329 0.000561255 0.000561177 0.000561167 0.000712565 0.000561168 0.000561169 0.000572467 0.000561167 0.000567741 0.000561614 0.000561242 0.000561169 0.00056194 0.000564308 0.000561167 0.000637032 0.000561448 0.000561167 0.000561169 0.000562104 0.000561266 0.000561183 0.000561202 0.000561168 0.00056117 0.000561175 0.000561167 0.000561168 0.000561167 0.000614298 0.000561167 0.000561167 0.000561167 0.000561167 0.000561169 0.00058413 0.000561171 0.000561782 0.000561167 0.000561168 0.000561168 0.000561168 0.000561268 0.000561663 0.000561168 0.000563103 0.000561168 0.000579164 0.000561289 0.000561167 0.000561167 0.000561821 0.000561167 0.000561167 0.000561195 0.000561167 0.000561309 0.000561279 0.000561167 0.000561167 0.000561194 0.000561167 0.000561168 0.000561211 0.000561167 0.000561167 0.000565924 0.000561169 0.000561167 0.000561167 0.000561385 0.000561167 0.000561167 0.00056117 0.000561169 0.00056133 0.00056117 0.000561462 0.000561167 0.000561167 0.000561167 0.00056117 0.000561302 0.000563252 0.00056136 0.000561168 0.000561168 0.000851964 0.000561172 0.000715823 0.00056143 0.000561168 0.000561225 0.000561168 0.000561167 0.00056144 0.000561167 0.000561169 0.000561169 0.000561167 0.000561168 0.000561168 0.000561167 0.000561238 0.000561169 0.000561781 0.000561167 0.000561252 0.000561615 0.000561174 0.000561172 0.000561169 0.000561167 0.000561896 0.000561168 0.000561233 0.000561168 0.00056153 0.000561182 0.000561167 0.000561168 0.000561168 0.000561215 0.000561167 0.000561169 0.000561539 0.000561168 0.000561176 0.000561168 0.000576688 0.000561168 0.000561167 0.000561167 0.000561167 0.000561167 0.000579389 0.00056122 0.000561168 0.000562487 23.4936 0.000561169 0.000561167 0.000561329 0.000561322 0.00056117 0.000561167 0.00056122 0.000561168 0.000608676 0.000561168 0.000561167 0.000561168 0.000563121 0.000562062 0.000561167 0.000563671 0.000561306 0.000561171 0.00056117 12.9341 0.000565788 0.000561308 0.000561168 0.000561168 0.000561448 0.000561167 0.000561169 0.000561167 0.000561168 0.000561168 0.000561299 0.000561168 0.000561167 0.000561169 0.000561168 0.000561965 0.000561237 0.00060072 0.00056155 0.000561167 0.000561188 0.000561167 0.000561168 0.000561433 0.000561243 0.000561417 0.00056124 0.000561314 0.000561295 0.000561231 0.000561167 0.00116756 0.000561169 0.000574934 0.000561169 0.000561211 0.000561168 0.000561169 0.000561168 0.000561169 0.000561167 0.000561175 0.000561167 0.000561169 0.000561529 0.000561168 0.000562254 192.432 0.000561168 0.00056117 0.000561167 0.000561167 0.000561167 0.000561244 0.000563133 0.000561194 0.000561461 12.712 0.000562507 0.000561167 0.000561168 0.000569458 0.000561169 0.000561176 0.000614701 0.0005639 0.00056117 0.000561634 0.000561316 0.000561175 0.00056117 0.000561168 0.000561171 0.000564508 0.000571088 0.000561171 0.000561168 0.000561168 0.000561168 0.000561167 0.000561167 0.000562743 0.000561167 0.000561167 0.000561169 0.000561242 0.000561638 0.000561169 0.000561168 0.00056117 0.000563553 0.000561172 0.000561766 0.000561169 76.9022 0.000561553 0.000561169 0.000561167 0.000561167 0.000561169 0.000561183 0.000561167 0.000561299 0.000561169 0.000561173 0.000561169 0.000562079 0.000561167 0.00056119 0.000562143 0.000561167 0.000568139 0.000561167 0.000561167 0.000561186 0.000561219 0.000561219 0.000561169 0.000561521 0.000561167 0.000561169 0.00056201 0.000561216 0.000561168 0.000561167 0.000561167 0.000561242 0.000561168 0.000561201 0.000561217 0.000561168 0.00056117 0.000561285 0.000561176 0.000561167 0.000561167 0.000561169 0.000561167 0.000561171 0.000561167 0.000561167 0.000561168 0.000561167 0.000561304 0.000561167 0.000561167 0.000561167 0.000831428 0.000561219 0.000564353 0.000561279 0.000561167 0.000561167 0.000561168 0.000561168 0.000561167 0.000561167 0.00056117 0.000566124 0.000561168 0.000561168 0.000561172 0.000561167 0.000561185 0.000561167 0.000561168 0.000561167 0.000561171 0.000561169 0.000561266 0.000561211 0.000561168 0.000561168 0.000561174 0.00056117 0.000561167 0.000561715 0.000562366 0.000561167 0.000561181 0.000561168 0.000561168 0.000561232 63.6914 0.000561167 0.000566556 0.000561172 0.000561352 0.000598925 0.000561167 0.000561285 0.000561167 0.000561167 0.000561249 0.000561168 0.000561168 0.000561167 0.000561168 0.000561167 0.000561168 0.000562153 0.000561167 0.000561189 0.000561169 0.000561167 0.000561178 0.000561167 0.00056152 0.00058625 0.000561167 0.000561198 0.000563115 0.000561212 0.000561222 0.000561168 0.00056148 0.00056117 0.000561255 0.000563203 0.000561222 0.000561167 0.000561167 0.000561189 0.000561167 0.000561169 0.000561179 0.000561168 0.000586551 0.000561169 0.000561168 0.000561168 0.0162993 0.000561167 0.000561181 0.000561167 0.000565633 0.000561169 0.000561168 0.00056117 0.000561412 0.000561167 0.000561167 0.000603419 0.000561167 0.000561168 0.000565974 0.00056117 0.000561169 0.000561448 0.000561708 0.000561167 0.000561168 0.000561168 0.000561167 0.000561168 0.000562449 0.000561168 0.000561168 0.000561169 0.000561167 54.09 0.000565063 0.000561168 0.000561167 0.000561169 0.000561168 0.000562154 0.000561391 0.000686549 0.000561219 0.000561233 0.000561167 0.000561171 0.000561168 0.000561167 0.000561178 0.000561168 0.00056204 0.000561167 0.000561167 0.000561167 0.000561665 0.000561167 0.000561167 0.000561168 0.000561183 0.000561388 0.000584809 0.00056117 0.000561169 0.000561168 0.000561241 0.000561336 0.000561167 0.000561227 0.000561459 0.000561167 0.000561167 0.000561169 0.000561167 0.000561216 0.000561746 0.000561167 0.00056139 0.000561167 0.000561168 0.000751593 0.000574853 0.000561227 0.000561224 0.000590848 0.000561168 0.000561172 0.000561168 0.000561275 0.000561366 0.000561466 0.000606264 0.00131048 0.000561167 0.000561168 0.000561168 0.000561193 0.00056405 0.000561269 0.000561167 0.000561168 0.000561167 0.000561168 0.000561627 0.000561167 0.000561168 0.000561168 0.000565883 0.000561167 0.00056117 0.000561168 0.000561525 0.000561374 0.000561171 0.000561167 0.000561168 0.000577927 0.000561167 0.000561171 0.000561711 0.000561167 0.000561272 0.000561169 0.000570854 0.000561168 0.000561168 0.000561167 0.000561167 0.000561168 0.000561694 0.000563583 0.000561167 0.00056129 0.000561169 0.000561168 0.000561167 0.000561167 0.000561168 0.000562278 0.00063217 0.000561167 0.000561167 0.000561167 0.000563957 0.00056118 0.000561314 0.000561168 0.000561167 0.000561275 0.000561168 0.000561484 0.000561167 0.000561579 0.000579536 0.000561167 0.00056158 0.000561288 0.000561168 0.000561169 0.000594561 0.000561167 0.000561167 0.000561173 0.000561196 0.000997599 20.6711 0.000561169 0.000561168 0.000561247 0.000561168 0.000561169 0.000561167 0.000561213 0.000561171 0.000561167 0.000561167 0.00056117 0.000596209 0.000561169 0.000561168 0.00056238 0.000561168 0.000561178 0.000561167 0.000561168 0.000561167 0.000561169 0.000561168 0.000561168 0.000796403 0.00057679 0.000561168 0.000561169 0.00056119 0.000561167 0.00056117 0.000561222 0.000561187 0.000561169 0.000561169 0.000561169 0.000561167 0.000561167 0.00056153 0.000561175 0.000561168 0.000561167 0.000561168 0.000561167 0.000561169 0.000561167 0.000561168 0.000561169 0.000561167 0.000561176 0.00056157 0.000570966 0.000561167 0.000561379 0.000561168 0.000561169 0.000561168 0.000561168 0.000561168 0.000561181 0.000561167 0.000561169 0.000561288 0.000561167 0.000562846 0.000562026 0.000561167 0.00056117 0.000561167 0.000561167 0.000561458 0.000561167 0.000566177 0.000561167 0.000561175 0.000564589 0.000566936 0.000561167 0.000561499 0.000561319 0.000562905 0.000561167 0.000561168 0.000629016 0.000561167 0.000561476 0.000561178 0.000561685 0.000561168 0.000561497 0.000561182 0.000561169 0.000666639 0.000561169 0.000561167 0.000561169 0.000561343 0.000561582 0.000561168 0.000561255 0.000561673 0.000568738 0.000568378 0.000561169 0.000748928 0.000561199 0.000561167 0.00056144 0.000561168 0.000561167 0.000561696 0.000561168 0.000561183 0.000562204 0.000563004 0.00080352 0.000561597 0.000561597 0.000561169 0.000561181 0.000561167 0.000561173 0.000561169 0.000561167 0.000561909 0.00056117 0.000561495 0.000561167 0.000561228 0.000561168 0.000561168 0.000561167 0.000561317 0.000633158 0.000561168 0.000561167 0.000561638 0.000561503 0.000561167 0.000561244 0.00056117 0.000561469 0.000561167 0.000561369 0.000561168 0.000575697 0.000561178 0.000561169 0.000580787 0.000561168 0.000561401 0.000561167 0.000561673 0.000561171 0.000561167 0.000569518 0.000561167 0.000561169 0.000561167 0.00056117 24.1573 0.000573177 0.000561167 0.00083729 0.000561168 0.000561288 0.000561167 0.000561169 0.000561174 0.000561711 0.000561167 0.000573684 0.00056117 0.000561168 0.000563681 0.000561377 0.000561167 0.000561168 0.000561167 0.000561167 0.000561174 0.000561174 0.000561168 0.00056138 0.000562411 45.2626 0.000561167 0.000561171 0.000561168 0.000561167 0.0005631 0.000561167 0.000561168 0.000561169 0.000561726 0.000563781 0.00056117 0.000561178 0.000561167 0.000561169 0.00056117 0.000561168 0.000561691 0.000561195 0.000561168 0.000561168 16.0316 0.00056119 0.000561168 0.000561167 0.00056117 0.000561169 0.000561167 0.000561167 0.000561168 0.000562128 0.000561168 0.000561169 0.000561169 0.000561167 0.000561167 0.000561167 0.000561167 0.000561167 0.000561168 0.000561168 57.5321 0.000561168 0.0005612 0.000561168 0.000561605 0.000566628 0.000561168 0.000561169 0.000583113 0.000561202 0.000561279 0.000561169 0.000615604 12.0595 0.000561171 0.000561169 0.000561331 0.000561168 0.000561624 0.000561167 0.000567479 0.000561168 0.000561168 0.000561167 0.000561844 0.000562221 0.000561859 0.000565014 0.000561842 0.000561167 0.000561169 0.000561167 0.000561168 0.000561168 0.000561168 0.000561167 0.000564286 0.00056117 0.000561167 0.000561205 0.000561169 0.000561199 0.000561168 0.000562324 0.000581907 0.000561167 0.000561168 0.000561167 0.000561426 0.000562487 0.000561167 0.000562827 0.00056133 0.000561534 0.000561167 0.000561167 0.000561178 0.000561167 0.000561167 0.000562866 0.000562874 0.000561167 0.000561168 0.000561168 0.00056119 0.000561176 0.000561167 0.000561171 0.000561168 0.000561167 0.000561168 0.000561184 0.000561169 0.000561168 0.000563313 0.000561167 0.00056117 0.000561169 0.000561167 0.00059081 0.000567389 0.000561171 0.000668211 0.000561168 0.000561171 0.000561383 0.000561167 0.000563035 0.00056119 0.000561194 0.000561168 0.000561168 0.000584227 0.000561167 0.000561225 0.000561167 0.000561167 0.000561168 0.000561203 0.000561318 0.000561167 0.000568202 0.000561192 0.000561168 0.000561432 0.000561169 0.000561207 0.000562438 0.000561176 0.000561167 0.000603721 0.000561345 0.000609963 0.000561243 0.000561167 0.00056141 0.000561168 0.000561167 0.000561168 0.000561329 0.000561183 0.00056141 0.000561233 0.000561167 0.000561167 0.000561171 0.000561167 0.000561168 0.000561197 0.000561169 0.000561268 0.937198 0.0005613 0.000561167 0.000561167 0.000561168 0.000561168 0.000561169 0.000561167 0.000561434 0.000561167 0.000561227 0.000561174 0.000561406 0.000561266 0.000561168 0.000580445 0.000561167 0.000561306 0.000561168 0.000561167 0.000561199 0.000561167 0.000561167 0.00107726 0.000561218 0.000561343 0.000562723 0.000561293 0.000561167 0.000731316 0.00056772 0.000561167 0.000561225 0.000577765 0.000561179 0.000561168 0.000561168 0.000561168 0.000561773 0.00057766 0.00536374 0.000652594 0.000561168 0.000561817 0.000561738 0.000561168 0.000561183 0.000561168 0.000561168 0.000561342 0.000561322 22.1121 0.000571145 0.000569735 0.000561167 0.000561274 0.00056117 0.000561169 0.000575127 0.00056118 0.000561317 0.000561939 0.000561167 78.6469 0.000561172 0.000561172 0.000563102 0.000561224 69.0827 0.000562327 0.000561167 0.000561167 0.000693561 0.000569775 0.000561167 0.000561518 0.000561169 0.000561167 0.000561167 0.000561167 0.00056117 0.000561168 0.000563571 0.000561167 0.00056122 0.000588117 0.00056809 0.000635874 0.000561168 0.000561167 0.000561167 0.000561176 0.00121743 0.00056117 0.000562884 0.00056117 0.000561167 0.000561167 0.000561167 0.000561167 0.000566056 0.000566926 0.000561178 0.000561432 0.000561167 0.000561167 0.000561169 0.000561168 29.3685 0.000580036 0.000561168 0.000561169 0.000561167 0.000562745 0.000561208 0.000561167 0.000561167 0.000561169 0.000561168 0.000565054 0.000561944 0.000561641 0.000673769 0.000561167 0.000561167 0.000561173 0.000561169 0.000561174 0.00056117 0.000592296 0.000561168 0.000561942 0.000561169 0.000561376 0.000561882 0.000561167 0.000561167 0.000561243 0.000561168 0.000561745 0.000561652 0.000561167 0.000561168 0.000561167 0.000562354 0.000561209 0.000561167 0.000561169 0.000561168 0.000561167 0.00056119 0.000562234 0.000561173 0.000561299 0.000561169 0.000561168 0.000561183 0.000561167 0.000561167 0.000561755 0.000561169 0.00056121 0.000561169 0.000563341 0.000561428 0.000561556 0.000561167 0.00056289 0.000561244 0.000561169 0.000561237 0.000561171 0.000561169 0.000561167 0.000561167 0.000561167 0.000561199 0.000561184 0.000561169 0.000561908 0.000666251 0.000561167 0.000561168 0.000561167 0.000561169 0.000563231 0.000561167 0.00056117 0.000561592 0.000571257 0.00056168 0.000561174 0.000561546 0.000561483 47.8811 0.000561167 0.000573169 0.000561233 0.000561169 0.000561167 0.000561178 0.000561167 0.000562573 0.000609914 0.000563641 0.000561405 0.000561397 0.000561321 0.00056188 0.000561226 0.000561305 0.000563629 0.000561167 0.000561231 0.00104088 0.000561168 0.000561573 0.000561167 0.00056117 0.000561168 0.000719275 0.000561168 0.000561168 0.000561167 0.000561171 0.000561171 0.000561201 0.000561718 0.000630536 0.000561167 0.000561253 0.000561207 0.000561167 0.000561167 0.000561167 0.000561168 0.000561586 0.00056117 0.000561432 0.000561167 0.000561167 0.000561172 0.000561168 0.000561167 0.000561168 0.000561169 0.000561167 0.000561242 0.000561168 0.000561248 0.000561168 0.000561168 118.006 0.000561167 0.000563447 0.000561501 0.000561168 0.000561168 0.000561167 0.000561237 0.000561168 0.000561169 0.000561187 0.000561168 0.000618647 0.000561168 0.000561168 0.000561168 0.000561189 0.000561167 0.000561167 0.000561169 0.000561168 0.000561167 0.000561168 0.000561168 0.000561174 0.000561169 0.000561168 0.000561231 0.00056117 0.000562829 0.000564005 0.000561169 0.000561169 0.000561168 0.000561465 0.000561168 0.000562695 0.000561169 0.000561168 0.000561218 0.000561167 0.000561167 0.000561482 0.000561168 0.00056481 0.000561287 0.000561513 0.000561396 0.000561861 0.000589708 0.000561181 0.000561225 0.000561174 0.000561619 0.000561168 0.000561168 0.000561167 0.000561168 0.000561167 0.000561169 0.000561169 0.000561168 0.00056186 0.000561167 0.000561168 0.000561178 0.000561167 0.000561167 0.000561168 0.000561289 0.000561424 0.000561167 0.000561272 0.000561248 0.000561169 0.000561167 0.000561168 0.00056117 0.000561579 0.000561174 0.000561168 0.000561168 0.000561167 0.000561167 0.000561168 0.000561167 0.000561167 0.000561221 0.000561167 0.000564208 0.000561276 0.000561169 0.000561167 0.000561167 0.000561402 0.000561258 0.000561169 0.000561167 0.000563583 0.000568731 0.000561167 0.000561169 0.000561277 0.000562079 0.000561168 0.000561169 0.000561205 0.000561174 0.000561167 0.000561169 0.000561169 0.000561168 0.000561167 0.000561167 0.000561167 0.000561178 0.000561167 0.000561739 0.000561168 0.000561168 0.000562458 0.000561167 0.000561169 0.000561169 0.000561168 0.00056117 0.000561171 0.000561168 0.000561307 0.000561171 0.000561168 0.00162769 0.000561167 0.000561167 0.000561195 0.000561167 0.000561167 0.000561168 0.000561168 0.000561229 0.000561211 0.00065025 0.000561167 0.000562594 11.1958 0.000561168 0.000561167 0.000561201 0.000563123 0.000573425 0.000561168 0.000561191 0.000561168 0.000563615 0.000561169 0.00056147 0.000561168 0.000561168 0.000561168 0.000562095 0.000561428 0.000562268 0.000566459 0.000561167 0.000561171 0.000638634 0.000561167 0.000561167 0.000561168 0.000561178 0.000561208 0.000561332 0.000561167 0.000561487 0.000561167 0.000561167 0.000561168 0.000561201 0.000592346 0.000742545 0.000561219 0.000561168 0.000561168 0.000576115 0.000561168 0.00056117 0.000598476 0.000566002 0.000561168 0.000563495 0.000561167 0.000561236 0.000561167 0.000561224 0.000561379 0.000561354 0.000565255 0.000561167 0.000563595 0.000561191 0.000561624 0.000561167 0.000561246 0.000561168 0.000561167 0.000561169 0.000561167 0.000561171 0.000561167 0.000561168 0.00056117 0.00080761 0.000561168 0.000561167 0.000561168 0.000561167 0.000561167 0.000561167 0.000561271 0.000638915 0.000561169 0.00056117 0.000561219 0.000561168 0.000561167 0.000561169 0.000561197 0.000561167 0.000561172 0.000561169 0.000561169 0.000561308 0.000561167 0.000561318 0.000561172 0.000561168 0.000561221 0.00056298 0.000561167 0.000561167 0.000561232 0.000561167 0.000561168 0.000561168 0.000561169 0.000561167 0.000563721 0.000579695 0.000561168 0.000561167 0.000561168 0.000561167 0.000561219 0.000574293 0.000561167 0.000561168 0.000561169 0.000561167 0.000561172 0.000561171 0.000561167 0.000561167 0.000561829 0.000561168 0.000561193 0.00056117 0.000561168 0.000561246 0.000561176 0.00056117 0.000561182 0.000561219 0.000561168 0.000561897 0.000561231 42.8624 0.00056117 0.000562884 0.000561167 0.000561168 0.000571775 0.000561167 0.000561169 0.000561168 0.000561168 0.000561167 0.000561171 0.000561167 0.000561169 0.000561168 0.000561168 0.000561688 0.000561168 0.000561168 0.00056117 0.000561337 0.000561167 0.000561168 0.000561172 0.000561955 0.000561721 0.00056909 0.000561167 0.000561185 0.000561173 0.000561167 0.000561168 0.00056117 0.000561216 0.000561228 0.000561168 0.000561641 0.000561168 0.000561205 0.000561182 0.000561167 0.000561193 0.00056161 0.000561168 0.000587871 0.000561307 0.000561209 0.000561167 0.000563527 0.000561167 0.000561168 0.00056226 0.000566713 0.000561167 0.00056215 0.000561167 0.000561167 0.000561168 0.000561285 0.000561168 0.000579169 0.000561168 0.000561167 0.000563757 0.000561168 0.000566142 0.00056117 0.000566321 0.000561168 0.000561732 0.000561177 0.000561167 0.000561168 0.000561191 0.000606748 0.000561167 0.000561301 0.000561167 0.000561735 0.00056117 13.8664 0.000561167 0.000561173 0.000561438 0.000561168 0.000561168 21.5677 0.000561496 0.000561332 0.000561169 29.3963 0.000561168 0.000561168 0.000561177 0.000669919 0.000561168 0.000561271 0.000561168 0.000561628 0.000561168 0.000561168 0.000592992 0.000561171 0.000561167 0.000561168 0.000561167 0.000567385 0.000561168 0.000561168 0.000561167 0.000561167 0.000561171 0.000561167 0.000561169 0.000561167 0.000561167 75.11 0.000561206 0.000561324 0.000561271 0.000561168 0.000561167 0.000564448 0.000561171 0.00056117 0.000561168 0.000561171 0.000561745 0.000561168 0.000561168 0.000561473 0.000561167 0.000561167 0.000561168 0.000561168 0.000561377 0.000561167 0.000565666 0.021185 0.000561167 0.000561168 0.000564156 0.000561167 0.000728882 0.000561167 0.000561167 0.000561707 0.000561169 0.000561169 0.000561168 0.000561168 0.00056117 0.000680046 0.000561777 0.000561167 0.00056117 0.000561167 0.000561184 0.000561167 0.000561927 0.000561167 0.000561603 0.000562195 0.000561167 0.000561168 0.000562431 0.000561167 0.000561167 0.000561167 0.000561168 0.000567209 0.000561167 0.000561172 0.000561168 0.000561167 0.000561168 0.000563369 0.000561167 0.000561207 143.963 0.000574031 0.000561168 0.000561219 0.000561168 0.000561167 0.000561232 0.000561167 0.000561167 0.000565582 0.000561168 0.000561167 0.000561204 0.000561167 0.000629853 0.000561168 0.000561422 0.000561168 0.000561167 0.000561181 0.000568241 0.000561169 0.000561573 0.000561175 0.000561172 0.000589618 0.000561167 0.000561528 0.000561285 0.000561404 0.00056191 0.000561167 0.000581909 0.00056117 0.000561169 0.000561185 0.000561167 0.000561167 0.000563558 0.000680099 0.000561167 0.000561167 0.000561167 0.000561167 0.000561168 0.000561564 0.000562813 0.000561168 0.000561168 0.000561233 0.000561167 0.000561182 0.000585345 0.000561171 0.000561219 0.000561167 0.000561167 0.000561176 0.000561167 0.000561168 0.000561167 0.000561499 0.000561398 0.000561167 0.000561308 0.000561167 0.000561168 0.000561167 0.000561169 0.000561168 0.000561167 0.000561179 0.000561167 0.00056117 0.000561167 0.000561167 0.000565398 0.000562052 0.000561169 0.000561168 0.000562626 0.000561169 0.000561169 0.000574424 0.000561196 0.000623089 0.000561168 0.000561167 0.000561167 0.000562684 0.000561167 0.000564928 0.000561167 0.00056117 0.000561376 0.000561922 0.000562225 0.000561167 0.000561167 0.000566221 13.1803 0.000561171 0.000561169 0.000561335 0.000561205 0.000562177 0.000561169 0.000561167 0.000578135 0.000561167 0.000561167 0.000561167 0.000561167 0.000561168 0.000562779 0.000580869 0.000561167 0.000561167 0.000561168 0.000561184 0.000561168 0.000561168 0.000561167 0.000561169 0.000561167 0.00056134 0.000561167 0.000561167 0.000561167 0.000561267 0.00059469 0.000561168 0.000561169 0.000561173 0.000564484 0.000561167 0.000561167 0.000561238 0.000561168 0.000561174 0.000561534 0.000561168 0.000561548 0.00056118 0.000561169 0.000561167 0.000561169 0.000561167 0.000561167 0.000561169 0.000567721 0.000561584 0.000561168 0.000561174 0.000561197 0.000561167 0.000561167 0.000561167 0.000561167 0.00056117 0.00056321 0.000561169 0.000561167 0.000561167 0.000561167 0.000561187 0.000561167 0.000562656 0.000561167 0.000561168 0.000561168 0.000561167 0.00056118 0.000561671 0.000561167 0.000561169 0.000561168 0.000561167 0.000561992 0.00061703 0.000561167 0.000568545 0.000561167 0.000562072 0.000561169 0.000561168 0.000561168 0.000561168 0.000561167 0.00056178 0.000561168 0.000561195 0.00056134 0.000561167 0.000561169 0.000561169 0.00056117 0.000561168 0.000561167 0.000561271 0.00056219 0.000561168 0.000561169 0.000561168 0.000561185 0.000561167 0.000561169 0.000561167 0.000561171 0.000561168 0.000561168 0.000568988 0.000561167 0.000561167 0.000561171 0.000561167 0.000561167 0.000561169 0.000565672 0.000561167 0.000561167 0.000561169 0.000561495 0.000561167 0.000561179 0.000561168 0.000565939 0.000586407 0.000561167 0.000561182 0.000561167 0.000561167 0.000573144 0.000561175 0.000561404 0.000568909 32.5121 0.000561202 0.000561413 0.000561194 0.000561167 0.000561167 0.00056117 0.000561511 0.000561168 0.000561426 0.000561167 0.000561168 0.00063418 0.000561167 0.000561167 0.000561256 0.000561167 0.00056122 0.000561167 0.000561204 0.000561371 0.000561167 0.000561169 0.00108712 0.000561167 0.000562083 0.000561168 0.000561439 0.000561167 0.000561167 0.000561168 0.000580435 0.000561167 0.000561592 0.000561167 0.000561167 0.000561772 0.000561167 0.000561167 0.000561169 0.000561195 0.000562152 0.00056117 0.0005612 0.000561167 0.000561167 0.000561167 0.000561484 0.000578488 0.000562251 0.000561169 0.00056117 0.000561168 0.000561167 0.000561933 0.000561167 0.00058127 0.000561167 0.000561168 0.000561311 0.000561181 0.000561167 0.000561181 0.000563301 0.000562072 0.000561246 0.000561167 0.000561715 0.000561168 0.000561421 0.000561168 0.000561168 0.00056117 0.000561169 0.000561167 0.000561167 0.000561168 0.000561168 0.000667165 0.000561168 0.000561167 0.000561205 0.000561168 0.000561184 0.000561479 0.000561168 0.000561364 0.000561168 0.000561168 0.000561207 0.000561168 0.000566117 0.000561169 0.00056121 0.000561168 0.000561318 0.000561553 0.000561292 0.000561168 0.000561188 0.000563671 0.000561168 0.000561256 0.000561167 0.00056117 0.000566662 0.000561366 0.00056209 0.000561246 0.000561268 0.000561239 0.000561168 0.000561218 0.000561168 0.000561249 0.000561916 0.000565723 0.000561316 0.000561167 0.000561183 0.000561167 0.000561167 0.000565646 0.000561167 0.000561248 0.000561168 0.000561396 0.000561167 0.000564071 0.000561167 0.000561167 0.000562423 0.000561168 0.000566537 0.000561487 0.000561185 0.00056222 0.000561167 0.000561169 0.000569758 0.000583045 0.000561243 0.000561168 0.000568402 0.000561173 0.00103534 0.000561167 0.000561167 0.000570824 0.000561169 0.000561167 0.000561172 0.00056117 0.000561194 0.000561186 0.000561338 0.000561167 0.000561167 0.0193957 0.000561167 0.000561169 0.000569654 0.000561184 0.000561167 0.000561167 0.000561169 0.000562751 0.000564119 0.000561168 32.6283 0.0006502 0.000561167 0.000562342 0.000561167 0.000561174 0.000561169 0.000561266 0.000567763 0.000573972 0.000561171 0.000583865 0.000653328 0.000561167 0.000561168 0.000561421 0.000561203 0.000561169 0.000563222 0.000561171 0.000561167 0.000561169 0.000561168 0.000561209 0.000569623 0.00056125 11.4405 0.000571681 0.000561669 0.000561168 0.000561167 0.000561168 0.000561167 0.000563286 0.00056117 0.000561479 0.000561169 0.000561167 0.000561174 0.000561167 0.000561167 0.000561168 0.000561398 0.000561168 0.000561168 0.000561349 0.000561168 0.000561167 0.000564579 0.000561167 0.000566477 0.00056118 0.000561254 0.00056145 0.000561168 0.000561168 0.000568305 0.000561167 0.000561168 0.000561185 0.000561169 0.000574138 0.000561167 0.000561167 0.000561167 0.000561401 0.000561168 0.000561171 0.000561171 0.000561176 0.00056155 0.000561625 0.000561168 0.000561169 0.000561167 0.00056215 0.000561324 0.000761691 0.000561168 0.000561182 0.000565885 0.000561167 0.00056117 0.000644751 0.000561168 0.00056117 0.000561167 0.000561167 0.000561169 0.000568463 0.000561167 0.000561167 0.000573067 0.000561171 0.000789435 0.000561167 0.000561187 0.000568214 0.000562066 0.000561168 0.000561168 0.000561379 20.5666 0.000561171 0.000562077 0.000561168 0.000561255 0.000561168 0.000561169 0.000561168 0.000561168 0.000561167 0.000561728 0.000561168 0.000561168 0.000564352 0.000561687 0.000561167 0.000561167 0.000564293 0.000561168 0.000561174 0.000561168 0.000561168 0.000561168 14.6377 0.000562219 0.000561187 0.000561177 0.000561316 0.000561259 0.000561401 0.000561167 0.000561171 0.000561167 0.000564383 0.000561168 0.000561803 0.000561191 0.000561491 0.000561167 0.000562106 0.000561177 0.000582213 0.000561167 0.000562223 0.000561232 0.000603523 0.00056131 0.000561633 0.00056117 0.000561167 0.000561208 0.000561168 0.000561175 0.000561169 0.0193957 0.000561169 0.000564238 0.000561167 0.000561167 0.000562147 0.000561553 0.000561934 0.00056117 0.000561256 0.000562087 0.000596191 0.000561315 0.00056117 0.000583022 0.000561262 0.000561828 0.000561168 0.000561171 0.000561167 0.000561168 0.000561167 0.000561167 0.000563255 0.00056117 0.00056398 0.000561429 0.000561845 0.000561169 0.000737177 0.000566258 0.000561492 0.000561167 0.000561218 0.000567585 0.000561167 0.000561904 0.000561168 0.000562167 0.000562758 0.000561168 0.000561876 81.6034 0.000561168 0.000561452 0.000561552 0.000561168 0.000562916 0.000561168 0.000561168 0.000561172 0.000561168 0.000561169 0.000561175 0.000561168 0.000561168 0.000561169 0.000561169 0.000689456 0.000561693 0.000561168 0.000561168 0.000561855 0.000564398 0.000561167 0.000561168 0.000561167 0.000561416 0.000721242 0.000561169 0.000561203 0.000561167 0.00056162 0.00063116 0.000561218 0.000561492 0.000561455 0.000561168 0.000561171 0.000561402 0.000564438 0.000561168 0.000561168 0.000561167 0.000561346 0.000561167 0.000561169 0.000561167 0.000561168 0.000561198 0.000561167 22.5462 0.000561169 0.000565213 0.000561168 0.000561457 0.00056117 0.000561168 0.000561167 0.000561584 0.000561169 0.000561168 0.000561169 0.000561169 0.000576403 0.000561167 0.000561169 0.000561171 0.000561364 0.000561167 0.000561167 0.000561167 94.9055 0.00056142 0.000561169 0.000561169 0.000561251 0.000561167 0.000561168 0.000561167 0.000561173 0.000561167 0.000561179 0.000561256 0.000561168 0.000569186 0.000564481 0.000561167 0.000561877 0.000561169 0.000561169 0.000561168 0.000562279 0.000561169 0.000561167 0.000561168 0.000561202 0.000561168 0.000561167 0.000561851 0.000561167 0.000561169 0.000561947 0.000561168 0.00128351 0.000632147 0.000561168 0.000561583 0.000562035 0.000561167 0.000561167 0.000561167 0.000561168 0.00056214 0.00056117 0.000561344 0.000561172 82.6828 0.00056117 13.9443 0.000561167 0.000561168 0.000561168 0.000561168 0.00056117 0.000561168 0.000561167 0.000561168 0.000561168 0.000561167 0.000561167 0.000615056 0.000561171 0.000561168 0.00070043 0.000562502 0.000561577 0.000568413 0.00056117 0.000562144 0.000562249 0.000561167 0.000561167 0.000562411 0.000561167 0.000561168 0.000561171 0.000833504 0.000561167 0.000561169 0.000561174 0.000561272 0.000561301 0.000772053 0.000561174 0.000579495 0.000561739 0.000561167 0.000561167 0.00056117 0.000561218 0.000561167 0.000652708 0.000561235 0.000561167 0.0193957 0.000561168 0.000561833 0.000561168 0.000561184 0.000561708 0.000561176 0.000561167 0.000561167 0.000562042 0.000561168 0.000561167 0.000561167 0.000561167 0.0005612 0.00056125 0.000561168 0.000561167 0.000561312 0.000561546 0.000561168 0.00056262 0.000561167 0.000561169 0.00056117 0.000620592 0.000561177 0.000561168 0.00056117 0.00056183 0.000561317 0.000562186 0.000561168 0.000561177 0.000561167 0.000561167 0.000561168 0.000561167 0.000561167 0.000642811 0.000561268 0.000561168 0.000561169 0.000561168 0.000561168 0.000561167 0.000561168 0.000561567 0.000561524 0.000561254 0.000561439 0.000561167 0.000561168 0.000561168 0.000588672 0.00056132 0.000561168 0.00056117 0.000561167 0.000561564 0.000561921 0.000561168 0.000562901 0.000561168 0.000561167 0.000561169 0.000561168 0.00056121 0.000561169 0.000561169 0.00056117 0.000561167 0.000575024 0.000561825 0.000561168 0.000561167 0.000561167 0.000561227 0.000561167 0.000561168 0.000620464 0.000562713 0.000561167 0.000561167 0.000561167 0.000563444 0.000561167 0.000561168 0.000561631 0.000561482 0.000561168 0.000561167 0.00056117 0.000561169 0.000561499 0.000561581 0.000561168 0.000561168 0.000561167 0.000561167 0.000561168 0.000561292 0.000561167 0.000561498 0.000561227 0.000562559 0.000572467 0.000562396 0.00056127 0.00057917 0.000561167 0.000561167 0.000561193 0.000561168 0.000561209 0.000561494 0.000561168 0.000561167 0.000592904 0.000561168 0.000561168 0.000561167 0.000561168 0.000561398 0.000561208 0.000561168 0.000563688 0.000561167 0.000561168 0.000561167 0.000561167 0.000823275 0.000561624 21.9487 0.000561171 0.000561168 0.000561167 0.00056118 0.000561168 0.000561168 0.000561167 0.000562108 0.000561167 0.000561167 0.000561167 0.000561201 0.0005618 0.000561167 0.000561167 0.000561167 0.000561168 0.000561167 0.000561171 96.7717 0.000561169 0.000561167 0.000561612 0.000561168 0.00056117 0.000580526 0.000561167 0.000561167 0.000561167 0.000561169 0.000561167 0.000566703 0.000611971 0.000561167 0.000561169 0.000561167 0.000561211 0.000561167 0.000561666 0.000561238 0.000561197 0.000561167 0.000561167 0.000585721 0.000561427 0.000561167 0.000581564 0.000562136 0.000561522 0.000561167 0.000561167 0.000562342 0.000561823 0.000561168 0.000561167 0.000561169 0.000561167 0.000561167 0.000561168 0.000561169 0.000561185 0.000561167 0.000561539 0.000561171 0.000561188 0.000561815 0.000561175 0.00056277 0.000561168 0.00056126 0.000561167 0.000561167 0.000561167 0.000561167 0.000561169 0.000561167 0.000562042 0.000608571 0.000566974 0.000561168 0.000561169 0.000561167 0.000561169 0.000561207 0.00056375 0.000561168 0.000561277 0.000562141 0.000561179 0.000561171 0.000561167 0.000561167 0.000561168 0.000561171 0.000565445 0.000561167 0.000561167 0.000561167 0.000564792 0.000561167 0.000561167 0.00056117 0.000561287 0.000562998 0.000561169 0.000561169 0.000561519 0.000561263 0.000590417 0.00155223 0.000561167 0.000572788 0.000561167 0.000561167 0.000561169 0.000561168 0.000561167 0.000561169 0.000561169 0.000561168 0.000561167 0.000561286 0.000561168 0.000561175 0.000562125 0.000561176 0.000561169 0.000561168 0.000561167 0.000562182 0.000619382 0.000561167 0.000561167 0.000803555 0.000561196 0.000561167 0.000561492 0.000561223 0.000561168 0.000561227 0.000561168 0.000561169 0.000561168 0.000561268 0.000561169 0.000561168 0.000561168 0.000561351 0.000562664 0.000561168 0.000561167 63.538 0.000561167 0.000575048 0.000561167 0.000561174 0.00056393 0.000561208 0.000561167 0.000561167 0.000561167 0.000561167 0.000561167 0.000561168 0.00056141 0.000561171 0.00056343 0.00056117 0.000561168 35.4271 0.000561167 0.000561486 0.000576588 0.000561168 0.000577954 0.000561168 0.000562077 0.000561168 0.000561326 0.000566966 0.000561167 0.000561172 0.000561167 0.000561167 0.000561168 0.000561298 0.000561167 0.000561167 0.000561247 0.000561169 0.00056145 0.000561168 0.00056117 0.000561168 0.000561168 0.000719187 0.000561809 0.000561234 0.000561167 0.000561167 0.000561168 0.000561179 0.000561181 0.000561168 0.00056117 0.000561407 0.000561275 0.000561168 0.000561168 0.00056128 0.000700228 0.00056117 0.000561203 0.000561189 0.000561168 0.00057169 0.000561472 0.000561167 0.000578165 0.000561168 0.000563541 0.000561168 0.000561749 0.000561446 0.00180649 0.000561258 0.000561207 0.000561442 0.000686636 0.00056117 0.000561203 0.000561182 0.000561167 0.000561167 0.000562591 0.000561168 0.00056453 0.000561167 0.000561168 0.000561168 0.000561168 0.000561167 0.000561212 0.000561169 0.000561169 0.000561167 0.000561167 0.000561167 0.000561168 0.000561168 0.000561276 0.000566861 0.000565819 0.00056117 0.000561541 0.000561167 0.000562472 0.000561169 0.000561167 0.000561167 0.000561236 0.000561168 0.000561935 0.000561167 0.000561191 0.000561177 0.000561167 0.000561176 0.000561307 0.000561171 0.00056117 0.000561167 0.000579201 0.000561167 0.000561168 0.000561168 0.000561168 0.000561168 0.000655886 0.000561167 0.000562253 0.000561167 0.000586782 0.000561167 0.000684903 0.000561168 0.000561169 0.000561168 0.000561811 0.000561168 0.000561548 0.000567164 0.000562342 0.000561167 0.000561232 0.000561168 0.000602964 0.000561167 0.000561167 0.000561174 0.000561167 0.00056146 0.000561167 0.000561167 0.000561167 0.000561167 24.3144 0.000568216 0.000561167 0.000561365 0.000561169 0.000561169 0.000561167 0.000561171 0.000561167 0.000561168 0.000561497 0.000561168 0.000561168 0.000561168 0.000561168 0.000561171 0.000561414 0.000577242 0.000561183 0.000561167 0.000561168 0.00056128 0.000561167 0.000561167 0.000561174 0.000561404 0.000561167 0.000561168 0.000582491 0.000561168 0.000562313 0.000561281 0.000561167 0.000561282 0.000561167 0.000561167 0.000561167 0.000562743 0.000561169 0.000561168 0.000561168 0.000561174 0.000561168 0.000561169 0.000561168 0.00056117 0.000561769 0.000561168 0.000561167 0.000561167 0.000561168 0.000576132 0.000561167 0.000561802 0.000561208 0.000561167 0.00056125 0.000561167 0.000561167 0.000561167 0.000561167 0.000561167 0.000561168 0.000561169 0.000561167 0.000572403 0.000561168 0.000561168 0.000561171 0.000561167 0.000561169 0.00056138 0.000561167 0.000561176 0.000561714 0.000561196 0.000561168 0.000561167 0.000561215 0.00056117 0.000561168 0.000561169 0.000561168 0.000561174 0.000561172 0.00056221 0.000561171 0.000598496 0.000561167 0.000561167 0.000561167 63.0796 0.000561167 0.000655766 0.000561192 0.000561168 0.000561271 0.000561167 0.000561168 0.000561906 0.000561167 0.000561167 0.000561188 0.000561167 0.000561564 0.000561949 0.000561167 0.000561171 0.000561213 0.000561168 0.000566214 0.000561171 0.000561167 0.000561167 0.000561656 0.000561238 0.000561167 0.000561168 0.000561478 0.000561167 0.000561545 0.000561169 0.000561168 0.000561168 0.000562876 0.000561169 0.000561175 0.00056117 0.000561169 0.000563608 0.000561175 0.000561318 0.000635643 0.000561893 0.000561167 0.000561167 0.000561462 0.000561169 0.000561167 0.000561167 0.000562087 0.000561197 0.000999846 0.000561327 0.000561167 0.000561167 0.000564551 0.000561625 0.000561173 0.000576594 0.000561167 0.0005616 0.000561168 0.000561167 0.000561167 0.000561332 0.000561262 0.000561167 0.000561617 0.000561168 0.000561167 0.000561171 0.000561168 0.000854071 0.000562899 0.000561297 0.000561191 0.000561798 0.000561167 0.00056126 0.000561167 0.000561171 0.000561169 0.000561168 0.000561832 0.000561183 0.000561168 0.000561167 0.000616632 0.000561167 0.00056117 0.000561171 0.000561168 0.000561173 0.000561177 0.000561168 0.000561169 0.000561175 0.000561168 0.000586007 0.000561872 0.000574082 0.000561296 0.000561167 0.000561167 0.000569037 0.000561167 0.00056404 0.00056133 0.000561168 0.000561213 0.000567575 0.000583617 0.000561167 0.00056117 0.000561167 0.000561168 0.000561167 0.000561168 0.000561357 0.000564176 0.000561169 0.000572639 0.000561167 0.000561747 0.000561167 0.000561338 20.2123 0.000564373 0.000561169 0.000570809 0.000561169 0.00056573 0.000564784 0.000561168 0.00056117 0.000563633 0.000561168 0.000561167 0.000561515 0.000561167 0.000561167 0.000561178 0.000561168 0.000561362 0.000561167 0.00056119 0.000564669 0.000561168 0.000561202 0.000561168 0.000561262 0.000561175 0.00058046 0.000561167 0.000572584 0.00056124 0.000591314 0.000561167 0.000561167 0.000561168 0.000561169 0.000561167 0.000561361 0.000564077 0.000561189 0.000561168 0.000561167 0.00056117 0.000561168 0.000561168 0.00056154 0.000561576 0.000561171 0.000561168 0.000561479 0.000561168 19.6964 0.000561167 0.000561168 0.000561167 0.000561167 0.000561198 212.326 0.000561167 0.000561954 0.000561168 0.000562105 0.000562288 0.000561169 0.000561294 0.000561231 0.000561167 0.000561169 0.000561169 0.000561251 0.00056117 0.000561172 0.000574824 0.000561168 0.000561167 22.2956 0.000561358 0.000561167 0.000561167 0.000561534 0.000561169 0.000561168 0.000561167 0.0020258 0.000561168 0.000561172 0.000703732 0.000561188 0.000561616 0.000561167 0.000561215 0.000561167 0.000561167 0.000561446 0.000561167 0.000604943 0.000561167 0.000561167 0.000561168 0.000561167 0.000561176 0.000596 0.000561271 0.000561175 0.000561167 0.000572195 0.000561168 0.000561167 0.000561169 0.000561168 0.000561171 0.00056117 0.000561168 0.000561581 0.000561168 0.000561254 0.000561192 0.000561167 0.00056122 0.000561205 0.000561168 0.000561296 0.000561167 0.000561171 0.000561174 0.000561167 0.000561271 0.000561403 0.000561402 0.000561167 0.000561205 0.000561167 0.000561404 0.000561167 0.000561167 0.000561168 0.000561167 0.000561167 0.000561246 0.000561168 0.000561521 0.000561179 0.000561176 0.000561167 0.000562545 0.000561167 0.000581907 0.000561168 0.000561167 0.000631017 0.000561167 0.000561167 0.000565402 0.000561222 0.000561182 0.000561167 0.000561212 0.00056117 0.000565375 0.000561168 0.000561168 0.000561167 0.0005612 0.000561167 0.000561169 0.000561167 0.000561871 0.000561168 0.00056377 0.000561169 0.000561169 0.000561168 0.000561167 0.000561167 0.000561736 0.000561168 0.000561167 0.000561167 0.000561167 0.000561167 0.000561167 0.000561168 0.000561168 0.000625837 0.000561168 0.000561167 0.00056117 0.000561167 0.000561167 0.000561173 0.000562183 0.000561233 0.000561177 0.000561168 0.000561289 0.000561167 0.000561229 0.000561167 0.000561173 0.000561168 0.000561168 0.000561167 0.00056125 0.000615112 0.000561478 0.000562923 0.000561167 0.000561514 0.000561167 0.000563512 0.000561168 0.000561169 0.000561173 0.000561167 0.000561167 0.000561168 0.000561181 0.00056117 0.000561169 0.000561167 0.000561167 0.000561296 0.000561167 0.000803529 0.000561167 11.8933 0.000561168 0.000561168 0.000561167 0.000561169 33.9275 0.000561168 120.447 0.000561169 0.000561167 0.000561302 0.000561274 0.000561167 0.000566398 0.000561168 0.00056177 0.000561169 0.000561167 0.000561167 0.000574409 0.0005666 0.000561167 0.000561168 0.000561263 0.000561167 0.000561169 0.000561875 0.000561167 0.000562841 0.000561167 0.000561169 0.000561167 0.000562185 0.000561168 0.000562926 0.00056121 0.000561295 0.00056117 0.000561167 0.000561167 0.000561167 0.000561167 0.000561168 0.000561168 0.000561219 0.000581411 0.000562469 0.000561168 0.000561458 0.000561269 0.000561167 0.000561598 0.000562279 0.000569264 0.000604717 0.00056117 0.000561167 0.000561167 0.00056156 0.00104842 0.000561168 0.000562166 0.000561168 0.000561209 0.000561167 0.000561417 0.0005612 0.000561201 0.000561566 0.000561493 0.000561539 0.000561168 0.000561167 0.000561167 0.000561168 0.000561168 0.000561213 0.000561171 0.00056117 0.000561168 0.000561167 0.000561171 0.000561184 0.00056117 0.00056117 0.000561167 0.000561654 0.000561167 0.000561168 0.000561251 0.000561475 0.000561167 0.000561167 0.000561168 0.00230813 0.000561169 0.00056117 0.000561167 102.755 0.000561186 0.000561168 0.000561213 0.00056161 0.000561436 0.000561222 0.000561168 0.000561167 0.000561167 0.000561214 0.000561608 0.000561169 0.000561183 0.000561168 0.000561811 0.00056117 0.000561168 0.000561167 35.0983 0.00056123 0.000561167 0.000561167 0.000561169 0.000561169 0.000561169 0.000561197 0.000561167 0.000561168 0.000572993 0.000562516 0.000562562 0.000561407 0.000561168 0.00056165 0.000561167 0.000715256 0.00056117 0.000561167 0.000561168 0.000561167 0.000561709 0.000571232 0.000561254 0.000561168 0.000561169 0.00103007 0.000561167 0.000561177 0.000561167 0.000622842 0.000561167 0.000562902 0.000561167 0.000561167 0.000561167 0.000561167 0.00056118 0.000561176 0.000561167 0.000561217 0.000588098 0.000561167 0.000563662 0.000561172 0.000561174 0.000561168 0.00056118 0.000561167 0.00069549 0.000561288 0.000561338 0.000561171 0.000561789 0.00057232 0.000561581 0.000561168 0.000561295 0.000561167 0.00057129 0.000561188 0.000561167 0.000561167 0.000561319 0.000791175 0.000561169 0.000561231 0.000561167 0.000561226 0.000561167 0.000561686 0.00056126 0.000561169 0.000561167 0.000561168 0.000566677 0.000562454 0.000561167 0.000561192 0.000566689 0.000562688 0.000561167 0.000561243 0.000561187 0.000561168 0.000561167 0.000561169 0.000561547 0.000561167 0.000561168 0.000561167 0.000562012 0.000561169 0.000564215 0.000561172 0.00056143 0.000577956 0.000561168 0.000561168 0.000561186 50.5979 0.00056118 0.000566349 0.000561272 0.000561168 0.000561169 0.000561168 0.000561167 0.000561168 0.000561436 0.000561206 0.000580737 0.000561176 0.000561168 0.000561168 0.000561169 0.000561169 0.000561167 0.000561168 0.000606685 0.00056135 0.000564005 0.000561168 0.000561167 0.000561167 0.000561167 0.000561167 0.000561167 0.000561168 0.00056117 0.000562794 0.000561182 0.000561168 22.8797 0.000561352 0.000561168 0.000561167 0.000561167 0.000561449 0.000599257 0.000561169 0.000561168 0.000561168 0.000561167 0.000561713 0.000561168 0.000571204 0.000561505 0.000561193 0.000583309 0.000650874 0.000561167 0.000561169 0.000561167 0.000561479 0.000561168 0.000561176 0.000565724 0.000561168 0.000561318 0.000561174 0.000561168 0.000561172 0.000561307 0.00056124 0.000561168 0.000561167 0.000561168 0.000561168 0.000561199 0.000561383 0.000561168 0.000561172 0.000561443 0.000582393 12.6462 0.000563566 0.000561168 0.00056118 0.000561167 0.000562102 0.000561168 0.000561167 0.000561167 0.000561391 0.000561168 0.00056125 0.000563194 0.000561168 0.000561169 0.000561167 0.000561168 0.000561167 0.000561322 0.000561186 0.000561168 0.000561167 0.000570645 0.00061619 0.000563263 0.000561167 0.000561612 0.000561167 0.000581698 0.000561167 0.000561242 0.000561167 0.000561182 0.000561277 0.000561215 0.000561355 0.00056117 0.000561426 0.000561211 0.000592221 0.000562388 0.000561167 0.000561167 0.000561292 0.000585652 0.000561168 0.000561168 0.000561283 0.000737181 0.000561167 0.000561237 0.000561167 0.000562481 0.000561167 0.000561868 0.000561878 0.000561167 0.000561514 0.000561168 0.000561168 0.000561188 0.000561167 0.000561176 0.000561169 0.000561168 0.000561746 0.000561812 0.000561178 0.000562316 0.000561168 0.000561729 0.000561179 43.0586 0.00090017 0.000561191 0.000561193 0.000561169 0.000561168 0.000561167 0.000561382 0.000561192 0.0005612 0.000561167 0.000561375 0.00056117 0.000561189 0.000561168 0.000565535 0.000561167 0.000561171 0.000571912 0.000561756 0.000774004 0.000561167 0.000561168 0.000561167 0.000561167 0.000561426 0.0005773 0.000563693 0.000561223 0.000561167 0.000561167 0.000561177 0.000584881 0.000561246 0.000561457 0.00056117 0.000561167 0.000638095 0.000561243 0.000561167 0.000576258 0.000561172 0.000561167 0.000561169 0.000561169 0.000561167 0.000561167 0.000561167 0.000561174 0.000578719 0.000561168 0.000561179 0.000577139 0.000561167 0.00108958 0.000561167 0.000577499 20.6654 0.000561329 0.000561167 0.000561168 0.000561167 0.000561168 0.000561198 0.00056274 0.000561183 0.000561168 0.000561284 0.000561167 0.000588846 0.000562173 0.000561169 0.000561169 0.000561221 0.000561168 0.000561167 0.000561167 0.000561169 0.000562957 0.000583062 0.000561175 0.000561296 0.000561167 0.000561167 0.000561168 0.000561167 0.000561168 0.000561168 0.000561176 0.000561168 0.000561243 0.000561512 0.000561167 0.00056118 0.000561169 0.000561179 0.000561169 0.000561615 0.000561339 0.000561167 0.000561168 0.000561168 0.000561168 0.000561168 0.00056466 0.000561168 14.4521 0.000561168 0.000561169 0.000561167 0.000569918 0.000562061 0.000561168 0.000561169 0.000561167 0.000561167 0.000561258 0.000561168 0.000562859 0.000562261 0.000561172 0.000561183 0.000561333 0.000561167 0.000561168 0.000561169 0.000561169 0.000561174 0.000561167 0.000561167 0.000561187 0.000561998 0.000561168 0.000561168 0.000561169 0.000561231 0.000561167 0.000561167 0.000561167 0.000561189 0.000561174 0.000564706 0.000561436 0.000561167 0.000562699 0.000561167 0.00056117 0.00056117 0.000561168 0.000561174 0.000561167 0.000561169 0.00056135 0.000561178 0.000561281 0.000561168 0.000565663 0.000561167 0.000561167 0.000561167 0.000561168 0.000561171 0.000561168 0.000561167 0.00056117 0.000561169 0.000561172 0.000561168 0.000561169 0.000561167 0.000561177 0.000562979 0.000561167 0.000641781 0.000561186 0.000561167 0.000564137 0.000561167 0.000561167 0.000561289 0.000561167 0.000561665 0.000561169 0.000561168 0.000561167 0.000561167 0.000561167 0.000561168 0.000561342 0.000562618 0.000561168 0.000567491 0.000561169 0.000561185 0.000561167 0.000561169 0.000561168 0.000561167 0.000561167 0.000561629 0.000561769 0.000561171 0.000561532 0.000561168 0.000561756 0.000561169 0.000563464 0.000561216 0.000563005 0.000561168 0.000676799 0.000561167 0.00056117 0.00056244 0.000561169 0.000582821 0.000562852 0.000561168 0.000561169 0.000561301 0.00056165 0.000561168 0.000561167 0.000561167 0.000566824 0.000561168 0.000561177 0.000564657 0.000561264 0.000561167 0.000561221 0.00107079 0.00056117 0.000561167 0.000575684 0.000561168 0.000561168 0.000561167 0.000561167 0.000561169 0.000561167 0.000561167 0.000561167 0.000561529 0.000561172 0.000574163 0.000561168 0.000561167 0.000561168 0.000561167 0.000561169 0.000859843 0.000574215 0.000561168 0.000561252 0.000561196 0.000561886 0.000561167 0.000588991 0.000561167 0.000609915 0.000561168 0.000561169 0.000561203 0.000561167 0.000577545 0.000561258 0.000561169 0.000561167 0.000561167 0.000561169 0.000561195 0.000561261 0.000561169 0.000561167 0.000561167 0.000561168 0.00056117 0.0005612 0.000566331 0.000562286 0.000561198 0.000561168 0.000561174 0.000561571 0.000561168 0.000561333 0.000561457 0.000563042 0.000561167 0.000561167 0.000561168 0.000562765 0.000561168 0.000561167 0.000561223 0.000561167 0.000561178 0.000561168 0.00056117 0.000562059 0.000561167 0.000561168 0.00056117 0.000561168 0.000561169 0.000561168 0.000565993 0.000561167 0.000561167 0.000561168 0.000561168 0.00056117 0.000561168 0.000561168 0.000561169 0.000561168 0.000573603 0.000561168 0.000561167 0.000561167 0.000561338 0.000561168 0.000561167 0.000561168 0.000562283 0.000561169 0.00056117 0.000561168 0.000561216 0.000569089 0.000561563 0.000561515 0.000561167 0.00056117 0.000561167 0.000561167 0.000561168 0.000561288 0.0138699 0.000561845 0.000561167 0.000561167 0.000561172 0.000561521 0.000561199 0.000567331 0.000562382 0.000571775 0.000561167 0.000768848 0.000561167 0.000561168 0.000561168 0.000718736 0.000561168 0.000561167 0.000561167 0.000561168 0.000561169 0.000561167 0.000561181 0.000561167 0.000561168 0.000561756 0.000561169 0.000561167 0.000561167 0.00058408 0.000561167 0.000561167 0.000561718 0.000561169 0.000561196 0.000561176 0.000562629 0.000561167 0.000561168 0.000561168 0.000561169 0.000616842 0.000561173 0.000561168 0.000561319 0.000561167 0.000565218 0.000561167 0.000561168 0.000561167 0.000561167 0.000561167 0.000587173 0.000561176 0.000561207 0.000561167 0.000575761 0.000561167 0.000561169 0.000655155 0.000561208 0.000561169 0.000561183 0.000561469 0.000561167 0.000561169 0.000561221 0.000561167 0.000561181 0.000561167 0.000561169 0.000561513 0.000561167 0.000561168 0.000561167 0.000561167 0.000561343 0.000561167 0.000561167 0.000561723 0.000562656 0.000561167 0.000561295 0.000561208 0.000561168 0.000561169 0.000561167 0.000614118 0.000561436 0.00322899 0.000561167 0.000561167 0.000561168 0.000561167 0.00056117 0.000561167 0.000561169 0.000563427 0.000561168 0.000561168 0.000904965 0.000561177 0.000561167 0.000561167 0.000561167 0.000561167 0.000561167 0.000561168 0.000562036 0.000561167 0.00056117 0.000561169 0.000561168 0.000561167 0.000561167 0.000561169 0.000561169 0.000561167 0.000561168 0.000563687 0.000561169 0.000561167 0.000561167 0.000577474 0.000561167 0.000561167 0.000561167 0.000562396 0.000562055 0.000561168 0.000561179 0.000561168 0.000561245 0.000563661 0.000628431 0.00056125 0.000561167 0.000566181 0.000561167 0.00056117 0.000561168 0.000561168 0.000563746 0.000561951 0.000567366 0.000561168 0.000561167 0.000561219 0.000561168 0.000561167 0.000561967 0.000586748 0.000561169 135.802 0.000561167 0.000561168 0.000561169 0.000561167 0.000562007 0.000562935 0.000561169 0.000561167 0.000561167 0.000561167 0.000561167 0.000561167 0.000561716 0.000561219 0.00059234 0.000579164 0.000561168 0.000561169 0.000561167 0.000561168 0.00068904 0.000567619 0.000561167 0.000561168 0.000561167 0.000562876 0.000561168 0.000561168 0.000561167 0.000561169 0.000561167 0.000561167 0.00056151 0.000561177 0.000561167 0.000561171 0.000561169 0.000561349 0.00056117 0.000561996 0.000561167 0.000561193 0.000561167 0.000573996 0.000561168 0.000561374 0.000561172 0.000561167 0.000561167 0.000561195 0.000561167 0.000561167 0.000567077 0.000561169 0.000561219 0.000561168 0.000561241 0.000561176 0.000561279 0.000561167 0.000561171 0.000561274 0.000561167 0.000561167 0.00121209 0.00056117 0.000561167 0.000561167 0.000561167 0.000561167 0.000569606 0.000562716 0.000561192 0.000643565 0.00056508 0.000561168 0.000569903 0.000561167 0.000561169 0.000561167 0.000570536 0.000563359 0.00056117 0.000561168 0.000561167 0.000567713 0.000561168 0.000628002 0.000561167 0.000561169 0.000561451 0.000561168 0.000561209 0.000561335 0.000561296 0.000561167 36.6712 0.000561168 0.000561245 0.000561448 0.000561167 0.000561168 0.000561167 135.97 0.000561168 0.000561167 0.0018065 0.000561308 25.4988 0.000561167 0.000561167 0.000561169 0.000561196 0.000562139 0.000561184 0.00056117 0.000561169 0.00565014 0.000564381 0.000561168 0.000561167 0.000563384 0.000591479 0.000561168 0.000561188 0.000561916 0.000561168 0.000561168 0.000564429 0.000561249 0.000561169 0.000561168 0.000562584 0.000564506 0.000561167 0.000580513 0.000561257 0.000561169 0.000561169 0.000563195 0.000561168 0.000561169 0.000561169 0.000561167 0.00056117 0.000585237 0.000566156 0.00056202 0.000561434 26.0096 0.000561167 0.000561167 0.000561168 0.000561168 0.000561167 0.000561253 0.000561167 0.000581076 0.000561249 0.000561167 0.000561168 0.000561317 0.000561719 0.000561167 0.00056117 0.000561183 0.000561167 0.000569653 0.000561167 0.000561169 0.000561171 0.000561169 0.000561168 0.000561402 0.000598142 0.000561451 0.000561167 0.000561168 0.000561179 0.000561168 0.000561172 0.000561177 0.000561167 0.000561195 0.000561167 0.000561192 0.000561357 0.000561168 0.000561178 0.000561169 0.000561445 0.000561168 0.000575663 0.000561323 0.000561167 0.000561174 0.000561167 0.000561167 0.000561167 0.000562673 0.000561221 0.000561168 0.0005638 0.000562134 0.000561167 0.000566677 0.000561169 0.000561167 0.000561323 0.000561168 0.000562306 0.00056117 0.000561168 0.000561171 0.000563857 0.000569555 0.000568329 0.000561167 0.000561168 0.00056117 0.000561168 0.000561168 0.000561289 0.000561167 0.000561167 0.000561695 0.000561183 0.000561315 0.000561168 0.00056633 0.000561167 0.000561167 0.000561168 0.000561167 0.000561167 0.000561688 0.000562143 0.000561167 0.000561167 0.000561282 0.000561167 0.000561167 0.000561167 0.000561989 0.000561167 0.000561168 0.000566079 0.000561286 0.000561167 0.000562857 0.00056157 0.000561177 0.000561169 0.000561167 0.000561168 0.000561168 0.000561231 0.000561167 0.000561533 0.000561168 0.000561168 0.000561826 0.000561942 0.000561167 0.000561803 0.000561335 0.000561168 0.000561168 0.00056117 0.000561169 0.000561803 0.000598229 0.000561168 0.000561167 0.000561257 0.000561167 0.000561181 0.000561167 0.000561167 0.00056117 0.000561208 0.000561167 0.000561168 0.000561167 0.000561168 0.000561171 0.000562112 0.000561182 0.000561177 0.000561167 0.000561348 0.000561169 0.00056117 0.000561167 0.000561578 0.000561167 0.000561374 0.000561177 0.000561167 0.000561167 0.000561167 0.000561167 0.000561168 0.000561232 0.000561167 0.000561167 0.000561168 0.000572107 0.000562423 0.000561168 0.000561167 0.000561169 0.000561363 0.000562119 0.000561167 0.000561167 0.000561431 0.000561176 0.000561168 0.000561169 0.000561167 0.000561712 0.000561167 0.000561185 0.000561659 0.000561308 0.000561492 0.000561195 0.000561196 0.000561543 0.000561498 0.000561486 0.000561167 0.000563393 0.000561169 0.000561178 0.000561287 0.000561167 344.158 0.000561188 0.000561167 0.000561169 0.000561167 0.000561168 0.000561331 0.000561172 0.000561169 0.000561236 0.000561167 0.000561727 0.000561466 0.000561168 0.000561223 0.000561168 0.000561814 0.000561383 0.000561167 0.000561167 0.000561176 0.000561167 0.000561167 0.000561168 0.000561168 0.000561168 0.000562983 0.000561584 0.000567827 0.000561168 0.00257062 0.000561299 0.000561168 0.000561203 0.000561167 0.000561167 0.000561168 0.000564024 0.000561168 0.000561167 0.000561169 0.000561168 0.000561169 0.000561168 0.000561226 0.000561169 0.000561281 0.000561167 0.000561169 0.000561168 0.000588658 0.000561167 0.000561332 0.000561542 0.000561956 0.000561167 0.000561168 0.000561167 0.000561167 0.000561168 0.00056117 0.000561168 0.000561169 0.000561168 0.000561225 0.000561167 0.000568879 0.000561168 0.000561167 0.000561167 0.000561169 0.000561562 0.000561197 0.000561167 0.000561179 0.000610666 0.000561169 52.8738 0.000561167 0.000561167 0.000562347 0.000561171 0.000561168 0.00056117 0.000561176 0.000561171 0.000561167 0.000561167 0.000561168 0.000561761 0.000561168 0.000561167 0.00056202 0.000561387 0.000561167 0.000561381 0.000561184 0.000561168 0.000561167 0.000561313 0.000561171 0.000561167 0.00056122 0.000561167 0.000561186 0.000561172 0.000561171 0.000561167 0.000561516 0.000561167 0.000561167 0.000561167 0.000561168 0.000561167 0.000561167 0.000561169 0.000682265 0.000561168 0.000561173 0.000561805 0.000561205 0.000561168 0.000561167 0.000561168 0.000561168 0.000561167 0.000571109 0.000607315 0.000561167 0.000561169 0.000561167 0.000561168 0.000561168 0.000561413 0.000561171 0.000561184 0.000561192 0.000561169 0.000561167 0.00056117 0.000561167 0.000561167 0.000561268 0.000561167 0.000561167 0.00056129 0.000561168 0.000561168 0.000561172 0.000561555 0.000561169 0.000561167 0.000565705 0.000561817 0.000561167 0.000561167 0.000561167 0.000561437 0.000561191 0.000561167 0.00056117 0.000561167 0.000561169 0.000561641 0.000561167 0.000561168 0.000569105 0.000561167 0.0025314 0.000561167 0.000561168 0.000561168 0.000561168 0.00056117 0.000561168 0.000561178 0.000561168 0.000561874 0.0005613 0.000561168 0.000561168 0.000561168 0.000561446 0.000562456 0.000561175 0.000561541 0.000564834 0.000561168 0.00056942 0.000561167 0.000561172 0.000561168 0.000561169 0.000562752 0.00056128 0.000561177 0.000561212 0.000561168 0.000561447 0.00056174 0.000561167 0.000561187 0.000575809 0.000561168 0.000563176 0.000561595 0.000561563 0.000561284 0.000561167 0.000562141 0.000561575 0.000561169 0.000701655 0.000599678 0.000561168 0.000561168 0.00056117 0.000561167 0.000561168 0.000561168 0.000561309 0.000561167 0.000562124 0.00056599 0.000561169 0.000561199 0.000561167 0.000561182 0.000561509 0.000561168 0.00056117 0.000561306 0.000572211 0.000561167 0.000561168 0.000561167 0.000561167 0.000561168 0.000561398 0.000561169 0.000561309 0.000561167 0.000561167 0.00056117 0.000574754 0.00056117 0.000561183 0.000561168 0.000561167 0.0005612 0.000561203 0.000561248 0.000561168 0.000561167 0.000561268 0.000561167 0.000561192 0.000561169 0.000561167 0.000561168 0.000561167 0.00056117 0.000561167 0.000561169 0.000561169 0.000561196 0.000561169 0.000561172 0.000563382 0.000561168 0.000561202 0.000561167 0.000561167 0.000561168 0.000561167 0.000561167 0.000561457 0.000561169 0.000562656 0.000725716 0.000561169 0.000561167 0.000561168 0.000580808 0.000561167 0.000561168 0.000561167 0.000563078 0.000561167 0.000563047 0.000561169 0.000561168 0.00056139 0.000561167 0.000561167 0.000562034 0.000561168 0.000561168 0.00068123 0.000561169 0.000561167 0.000561167 0.000561167 0.00056117 0.000561167 0.000561167 0.000561168 0.000561168 0.000561167 0.000568676 0.00056117 0.000561168 0.000561167 0.000562074 0.000591445 0.000561167 0.000561168 0.000561167 0.000561269 0.000561169 0.00056117 0.000561169 0.000561168 0.000627901 0.000561169 0.000561168 0.000561167 0.000561167 0.000561168 0.000561309 0.000561168 0.000561183 0.000561465 21.45 0.000561167 0.000561167 0.000561168 0.000628286 0.000561168 0.0005618 0.000561427 0.000561167 0.000564736 0.000563896 0.000561525 0.000561167 0.00056119 0.000561168 0.000561175 0.000567569 0.000561171 0.0005618 0.000562295 0.000561191 0.000571154 0.000561167 0.000561169 0.000561167 0.000561169 0.000561168 0.000561167 0.000561167 0.000561167 0.000561168 0.000561171 0.000751747 0.000561171 0.000561167 0.000561167 0.000561519 0.000561167 0.000586646 0.000561167 0.000561168 0.00056117 0.000561678 0.000571195 0.000561167 0.000561167 0.00056117 0.000562252 0.000576658 0.000561471 0.000561168 0.000561168 0.000561169 0.000561167 0.000570108 0.000561168 0.000561167 31.8501 0.000561167 0.00056117 0.000561339 0.000561167 0.000561167 0.000561168 0.000561167 0.000562382 0.000582466 0.000561169 0.000562219 0.000561168 0.000561642 0.000561828 0.000562901 0.000561238 0.000561167 0.000561168 0.000561174 0.000561219 0.000583082 0.000561167 0.000561169 0.000561303 0.000561527 0.000562696 0.000561316 0.00056209 0.000561177 0.000561167 0.000561167 0.000561169 0.000561167 0.000561899 0.000561167 0.000561167 0.000561167 0.000561169 0.000561167 0.000561167 0.000561188 0.000561167 0.000561167 0.000561774 0.000649912 0.000561168 0.00056117 351.877 0.000561168 0.00057104 0.000561171 0.000561167 0.000561361 0.000561169 0.000561772 0.00056117 0.00056117 0.000561168 0.000565254 0.000561759 0.000561167 0.000561167 0.000561168 0.000561169 0.000562697 0.000561168 0.00056117 0.000563212 0.00056366 0.000561167 0.00056135 0.000561168 0.000561168 0.000561169 0.000561211 0.000561167 0.000562435 0.000562266 0.000561167 0.000561169 0.000561169 0.000561627 0.000561344 0.000561167 0.000561168 0.000587548 0.000561168 0.000561167 0.000561502 0.000561249 0.000561303 0.000562684 0.000561592 0.000561168 0.000561167 0.000561168 0.000561167 0.000561613 0.000580736 0.000561168 0.000561252 0.00056172 0.000561167 0.000561168 0.000561169 0.000561167 0.000561167 0.000561502 0.00056443 0.000561171 0.000561462 0.000561167 0.000561168 0.000561633 0.000561218 0.000561524 0.000561503 0.000564129 0.000561167 0.000561168 0.000561167 0.000833499 0.000561168 0.000561348 0.000561479 0.000561167 0.000561167 0.000561568 0.000564974 0.000561195 0.000561167 0.000561259 0.000561168 0.000561228 0.000577124 0.000561167 157.41 0.000562074 0.000561341 0.000561169 0.000561174 0.000561381 0.000561179 0.000561167 0.000561167 0.000567543 0.000561469 0.000561168 0.00056117 0.000561168 0.000561167 20.6711 0.000562173 0.000561179 0.000561214 0.00056117 0.00056117 0.000561229 0.000561442 0.000561167 71.4241 0.000569207 0.000561167 0.000561292 0.000561406 0.000561167 0.00056158 0.000561167 0.000561167 0.000561689 0.000561168 0.000561169 0.000561167 0.000561167 0.000561168 23.1535 0.000561169 0.000561167 0.000561169 0.000561167 0.000561167 0.000571035 0.00056132 0.000561167 0.00056117 0.000566538 0.000561279 0.000561383 0.000561342 0.000851167 0.000561448 0.000561283 0.000561228 0.000561342 0.000561168 0.000561167 0.000564673 0.00180659 0.000561168 0.000719926 0.000561167 0.000561169 0.000561172 0.000561167 0.000562114 0.000561795 0.000561168 0.000561168 0.000573051 0.000561169 0.000561169 0.000581186 0.000561168 0.00056117 0.000561167 0.000561169 0.000561297 0.000561232 0.000561167 0.000561168 0.000569453 0.000561168 0.000561168 0.000561702 0.000561168 0.000563234 0.000561278 0.000561168 0.000575156 0.000561169 0.000562381 0.00255013 0.000561168 0.000561921 0.000561262 0.000561462 0.000561167 0.000561725 0.000561168 0.000561167 0.00056117 0.000561697 0.000561258 0.000561188 0.000561167 0.000561468 0.00056609 0.000561168 0.00056127 0.000561397 0.000561167 0.000561883 0.000561167 0.000561167 0.000561238 0.000561167 0.000561168 0.00056969 0.000561221 0.000561238 0.000561334 0.000561246 0.000561529 0.000561167 0.000561706 0.000561167 0.000561167 0.000561401 0.000561168 0.000561177 0.000561167 0.000561281 0.000561167 0.000561168 0.000561501 0.00056117 0.000561168 0.000561168 0.000561169 0.000561168 0.000561175 0.000561169 0.000561189 20.9424 0.000577124 0.000561184 0.000561247 0.000561167 0.000561182 0.000563826 0.000561168 0.000561167 0.000561167 0.000561173 0.000561169 0.00056117 0.000561254 0.000562221 0.000561168 0.000621631 0.00056117 0.00056759 0.000561167 0.000561167 0.000561168 0.000561168 0.000561661 0.000561167 0.000561167 0.000561969 0.000561167 0.00056132 0.0005643 0.00056117 0.000561174 0.000561167 0.000564051 0.000561167 0.000576039 0.000561168 0.000561168 0.000561868 0.000561528 0.000561167 0.000565586 0.000570171 0.000561182 0.00056117 0.000562717 0.000561167 0.000561168 0.000561167 0.000561167 0.000561167 0.000569515 0.000561169 0.000561167 0.000561279 0.000561168 0.000561268 32.7269 0.000561221 0.000561167 0.000561167 0.000561169 0.000561167 0.000561168 0.000561169 0.000561167 0.000561218 0.000561189 0.000755972 0.000561167 0.000561524 0.000561168 0.000561168 0.000561167 0.000561169 0.000588322 0.000561167 0.000561168 0.000561167 0.000563769 0.000561167 0.000561168 0.000561217 0.000561169 0.000561167 0.000561167 0.000561167 0.000561826 0.000561167 0.000561193 0.000561344 0.000561169 0.000561227 0.000657607 0.000561167 0.000561167 0.000561169 0.000561168 0.000561464 0.000561178 14.9924 0.000561596 0.000561167 0.000593313 0.000561167 0.000561171 0.000563384 0.000732881 0.000561167 0.000561168 0.000561305 0.000561167 0.000561168 0.000581696 0.000561167 0.000561173 0.000561167 0.000561289 0.000561168 0.000561167 0.000561167 0.000561184 0.000563716 0.000563739 0.000561169 0.000561168 0.000561174 0.000561241 0.000563046 0.000561167 0.000561167 0.000561167 0.000561222 0.000561167 0.000561169 0.000562022 0.000561168 0.000561168 0.000561194 0.000561167 0.000561167 0.000561167 0.000611393 0.00056118 0.000561169 0.000561167 0.000562684 0.000561186 0.000561167 292.453 0.000561185 0.000561169 0.000561168 0.000561167 0.000561188 0.000561167 0.00056117 0.000561168 0.00056117 0.000561169 0.000561169 0.000561167 0.000561358 0.000561167 0.000561171 0.000561169 0.00056117 33.9055 0.000561168 0.000561495 0.000561168 0.000561169 0.000561167 0.000561167 0.000561168 0.000561168 0.000561168 41.1326 0.000561179 0.000561167 0.000575856 0.000561905 0.000561167 0.000561721 26.1686 0.000562969 0.000561167 0.000561239 0.000561171 0.00056117 0.000561171 0.000561167 0.000561175 0.000561167 0.000561167 0.000561168 0.000561181 0.000561168 0.00056291 0.000588606 0.000561323 0.000571202 0.000561168 0.000561167 0.000561182 0.000561244 0.000561168 0.000561695 0.000561167 0.000561168 0.000561169 0.000561167 0.000561465 0.000561169 0.000561167 0.000561237 0.000561167 0.000561169 0.000561168 0.000561167 0.000586104 0.000561319 0.000561469 0.000561784 0.000561168 0.000563631 0.000561168 0.000561243 0.00056117 0.000561168 0.000561418 0.000561167 23.3293 0.000562263 0.000561172 0.000563251 0.000561169 0.000561177 0.000561167 0.00056117 0.000561178 1.24173 0.000561228 0.000561576 0.000561167 0.000561459 0.000561167 0.000561167 0.000561242 0.000561167 0.000561167 0.000561168 11.2786 0.000561167 0.000561504 76.35 0.000561468 0.000561167 0.000569723 0.000563995 0.000561167 0.000561167 0.000561622 0.000561167 0.000561167 0.000561169 0.000561169 0.000561167 0.000633091 0.000561167 0.000561167 0.000561171 0.000562345 0.000571798 0.000561171 0.00056121 0.000561168 0.000561232 0.000561167 0.000561167 0.00056117 0.000561168 0.000561168 0.000566057 0.00056117 0.000561167 0.000561168 0.000561168 0.000561168 0.000585332 0.000561168 0.000561168 0.00141666 0.000561167 0.000561167 0.00056117 0.000561167 0.000561167 0.000565423 0.000565706 0.000561167 0.000561168 0.000561169 0.000561256 0.000561226 0.000561169 0.00056147 0.000561169 0.000561346 0.000564784 0.000561168 0.000561168 0.000561167 0.000561622 0.000561168 0.000561167 0.000561179 0.000561167 0.000561168 32.131 0.000562647 0.000662964 0.000561573 0.000561167 0.00056183 0.000571754 0.000562683 0.00182357 0.000561168 0.000628675 0.000561169 0.000561178 0.000561168 0.000563372 0.000562277 0.000561168 0.000561208 0.000562567 0.000561167 0.000561168 0.000561167 0.000561167 0.000561168 0.000561167 0.000561173 0.000561462 0.000562152 0.000561167 0.000561309 0.000561167 0.000561167 0.000561167 0.000561182 0.00056156 0.000561185 0.000561167 0.000561171 0.000561291 0.000561197 0.000561178 0.000561329 0.000561168 0.000561329 0.00056117 0.00057463 0.00056124 0.000564101 0.000561167 0.000571774 0.000561179 0.000571389 0.000561168 0.000561175 0.000561235 0.000561169 0.000561168 0.000561167 0.00056203 0.000561167 0.000561168 0.000561215 0.000561168 0.000565529 0.000561518 0.000561167 0.000561168 0.000561168 0.000571348 0.000561169 0.000561168 0.000561264 0.000561167 0.000561167 0.000561346 0.000561167 0.000561167 0.000561167 0.000561169 0.000561169 0.000561167 0.000561167 0.000561168 0.000561167 0.000573084 0.000563027 0.000561168 0.000561169 0.000561323 0.000561171 0.000561545 0.000561167 0.000561168 0.000561167 0.000561169 0.000561168 0.000561167 0.000561256 0.000561168 0.000626445 0.000561167 0.000561167 0.000563411 0.000561168 0.000561168 0.000561279 0.000561167 0.000561167 0.000561167 0.00056148 0.00056169 0.000561167 0.000561167 0.000581907 0.000561168 0.000561168 0.000561168 0.000561167 0.000561634 0.000561376 0.000561167 0.000563004 0.000562415 0.000564649 0.000561168 0.000561565 0.000561955 0.000561167 0.000562078 0.000561171 0.000561168 0.000561195 0.000561168 0.000561225 0.000561167 0.000561216 0.000561167 0.00056117 0.000561167 0.000561168 0.000561167 0.00056117 0.000561169 0.000561171 0.000561169 0.000561167 0.000561168 0.000561248 0.000561168 0.000561169 0.000561167 0.000561178 0.000575968 0.000563717 0.000561168 0.000561167 0.000580532 0.00056147 0.000561167 0.000561168 0.000561267 0.000561956 0.000561318 0.000561167 0.000561167 0.000562836 0.000561167 0.000561169 0.000563184 0.000561298 0.000561168 0.000565299 47.4541 0.000561169 0.000563387 0.000561167 0.00056217 0.000561167 0.000604724 0.000561168 0.000561289 0.000561426 0.000561168 0.000561168 0.000561262 0.000561174 0.000561172 0.000565729 0.000561177 0.00230964 0.000561167 0.000561169 0.000561169 0.000561167 0.000562815 0.000561168 0.000561169 0.000561168 0.000561167 0.000561489 0.00056124 0.000561167 0.000561167 0.000561289 0.000561323 0.000561167 0.000561316 0.000561191 0.000561167 0.000561168 0.000561252 0.000561469 0.000561167 0.00056131 0.000561167 0.000561167 0.000561666 0.000563176 0.000620145 0.000581908 0.000561169 0.000561168 0.000561169 0.000561175 0.000561516 0.000561169 0.000561834 0.000561312 22.9268 0.000561167 0.000561168 0.000561167 0.000561365 0.000561167 0.000561168 0.000561168 0.000561167 0.000561167 0.000561168 0.000561167 0.000561168 20.8236 0.000562571 0.000561168 0.000561168 0.000562954 0.00056119 0.000561167 0.000561168 0.00056117 0.000561168 0.000561168 0.000561168 0.000561171 0.000561167 0.000561168 0.000561167 0.000561168 0.000561168 0.000561167 0.000561167 0.000561167 0.000567453 0.000561168 0.000561187 0.000561174 0.00057425 0.000562092 0.000561176 0.000561169 0.000561793 0.00056368 0.000562257 0.000561237 0.000561168 0.000561185 0.000561182 0.000561229 0.000561167 0.000567807 0.000561169 0.000561323 0.000561169 0.000561168 0.000561168 0.000561246 0.000561167 0.000561168 0.000561167 0.000561168 0.000561181 0.000561167 0.00056118 0.000561195 0.000561201 0.000611197 89.6123 0.000561167 0.000561167 0.000561168 0.000561671 0.000561167 0.000561167 0.000561167 0.000561167 0.000561719 0.000561251 0.000561167 0.000561167 0.000561192 0.000561168 0.00056118 0.000561647 0.000561485 0.000561167 0.000561169 0.000562331 0.000561169 0.000562074 0.000561941 0.000561167 0.000561167 0.000561359 0.000561235 0.00056117 0.000561167 0.000561173 0.000561739 0.000562567 0.000561167 0.000561167 0.000561168 0.000561168 0.000561167 0.00253231 0.000568773 0.000561168 0.000561167 0.00056117 0.000561167 0.000561228 0.00056117 0.000567024 0.000561218 0.00056158 0.000561217 0.000561168 0.000561167 0.000561167 0.000571423 0.000561206 0.000576309 0.000561641 0.000561167 0.000561167 0.000561395 0.000561168 0.000561168 0.000561167 0.00056125 0.000582849 0.000564307 0.000561676 0.000561167 0.000561179 0.000561167 0.000561168 0.00056117 0.000561167 0.000561223 0.000561168 0.000561391 0.000561172 0.000586915 0.000561168 0.000561168 0.000561167 0.00057525 0.00056117 0.000561341 0.000561168 27.3249 0.000625972 0.000561168 0.000561167 0.000561167 0.000561168 0.00056117 0.000561221 0.000562792 0.000561167 0.000561167 0.000561167 0.000561171 0.000561168 0.000575998 0.000561394 0.000561167 0.000563337 0.000561793 0.000563293 0.000561167 0.000561188 0.000561167 0.000562204 0.000561182 0.000643906 0.000561167 0.000561167 0.000561167 0.000561512 0.000561216 0.000561167 0.000561775 0.000561168 0.000564589 0.00056117 0.000561167 0.000561167 0.000561168 0.000561169 0.000561167 0.000561168 0.000561167 0.000575856 0.000561168 0.000561168 0.000561194 0.000561576 0.000561167 0.000588675 0.000563817 0.000561168 0.00056117 0.000561168 0.000561202 0.000561167 0.000626779 0.000561632 0.000561167 0.000561174 0.000561167 77.7351 0.000561167 0.000561167 0.000561168 0.000604758 0.000561168 0.000579168 0.000561167 0.000561168 0.000561281 0.000561252 0.00056218 0.000561827 0.00056117 0.000561167 0.000561168 0.000561167 0.00056117 0.00056187 0.000561167 0.000561988 0.000561168 0.000562411 0.000581907 0.000561168 0.000561168 0.000561169 0.000561167 0.000567319 0.000561186 0.000561168 0.000561168 0.000561983 0.000561168 0.000561174 0.000561167 0.000562123 0.000561176 0.000561375 0.000561167 0.000766642 0.000561167 0.000778892 0.000561301 0.000561279 0.000561168 0.000561175 0.000561167 0.000561172 0.00147743 0.000561168 0.000561169 0.000561277 0.000561167 0.000561537 0.000561428 0.000561168 0.000561167 0.000561167 0.000575776 0.00056119 0.000561168 0.00171901 0.000561167 0.000561167 0.000561167 0.000561167 0.000561168 0.000561167 0.000562053 0.000561236 0.000561169 0.000561543 0.000561169 0.000561167 0.000561169 0.00056121 0.000561168 0.000562353 0.000561168 0.000573086 0.000561168 0.000561168 0.000561167 0.00056117 0.000561169 0.000561167 0.000561216 0.000562354 0.000561167 0.000561246 0.000561353 0.000561376 0.000562389 0.000633309 0.000561465 0.000561167 0.000561168 0.000561168 0.000561168 0.000561206 0.0005612 0.000561168 23.1844 0.00057501 0.000561245 0.000561167 0.000561293 0.00056138 0.000625752 0.00056117 0.000561167 0.000561168 0.000561294 0.000561607 0.000581296 0.000561168 0.000561169 0.000561171 0.000580736 0.000561168 0.000561313 0.000561775 0.000561167 0.000561281 0.000561171 0.000561167 0.000564499 0.0005613 0.000609744 0.000561231 0.000561169 0.000562353 0.000561176 0.000561537 0.000561168 0.000561168 0.000561168 0.000561172 0.000561177 0.000561167 0.000561167 0.000561489 0.000561271 0.000564588 0.000622947 0.000561169 0.000561167 0.000726792 0.000561168 0.000561168 0.000561167 0.000562068 0.00056165 0.000561167 0.000561167 0.00056117 0.000561169 0.00056117 0.000561167 0.000561168 0.000561182 0.000561167 0.000561167 0.000561169 0.000571776 0.000561168 0.000561167 0.000561572 0.000561167 0.000561169 70.812 0.00179165 0.000562135 0.000561167 0.000561167 0.000561167 0.000561175 0.000561167 0.000561168 0.000561167 0.000561167 0.000561287 0.000561168 0.000561167 0.000916753 0.000561168 0.000561167 0.000561988 0.000561171 0.00056143 0.000562107 0.000561167 0.000561169 0.000561167 0.000561172 0.000561167 0.000561662 0.000561168 0.000561582 0.000561168 0.000561167 0.000561366 0.000561169 0.000561167 0.000561168 0.000561676 0.000561636 0.000779481 0.00056142 0.000561167 0.00056117 0.000561168 0.000573115 0.000561168 0.000561167 0.000561167 0.000561168 0.000561254 0.000565866 0.000561174 0.000561167 0.000561169 0.000561226 0.000604517 0.00066702 0.000561234 0.000562824 0.000561168 11.1905 0.000561169 0.000606522 0.00106455 0.000561174 0.000561167 0.000561167 0.000561197 0.000561168 0.000564126 0.000561169 0.000561172 0.000561167 0.00056127 0.000563614 0.000561167 0.000561385 0.000561271 0.000561169 45.1852 0.000561168 0.000561168 0.000561402 0.000561169 0.000561346 0.000565557 0.000561178 0.000561168 0.000565645 0.000561167 0.000561195 0.000563443 0.000561167 0.000561712 0.000561167 0.000561172 0.000561167 0.000561169 0.000561722 0.000561167 0.000709322 0.000561644 0.0005613 0.000561289 0.00223151 0.000561253 0.000561556 0.000561169 0.000561168 0.000561169 40.8502 0.000561169 0.00056302 0.000564321 0.000561169 0.000575854 0.000561168 0.000563928 0.000561168 0.00165878 139.694 0.000561167 0.000561168 0.000561245 0.000561209 0.000561167 0.000561168 0.000561852 0.000561169 0.000561168 0.000561564 0.000561554 0.000561169 0.00056856 0.000561168 0.000561173 0.000561168 0.000561169 0.000564668 0.000562089 0.000561167 0.000561168 0.000561167 0.000563508 0.000561167 0.000562356 0.000561171 0.000561167 0.000561168 0.000684734 0.000606475 0.000561805 0.000561167 0.000561167 0.000561167 0.0011009 0.000561168 0.000561167 0.000561657 0.00056117 0.00346026 0.000561168 0.000561168 71.4028 0.000561167 0.000561168 0.000561167 0.00056276 0.000561167 0.00056117 0.000561511 0.000562037 0.000561169 0.000561167 0.000561168 0.000572998 0.000561167 0.000561188 0.00056336 0.000561167 0.000561167 0.000561168 0.000561167 0.00056117 0.000561167 0.000561186 0.000561168 0.000569097 0.000561169 0.000561169 0.000561168 0.000561231 0.000561171 0.000561169 0.00056117 0.000561169 0.000561269 0.000561192 0.000561168 0.00056458 0.000561168 0.000581055 0.000561247 0.00056128 0.00057854 0.000561176 0.000561174 0.000561167 0.000561484 0.000561168 0.000561167 0.000561167 0.000561169 0.000565972 0.000561167 0.000561172 0.000561304 0.000561168 0.000561167 0.000561244 14.2081 0.000561167 0.000561601 0.000561167 0.000561167 0.000561167 0.000561262 0.000561168 0.000561328 0.000561168 0.000561168 0.000561191 0.000561167 0.000561168 0.000561167 0.000561167 0.000561178 0.000705898 0.000561413 0.000561167 0.000561167 0.000561168 0.000561168 0.000570089 0.000561168 0.00063215 0.000561167 0.000561168 0.000561167 0.000562855 47.2607 0.000561168 0.000561413 0.000561167 0.000562532 0.000561167 0.000561167 0.000561168 0.000561169 983.432 0.000561168 0.000561935 0.000561167 0.000561168 0.000564035 0.000561167 0.00056134 0.000561167 0.000561174 0.000564517 0.000577344 0.000561462 0.000561235 0.000561167 0.00057073 0.000561167 0.000561168 0.000609689 0.000561176 0.000561167 0.00056124 0.000561169 0.000563295 0.000561169 0.000561168 0.000561169 0.000566768 0.000561167 0.000561228 0.00056117 0.000561457 0.000561169 0.000561167 0.000561558 0.000561168 0.00056633 0.000561169 0.000561169 0.000561169 0.000562505 0.000561168 0.000589128 0.000561167 0.000561169 0.000561171 0.000561168 0.000561181 0.000561168 0.000561167 0.000561168 0.000561169 0.000561167 0.000561169 0.000573381 0.000561168 0.000561218 0.000561362 0.000561168 0.000561167 0.000561168 0.000561168 0.000561168 0.000561678 0.000561167 0.000561485 0.000561168 0.000561231 0.000561233 0.000664118 0.000561171 0.000563782 0.000561167 0.000561167 0.000561172 0.000561938 0.000562686 0.000561167 0.000561168 0.00056131 0.000561167 0.000565289 0.000561167 0.000561187 0.000561168 0.000570166 0.000561174 28.3029 0.000561167 0.000564511 0.000561167 0.000561168 0.000561172 0.000561168 0.000561169 0.00136578 0.000561168 0.000562925 0.000561167 0.000561167 0.000561711 0.000561169 0.000561168 0.000561175 0.000561169 0.000561172 0.000561721 0.000561526 0.000561168 0.000561167 0.000561169 0.000561167 0.000561167 0.000620166 0.000561172 0.000561168 0.00056227 0.000561545 0.000561168 0.000561168 0.000561364 0.000561168 0.000561168 0.000562343 0.000561788 0.000562632 0.000561284 0.000561167 0.000561855 0.000561168 0.000561201 0.000575902 0.000561247 0.00056117 0.000561168 0.000561168 0.00056186 0.000561168 0.000561168 0.000561167 0.000561169 0.000561596 0.000561168 0.000561167 0.000561168 0.00057487 0.000561168 0.000561167 0.000561827 0.000561246 0.000561167 0.000561167 0.000567835 0.000561596 0.000561479 0.000561167 0.000569989 0.000561267 0.000562007 0.000561167 0.000561168 0.000561167 0.000561169 0.000561167 0.000561167 0.000561168 38.172 0.000561281 0.000561167 0.000561425 0.000561299 0.000561168 0.000599073 0.000561167 0.000563489 0.000561169 0.000561167 0.000561169 0.000561175 0.000561167 0.000561168 0.000565856 0.000561169 0.000562853 0.000561167 0.000561168 0.000561214 0.000561188 0.000561762 0.000561169 0.000561267 0.000561244 0.000561369 0.000561168 0.000569498 0.00056117 0.000561169 0.000561167 0.00057563 0.000561167 0.000561168 0.000561167 0.000561488 0.00056117 0.000566005 0.000561168 0.000561167 0.000562758 0.000561167 0.000561167 0.000561177 0.000561167 0.000561168 0.000561167 0.000561168 0.000561168 0.000561168 0.000561168 0.000562439 0.000561167 0.00056117 0.000569612 0.000561175 0.000562836 0.000561237 0.000561179 0.000562736 0.000561167 0.00056117 0.00056117 0.000561168 0.000561167 0.000561167 0.000561351 0.000561168 0.00056125 0.000561167 0.00056117 0.000561168 0.000606561 0.00056119 0.000561314 0.000561453 0.000562407 0.000561167 0.000561959 0.000561304 0.000561167 0.000561178 0.000565819 0.000561173 0.000561318 0.000561167 0.000561174 0.000561826 0.000561653 0.000561169 0.000561168 0.000561167 17.9848 0.000561168 0.000561168 0.000561167 0.000561167 0.000620806 0.000561167 0.000561168 0.000561167 0.000561167 0.000561175 0.000561168 0.000616842 0.000561168 0.000561167 0.000561168 0.000561168 0.000561169 0.000561167 0.000561168 0.000561168 0.0005612 0.000562164 0.000561168 0.000561963 0.000561168 0.000561213 0.000561331 0.000561168 0.000561168 0.000561168 0.000561169 0.000561167 0.000561169 0.000561169 0.00056117 0.000561167 0.000561211 0.000561168 0.000561168 0.000561167 0.000561167 61.6987 0.000561625 0.000561168 0.000561167 0.000561177 0.000561168 0.000561168 0.000561168 0.000561167 0.000561922 0.000561169 0.000561169 0.000561168 0.000561209 0.000561168 0.000562281 0.000561167 0.000561167 0.000561169 0.000561666 0.000561767 0.000561167 0.000561178 0.000561168 0.000561167 0.000561168 0.000561184 0.000566384 0.000745348 0.000561167 0.000561182 0.000561167 0.000561168 0.000561168 0.000561445 0.000561316 0.000561167 0.000561167 0.000561172 0.000561179 0.000561949 0.000561167 0.000561167 56.6781 0.00056565 0.000588129 0.000561438 0.000561167 0.000561167 0.000561176 0.000580368 0.000562425 0.000561465 0.000561186 0.00121738 0.000561284 0.000561168 0.000561167 0.000563401 0.000561381 0.000561167 0.000561167 0.000561168 0.000561303 0.000561168 0.000561168 0.000561172 20.5666 0.00056225 0.00056131 0.000561168 0.000561167 16.0326 0.000632688 0.000561167 0.000570463 0.000561167 0.000561167 0.000562247 0.00056117 0.000597813 0.000561167 0.000561319 0.000561167 0.000564189 0.000561168 0.000561176 0.000561167 0.000564459 0.000561167 0.000561167 0.000601411 0.000561167 0.000561169 0.000561169 0.000561169 0.000561167 0.000561966 0.000561168 0.000561167 0.000561168 0.000561167 0.000561168 0.000565729 0.000561167 0.000561192 0.000569205 0.000561167 0.000561268 0.000561171 0.000561639 0.000581698 0.000561289 25.6488 0.000561167 0.000562205 0.00056117 0.000561269 0.000561443 0.000562044 0.000564788 0.000561168 0.000561167 0.000561167 0.000561167 0.000561169 0.000561767 0.000561167 0.000561836 0.000561168 0.000588248 0.000561168 0.000561167 0.000561708 0.000561334 0.000561168 0.000561169 0.000561167 0.000561167 0.000561169 0.000561168 0.000561167 0.000561167 0.000607947 0.000561168 0.000561168 0.000561169 0.000561173 0.000561169 0.000561169 0.000561171 0.000566014 0.000561169 0.000561168 0.000561168 0.000561167 0.000561171 0.000561168 0.000561167 0.00056123 0.000561167 0.000561167 0.000561168 0.000561167 0.000561169 0.000562234 0.000562295 0.000657514 0.000561169 0.000561177 0.000561169 0.00056119 0.000561495 0.000561171 0.000561167 0.000566019 0.000561546 0.000561168 0.000561308 0.000573238 0.000580925 0.000561171 0.000561168 0.000561167 0.000561167 0.000561169 0.000561304 0.000561205 0.000561167 0.00056117 0.000561167 0.000561167 0.000561168 0.000584608 0.000561167 0.000561167 0.000561209 0.000561167 0.000562911 0.000561167 0.000561168 0.000561168 0.000561169 0.000561169 0.000561167 0.000561167 0.000608715 0.000561168 0.000562423 0.000561167 0.000561219 0.000561169 0.000561576 0.000561167 0.000573376 0.000561168 0.000561225 0.000561168 0.000561167 0.000561169 0.000561176 0.000561167 0.000567772 0.00056126 0.000561167 0.000561885 0.000561168 0.000561264 0.000561167 0.000561173 0.000561167 0.000565217 0.000561168 0.000567908 0.00056117 0.000561191 0.000561167 0.000561282 0.000561167 0.000561167 0.000561167 0.000561168 0.000561167 0.000561644 0.000562435 0.000562859 0.000573761 0.000561169 0.000708323 0.000572012 0.0193957 0.000561838 0.000561169 0.000561167 0.000561167 0.000561167 0.000561211 0.000561178 0.000561167 0.000562238 0.00056119 5.76752 0.000561208 0.000561803 0.000561168 0.000561168 0.000561168 0.000564309 0.000561384 0.000561167 0.000561168 0.000561283 0.000561167 0.000562296 0.000561182 0.000561167 0.000561167 0.00056126 0.000561167 0.000561167 0.000561168 0.000561168 0.00196738 0.000561168 0.000561167 0.000561168 0.000561168 0.000562637 0.000561168 0.000578444 0.000561448 0.000561167 0.000561169 0.000561167 0.000569264 0.000561167 0.000561167 0.000561167 0.000561168 0.000561167 0.000561242 0.000561173 0.000561331 0.000561222 0.000561554 0.000561169 0.000561167 0.000561167 0.00056468 0.000561516 0.000561168 0.000561384 0.000561167 0.000561185 0.000561167 0.000561168 0.000561167 0.000561168 0.000561168 0.000561167 0.000561311 0.000561168 0.000561167 0.000561167 0.000561167 0.000561168 0.000561167 0.000561168 0.000561169 0.000561167 0.000561168 0.000562467 0.000561167 0.000561259 0.000561168 0.00056117 0.000561167 0.000561167 0.000561167 0.000561237 0.000564708 0.000561167 0.000561169 0.000561236 0.00056274 0.000561168 0.000561315 0.00118167 0.000561167 0.000561187 0.00056117 0.000561168 0.00056117 0.000561169 0.000561397 0.000561169 0.000561167 0.000561168 0.000606814 0.000561167 0.00056254 0.000561792 0.00056118 0.000561168 0.000561485 0.000561167 0.000561168 0.000561167 0.00280778 0.000562628 0.000562006 0.000561177 0.00056117 0.000561807 0.000561195 0.000561169 0.000566965 0.00056117 0.000586461 0.000561463 0.00056121 0.000561167 0.000561167 0.000561168 0.000561167 0.00093634 0.000562058 0.000567647 0.000561167 0.000561169 0.000561167 0.000561948 0.000561167 0.00056117 0.000585067 0.000561169 0.000561173 0.000561167 0.000561266 0.000561172 0.000561171 0.000568059 0.000561168 0.000563838 0.000561168 0.000561167 0.000561169 0.000565738 0.000561167 0.000561219 0.000561179 0.000561167 0.000561216 0.000561493 0.000561167 0.000561167 0.000561167 0.000561168 0.000561167 0.000561169 0.000561167 0.000565409 0.000561168 0.00056117 0.000561167 0.00056117 0.000561167 0.000562692 0.000561169 0.000561167 0.000561693 0.000561167 0.000561167 0.000561167 0.000561167 0.000567919 0.000565426 0.000701268 0.000561168 0.000561346 0.000561167 0.000561168 0.000561239 0.000561168 0.000605086 0.000561167 0.000561167 0.000561424 0.000561331 0.000561169 0.000561168 0.000561168 0.000563096 0.000566669 0.000561277 0.000561167 0.000561794 0.000561172 0.000561167 0.000561169 0.000562681 0.000561167 0.000561167 0.000561179 0.000561248 0.000567592 0.000561186 21.262 0.000561168 0.000637244 0.000561195 0.000561176 0.000561167 0.000561171 0.000561167 0.000561168 0.000561167 0.000561222 0.000561167 0.000589571 0.000561167 0.000561167 0.000561167 0.000561167 0.000561458 0.000561168 0.000561172 0.000619281 0.000562433 0.000561167 0.000561169 0.000561169 0.000564106 0.000561167 0.00111048 0.000561168 0.000561169 0.000561167 0.000561168 0.000561167 0.000571775 0.000561167 0.000561167 0.000561169 0.000561171 0.000561172 0.000562444 0.000561256 0.000598235 0.000561168 0.000561755 0.000725827 0.000561189 0.000561168 0.000561167 0.000561168 0.000561406 0.000561187 0.000561168 0.000561311 0.000561169 0.000561184 0.000561167 0.000561167 0.000561169 0.000561168 0.000561167 0.000561293 0.000561168 0.000561178 0.00056117 0.000561167 0.000561167 0.000561329 0.000561205 0.000561169 0.000561167 0.000561167 0.000561167 0.000561167 0.000561167 0.00056153 0.000563211 0.000596685 0.000561247 0.000561167 0.000561168 0.000561169 0.000561167 0.00056117 0.000561175 0.000561683 0.000561167 0.000561168 0.000564829 0.000561193 0.000561167 0.00056149 0.000561179 0.000561168 0.000561167 106.92 0.000561168 0.000561167 0.000561167 0.000561167 0.00056123 0.000561167 0.000561167 0.000561168 0.000561312 0.00767661 0.000561171 0.00056128 0.000561292 0.000563738 0.00056118 0.000561622 0.000561167 0.000561167 0.000562619 0.00056118 0.000561168 0.000561168 0.000561168 0.000561547 0.00056763 0.000561167 0.000561167 0.000561168 0.000561167 0.000561168 0.000561431 0.000562081 0.000561167 0.000561168 0.000561167 25.4762 0.000562 0.000561168 0.000561169 0.000561168 0.000561273 0.000561167 0.000561167 0.000561167 0.000561167 0.000561167 0.000561169 0.00056129 0.000561308 0.000561168 0.000561168 0.000561717 0.000561169 0.000561167 0.000561177 0.00056129 0.000561168 0.000561367 0.000561208 0.000561168 0.000561521 0.000561212 0.000561167 0.000561167 0.000561235 0.000561171 70.8423 0.000561424 0.000561168 0.000561167 0.000561168 0.00056149 0.000561297 0.000561169 0.000561167 0.000561168 0.000561167 0.000561182 0.000561167 0.000561207 0.000561174 0.00056149 0.000561326 0.000561168 0.000561167 0.00056117 0.000561169 0.000561529 0.000561168 0.00056117 0.000561167 0.000561167 0.000561168 0.000561167 0.000561169 0.000561167 0.00056117 0.000561168 0.000561722 41.1326 0.00056153 0.000561207 0.000561167 0.000561375 0.000561168 0.000563718 0.000561169 0.000561241 0.000587115 0.000561169 0.000561232 0.000561167 0.000561171 0.000561168 0.000561167 0.00056775 0.000561167 0.000561756 0.000561167 0.000561238 0.000561168 0.000575831 0.000564072 0.000561248 0.000561168 0.000564333 0.000561168 0.000561167 0.000561167 0.00056117 0.000561167 0.000561168 0.00056791 0.000561214 0.000561167 0.00056117 0.000562557 0.000597676 0.000561222 0.000561167 0.000561295 0.000561167 0.000561168 0.000561168 55.2529 0.000561167 0.000561169 0.000562515 0.000561168 43.0248 0.00056323 0.000561168 0.000561169 0.00056117 0.000561167 0.000566629 0.000561167 0.000561907 0.000561168 0.000561167 0.000561167 0.000561167 0.000561169 0.000574606 0.00057451 0.000562074 0.000561169 0.000595757 0.000561382 0.000561168 0.00056117 0.000561167 0.000561168 0.000561167 0.000568874 0.000561218 0.000561169 0.000616542 0.000561169 0.000561168 0.000561167 0.00293766 0.000561168 0.000561168 0.000561206 0.000561167 0.000561173 0.000561225 0.000565022 0.000561167 0.000561167 0.000561168 0.000561169 0.000561167 0.000561167 0.000561168 0.000561168 0.000561185 0.000561167 0.000561168 0.000561167 0.000561168 0.000561167 0.000561168 0.000564067 0.000561168 0.000561168 0.000611188 0.000562274 0.000561247 0.000561169 0.000613173 0.00056117 0.000561171 0.000567051 0.000561167 0.000561171 0.000561167 0.000561271 0.00058607 50.4058 0.000561168 0.000561211 0.00056129 0.00056117 0.000561168 0.000567725 0.000561267 0.000561168 0.000561167 0.00056117 0.000561228 0.000561167 0.000654636 0.000561168 0.000561168 0.000561167 0.000561184 0.000561177 0.000561169 0.000561168 0.000561233 0.000561352 0.000561247 0.000588891 0.000561171 0.00056117 0.000561167 0.000585358 96.9808 0.000561167 0.000561169 0.000561167 0.000561168 0.000561168 0.000561502 25.7573 0.000561196 0.000561241 0.000561169 0.000561167 0.000561174 0.000561167 0.000561246 0.000561173 0.000588515 0.000561169 0.000561167 0.000561172 0.000561167 0.00056148 0.000561296 0.000561167 126.841 0.000561168 0.000561167 0.000561169 0.000561817 0.000561167 0.000561168 0.00056431 0.000566502 0.000565311 0.000561172 0.000562082 0.000561169 0.000561168 0.00056117 0.000567754 0.000561169 0.000561175 0.000561167 0.000561168 0.000577785 0.000563816 0.000561167 0.000564952 0.000561226 0.000561168 0.000561167 0.000561167 0.000561168 0.000561167 0.000561167 0.000562777 0.000561168 0.000561167 0.000561167 0.000561168 0.000561168 0.00056117 0.000561169 0.000561359 0.000561168 0.000561167 0.00056117 0.000561169 0.000561168 0.000561167 0.000561176 0.000561167 0.000561169 0.000562622 0.000561563 0.000561168 0.000561169 0.000561168 0.000561993 0.000561169 0.000831008 0.000561171 0.000561715 0.000561168 0.000566783 0.000564429 0.000565562 0.000561241 0.000561168 0.000561169 0.000575396 0.000561167 0.000561167 0.000561218 0.000561182 0.000561183 0.000561282 0.000561214 0.000561167 0.000561168 0.00121084 0.000625164 0.000561169 0.000561167 0.000561493 0.000572757 0.000561243 0.000561169 0.000561167 0.000561196 0.000561167 0.000561167 0.000561252 0.00056119 0.000561659 0.000561391 0.000561169 0.000562415 0.000561168 0.00056156 0.000561167 0.000561261 0.000561168 0.000561167 0.000561167 0.000561167 0.000561169 0.000561171 0.000561347 0.000561585 0.000561977 0.000561167 0.000561911 0.000561273 0.000561167 0.000561168 11.9058 0.000561167 0.00056117 0.000561168 0.000561167 0.000561293 0.000561185 0.000561167 0.000561168 0.000561183 0.00056117 0.000561169 0.000561858 0.000561174 0.0005612 0.000561167 0.000561168 0.000561167 0.000573174 0.000561173 0.000561169 0.000561179 0.000561485 0.000561168 0.000561227 0.000563219 0.00056117 0.000561167 0.000561326 0.000561369 0.000561167 0.000561167 0.000561167 0.000561208 0.000561851 0.000561167 0.000561364 0.000561167 0.000561168 0.000561169 0.000561167 0.00056127 0.000561169 0.000561168 0.000561169 0.000624638 0.000561503 0.000561168 0.000561167 0.000561239 0.000561168 0.000561168 0.000561167 0.000562362 0.000561167 0.000561167 0.000561168 0.000561432 0.00260989 0.000570411 0.000561168 0.000561169 0.00056117 0.000561167 0.000561167 0.000561167 0.000561168 0.000561229 0.000561171 0.000572498 0.000561168 0.000561224 0.000561302 0.000561168 0.000561167 0.000561167 0.000561168 0.000562317 0.000561169 0.00056128 0.000561169 0.000561168 0.000561167 0.000561169 0.000561168 0.000561204 0.000561712 0.000563808 0.000561167 0.00355096 0.000561167 0.000561169 0.000561167 0.000561167 0.000561167 0.000561278 0.000561168 0.000561222 0.000561167 0.000561168 0.000561175 0.000561292 0.000561431 0.000561168 0.000561171 0.000561213 0.000561167 0.000561168 0.000561175 0.000561167 0.000574513 0.00056117 0.000561167 0.00289607 0.000561167 0.000561167 0.000561167 0.000561786 0.000561207 0.000561314 0.000561168 0.000561168 0.000562507 0.000561167 0.000561169 0.000561167 0.000561167 0.000561207 0.000561169 0.000561421 0.000561174 0.000561965 0.000561168 0.000561168 0.000561392 0.000561207 0.000561168 0.000561168 0.000561168 0.000561168 0.0644225 0.000561715 0.000564579 0.000599085 0.000563606 0.000561349 0.000561168 0.000566338 0.00056123 0.000561332 0.000786474 0.000561169 0.000561168 0.000561696 0.00056118 0.000561308 0.000562302 0.000561167 0.000561168 0.000561167 0.000561168 0.000561177 0.000561167 0.000562413 0.000631325 0.000561381 0.000561167 0.000561722 0.000561828 0.000561168 0.000561661 0.000561211 0.000561167 0.000561168 0.000561168 0.000561169 0.000561182 0.00120475 0.000561168 0.000561168 0.000561167 0.000561168 0.000561167 0.000587013 0.00056117 0.000561168 0.00056296 0.000561167 0.000561485 0.000561171 0.000561237 0.000561168 0.000561168 0.000561167 0.000561168 0.000571945 0.000561167 0.000627812 0.000561168 0.000561169 0.00056133 0.000561167 0.000561167 0.000561167 22.6593 0.000561174 0.000561167 0.000562989 0.000562558 0.000561168 0.000561168 0.000561169 0.000562192 0.000561173 0.000561167 0.000561168 0.000561223 0.000561167 0.000561167 0.00056187 0.000563687 0.000561167 0.000561172 0.000561168 0.000561226 0.000561167 0.000562322 0.000561167 0.000561755 0.000561425 0.000561168 0.000566455 0.000562338 0.000561167 0.000561168 0.000612574 0.000561169 0.000561168 0.000561168 0.000561214 0.000561167 0.000561167 0.000561167 0.000561419 0.000561183 0.000561169 0.000561168 0.000561167 0.000561167 0.00056117 0.000561199 0.000561168 0.000561168 0.000561167 0.000561167 0.000561236 0.000586009 0.000561184 0.000561167 0.000561261 0.000561168 0.000562673 0.000561168 0.000561167 0.000561167 0.000561348 0.000561167 0.000561833 0.000561168 0.000561167 0.00056585 0.000561316 0.000561169 0.000561167 0.000561168 0.000561168 0.000561169 0.000561169 0.000561169 0.000561177 0.000561175 0.000571462 0.000561168 0.000561197 0.000561195 0.000561173 0.000561232 0.000561167 0.000561168 0.000561168 0.000561167 0.000561167 0.000561172 0.000561179 0.000561168 0.000561168 0.000561455 0.000561167 0.000561167 0.000561167 0.000561167 0.000561167 0.000561172 0.000561168 0.000561285 0.000561168 0.000561169 0.000561168 0.000561168 0.000561376 0.000561327 0.000561412 0.000561465 0.000561168 0.000561424 0.000561179 0.000561168 0.000561168 0.000816512 0.000561233 0.000561244 0.000561167 0.000564267 0.000562273 0.000561167 0.00056117 0.000561173 0.00056148 0.000561167 0.000561169 0.000561169 0.000561169 0.00056138 0.000564523 0.000561167 0.000561254 0.000561167 0.000561167 0.000561597 0.000561174 0.000561169 0.000561167 0.000561168 0.00180644 0.00056117 0.000563926 0.000561171 0.000561168 0.000561167 0.000561276 0.000561167 0.000561221 0.000622192 0.000561167 0.000561169 0.00056117 0.000561167 0.000566046 0.000733305 0.000561341 0.00056117 0.000561167 0.000561167 0.000561477 0.00056117 0.000561167 0.000561167 0.000561169 0.000591834 0.000561169 0.000561167 0.000561168 0.000561171 0.000561168 0.000561167 0.000561167 0.000561167 0.000561168 0.000561536 0.000561168 0.000561176 0.000561168 0.000561167 0.000563311 0.000561192 0.000561167 0.000561178 0.000561167 0.000566589 0.000561226 0.000561168 0.000561168 0.000561886 0.000561167 0.000561168 0.000561169 0.000561168 0.000561167 0.000561167 0.000561168 0.000561177 0.000561167 0.000561167 0.000568682 0.000561278 0.000561168 0.000561168 0.000561169 0.000561167 0.000561168 0.000561197 0.000561768 0.000561541 0.000561346 0.0005623 0.000561197 0.000579749 60.8624 0.000561168 0.000599517 0.000561171 0.000561174 0.000561167 0.000561169 0.00056117 0.000561169 0.000561167 0.000561481 0.000561181 0.000561168 0.000561168 0.000562142 0.000561168 0.000561169 0.000561192 0.000589654 0.000561169 0.000607985 0.000561181 0.000561203 0.000561262 0.000561501 0.000561167 0.000561766 0.000561339 0.000574803 0.000561167 0.000561167 0.000561184 0.000561169 0.000561492 0.000561168 0.00056117 0.000561175 0.000561343 0.000561168 19.8199 0.000561167 0.000561168 0.000630933 0.000561182 0.000561636 5.94109 0.00056117 0.000561167 0.000561169 0.000564057 0.000561411 0.000561181 0.000561168 0.000561167 0.000561465 0.000561301 0.000561167 0.000561228 0.000561167 0.000561167 0.000561169 0.000561167 0.000561167 0.000561168 0.000561198 0.000561286 0.000605212 0.000561187 0.000561167 0.000561168 0.000561543 0.000561441 0.000561167 0.000561167 0.000561379 0.000562211 0.000561271 0.000561226 0.00056117 0.00059729 0.000561168 0.000561197 0.000561174 0.000561167 0.000561171 0.000561423 0.000561187 0.000561167 0.000575529 0.00056117 0.000561182 0.000561167 0.000561167 0.000561282 0.000561391 0.000561384 0.000561168 0.000561169 0.000561167 0.000561168 0.000561171 0.000561178 0.000561167 0.000561331 0.000561209 0.000561235 0.000567244 0.000561168 0.000561169 0.000561168 0.000561167 0.000561168 0.00056213 0.000561167 0.000561167 0.000561167 0.000561167 0.000587036 0.000561168 0.000561167 0.000561167 0.000561168 0.000561173 0.000561167 0.000561167 0.000561168 0.000562333 0.000561175 0.000561642 0.00056117 0.000561167 0.000561167 0.000561167 0.000561186 0.000561169 0.000561167 0.000561167 0.000561817 0.000561169 0.000609125 0.000561168 0.000561168 0.000561168 0.000561167 0.000561171 0.000561171 0.000561169 0.000561167 0.000561169 0.000580008 0.000561167 0.000561168 0.000561167 0.000561167 0.000561167 0.000561173 0.000561167 0.000561167 0.000561168 0.000562934 0.000561168 0.000561576 0.000561167 0.000561239 0.000562381 0.000561673 0.000561168 0.000561167 0.00056121 0.000561167 0.000561169 0.00056117 0.000561167 0.000561217 0.000562501 0.000561408 0.000563341 0.000561172 0.000561168 0.000561167 0.000592382 44.2265 0.000561179 0.000561167 0.000561168 0.000561167 0.000561168 0.000561185 0.000561167 0.000561168 0.000561168 0.000571331 0.000561168 0.000613054 0.00056117 0.000561167 0.00063588 0.000561169 0.00056123 0.000561168 0.000561167 0.000561167 0.000561168 0.000561167 0.000562586 0.000575181 0.000561167 0.000561167 0.000561168 0.000561167 0.000561167 0.000561169 0.000561379 0.000561167 0.000561633 0.000561168 0.000561167 0.000561168 0.000561196 0.000561172 0.000561168 0.000561167 0.000563894 0.000561172 0.000561168 0.000561259 0.000561167 0.000561167 0.000561167 0.000561167 0.000561209 0.000561167 0.000561167 0.000561167 0.000561168 0.000561319 0.000561168 0.000561167 0.000561167 0.00056378 0.000561168 0.000561177 0.000561188 0.000561167 0.000580863 0.000561875 0.000561169 0.000561381 0.000561167 0.000567074 0.00056171 0.000561264 0.000561195 0.000561167 0.000561234 0.000561167 0.000561167 0.000561167 0.000561518 0.000561168 0.00056129 0.000561168 0.000564797 0.000561597 0.000561169 0.000561168 0.000561349 0.000561172 0.000562291 0.000561168 0.000561168 0.000561177 0.000561168 0.000561168 0.000561455 0.000561167 0.000561173 0.000561167 22.3563 0.000562118 0.000561168 0.000561167 0.000737177 0.000561168 0.000561167 0.000561169 0.000561168 0.000561167 0.000561171 0.000561168 0.000561167 0.000561178 0.000561184 0.000561167 0.00056368 0.000561169 0.000561167 0.000561169 0.000561167 0.000561168 0.000561167 0.000561178 0.000561167 0.000561167 0.000561167 0.000561175 0.000562728 0.000561171 0.000568028 0.000561167 0.000561169 0.000568448 0.000566931 0.000561537 121.217 0.000561168 0.000561167 0.000561169 0.000561169 0.000561203 0.000561168 0.000566466 0.000561423 0.00056119 0.000561405 0.0005614 0.000572652 0.000561168 0.000561167 0.000561168 19.1367 0.000562216 0.00056117 0.000561167 0.000561169 0.000561168 0.000561168 0.00056147 0.000561167 0.000561168 0.000561637 0.000561413 0.000561167 32.2614 0.000561445 0.000561266 0.000561286 0.000564652 0.000561418 0.000575084 0.000561167 0.000561224 0.000561167 0.000561167 0.000561432 0.000561167 0.000561288 0.000561693 0.000561169 0.000561689 0.000561219 0.000561167 0.000561168 0.000561804 0.000561168 0.000561167 0.000561545 0.000561167 0.000561168 0.000561167 0.000561167 0.000561167 0.000561168 0.000561168 0.000561168 0.000561168 0.000561167 0.0013251 0.000577493 0.000561744 0.000596366 0.000569745 0.000561176 0.000561169 0.000561167 0.000775486 0.000561167 0.000561169 0.000561167 0.00056594 0.000561168 0.000561199 0.000564719 0.000589397 0.000561169 0.000561167 0.000561366 0.000561169 0.000561188 0.000561171 0.000561167 0.000561172 0.000763858 0.000561167 0.000561167 0.00064438 0.000561168 0.000561234 0.000561167 0.000561243 0.000561224 0.000561167 0.000561167 0.000563152 0.000561486 0.000561167 0.000561275 0.000561167 0.000561167 0.000561177 0.0005618 0.00056485 0.000561167 0.000561167 0.000561167 0.000561173 8.46878 0.000561167 0.000561369 0.000561168 0.000561167 0.000561278 0.000562826 0.000561217 0.000561916 0.000561168 0.000561168 0.000561174 0.000561682 0.000561167 0.000561167 0.000561401 0.000561228 0.000561187 0.000561168 0.000561167 0.000561246 0.000561168 0.000561502 0.000561167 0.000561168 0.000561167 0.000561191 0.000561167 0.000561169 0.000561167 0.00306995 0.00056117 0.000561167 0.000561167 0.000795134 0.000561525 0.000561167 0.000561604 0.000561167 18.9846 0.000618203 0.00056147 0.000561168 0.000561168 0.000561171 0.000561167 0.000561169 0.000561564 0.000561167 0.000561169 0.000561168 0.000561229 0.000566075 0.000561168 0.000561171 0.000561169 0.000561954 0.000561168 0.000561167 0.000561264 0.00056118 0.000562853 0.000561458 0.000561168 0.000561168 0.000574318 0.00056117 0.000561205 0.000561168 0.000563842 0.000561167 0.000561167 0.000561167 0.000561169 0.000561167 0.000561168 0.000561222 0.000561168 0.000561185 0.000561167 0.000561168 0.00057322 0.000561169 0.000561783 0.000561168 0.000561266 0.000561169 0.000561167 0.000561167 0.000561195 0.000561168 0.000561167 0.000566832 0.000561818 0.000561168 0.00056117 0.000561167 0.000561168 0.00056166 0.000561167 0.000561168 0.000561171 0.000561167 0.000561168 0.00056123 0.000561167 0.000564066 0.000561167 0.000561167 0.000561168 0.000627143 0.000569975 0.000561167 0.000563382 0.000754562 0.000561167 0.000561167 0.000561167 0.000561177 0.00056179 0.000561167 0.000561184 0.000561168 0.000561168 0.000561609 0.000569507 0.000561865 0.000561171 0.000581982 0.000561621 0.000561261 0.000605183 0.000561983 0.000561941 1.72344 0.000561167 0.000561167 0.000561167 0.000562079 0.000561222 0.000561167 0.000561188 0.000561364 0.00056187 0.000561169 0.000561168 12.6656 0.000561167 0.000561265 0.000561168 0.000561167 0.000561201 0.000561772 0.000561168 16.012 0.000561167 0.000563599 0.000561167 0.000561167 0.000561514 0.000561168 0.000561176 0.000561391 0.000561168 0.000561307 0.000561168 0.000561169 0.000561282 0.000561167 0.000561178 0.000561393 0.000561168 0.000561167 0.000561203 0.000563717 0.00056199 0.000561168 0.000561167 0.000561167 0.000561195 0.000561167 0.000561167 0.000561184 0.000561563 0.000561169 0.000561168 0.000561168 0.000561169 0.000561167 0.000561171 0.000561271 0.000561214 0.000561168 0.000562125 0.000561168 0.000561827 0.000561398 0.000561167 0.000561168 0.000561399 0.000562351 0.000567821 0.000561168 0.000561168 0.00056225 0.000576623 23.2842 0.000632418 0.000561168 0.000561167 0.000561168 0.000561168 0.000563523 0.000561167 0.000561219 0.000561168 0.000561168 0.000561168 0.00056147 0.000561194 0.000742129 0.000561206 0.000561185 0.000561168 0.000561168 0.00159294 0.000681229 0.000561168 0.000562703 0.000561324 0.000561169 0.000561167 0.000561167 0.000561168 0.000561168 0.000561167 0.000561167 0.000561167 0.000561167 0.000561167 0.000561168 0.000561168 0.000561167 0.000561167 0.000561168 0.000561227 0.000561242 0.000561167 0.000561167 0.000561275 0.000561167 0.000561168 0.000598837 0.000561224 0.000561169 0.000561167 0.000561167 0.000561168 0.000561167 0.000561402 0.000561271 0.000561339 0.000561167 0.00056117 0.000561167 0.000561836 0.000561312 6.65415 0.000561167 0.000561167 0.000561167 0.000561216 0.000561308 0.000561195 0.000561168 0.000561169 0.000561167 0.000561276 0.000686561 0.000561167 0.00355268 0.000561262 0.000561168 0.000561169 0.000561248 0.000561214 0.000561167 0.000561647 0.000561169 0.000561167 0.000561191 0.000561167 0.000561281 0.000561167 0.000561517 0.000561168 0.000561297 0.000561174 0.000561167 0.000561167 0.000561435 0.000561168 0.000561228 0.000561167 0.00056117 0.000561169 0.00056337 0.000561169 0.000561561 0.000561167 0.000561247 0.000561167 0.000561168 0.000561412 0.000561167 0.000561167 0.000561168 0.000575765 0.000561167 0.000561167 0.000561167 0.00121086 0.000561167 0.000561167 20.5666 0.000562301 0.000561168 0.000561236 0.000628956 0.000561625 0.000561167 0.000563163 0.000604778 0.000561167 0.000561167 0.000561168 0.000561167 0.000561167 0.000561212 0.000561167 0.000561245 0.000561262 0.000561172 0.000561172 0.000561167 0.000567623 0.000561167 0.00056141 0.000561167 0.000561437 0.000561169 0.000561168 0.000561575 0.000561168 0.000561232 0.000561168 0.000562158 0.000561167 0.000561168 0.000561169 0.000561167 0.000596343 0.000561169 0.000561168 0.000561489 0.000561553 0.000568289 0.000561167 0.000561253 0.000561212 0.000561167 0.000565151 0.000561174 0.000561313 0.00056117 0.000561168 0.000561167 0.000561167 0.000692057 0.000561196 0.000561169 20.5666 0.000561228 0.000561167 0.000561169 0.000562183 0.000561167 0.000561168 0.000561167 0.000561169 0.000561435 0.00056124 0.000561798 0.000561167 0.000561167 0.000561167 0.000586833 0.000563908 0.000561167 0.000561731 0.000561171 0.000561168 0.000561167 0.000561167 0.000561169 0.000562603 0.000562327 0.0005979 0.000561167 0.000561177 0.000561634 0.000561477 0.000561167 0.000561168 0.000561481 0.000561167 0.000561168 0.0005614 0.00056117 0.000561167 0.000561746 0.000561167 0.000563656 0.000561362 37.4265 0.000561167 0.00056133 0.000561525 0.000561167 0.000561168 0.000561167 23.3082 0.000605829 0.000561167 0.000561167 0.000561168 0.000561182 0.000561167 0.000561171 0.000561168 0.000561238 0.000561167 0.000563985 0.000562496 0.000576235 0.000561517 0.00056241 0.000561168 0.000561391 0.000609299 0.00056117 0.000561199 0.000561167 0.000561167 0.000561167 0.000561168 0.000561167 0.000561168 0.000561521 0.000561167 0.000561328 0.000561167 0.00056117 0.000561173 0.000561239 0.000561167 0.00056117 0.000561373 0.000561782 0.000561245 0.000561168 0.000561218 0.000561167 0.000562691 0.000561167 0.000561167 0.000561167 0.000561173 0.000569034 0.000670395 0.000561168 0.000565048 0.000561168 0.000561594 0.00056117 0.000561168 0.000561168 0.000561168 0.000561167 0.000561167 0.000561167 0.00056117 0.000561169 0.000561178 0.000561177 0.000561167 0.000561167 0.000588739 0.000561168 0.000561174 0.000561168 0.000561169 0.000561168 0.000561377 0.000561168 0.000561168 0.000561167 0.000561975 0.000614188 0.000561168 0.000561581 0.000561519 0.000588884 0.00056133 0.000561167 0.000561167 0.00056664 0.000561477 0.000561167 0.000561168 59.9706 0.000561526 0.000561583 0.000561167 0.000561167 0.000561169 0.000561168 0.000565268 0.000561299 0.000561168 0.000561428 0.000561169 0.000561168 0.000561167 0.00056117 0.000561168 0.000561637 0.000561168 0.000561176 0.000561169 0.000561167 0.000561243 0.000621467 0.00056117 16.1918 0.000561168 0.000561178 0.000561172 0.000561205 0.000561168 0.000563235 0.000561167 0.00056117 0.000561167 0.000561168 0.000561318 0.000561169 0.000561169 0.000568224 0.000561167 0.000563211 0.000561223 0.000562127 0.00056117 0.000561167 0.000563611 0.000561168 0.000561167 0.000586288 0.000561168 0.000561167 0.000561167 0.000561205 0.000561853 0.000637119 0.000561167 0.000561178 0.000561167 0.000597068 0.000561167 0.000561167 0.000562047 0.000561683 0.000561184 0.000561169 0.000561167 0.000561168 0.000561167 0.000561167 0.000718638 0.000561169 0.000561168 0.000561469 0.000561168 0.00056117 0.000561168 0.000561168 0.000564354 0.000561843 0.000561167 0.000561167 0.000561167 0.000561458 0.000561312 0.000895027 0.000561167 0.000563945 0.000561172 0.000561167 0.00056117 0.000561167 0.000561167 0.000561199 0.000561167 0.000561169 0.000561167 0.000561167 0.00056118 0.000561167 0.000561168 0.00056172 0.000561168 0.000561168 0.000561167 0.000561168 0.000561167 0.000561168 0.000562342 0.000561167 0.000561172 0.000562434 0.000561168 0.000561169 0.000561167 0.000561168 0.000561169 0.000561335 0.000732126 0.000561167 0.000561168 0.000561487 0.000561168 138.251 0.000561167 0.000565102 0.000561169 0.000561168 0.000796559 0.000561168 0.000561168 0.000561731 0.000562091 0.000561169 0.000567052 0.00056117 0.00056117 0.000561247 0.000561168 0.000561955 0.000561168 0.000561168 0.000561167 0.000567847 0.000563037 0.000561168 0.000574659 0.000561248 0.000561167 0.000642419 0.000561169 0.000561168 0.000561171 0.000561167 0.000561167 0.00056117 0.000561197 0.000571855 0.000561169 0.000561596 0.000561167 0.000561169 0.000561351 0.000561169 0.00056117 0.000563238 0.000561181 0.000588673 0.000561236 34.9267 0.00056126 0.000561193 0.000561167 0.000562263 0.00056117 0.000561175 0.000562643 0.000561167 0.000561169 0.000561175 0.00056645 0.000561208 0.000561173 0.00056218 0.000561169 0.000561993 0.000579047 0.000563041 0.000561908 0.000561179 0.000561167 0.000561167 0.000561169 0.000561167 0.000564403 0.000561168 0.00056199 0.000561169 0.000561345 0.000561369 0.000561169 0.000561168 0.0345769 0.000561168 0.000561167 0.000561621 0.000561167 0.000561168 0.000561495 0.000561169 0.000570071 0.000561565 0.000561168 0.000561168 0.000561348 0.000561167 0.000561169 0.000561208 0.000561787 0.0005618 0.000561167 0.000663799 0.000561168 0.000561167 0.000561383 0.000561167 0.000561168 0.000561169 0.000562955 0.000561184 0.000561314 0.000561202 0.000561168 0.000561169 0.000561168 0.000561712 0.000561169 0.203349 0.000561167 0.000561173 0.000564149 0.000561167 38.4079 0.000561167 0.000561177 0.000561168 0.000561168 0.000561924 0.000561273 0.000561167 0.000561184 0.00056117 0.000561571 0.000684154 0.000575323 11.5354 0.000564893 0.000561196 0.000561167 0.00056121 0.000561968 0.000561167 0.000561182 0.00057089 0.000561167 0.000561169 0.000561168 0.000561168 0.000561167 0.000561708 0.000561167 0.000561301 0.00056117 0.000561332 0.000563219 0.000562239 0.000561167 0.000561172 0.000564618 0.000561327 0.00056117 0.000561168 0.000565243 0.000561212 0.000561426 0.000561167 0.000561167 0.000561444 0.000561172 0.000561366 0.000561186 0.000563344 0.000561298 0.000561169 0.000561167 0.000561169 0.000561242 0.000561216 0.000561167 0.000561167 0.000561276 0.000561171 0.000561171 0.000561169 0.000561167 0.00057501 0.000561167 0.000561168 0.000561167 0.000561167 0.000561167 0.000561857 0.000561167 5.83388 0.000561167 0.000561167 0.000561168 0.000561167 0.000561167 0.000561167 0.000561167 0.000561257 0.000683482 0.000597978 0.000561231 0.0005613 0.000833338 0.000562599 0.000561168 0.000563018 0.000561167 0.000563064 0.000561169 0.000561168 0.000561168 0.000561167 0.000561167 0.000561168 0.000561167 0.00057222 0.000561178 0.000561168 0.000561657 0.000561167 0.000561168 0.000561168 0.000561168 0.00056889 0.000561167 0.000561698 0.00056125 0.000561168 46.7163 320.677 0.000561226 0.000561167 0.000561295 0.000561511 0.000564411 0.00056135 0.000561168 0.000705757 0.000561167 0.000561167 0.000561183 0.000561168 0.000561219 0.000573691 0.000561249 0.000561169 0.000561168 0.000561168 0.000561171 0.000561167 0.00261157 0.000561167 0.000561168 0.000561169 0.000561167 0.000561169 0.000561167 0.000561167 0.000561167 0.000579171 0.00056117 0.00056117 0.000561167 0.000561181 0.000561168 0.000570982 0.000561523 0.000561167 0.000561188 0.000561171 0.000569918 0.000561569 0.000561174 0.000561168 0.000561425 0.000561167 0.000561238 0.000561168 0.000561168 0.000561168 0.000561173 0.000568994 0.00056117 0.000561169 0.000730432 0.000599351 0.00056714 0.000561169 0.000561171 0.000561454 0.000563363 0.000561168 0.00056117 0.000561199 0.000561167 0.000561254 0.000564335 0.000561167 0.000561167 0.00056125 0.000561167 0.000561168 0.128443 0.000561174 0.000561169 0.000561248 0.000561169 0.000577709 0.000561167 0.000564687 0.000561175 0.000561168 0.000561168 0.000561167 0.000561167 0.000561412 0.000561169 0.000561175 0.000561168 0.000561168 0.000561168 0.000561852 0.000561168 0.000561167 0.000648055 0.000561198 0.000561167 0.000561167 0.000561169 0.000561167 0.000561167 0.000561167 0.000561548 0.000561167 0.000561167 0.000561167 0.000561167 0.000561168 0.000561167 0.000561167 0.000561214 0.000561169 0.000561168 0.000561167 0.000561167 0.000561168 0.000561167 0.000561167 0.000561193 0.000561168 0.000561169 0.000561168 0.000561331 0.000561167 0.000562263 0.000567626 0.000561177 0.000561167 0.000561341 0.000561169 0.000561169 0.000561173 0.000561167 0.000561229 0.000561168 0.000562048 0.000562292 0.000561167 0.000567274 21.3561 0.000565125 0.000561514 0.000561167 0.000563579 0.000561171 0.000561466 0.000561168 0.000561169 0.000561167 0.000561737 0.000588159 0.000561168 0.000561167 0.000561169 0.000561393 0.00056124 0.000561167 0.000561168 0.000561168 0.000561959 0.00056118 0.000561169 0.000568484 0.000561169 0.000561168 0.000561206 16.0814 0.000561209 0.000561571 0.000561893 0.000586041 0.000561286 0.000561619 0.000561168 0.000561176 0.00056117 0.000561167 0.000561168 0.000561171 0.000561167 0.000561168 0.000563364 0.000561168 0.000561167 0.000561312 0.000561374 0.000561168 0.000563459 0.000561168 0.000561167 0.000564549 0.000561255 13.0906 49.0795 0.000572764 0.000561497 0.000561481 0.00056166 0.000561167 0.000561672 0.000561168 0.000561168 0.000561197 0.000561565 0.000561167 0.000561168 0.000561168 0.000561167 0.000561168 0.000561167 0.000561167 0.000561168 0.000561167 0.000561167 0.000561169 0.000561167 0.00056117 0.000561169 0.000561167 0.000561168 0.000561168 0.00056553 0.000561238 0.000561168 0.000561254 0.000561168 0.000561172 0.000567764 0.000564507 0.000561324 0.000561167 0.000561168 0.000561167 0.000562327 0.000561167 0.000873003 0.000561167 0.000567818 0.000561167 0.000561262 0.000563459 0.000561168 0.000561168 0.000561167 0.000561167 0.000561167 0.000561167 0.000580363 20.6707 0.000561168 0.000561167 0.000561169 0.000561262 0.000561178 0.000561168 0.000561192 0.000561194 0.000561167 0.000561421 0.000561167 0.000563644 0.000561168 0.000597362 0.000562252 0.000561169 0.000561167 0.000562004 0.000718152 0.000562835 0.000561167 0.000561167 0.000561168 0.00056117 0.000561167 0.000561182 0.00056127 0.000562006 0.000561169 0.000561168 0.000561167 0.000561603 0.000561935 0.000561167 0.00056117 0.000561167 0.000561167 0.000561169 0.000561169 0.000561168 0.000561168 0.000561169 0.000564193 0.000561186 0.000561167 0.000561175 0.000561529 0.000561168 0.00056117 0.000561168 0.000561168 0.000561167 0.000561169 0.000562054 0.000561168 0.000561169 0.000561167 0.00056117 0.000570816 0.000561167 0.000562875 0.000568645 0.000561167 0.000561169 0.000561178 0.000561167 0.000561167 0.000561176 0.000561167 0.0006212 0.000561167 0.000561441 0.000561178 0.000561289 0.000561167 0.000625911 0.000561167 98.3656 0.000561167 0.000561167 0.000561345 0.000561235 0.000561167 0.000583474 0.000561169 0.000562487 0.000561167 0.000561168 0.000561168 0.000561167 0.000563822 0.00056117 0.000561167 0.000561167 0.000561167 0.000561169 0.000561168 0.000562062 0.000561247 0.000561168 0.00056117 0.000561167 0.000561255 0.000561581 0.000633221 0.000573741 0.000561169 0.000561487 0.000561219 0.00056117 0.000584402 0.000561185 0.000561743 0.000561247 0.000561168 0.000561167 0.000561197 0.000561206 0.000561171 0.000561495 0.000561167 0.00056354 0.000564007 0.000582899 0.000561167 0.000561168 0.000561207 21.374 0.000561169 0.000563021 0.000561168 0.000561704 0.000561314 0.000561168 0.000561263 0.000561167 0.000561167 0.000561168 0.000561168 0.000561169 0.000561169 0.000561167 0.000561264 0.000561168 0.000561167 0.000561167 0.000561168 0.000561248 0.00081519 0.000561169 0.000561167 0.000581907 0.000561876 0.000561296 0.000563331 0.000605495 0.000563228 0.000563147 0.000561168 0.000561356 0.00057006 0.000561168 0.000561168 0.000562759 0.00360614 0.000561168 0.000613993 0.000561168 0.000561167 0.000561169 0.000561168 0.000564211 0.000561169 0.000561194 0.000561168 0.000561167 0.00056117 0.000561167 0.000561167 0.000561175 0.000561167 0.000561168 0.000561272 0.000563743 0.000561167 0.000567085 0.000561345 0.000561168 0.000561168 0.000561167 0.00273749 0.000561526 0.000561168 0.000561169 0.000561478 0.000561341 0.000561168 0.000561167 0.000561169 0.000561167 0.000612616 0.00056117 0.00056209 0.000629893 0.0005689 0.000561199 0.000561167 0.000562256 0.000561169 0.000561168 0.000561189 0.000561167 0.000561167 0.000564148 0.000561167 0.000574816 0.000561167 0.000561167 0.000561167 0.000561167 0.000561167 0.000561169 0.000561167 0.000561167 0.000561167 0.000561167 0.000563863 0.000725725 0.000561167 0.000561168 0.000561169 0.000561167 0.000561167 0.000561173 0.000561402 0.00056119 0.000561168 0.000561267 0.000561448 0.000561168 0.000561167 0.000561717 0.000561167 0.000561169 0.000561167 0.000561167 0.000561168 0.000561184 0.000561167 0.000561169 0.000577068 0.000561168 0.00056117 0.000561167 0.000561214 0.000561167 0.000728851 0.000561168 0.000561169 0.000561168 4.26425 0.000561169 0.000561176 0.000561167 0.000561168 0.000561167 0.000587199 0.000564527 0.000561348 0.00056134 0.000561731 0.000561167 0.000562079 0.000582544 0.000561216 0.000561523 0.000561274 0.000561169 0.000561261 0.000561168 0.0005626 0.000561167 0.000561168 0.000561168 0.000561172 0.000594937 0.000561168 0.000561167 0.000561186 0.000561168 0.00056117 0.000561167 0.000561168 0.000561209 0.000561167 0.000561353 0.000561169 0.000567258 0.000561168 0.000561331 0.00056117 0.000561168 0.000561168 0.000561167 0.000561168 0.000561171 0.00058975 0.000561168 0.000562008 0.000561168 0.000561168 0.000788153 0.000561168 0.000561168 0.000561169 0.000561282 0.000561168 0.000561472 0.000561549 0.000561169 0.000572106 0.000561169 0.000561169 0.000561167 0.000562786 0.000561167 0.000561433 0.000589794 0.000561167 0.000561167 0.000561167 0.000561173 0.000697955 0.000561167 0.000714957 0.000561237 0.000561231 0.000561167 0.00056117 0.000561235 0.000561733 0.000565569 0.000561168 0.000561168 102.831 0.00056117 0.000561168 0.000561167 87.323 0.000561172 0.000561167 0.00056117 0.000561168 0.000561172 0.000562636 12.5905 0.000561168 0.000561168 0.000562879 0.000561167 0.000561168 0.000561171 0.000561169 0.000561473 0.000561169 0.000561349 0.000561315 0.000561543 0.000561416 0.000594664 5.51928 0.000561169 0.000561386 0.000571775 0.000561167 0.00056264 0.000561167 0.000561168 0.000566855 0.000561235 0.000561167 0.000561774 0.000561169 0.000562355 0.000561168 0.000561168 0.00056117 0.000561615 0.000575761 0.000561223 0.000561168 0.000561506 0.000561167 0.000561168 0.000561167 0.000561168 0.000561168 0.000561222 0.000561467 0.000572989 0.000561168 0.000561169 0.000561167 0.000624471 0.000561167 0.000561411 0.000561167 0.000561286 0.0005615 0.000561172 0.000561345 0.000561167 0.000561217 0.000561167 0.000563867 0.000561168 0.000561167 0.000561167 0.000561169 0.000561168 0.000561167 0.000561268 0.000561167 0.000561167 0.000561167 0.000561167 0.000561167 0.000561167 0.000561167 0.000561167 0.000571281 0.000561169 0.000561177 0.000561168 0.000561167 0.000561169 0.000561472 0.000561168 0.000561168 0.000561173 0.000561167 0.000561167 0.000561171 0.000561212 0.00060297 0.000561168 0.000561168 0.000561186 0.000561167 0.000561489 0.000561324 0.000580175 0.000561168 0.000561167 0.000581098 0.000561168 0.000561169 0.000561329 0.000561333 0.000561168 0.000582674 0.000561843 91.4015 0.000561167 0.00056136 0.000561186 0.000561169 0.000561307 0.000561167 0.000561168 0.000561182 0.000561281 0.000561167 0.000561354 0.000561167 0.000561167 0.000561168 0.000562706 0.000561167 0.000561167 0.000561167 0.000561167 0.000561169 0.000561168 0.000561169 0.00056117 0.000561168 0.000561167 0.000561167 0.000565843 0.000562146 0.000564721 0.000561167 0.000561453 0.000561168 0.000563194 0.000713801 0.000561167 0.000561167 0.000561167 0.000561168 0.000561167 0.000565863 0.000571651 0.00056132 0.000561167 0.000561168 0.000561335 0.000561168 0.00056117 0.000561598 0.00056117 0.000563004 0.000561167 0.000561167 0.000561168 0.00056117 0.000561168 0.000561169 0.000561167 0.000562354 0.000561174 0.000561168 0.000561167 0.000573201 0.000561168 0.000561168 0.00056117 0.000561167 0.000561168 0.000561182 0.000561169 0.000561168 0.000562918 0.000561396 0.000561167 0.000561168 0.000561169 0.000561168 0.000561168 0.000561167 0.000561951 8.45395 0.000561167 0.000621826 0.000561168 0.000562872 0.000561169 0.000601111 0.000561185 0.000572888 0.000561167 0.000566004 0.000561199 0.000561168 0.000561167 0.000561167 0.000561167 0.000561275 0.000561169 0.00056125 0.000561538 0.000590594 0.000561167 0.000566928 0.000566729 0.000561168 0.000561168 0.000561168 0.000561167 0.000561167 0.000561175 0.000561185 0.000561168 0.000561179 0.000561167 0.000561192 0.000561167 0.000561167 0.000561168 0.000561167 0.000561487 0.000561168 0.000578306 0.000561167 0.000561169 0.000564017 0.000561169 0.000561475 0.000561167 0.000563046 0.000561167 0.000663033 0.000561167 0.000566646 0.000561167 0.000561167 0.000561316 0.000561171 0.000561167 0.000561173 0.000561169 0.00056117 0.000569363 0.000561782 0.000561369 0.000561172 0.000561167 0.000561989 0.000561167 0.000561167 0.000561167 0.000561351 0.000561168 0.000561177 0.000561167 0.000561168 0.000561169 0.000561168 0.000561186 0.00056117 0.000561168 0.000569788 0.000561169 0.000561168 0.00080357 0.000561578 0.000561168 0.000648472 0.000561167 0.000561167 0.000561168 0.000561374 0.000561455 0.000561168 0.000561167 0.000561168 0.000561167 0.000561754 0.000561169 0.000561167 0.000561167 0.000562003 0.000642146 0.000561169 0.000561167 0.000571775 0.000561167 0.000561238 0.000562232 0.000561168 0.000561229 0.000561258 0.000561168 0.000561167 0.000561582 0.000561167 0.000562559 0.000561168 0.000561169 0.000561187 0.000561956 0.000561425 0.000561171 0.000561169 0.000561167 0.000561169 0.00056132 0.000561714 0.000561169 0.000561169 0.000561169 0.000561211 0.000561545 0.000561167 0.000561167 0.000561167 0.000561186 0.000561167 0.000561185 0.000561169 0.000562905 0.000561167 0.000561169 0.000561169 0.000561169 0.000561168 0.0005688 0.000561176 0.000562074 0.000561169 0.000561169 0.000561167 0.000561178 0.000561167 8.91769 0.000561566 0.000561271 0.000561181 0.000561168 0.000561227 0.000561167 0.000575576 0.000561884 0.000561286 0.000561168 0.000561167 0.000561167 0.000561169 0.00056117 0.000582779 0.000561875 0.000561257 0.000561169 0.000561184 0.000561167 0.00056142 146.347 0.000564308 0.000561167 28.5538 0.000561168 0.000561167 0.000561167 0.000561312 0.000561167 0.000561169 0.000561291 0.000561172 0.000561168 0.000561838 0.000561167 0.000561605 0.000561169 0.000561169 0.000561527 0.000561167 0.000561167 0.000561168 0.000561167 0.00056117 0.000561167 0.00056117 0.000561386 0.000561167 0.000561167 0.0108937 0.000561167 0.00056117 0.00056117 0.000561663 0.000561489 0.000561168 0.000561171 67.9169 0.000561167 0.000561168 0.000561167 0.000561169 0.00057465 0.000561175 0.000561168 0.000561202 0.000578832 0.00061371 0.000561423 0.00056283 0.000562572 0.000561172 0.000561335 0.000591194 0.000561296 0.000561475 0.000576399 0.000561167 0.000561171 0.000561169 0.000561167 0.000561167 0.000561167 0.000561168 0.00056117 0.000561169 0.000561187 0.000561177 0.000561168 0.000561168 0.000561168 0.000561167 0.000561167 0.000561171 0.000561224 0.000599762 0.00056153 0.000561424 0.000561168 0.000562086 0.000561597 0.000561168 0.000562026 0.000592373 0.000561213 0.000561182 0.000561447 0.000561168 0.000561995 0.000561167 0.000561168 0.00056117 0.000561167 0.000561391 0.000561168 0.000561167 0.000561167 0.000561167 0.000578391 0.000564155 0.000561629 0.000561172 0.000561167 0.000561167 0.000561182 0.000561168 0.000561167 47.5692 0.000561185 0.000561169 0.000561171 0.000604995 0.000561167 0.00056144 0.000561167 0.000561167 0.000561168 0.000561169 0.000561168 0.000561197 0.000561249 0.000574098 0.000561187 0.000561255 0.00056117 0.000561168 0.000561217 0.000561168 0.000561169 0.000563357 0.000561168 0.000561167 0.000561167 0.000561167 0.000561169 0.000561167 0.000561168 0.000561168 0.000561208 0.000564105 0.000561344 0.000561469 0.000567745 0.000561168 0.000561167 0.000561169 0.000561306 0.00056117 0.000561169 0.000562399 0.000561167 0.000572883 0.000561167 0.000561168 0.000561168 0.000561167 0.000561167 0.000561169 0.000561168 0.000561167 0.000561536 0.000561476 0.000563069 0.000561178 0.000561271 0.000561917 0.000561168 0.000561197 0.00056117 0.000561169 0.00056117 0.00056538 0.000561669 0.000561219 0.000561167 0.000561168 0.00056117 0.000561682 0.000561167 0.000562142 0.000645445 0.000561176 0.000561167 0.00056117 0.000561168 0.000561191 0.000561167 0.000561714 0.000561168 0.000561202 0.000561168 0.000561169 0.000561298 0.000561168 0.000561168 0.000561167 0.000561168 0.000561167 0.000561168 0.000561169 0.000561226 0.000561167 0.00056852 0.000561167 0.000561245 0.000561482 0.000561168 0.000561172 0.000588067 0.000561168 0.000561167 0.000561815 0.000561167 0.00056642 0.000561183 0.000561523 0.000561168 0.000561167 0.000561168 0.000561169 0.000561167 0.000763224 0.000561167 0.000633284 0.000562364 0.000561276 0.000561167 0.000561167 0.000561167 0.000636109 0.000561168 0.000561168 0.000561168 0.000561171 0.000561167 0.000561167 0.000570073 0.000561167 0.000561167 0.000561168 61.3039 0.000561167 0.000561245 0.000561219 0.000561171 0.000561167 0.000562641 0.000561168 0.00056392 0.000561231 0.000561167 0.000561477 0.000561167 0.000568279 0.000561168 0.000561167 0.000561167 0.000561168 0.000561856 0.000561168 0.000561168 0.000561719 0.000561346 20.0258 0.000561168 0.000561167 0.000561307 0.000561169 0.000561167 0.00056218 0.000561548 0.000576689 0.000561184 0.000580784 0.000607632 0.000561168 0.000569103 0.000561172 0.000561168 0.000562399 0.000626815 0.000561371 0.000561167 0.000561171 0.000562118 0.000561167 0.000583975 24.3367 0.000561167 0.000561167 0.000561167 0.000561293 0.000561167 0.000561181 0.000563478 0.000561168 0.000561172 0.000561169 0.000561167 0.000561169 0.00056607 0.000561168 0.000561167 0.000561167 0.000561168 0.000561245 0.000561167 0.000561193 0.000561594 16.0199 0.000561167 0.000561173 0.000561168 0.000563583 0.000561167 0.000561168 0.000561167 0.000561168 0.000561167 0.000561168 0.000561167 0.000561313 0.000561167 0.000561192 0.000561167 0.000561604 0.000561167 0.000561169 0.000561168 0.000561168 0.000561169 0.000561168 0.000565915 0.000561167 0.000561514 0.000561168 0.000561167 0.000561168 0.000561635 0.000561167 0.000561169 12.6462 0.000561167 0.000561168 0.000561168 0.000561241 0.000567572 0.000561172 0.000561167 0.000561168 0.000561167 0.000561167 0.000561167 0.000561167 0.000561167 0.000561169 0.000561172 0.000561167 0.000561226 0.000561308 0.000561168 0.000561199 0.000561169 0.000566532 0.000561183 0.000561271 0.000561167 0.000561168 0.000561168 0.000561259 0.000561168 0.000561167 33.1702 0.000562166 0.000561171 0.000561167 19.8199 0.000561642 0.000561168 0.000561167 0.000561168 0.000561169 0.000561472 0.000561194 0.000561168 0.000561167 0.000561194 0.000561167 0.000561167 0.000561168 0.000561169 0.000561167 0.000561526 0.000561469 0.000571641 0.000561167 0.00056119 0.000561168 0.000561168 0.0005862 0.000561169 0.000561251 0.000561169 0.000561169 0.000561167 0.000561829 0.000600807 0.000561188 0.000912415 0.000561265 0.000561942 0.000561172 0.000561889 0.000562552 0.000561233 0.000561168 0.000561169 0.000561168 0.000561169 244.81 0.000561168 0.000561167 0.000561243 0.000561168 0.000561167 0.000561678 0.000561182 0.000561167 0.000561167 0.000561168 0.000597134 0.000561167 0.000561167 0.000561168 0.000561655 0.000561168 0.000561178 0.000561167 0.000561394 0.000563299 0.000561167 0.000561215 0.0023791 0.000561168 0.000561585 0.000561464 0.000567979 0.000561167 0.000562338 0.000561167 0.000561168 0.000561169 0.000561169 0.000563699 0.000561167 0.000584398 0.000561168 0.000561235 0.000561167 0.000561167 0.000572933 0.000562965 0.000561169 0.000561168 0.000561177 0.000561612 0.000561177 0.000581907 0.000561974 0.000561167 0.000561167 0.000561168 0.000561168 0.000563642 0.000561169 0.000561168 0.000561168 0.000561167 0.000561719 0.000564556 0.00056117 0.000561167 0.000561944 0.000561167 0.000561169 0.000809567 0.000561902 0.000561522 0.000561168 0.000562263 0.000561167 0.000561167 0.000561168 0.000570044 0.000561167 0.000701327 0.000561171 0.000561561 0.000561167 0.000561167 0.000561417 0.000995442 0.000561167 0.000561168 0.000561168 0.000561167 0.000561253 0.000561168 0.000561167 0.00056125 0.000570627 0.000561167 0.00056117 0.000566119 0.000561227 0.000561167 0.000572664 0.000561172 0.000562386 0.000561167 0.00107825 0.000561218 0.000572598 0.000561173 0.000561167 0.000561172 0.000561168 0.000679947 0.000561167 0.000561167 0.000561219 0.000561167 0.000561217 0.000561168 0.000562762 0.000561197 0.000561169 0.000561945 0.000561168 0.000561168 0.000567084 0.00056286 0.000573413 117.255 160.13 0.000561971 0.000561167 0.000561168 0.000561168 0.000561168 0.000561169 0.000561168 0.000561167 0.00056118 0.000561167 0.000561168 0.000561207 0.000562876 0.000561168 0.000561167 0.000561167 0.000564982 0.000561181 0.000561167 0.000561168 0.000561167 0.000561735 0.000561167 0.000561167 0.000561168 0.000561168 0.000561171 0.000561229 0.000562327 0.000561167 0.000586683 0.000611581 0.000581198 0.000561168 0.000561681 0.000561168 0.000561168 0.000561249 0.000561341 0.000561187 0.000561171 0.000561169 0.000561168 0.000561634 0.000992853 0.000561168 103.352 0.000564899 0.000561167 0.000561167 0.000561167 0.000581909 0.000561167 0.000561167 0.000561307 0.000561168 0.000561201 0.000561397 0.000564311 0.00056117 0.000561167 0.000562464 0.000561167 0.000575655 0.000561167 0.00056118 0.000561169 0.000561582 0.000561169 0.000563935 0.000561622 0.000561167 0.000561619 0.000564665 0.000561168 0.00107694 0.000561841 74.3536 0.000561167 0.000561427 0.000561168 0.000561168 0.00056122 0.000561167 0.000561168 0.000561207 0.000561168 0.000561168 0.000561167 0.000561891 0.00056117 0.000566885 0.000561181 0.000561168 0.000561167 0.000561167 0.000561167 0.000561466 0.000561167 0.000561616 0.000561588 0.000561167 0.000561272 0.000579162 0.000621041 0.000561318 0.00056127 0.000561167 0.000561722 0.000561167 0.000561167 0.0005721 0.000561168 0.000561167 0.00056201 0.000561186 0.000561169 0.000561181 0.000561167 0.000563064 0.000561167 0.00056124 0.000561169 0.000562924 0.00056213 0.00056164 0.000561182 0.000561167 0.00056343 0.000562105 0.000561167 0.000561421 0.000561305 0.000561167 0.00056363 0.000561167 0.000561168 0.000561169 0.000561168 0.000561285 0.000561167 0.000561167 0.000561168 0.000561168 0.000580379 0.000561167 0.00157491 0.000562631 0.000561167 0.000561168 0.000561171 0.000561168 0.000561167 0.000561167 0.000561835 0.000561168 0.000561167 0.000561167 0.000561169 0.000561167 0.000561178 0.000561171 0.000561195 0.000561167 0.000561167 0.000561168 0.000561167 0.000561168 0.000561169 0.000562543 0.000561168 0.000561168 0.000561191 0.000565666 0.000615003 0.000561167 0.000561188 0.000564402 0.000573651 0.000561168 0.000561167 0.000561167 0.000562291 0.000561167 42.0948 0.000561326 0.000561168 0.000561167 0.000561167 0.00056117 0.000561168 0.000561168 0.000561167 0.000561168 0.000561233 0.000561167 0.000572757 0.000561621 0.000561169 0.000561501 0.000561168 0.000561758 0.000561167 0.000561964 0.000562203 0.000561168 0.000561168 0.000561182 0.000561168 0.000768594 0.000561168 0.000561169 0.000561168 0.000561168 0.000561167 0.000561169 0.000561167 0.000561167 0.000561512 0.000561167 0.000561169 0.000670134 0.000580567 0.000561171 0.000561168 0.000561168 0.000562 0.000561376 0.00056216 0.000571915 0.000562309 0.000561168 0.000562142 0.000561654 0.00056117 0.000562095 0.000563148 0.000561167 0.000561167 0.000561167 0.000563128 0.000561818 0.000561271 0.000561167 0.00056117 0.000561168 0.000561175 0.000561167 0.000561167 0.000561167 0.000561167 0.000561351 0.000561316 0.000561167 0.000561167 0.000561167 37.0403 0.00056117 0.000561169 0.00056123 0.000561167 0.000563577 0.000562547 0.00175815 0.000561168 0.000561167 0.000561168 0.000561212 0.000737177 0.000561168 0.000561167 0.000566584 0.000561169 0.000561443 0.000561168 0.000561167 0.000561973 0.000561169 0.00057446 0.000561168 0.000561171 0.000561168 0.0011084 0.000716003 0.000561167 0.000561167 0.000561168 0.000561178 0.000561171 0.00056431 0.000561168 0.000562416 0.000561169 0.000561167 41.1447 0.000561167 0.000561183 0.000561167 0.000561171 0.000561277 0.000611734 0.000561531 0.00056117 0.000561167 0.000561168 0.000561264 0.000561168 0.000561169 0.000561167 0.000561168 0.000561167 0.000561207 0.000561167 0.00056117 0.000561177 0.000561168 0.000561209 0.000561167 0.000561168 0.00056117 0.000561167 0.000561168 0.000561167 0.000570365 0.000561167 0.000561183 0.000561167 0.000561196 0.000561502 0.000571932 0.000565278 0.000561243 0.000566021 0.000561189 0.000561317 0.000561168 0.000561167 0.000561167 0.000561167 0.000561167 0.000561168 0.000561239 0.000561185 0.000561168 0.000561202 0.000561168 0.000566065 0.000561167 0.000561181 0.000570663 0.000561643 0.000561167 0.000561168 0.000563007 0.000561167 0.000561439 0.000561345 0.000561168 0.000561589 0.000561185 0.000561167 0.000561167 0.000561186 0.000566354 0.000561167 0.000561344 0.000561167 0.000701236 0.000561169 0.000561471 0.000561167 0.000561727 0.000561167 0.000561168 0.000561168 0.000561311 0.000561286 0.000562286 0.000561189 0.000561167 0.000561167 0.000561468 0.000561419 0.000561589 0.000561169 0.000561282 0.00056117 0.000561168 0.000561167 0.000561177 0.000561196 0.000561167 0.000565718 0.000562416 0.000561183 0.000561167 0.000561167 0.00056117 0.000561167 0.000561826 0.000561377 0.000561368 0.000561167 0.000561167 0.000561167 0.00057056 0.000561167 0.000561167 0.000561168 0.000561178 0.000561167 0.000584501 0.000561167 0.000561168 0.000561168 0.000579174 0.000561169 0.000564434 0.00056154 0.000561167 0.000561168 0.000562063 0.000561172 0.000561167 0.000561167 0.000561167 0.00056117 0.000562184 0.00056117 0.000561168 0.000561169 0.00200138 0.000561168 0.000561254 0.000561168 0.000561328 0.000561167 0.000561167 0.000561169 0.000561215 0.000561169 0.000561167 0.000561168 0.000561167 0.000561219 0.000561167 0.000561312 0.000561513 0.000561167 0.000563435 0.000561189 0.000561174 0.000569769 0.000561168 0.000561303 0.000561176 0.000561167 0.000561167 0.000561167 0.000629693 0.000561609 0.000601825 0.000561167 0.000567785 0.000561169 0.000561168 0.000561168 0.000561169 0.000561167 0.00056117 0.00056187 0.000561665 0.000562515 0.000561416 0.000561167 0.000561169 0.000561167 0.000561168 0.000561636 0.000581907 0.000561168 0.000561173 0.000561168 0.000570575 0.000561167 0.000561167 0.000561168 0.000561167 0.000562088 0.000561785 0.000561169 0.000561272 0.000561167 0.000561168 0.000561168 0.000561167 0.000561174 0.000563407 0.000561168 0.000561168 0.000561167 0.000561167 0.000561171 0.000561168 0.00056244 0.000561167 0.000561168 0.000561168 0.000561168 0.00056117 0.000561167 0.000561168 0.000561167 0.000561217 0.000561168 0.000561168 0.000561484 0.000561168 0.000561167 0.000561167 0.000561168 0.000561168 0.000561167 0.000561168 0.000561167 0.000561168 0.00056117 0.000561167 0.000561252 0.000561167 0.000561468 0.000584663 0.000561187 0.000561168 0.000561168 0.000561169 0.000561169 0.000561169 0.000561201 0.00056117 0.000561302 0.000561167 0.000561167 0.000563131 0.000561167 0.000561167 0.000561168 0.00056117 0.000561205 0.000561167 0.000566671 0.000561186 0.000561301 0.000561167 0.000561167 0.000561167 0.000561168 0.000561167 0.000561167 0.00056117 0.000561168 0.000561923 0.00121085 0.000561556 0.00056118 0.000561168 0.000561167 0.000561167 0.000561167 0.000561171 0.000561168 0.000561179 0.000561285 0.000561167 0.00355112 0.000561293 0.000561167 20.5666 0.000561168 0.000561736 0.000561168 0.000561843 0.000561168 0.000571358 0.000561168 49.1923 0.000561171 0.000561761 0.00056117 0.000561167 0.000561168 0.00056155 0.000575296 0.000562002 0.000561167 0.000561167 0.00056243 0.000561326 14.0717 0.000561167 0.000561168 0.000564515 0.000561167 0.000561168 0.00056138 0.000561232 0.000561169 0.000561293 0.000585295 0.000561167 0.000561207 0.000561167 0.000561168 0.000561167 0.000561276 0.000561172 0.000561168 0.000561275 0.000561248 0.000561168 0.000561167 0.000561167 0.00056131 0.000561168 0.000561167 0.000561167 0.000561204 0.000562143 0.000561168 0.000561285 0.000561362 0.000840648 0.000561168 0.00056117 0.000561167 0.000561167 0.000561168 0.000562775 0.000561169 0.000561169 0.000561168 0.000561545 0.000562455 0.000562476 0.000561167 0.000561169 0.000561182 0.000561167 0.000569906 0.000566511 0.000561167 0.000561924 0.00056117 0.000561168 0.000561825 0.000561168 30.5161 0.000561167 0.000561167 0.000566545 0.000567584 0.000561168 0.00056117 0.000561169 0.000561168 0.000561168 0.000561168 0.000561323 0.000561167 0.000561168 0.000561167 0.000561169 0.000561167 0.000561168 0.000568079 0.000561183 0.00056339 0.000561167 0.000561169 0.000561167 0.000561577 0.0011455 0.000561167 0.000561168 0.000561325 0.000561167 0.000561233 0.000561167 0.000561167 0.000561167 0.000561167 0.000561168 0.000686641 503.392 0.00056264 0.000561168 0.000561167 0.000561168 0.000561168 0.000561168 0.000561177 0.000562248 0.000561236 0.00056117 0.000561167 0.000562462 0.000561179 0.00056139 0.000561168 0.000561168 0.000561167 0.000561469 0.000561168 0.00056163 68.4883 151.972 0.000561167 0.000564591 0.000561167 0.000561168 0.00056133 0.000561168 0.000582489 0.000561168 0.000561249 0.000561168 0.000561602 0.000561259 0.000561192 0.000579958 0.000561167 0.000561963 0.000561168 0.000561226 0.000564152 0.000561167 0.000561206 0.00056117 0.000561167 0.000561167 0.000561167 0.000561167 0.000561168 0.000561178 0.000561234 0.000561168 0.00056117 0.000561379 0.000563633 0.000561167 0.000563612 0.000565415 0.000561329 0.000564325 0.000561919 0.000561169 0.000561202 0.000561229 0.000561168 0.000561168 0.000561167 0.000561168 0.000563187 0.000561167 0.000561168 0.000561167 0.000561168 0.000561167 0.000561261 0.00056117 0.000571656 0.000561173 0.000561167 0.000561168 0.000561234 0.00056117 0.000561171 0.000561167 0.000561635 0.000561169 0.000561167 0.000561168 0.000561971 0.000561959 0.000561292 0.000561185 0.000572603 0.000561182 0.000561188 0.000561183 0.000561169 0.000561252 0.000561167 0.000561472 0.00056146 0.000561643 0.000561168 0.000561167 0.000561168 0.000561168 0.000561167 0.000561168 0.000561231 0.000561167 0.000561168 0.000561167 0.000561167 0.000561167 0.000561168 0.000561184 0.000561167 0.000561725 0.000561168 0.000561171 0.000561169 0.000561167 0.000561167 12.6462 0.000561168 0.000561196 0.000561476 0.000561186 0.000561211 0.000561293 0.000561167 0.000561184 0.000563867 0.000561169 0.000561167 0.000561167 0.000566676 0.000602197 0.000563385 0.000561169 0.000561274 0.000567365 0.000561168 0.000561168 0.000561167 0.000561185 0.000561167 0.000561169 0.000561168 0.000561167 11.8512 0.000561168 0.000561167 0.000561264 0.00116316 0.000581909 0.000561168 0.000561543 0.000568566 0.000561167 0.000561176 0.000561167 0.00056233 0.000576032 0.000561354 0.000561169 0.000561233 0.000561567 0.000561269 0.000561167 0.000561167 0.000561168 0.00056117 0.000561169 0.000561167 0.00056134 0.000561209 0.000561168 0.000598941 0.000561593 0.000561167 0.000561171 0.000561299 0.000561249 0.000561168 0.00056117 0.000561168 0.000570162 0.000561167 0.000561167 0.000561369 14.1506 0.000561393 0.000561235 0.000562439 0.000561169 0.000562035 0.000561167 0.000577429 0.000561773 0.00057214 0.000563934 0.000561284 0.000561167 0.000561566 0.000561167 0.000561194 0.000561167 0.000566503 0.000561168 0.000561286 0.000566464 0.000561167 0.000561169 0.000561474 0.000561167 0.000561525 0.000561167 0.000561169 0.000561167 0.000561167 0.000561556 0.000561289 0.000563071 0.000561167 0.000561167 0.000561169 0.000561183 0.000561167 0.000561168 0.000561168 0.000561167 0.000561168 0.000561168 0.000561182 0.000561169 0.000686699 0.000608438 0.000590986 0.000561169 0.000561269 0.000561168 0.000561169 0.000561167 0.000561167 0.000726142 0.000561168 0.000561167 0.00056122 0.000561169 0.000561176 0.000561176 0.000561167 0.000561167 0.000561413 0.000561217 0.000561275 0.000561327 0.000561167 0.000561168 0.000561167 0.000588673 0.000561177 0.000561173 0.000561168 0.000561168 0.000561168 0.000561168 0.000561167 0.000561168 0.000561172 0.000561168 0.000561168 0.000561167 0.00056117 0.000561299 0.0005612 0.000561167 0.000563321 0.000561167 0.000561167 0.000561168 0.000569255 0.000561187 0.000561167 0.000561168 0.000561167 0.000561167 0.000561167 0.00056117 0.000561167 0.000562831 0.000561182 0.000562074 0.000561169 0.000561167 0.000561168 0.000561191 0.000561168 0.000561168 0.000561167 0.000561169 0.000561168 0.000561318 0.000561167 0.000561167 0.00056142 0.000561168 0.000561167 0.000561167 0.00056117 63.2667 0.000561167 0.000592491 0.000561169 0.000561168 0.000561167 0.000561168 0.000561168 0.000563697 0.000563102 0.000574433 0.000561167 0.000561384 0.000561167 0.000561322 0.000562141 0.000561171 0.000561167 0.000564662 0.000561279 0.000561216 0.000561332 0.00056124 0.000561168 0.00056686 0.000561168 0.000561167 0.00056126 0.000561168 0.000561167 0.000697406 0.000561167 0.000561525 0.000561169 0.000561168 0.000561168 0.000563304 0.000571662 0.000561167 0.000563305 0.000561167 0.000561167 0.000561184 0.000561872 0.000561168 0.000561168 0.00056124 0.000561168 0.000561168 0.000561219 0.000561169 0.000561168 0.000561168 0.000561169 68.6354 0.000561168 0.000561168 0.000561168 0.000561277 0.000582639 0.000561409 0.000561167 0.000561167 0.000561168 0.000561168 0.000561235 0.000561174 0.000577474 0.000561409 0.00056232 0.000561167 0.00056863 0.000561307 0.000561182 0.000561168 0.000561512 0.000564549 0.000561168 0.000561167 0.00056145 0.000561421 0.000561899 0.000561711 0.000561172 0.00056208 0.000561168 0.000561167 0.000561167 0.000561167 0.000563569 0.00056154 0.000561167 0.000561194 0.000561479 0.00056242 0.000577617 0.00056117 0.000561507 0.000561168 0.000570884 0.000561168 0.00056126 0.000561642 0.000561605 0.000561169 0.000561475 0.00223152 0.000561167 0.000561302 0.000561252 0.000561565 0.000688383 0.000561168 0.000561167 0.000561167 0.000561173 0.000568318 0.000563669 0.000561168 0.000561696 0.000561534 0.000564041 0.000561218 0.000561168 0.00056117 0.000561195 0.000561174 0.000561169 0.000561169 0.000561167 0.000561205 0.000561721 0.000561167 0.000561168 0.000561167 0.00056124 0.00056119 0.000561167 0.000561274 0.000561231 0.000607845 0.000563649 0.00056118 0.000561404 0.000561168 0.000561529 0.000561167 0.000568267 0.00056146 0.000564156 0.000561171 0.000561168 0.000561169 0.000561167 0.000561169 0.000561192 0.000561167 0.000561167 0.000561693 0.000561171 0.000561431 0.000561168 0.000561167 0.000561269 0.00056117 0.000561447 0.000561411 0.000561168 0.000561168 0.000561167 0.000561385 0.000561167 0.000561168 0.000565268 0.000562749 0.000561168 0.000564191 0.000561972 0.000561167 0.000561168 0.000561751 0.000561167 0.000561178 0.000561584 0.000561712 0.000561174 0.000562581 0.000561168 0.000561169 0.000561168 0.000563932 0.000561997 0.000561169 0.000566097 0.000561168 0.00056117 0.000562302 0.000561168 0.000561168 0.000561169 64.3464 0.000587761 0.000561168 0.000561168 0.000561336 0.000561169 0.000561495 0.000561644 0.000561207 0.000561167 0.000572988 0.000561167 0.000561172 0.000563388 0.000561167 0.00056368 0.000561168 0.000662127 0.000561171 0.000561167 0.000561168 0.000561168 0.000561216 0.00057048 0.000568935 0.000561639 0.000561167 0.000566637 0.000561168 0.000561167 0.000561953 0.000561167 0.000561167 0.000565234 0.000586681 0.000561167 0.000584406 0.000561167 0.000561334 0.00056117 0.000562126 0.00195099 0.000561168 0.000561168 0.000561168 0.000561173 0.000561168 0.000581029 0.000561177 0.000561168 0.000561625 0.000561168 0.000561168 0.000574399 34.7871 0.000561167 0.000561167 0.000561168 0.000561169 0.000561309 0.000561167 0.000561167 0.000561167 0.000561274 0.000561167 0.000561168 0.000561167 0.000561169 0.000561168 0.000569262 0.000561168 0.000561167 0.000562689 0.000561169 0.000561179 0.000561168 0.000561275 0.00056133 0.000561287 0.000561167 0.000693541 0.000561168 0.000561168 100.139 0.000561168 0.000561606 0.000561167 0.000561244 0.000561613 0.000561601 0.000760108 0.000561178 0.000561168 0.000561805 0.000561168 0.000561209 0.000561167 0.000561167 0.000561944 0.000561168 0.00056121 0.000562196 0.000561174 0.000561168 0.000561229 0.000566416 0.000561167 0.000561168 0.000561167 0.000561383 0.000561168 0.000561168 0.000561168 0.000561169 0.000561423 0.000660337 0.000563007 0.000561169 0.000561169 0.000561192 0.000561168 0.000561167 0.000561168 0.000561167 0.000561168 0.000561172 0.000561857 0.000561595 0.000561169 0.000561167 0.000586325 0.000561168 0.000561317 0.000561167 0.000563383 0.000561167 0.000561576 0.000561167 0.000561168 0.000561168 0.000561167 0.000561189 0.000561168 0.000561168 0.000561168 0.000563544 0.000575856 0.000701194 0.000561168 21.5574 0.000561167 0.000561173 0.000561169 0.000561171 0.000561168 0.000561167 0.000561505 0.00057364 0.000561171 0.000561666 0.000561167 0.000561536 0.000561168 0.000561167 0.000561168 0.000561168 0.000561467 0.000561169 0.000561169 0.000561191 0.000561169 0.000561169 0.000561674 0.000561168 0.000561167 0.000561168 0.000561167 0.000561187 0.000563582 0.000561167 0.000561167 0.000561168 0.000561167 0.00056305 0.000561171 0.000561168 0.000561168 0.000561187 0.000561167 0.000561167 0.000561169 0.000561167 0.000561169 0.000561168 0.000561699 0.00056117 0.000564558 0.0005615 0.000566561 0.000561167 0.00056563 0.000561179 0.000561231 0.000561169 0.000561169 0.00056332 0.000561168 0.000561176 0.000561168 0.000561218 0.000561168 0.000561176 0.000561167 0.000561167 0.00056386 0.000561167 0.000561168 0.000561167 0.000561168 0.000561168 0.000561167 0.000561215 0.000561171 0.000561167 0.000561167 0.000561167 0.000561167 0.000561364 0.00056154 0.000568308 0.000597468 0.000561307 0.00056854 0.000596046 0.000561314 0.000561169 0.000561167 0.000561167 0.00355094 0.000561168 0.000561169 0.000561485 0.000561314 0.000561353 0.00056117 0.000561197 0.000561194 0.000561182 0.000561167 0.000588198 0.000561167 0.000565 0.000561168 37.5971 0.000561167 0.000561167 0.00056126 0.000561186 0.000561264 0.000561169 0.000561167 0.000561168 0.000581907 0.000563027 0.000660335 0.000562588 0.0005626 0.00056117 0.000561221 0.000562151 0.000571018 0.000561224 0.00056131 0.000561169 0.000561172 0.000561168 0.000561167 0.000561168 0.000561167 0.000561167 0.000563209 0.000561167 0.000561292 0.000561168 0.000561182 0.000561167 0.000561167 0.000561246 0.000561167 0.000561167 0.000561167 0.000561167 0.000561168 0.00056138 0.000561167 0.00056151 0.000561172 0.000561168 0.000562237 0.000561168 0.000561167 78.0202 0.000561168 0.000561168 0.000561176 0.000561393 0.000561167 0.000696453 0.00056179 0.000561234 0.000561167 0.000561272 0.000561167 0.000561225 0.000561169 0.000561168 0.000561175 0.000582504 0.000561168 0.000564536 0.00062391 0.000561168 0.000683007 0.000561168 0.000561169 0.000561202 0.000561518 0.000561767 0.000561167 0.000561628 0.000561238 9.09817 0.000561168 0.000561789 0.000561168 0.000561168 0.000561286 0.000561168 0.00056117 0.000561168 0.000561454 0.000561185 0.000561168 0.000568315 0.000561167 0.000561167 0.000561171 0.000561188 0.000561167 0.000561168 0.000561817 0.000561986 0.000561747 0.000561168 0.000561168 0.000561171 0.000561168 5.77601 0.000561167 0.000561168 0.000564109 0.000561167 0.00056117 0.000561172 0.000610484 0.000561167 0.000798259 0.000561167 0.000562663 0.000561168 0.000561168 0.000561167 0.000597402 0.000561169 0.000561316 0.000561168 0.000570682 0.000561168 0.000561167 0.000561167 121.313 0.000561169 0.000561167 0.000561168 0.000561167 0.000561167 0.000561167 0.000561167 0.000563785 0.000561168 19.4541 0.000561168 0.000562031 0.000563756 0.000561168 0.000561167 0.000561168 0.000561169 0.000561829 0.000561167 0.000561438 0.000561179 0.000561495 0.000561169 0.000561167 0.000561169 0.000561167 0.000561373 0.000561167 0.000561167 0.000564702 0.000561167 0.000563342 0.000561167 0.000561271 0.000561167 0.000561167 0.00056117 0.000575313 0.000561167 0.000561185 0.00056117 0.000561275 0.000561168 0.00056117 0.00056117 0.00056145 0.000562128 0.000561174 0.00056117 0.000561167 0.000561169 0.000561282 0.000561169 0.000561169 0.000561182 0.00056117 0.000561167 0.000561168 0.000561869 0.000561169 0.000562819 0.000561167 0.000561168 0.000561744 0.000561167 0.000561188 0.000561167 0.000561167 0.00056303 0.000561168 0.000561167 0.000561167 0.000561168 0.000561167 0.000561199 0.000561617 0.000561167 0.000561167 0.000561169 0.000561168 0.000561186 0.000561183 0.000561189 0.000561168 0.000565143 0.000561186 0.000596483 0.000561167 0.000562725 0.000561264 0.000561179 0.000561167 0.000561554 0.000561225 0.000561417 0.000561168 0.000561171 0.000561167 0.000561167 0.000561169 0.000561167 0.000561167 0.000561167 0.000561172 0.000561183 0.000561253 0.000561167 0.000562668 0.000561947 0.000561201 0.000561167 0.000561242 0.000561176 0.000561168 22.1121 0.000561168 0.000561454 0.000561167 0.000564202 0.00056117 0.000568187 0.000561168 0.000561168 0.000561227 0.000561167 0.000561167 0.000603418 0.000561172 0.000561505 0.00056117 0.000561168 0.00056356 0.000561167 0.000561167 0.000561167 0.000562552 0.000561171 0.000561167 0.000561167 0.000561169 0.000561246 0.000561167 0.000561167 0.00100889 0.000561491 0.000561556 0.000663165 0.000561169 0.000562185 0.000561168 0.000561205 0.000561226 0.000561168 0.000609448 0.000561169 0.000561167 0.000561168 0.000561167 0.000561167 0.000561815 0.000561172 16.3562 0.00056117 0.000561167 0.000561168 0.000628291 0.000561168 0.000568613 0.000561169 0.000563745 0.000561564 0.000561167 0.000561708 0.000562153 0.000561168 0.000561167 0.000561168 0.000561167 0.000561168 0.000564106 0.000561168 0.000561168 0.000561167 0.000561168 0.00056117 0.000561167 0.000561167 0.000561167 0.000561167 0.000561167 0.000561338 0.000561249 0.000561185 0.000563466 0.000561488 0.000561506 0.000561182 0.000561391 0.000561204 0.000938648 0.000561168 0.000561168 0.000561179 0.000561168 0.000561169 0.000561173 0.00056117 0.000561167 0.000561168 0.000561169 0.000561181 0.000562267 0.000561168 0.000561167 0.000561169 0.000561167 0.000561169 0.000561168 0.000561168 0.000561177 0.000562177 0.000561167 0.000561167 0.000561167 0.000561167 19.7062 0.000561167 0.000561167 0.000561168 0.000561167 0.000561168 0.00056117 0.000561676 0.000561998 0.000561167 0.000561168 0.000561168 0.000563178 0.000583883 0.000561168 0.000561168 0.000561391 0.000561167 0.000561167 0.000577803 0.00056122 0.000561167 0.000569043 0.000562423 0.000561167 0.000561228 0.000561227 0.000561167 0.000561168 0.000561168 0.000561167 0.000561297 0.000561168 0.000561167 0.000561167 0.000565481 0.000561167 0.000561167 0.000561257 0.000561167 0.000561561 0.000561167 0.000561167 0.000609421 0.000561169 0.000561167 0.000561216 0.000561167 0.000561168 0.000561183 29.6661 0.000561168 0.000561167 0.000561168 0.000561167 0.000561167 0.000561168 0.000561171 0.000561171 0.000561167 0.000561193 0.000561168 0.000568025 0.000564496 0.000561167 0.000561167 0.000561257 0.000561168 0.000561218 0.000561314 0.000561333 0.000561239 0.000561167 0.000563108 0.000561168 0.000564301 0.000561168 0.000561236 0.000561167 0.000561168 0.000561167 0.000561939 0.00057409 0.000562579 24.0669 0.000561168 0.000561167 0.000561169 0.000561169 0.00057303 0.000561167 0.000561168 0.000561167 0.000566364 0.000561168 18.7536 0.000561168 0.000561167 0.000561292 0.000561173 0.000561168 0.00056118 0.000561168 0.000563379 0.000561167 0.00056118 0.000561168 0.000561168 0.000581132 0.000561167 0.000561169 0.000561184 0.000561168 0.000561418 0.000562156 0.00056117 0.000561167 0.000569655 0.000563535 0.000561168 0.000561167 0.000561169 0.000561168 0.000561167 0.000562974 0.000561414 0.000561168 0.000561167 0.000561167 0.000561168 0.000561167 0.000561167 0.000561169 0.000608331 0.000561167 0.000561167 0.000561167 0.000561347 0.00056117 0.000561636 0.000561169 0.00056213 0.000562117 0.000561167 0.000561754 0.000561167 0.000561167 0.000561169 0.000561168 0.000561167 0.000592417 0.000561167 0.000561167 0.000561186 0.000561228 0.000562716 0.000561246 0.000561168 0.000561167 0.00074138 0.000561167 112.623 0.000561204 0.000561167 0.000561252 0.000582269 0.00056191 0.000561167 0.000561405 0.000581471 0.000561169 0.000915651 0.000561169 0.000561167 0.000571451 0.00060557 0.000561168 0.000561168 0.000561167 0.000561168 0.00056129 0.000561176 0.000561168 0.000561434 0.000561167 0.000561168 0.000561168 0.000561167 0.000561167 0.000561477 0.000561169 0.000562178 0.000561167 0.000561167 0.000561167 0.000561237 0.000562457 0.000561168 0.000561167 0.000561188 0.000563273 0.000561168 0.000564108 0.000562296 0.000561168 0.000561233 0.000561167 0.000703221 0.000562657 0.000568584 0.000561215 0.00056117 0.000561167 0.000561168 0.000561168 0.000561201 0.000561167 0.000561212 0.000561168 0.000561258 0.000568474 0.000561862 0.000561167 0.000561171 0.000561169 0.000561169 0.000561167 0.000561909 0.000564554 0.000561169 0.00056119 0.000561983 0.000561751 0.000561167 0.000561168 0.000561168 0.000561201 0.000561168 0.000561172 34.1734 0.000561168 0.000561168 0.000561361 0.000561209 0.000561259 0.00056128 0.000561167 0.000561167 0.000561169 0.000561167 6.07128 0.00056117 0.000561432 0.000561169 0.000561167 0.000561167 0.000561168 0.000561167 0.000561167 0.000561167 0.000561169 0.000561167 0.000562334 0.000561187 0.00056147 0.000567334 0.000561635 0.000561167 0.000561168 0.000588227 0.000561168 0.000561167 0.000561167 0.000561169 0.000561167 0.000561168 0.000561208 0.000561877 0.000561993 0.000561294 0.000561167 0.000561187 0.000620432 0.000561168 19.6789 0.000561168 0.000561171 0.00056125 0.000561169 0.000561356 0.000561167 0.000562859 0.000561167 0.000561167 0.00056118 0.000562099 0.000561168 0.000561234 0.0012838 0.000689515 0.000561301 0.000561167 0.000561191 0.000561169 0.000561168 0.00056582 0.000561168 0.000562011 0.000596974 0.000561169 0.000562223 0.000561167 0.000561932 0.000561468 0.000561169 0.000561168 0.000561856 0.000561182 0.000561167 0.000561462 0.000561168 0.000579169 0.000563024 0.00737029 0.000561167 0.000561179 0.000561295 0.000561182 0.000561395 0.000561167 0.000561167 0.000561175 0.000561167 0.000577891 0.000561168 0.000561167 0.000561171 0.000561315 0.000561171 0.000561169 0.000561167 0.000561167 0.000561167 0.000561167 0.000561624 0.000561168 0.00056117 0.00056117 0.000561185 0.000561947 0.000561168 0.000561167 0.000561379 0.000561167 0.000561167 0.000561168 0.000562433 0.000561167 0.000561602 0.000561306 0.000561543 0.000561333 0.000561218 0.000561171 0.000561167 0.000561167 0.000563135 0.000563959 0.000561827 0.000627576 0.00464064 0.000561167 0.000569956 0.000564842 0.000561239 0.00056117 0.000563194 0.000561499 0.000565484 0.000561168 0.000658131 0.000563348 0.000562043 0.000561169 0.00056117 0.000568346 0.000563808 0.000562739 0.000561168 0.000561167 0.000561277 0.00056127 0.000561167 0.00056134 0.000561167 0.000561167 0.000561168 0.000561253 0.000561167 0.000561248 0.000561592 0.000561167 0.000561479 0.000561189 0.000561167 0.000561468 0.000561395 0.000562729 0.000561168 0.000561168 0.000561169 0.000566014 0.000561181 0.000561167 0.000561167 0.000561167 0.000561185 0.000623846 0.000561168 0.000561167 0.000561169 0.000561168 0.000561167 0.000561168 0.000561168 0.000561167 0.000561168 0.000561521 0.000561168 0.000561167 0.000561167 0.000561167 0.000561167 0.000564549 0.000561168 0.000593342 0.000561168 0.000561168 0.000561169 0.000561224 0.000561169 0.000561167 0.000561169 0.000561168 0.000561168 0.000561167 0.000606877 0.000562352 0.000561341 0.000561167 0.000561167 0.000631493 0.000561261 0.000566393 0.000561167 0.00056117 0.000561167 0.000561168 0.000561168 0.000561167 0.000694636 0.000561167 0.000561169 0.000561167 0.000562343 0.000562459 0.00056117 0.000561167 0.000561169 0.000561168 0.000561167 0.000561168 0.00056117 0.000561205 0.000561169 0.000561168 0.000561199 0.00056117 0.000561168 0.000561169 0.000578868 0.000561168 0.00056686 0.000564263 0.00056137 0.000561185 0.000561427 0.000561514 0.000561168 0.000561168 0.000561167 0.000561167 0.000562428 0.00587216 0.000561167 0.000561167 0.000561167 0.0012174 0.000561167 0.000561169 0.00057579 0.000561168 0.000561168 0.000576824 0.000561419 0.000587098 0.000561168 0.000561171 0.000561195 0.000561167 0.000561168 0.000562814 0.000561169 0.000561506 0.000563624 0.000581176 0.000561347 0.000561429 0.000561169 0.000561167 0.000561167 0.000561167 0.000561169 0.000561168 0.000561168 0.000561168 0.000572469 0.000561167 0.000561244 0.000561169 0.00056117 0.000561321 0.000564506 0.00056128 0.000561285 97.8549 0.000561388 0.000561167 0.000561167 0.000561523 0.000561167 0.000561168 0.000561238 0.000561172 0.000561773 0.000561168 0.000561167 0.000561814 0.000561167 0.000561233 0.000561274 0.000561168 0.000561168 0.000561168 0.000561168 0.000561275 0.000561167 0.000561168 0.000572167 0.000561221 0.000561435 0.000561169 0.000561168 0.000561264 0.000561167 0.000561168 0.000561211 0.000561167 0.000561167 0.000561217 0.000561349 0.000561167 0.000561168 0.00101188 0.000561168 0.000561167 15.5442 0.000561168 0.000561487 0.000561228 0.000561467 0.000561389 0.000561168 0.000561168 0.000561167 0.000561167 0.000561243 0.000572075 0.000561318 0.000563109 0.000561168 0.000561222 0.000561391 0.000561431 0.000561167 0.000561169 0.000561168 104.73 0.000561168 0.000561626 0.000561169 0.000561407 0.000561167 0.000561167 0.000561201 0.000561167 0.000562319 0.000567081 0.000561167 0.000561717 0.00056209 0.000625477 0.000561198 0.000561168 0.00056141 0.000561167 0.000561168 0.000561167 0.000561216 11.3365 0.000561167 0.000561167 0.000561181 0.000562044 0.000561565 0.000561168 0.000564593 0.000561829 0.000561168 0.000561222 0.000561198 0.000561168 0.000561361 0.000561167 0.000561173 0.00056122 0.000561167 0.000561167 0.000561194 0.000561332 0.000561573 0.000561167 0.000571063 0.000576411 0.000561168 0.000561179 0.000561373 0.000561168 0.000565338 0.000722859 0.000561168 0.000561167 0.000562409 0.000561167 0.000561168 0.000561167 0.000569769 0.000561168 0.000564777 0.000561386 0.000561183 0.000561168 0.000561171 0.000561167 0.000561634 0.000561167 0.000561181 0.000561246 0.00056266 0.000561168 0.000561167 0.00056156 0.000561167 0.000561811 0.000561169 0.000561236 0.000561169 0.000561167 0.000561168 0.000561214 0.000561168 0.000561194 0.000561167 0.000561976 0.000561217 0.000561344 0.000561416 0.00056125 0.000561444 0.000562355 0.000561169 0.000561168 0.000561168 0.000561171 0.000561239 0.000561168 0.000561167 0.000561168 0.000561167 0.000561167 27.0285 0.000561167 0.000561167 0.000561167 0.000561169 0.000561167 0.000561168 0.000561827 0.00056795 0.000561172 0.000561187 0.000561169 0.000561168 0.000561469 0.000561171 0.00056117 0.000561736 0.000561168 0.00056117 0.000561805 0.00056128 0.000561169 0.000561167 0.000561168 0.000561167 0.000561168 0.000561169 0.000561528 0.000561511 0.000561286 0.000562027 0.000561211 0.000561167 0.000561168 0.000561309 0.000561167 0.000561168 0.000561183 0.00056166 0.000561439 0.000561167 0.000561387 0.000561167 0.000561168 0.000561657 0.000561169 0.000561169 0.000561167 0.000561168 0.000561325 0.000561168 0.000561167 0.00056117 0.000561168 0.000561167 0.000561278 0.000581987 0.000562477 0.000561187 0.000561294 0.000561168 0.000561168 0.000561167 0.000561723 0.000816071 0.000561168 0.000561178 0.000561183 0.000561168 0.000561168 0.000561168 0.000561168 0.000561181 0.000561168 0.000561168 0.000561167 0.000561168 0.000561314 0.000561167 0.000561167 0.000561169 0.000561168 0.000561168 0.000561167 0.000562378 0.000561167 0.000561167 0.000561169 0.000561167 0.000561167 0.000561167 0.000579418 0.000561169 0.000562511 0.000563333 0.000561413 0.000561168 0.00056122 0.000561167 0.000561168 0.000561331 0.000561169 0.000561168 0.00056279 0.000561168 0.000561168 0.000561168 0.000561456 0.000561167 0.000561169 0.000561281 0.00056117 0.000561379 0.000561168 0.000663193 0.000561167 0.000561361 0.000561167 0.000561167 0.000561168 0.000561524 0.000561244 0.000561167 0.000561183 0.000561174 0.000596372 0.00056157 0.000561167 0.000561268 0.000561167 0.00069685 0.000567655 0.000562829 0.000561168 0.000561167 0.000561168 0.000561167 0.000561168 0.00056205 0.00056118 0.000561169 0.000561226 0.000561169 0.000561327 0.000562451 0.000563892 0.000561168 0.000561167 0.000561167 0.000561168 0.000561167 0.000561167 0.000561169 0.000561169 0.000561168 0.000561941 0.000561173 0.000561169 0.000561167 0.0005612 0.000561216 0.000561167 0.000561838 0.00056117 0.00056138 0.000561285 0.00057521 0.000561169 0.000561169 0.000561545 0.000561224 0.000561168 0.000561168 0.000561171 0.000561168 0.000561167 0.000561168 0.000562175 0.000561168 0.000561167 0.000561168 0.000563734 0.000561168 0.000561286 0.000561167 0.000561216 0.000561204 0.000561168 0.000562296 0.000561167 0.000561198 0.00056117 0.000561167 0.000561167 0.000750407 0.000561167 0.000561362 0.000561167 0.000565645 0.00056117 0.000561188 0.00056269 0.000561608 0.000561228 0.000561216 0.000561719 31.432 0.000561169 0.000561169 0.000561246 0.000561575 0.000562176 0.000561167 0.000620849 0.000561169 0.000561167 0.000561269 0.000565644 0.000561388 0.000561167 0.000561169 0.000561168 0.000572388 0.000563416 0.000561247 0.000561168 20.373 0.000561168 0.000561169 0.000561209 0.000561167 0.000561958 0.000561168 0.000561167 0.000561168 0.00070536 0.000561168 0.00056156 0.00056132 0.000561167 0.00056117 0.000561234 0.000561173 0.00056117 0.000574805 0.000561167 0.000561169 0.000561171 0.000561523 0.000561167 0.000570325 0.000565926 0.000561167 0.000590361 0.000563428 0.000577515 0.000561227 0.000561168 0.000561169 0.000561238 0.000561169 0.00057075 0.000561168 0.000561168 0.000561167 0.000561168 0.000976749 0.00056259 0.000561167 0.000561169 0.000561167 0.000561167 0.000561168 0.000561169 0.000562311 0.000561168 0.000561167 0.000561169 0.000561167 0.000561168 0.000561167 0.000561337 0.000561169 0.000561362 0.000561337 0.000561168 0.000561348 0.000561168 0.000561172 0.000561167 0.000565011 0.000561167 0.000561169 0.000561167 0.000575787 0.000561169 0.000561167 0.000561573 0.000561167 0.000561167 0.000886493 0.000561167 0.000561167 0.000561167 0.00056117 0.000591098 0.00056117 0.000570417 0.000561264 0.000561194 0.000563668 0.000561167 0.000561167 0.00056117 0.00056147 0.00056117 0.000561562 0.000564355 0.000561676 0.000561167 0.000561167 0.000561197 0.000561167 0.000562757 0.000561167 0.000561213 0.000561168 0.000906836 0.000561167 0.000561168 0.000563097 0.000561244 0.000561168 0.000561167 0.000561167 0.00056121 0.000561168 0.000561167 222.729 0.000561167 0.000561167 0.000561646 0.000561168 0.00056117 0.000561167 0.000562289 0.000608405 0.00056117 0.000561174 0.000582339 0.000561167 0.000561167 0.000561168 0.000561167 0.000561189 0.000561168 0.000561169 0.00056121 0.000561473 0.000561167 0.000561331 0.000561168 0.000651927 0.000561167 0.000561413 0.000563445 0.000561167 0.000561168 0.000571969 0.000561167 0.000561167 0.000562557 0.000561168 0.000561451 0.000561876 0.000561733 0.000561168 0.000561167 0.000563363 0.000561168 0.000561168 0.000562129 0.000561168 0.000561977 0.000561168 0.000561171 0.000561832 0.000561647 0.000566268 0.000574508 0.000561167 0.000561167 0.000576931 0.000561168 0.000561168 0.000561167 0.000561175 30.0594 0.000561167 0.000561168 0.000561167 0.000561167 0.000561167 0.000561168 0.000561169 0.00056122 0.000578049 0.000561168 0.000561167 0.000561786 0.000561595 0.000561312 0.000561168 0.00056117 0.000565021 0.000561167 0.000561308 0.00056187 0.000573251 0.000561167 0.000561168 0.000566355 0.00056117 0.000561476 0.000561217 0.000561168 0.000561167 0.000561169 0.000585564 0.000561168 0.000561167 0.00060133 0.000561202 0.000561185 0.000561169 0.000561168 0.000561167 0.000561222 0.000561664 0.000561182 0.000561188 0.000561169 0.000561168 0.000561275 0.000561668 73.5614 0.000561168 0.000561167 0.000561169 0.000561178 0.000562925 0.000561168 0.000561623 0.000561168 0.000561621 0.000562876 0.000561167 0.000561168 0.000561168 0.000561412 0.000561167 0.000561169 0.000561167 0.000561168 0.000561167 0.000561167 0.000561167 0.000565083 0.000561224 0.000561437 0.000561345 0.000561169 0.000561172 0.0005612 0.000561168 0.00056119 0.000561167 20.1372 0.000561184 0.0005684 0.000561168 0.000561312 0.000561169 0.000561169 0.000561563 0.000561267 0.000561167 0.000561167 0.000561167 0.000561169 0.000561167 0.000561379 0.000561503 0.000561168 0.000561173 0.00056119 0.000561168 0.000561168 0.000561168 0.000561168 0.000561251 0.000561169 0.000561167 0.000561168 0.000563869 0.000631362 0.000561168 0.000561168 0.000561396 0.000561168 0.00056117 0.000561167 0.000561167 0.000561307 0.000561168 0.000561167 59.4588 0.000561167 0.000561168 0.000561173 0.000561167 0.000561167 0.000561406 0.000565265 0.00056117 0.000561168 0.000561174 0.000561167 0.000561756 0.000561168 0.000561169 0.000561169 0.000561579 0.000561292 0.000561231 0.00056117 0.000561169 0.000562332 0.000561167 0.000562551 0.000561168 0.000561167 0.000561169 0.000561167 0.000561174 0.000561168 0.000564578 0.000561167 0.000561173 0.000561168 0.000561168 0.000561351 0.000561169 0.000561173 0.00056117 0.000561327 0.000562746 0.000561168 0.00056121 0.000565311 0.000561633 0.0005618 0.000561363 0.000561167 0.000561183 0.000561167 0.000561633 0.000572703 0.000612815 0.000561168 0.000561167 0.000561167 0.000561168 14.1506 0.000561168 0.000568622 0.000561242 0.000561168 0.000561167 0.000563932 0.000561167 0.000561557 0.00062583 0.000561168 0.000561168 0.000561169 0.00056146 0.000561986 0.000561168 0.000561282 0.000561168 0.000561167 0.000565235 0.000561171 0.000561168 0.000561713 0.000561167 0.00056117 0.000561167 0.000561418 0.000561171 0.000561168 0.00056124 0.000561168 0.000812853 0.000561241 0.000561167 0.000561264 0.000561167 0.000561169 0.000561176 0.000760792 0.000561683 0.000561244 16.08 0.000562129 0.000561169 0.000561167 0.00056166 0.000561175 0.000562355 0.000561167 0.000561167 0.000577953 0.000561512 0.000561167 0.000561243 0.000561168 0.000561228 0.000561181 0.000561167 0.000561171 0.000561167 0.000563303 0.000561168 0.000561198 0.000561169 0.000561202 0.000561168 0.000561167 0.000561168 0.000561168 0.000561242 0.000561168 0.000561169 0.000561597 0.000561168 0.000561168 0.000561167 50.0813 0.000561167 0.000561204 0.000575294 0.000561206 0.000561167 0.000561167 0.000561168 0.000563512 0.000561167 0.000578334 0.000562551 0.000561168 0.000561167 0.000561909 0.000561167 0.000649996 0.00056117 20.5666 0.000561167 0.000561168 0.000561169 0.000561439 0.000561167 0.000561167 0.00065516 0.000561168 0.000561192 0.000561167 0.000563374 0.00056121 0.000561168 0.000561168 0.000563999 0.000561167 0.00056368 0.000561365 0.000561628 0.000561168 0.00311814 0.00056119 0.000561167 0.000561232 0.000561167 0.000561167 0.000562173 0.00056117 0.000561563 0.000561168 0.000561173 0.000572638 0.000561168 0.000561171 0.000561167 0.000561169 0.000566114 0.000561167 0.000609617 0.000561167 0.00060139 0.000561233 0.000561271 0.000561168 0.000561167 0.000561229 0.000561168 0.000561167 0.00056117 0.000561465 0.00121082 0.000561167 0.00056118 0.000561167 0.00056117 0.000561168 0.000562348 0.000561167 0.000561168 0.000561304 216.64 0.000561171 0.000562291 0.000561651 0.000561167 0.000561168 0.000561167 0.000561168 0.00056117 0.000561167 0.000564307 0.000561168 0.000561167 0.000561169 0.000561168 0.000561269 0.000561169 0.00056117 0.000561168 0.000561167 0.000655464 0.000563076 0.000561167 0.000561195 0.000561168 0.000561167 0.000561167 0.000561169 0.000561168 0.000561255 0.000561169 0.000561167 0.000561167 0.000561168 0.000561168 0.000561168 0.000561605 0.000561203 0.000561168 0.000561617 0.000561168 0.00056133 0.000561167 0.000561167 0.000561167 0.000562328 0.000561277 0.000561167 0.000561344 0.000561167 0.00056119 0.000561168 0.000561748 0.000562077 0.000561168 0.00056423 0.000561169 0.000561434 0.00056117 0.000561206 0.000561307 0.000561195 0.000561178 0.000561167 0.00056117 0.000561168 0.00056117 0.000561416 0.000564035 0.000561167 0.000561168 0.000561597 0.000561237 0.000561168 0.000561383 0.000561575 0.000561168 0.000561173 0.000561507 0.00056117 0.000562812 0.000561168 0.000561513 0.000561167 0.00056117 0.000561845 0.000561616 0.000561167 0.000561207 0.000562929 0.000561174 0.000561486 0.000561359 0.000561168 0.000561229 0.000561167 0.000561167 0.000561168 0.000561168 0.000561172 60.2182 0.000561169 240.219 0.000561181 0.000561171 0.000561185 0.000561173 0.000561167 0.000561169 0.000561172 0.000561206 0.000561167 0.000561167 0.000561243 0.000561259 0.000561172 0.000561168 13.3313 0.000561419 0.00056117 0.000561167 0.000561167 0.000561188 0.000561167 0.000561167 0.000561167 0.000561167 0.000561169 0.000561175 0.000564718 0.000561201 9.93614 0.000561168 0.000561167 0.000561167 0.000562356 0.000561167 0.000561167 0.000561168 0.000561351 0.000561265 0.000561167 0.000561168 0.000561167 0.000561168 0.000561167 0.000561169 0.00056237 0.000561168 0.000561167 0.000561205 0.000561168 0.000561176 0.000561167 0.000581908 0.000561321 0.000561167 0.000561169 0.000561167 0.00066695 0.000561169 0.000561275 0.000561167 0.000562248 0.00056123 0.000561168 0.000561167 0.000561167 0.00056132 0.000561168 0.000561604 0.000561168 0.000561169 0.000561172 0.000561169 0.000561168 0.000561503 0.000561168 0.000990884 0.000561167 0.000561169 0.000562657 0.000561167 0.000561371 0.000561181 0.000561278 0.000561167 0.000561167 0.000561168 0.000561167 0.00056117 0.000561168 0.000561167 0.000561177 0.000561167 0.000561167 0.000561168 0.000561193 0.000561167 0.000561168 0.000577241 0.000561168 0.000561167 0.000561171 0.00056117 0.000561167 0.000561168 0.000561349 0.000561168 0.000561167 0.000561169 0.00056117 0.000561167 0.00068352 0.00056117 0.000561168 0.000561368 0.000561167 0.000561167 0.000561168 0.000561168 0.000561169 0.000561171 0.000561167 0.000561167 0.00056117 0.000561167 0.000561167 0.000561167 0.000566483 0.000561167 0.000561167 0.000561167 0.000561167 0.000563587 0.000561167 0.00056117 0.000561167 0.000561469 16.0175 0.00056117 0.000593967 0.000561168 0.000561169 0.0005612 0.000561167 0.000561168 0.000561423 0.000561201 0.000561525 0.000561169 0.000561501 0.000561169 0.000561171 0.000561168 0.000561168 0.00056117 0.000561168 0.000678226 0.00056117 0.000561167 0.000561167 0.000612163 0.000561179 0.000561604 0.000561175 0.000561168 0.000562013 0.000561321 0.000562105 0.000561168 0.000561167 0.000561167 0.000561167 0.000561167 0.000561168 0.00056117 0.000562167 0.000561414 0.000561168 0.000561167 0.000561168 0.000565602 0.00056129 0.000561401 0.000565466 0.000561167 0.000561221 0.000561264 0.000561167 0.000561167 0.000561168 0.000561168 0.000561167 0.000561167 0.000561167 0.000561167 0.000564089 0.000562348 0.000561627 0.000561167 0.000564736 0.000561167 0.000561239 0.000561171 0.000561167 0.000561175 0.000561169 0.00056117 0.000561736 0.000564577 0.000576467 0.000561254 0.000561167 0.00056117 0.000565836 0.000561167 0.000561167 0.000561172 0.000561699 0.000561187 0.000561626 0.000561167 0.000561167 0.000561294 0.000561306 0.000561172 23.0655 0.000561167 0.000561167 0.000561167 0.000561228 0.000561168 0.000561168 0.000561168 0.000561677 0.000561167 0.000561251 0.000561167 0.000564205 0.000561312 0.000561168 0.000561167 0.000561168 0.000561286 0.000563564 0.000561167 0.000561248 0.000562037 0.000561168 0.000561167 0.000561168 0.000561169 0.000561168 0.000561381 0.000562792 0.000561339 0.000561169 0.000561791 0.000561169 0.000561167 0.000561168 0.000561168 0.000561168 0.000562352 0.000561179 0.000561168 0.000561414 0.000561168 0.000561205 0.000561169 0.000561424 0.00056162 0.000561168 0.000561399 0.000561216 0.000561598 0.000561212 0.000561287 0.000561168 12.4042 0.000575857 0.000562115 0.000561169 0.00056117 0.000561762 0.000561476 0.00056203 0.00056135 0.000561259 0.000561168 0.000561169 0.000561171 0.000561855 0.000561168 0.000561169 0.000561168 0.000567567 0.000561169 0.000561603 0.000561172 0.000586928 10.1251 0.00056117 0.000561191 0.000561507 0.00056184 0.000561167 0.000561228 0.000561168 0.000591209 0.000561167 0.000561167 0.000561167 0.000561175 0.000561215 0.000561168 0.000561167 0.000561168 0.000561167 0.000562222 0.000561257 0.000561167 0.000561167 0.0005612 0.000561167 0.000561168 0.000561167 0.000561167 0.000561167 0.000561167 0.000580819 0.00056281 0.000561238 0.000577823 0.000561167 0.000561526 0.000561279 0.000561707 0.000561169 0.000561216 0.000561169 0.000561365 0.000561169 0.00056135 0.000573862 0.000561183 0.000561168 0.000561228 0.000763329 0.00108097 0.000561167 0.000561307 0.000561168 0.000561167 0.000561168 0.000561779 0.000586945 0.000622283 0.000561168 0.000561604 0.000561169 0.000561167 0.000561168 0.000561167 0.000561167 0.000564289 0.000561519 0.000561168 0.00056167 0.000561206 0.000561168 0.000561169 0.000561167 0.000561168 0.000561167 0.000561167 0.000561167 0.000561167 0.000561168 0.000561176 0.000561282 0.000561167 0.000561168 91.8262 0.000561201 78.1839 0.000561169 0.000576062 0.000561191 0.000561168 0.000561167 0.000561212 0.000561179 0.000570611 0.000561424 0.000561167 0.000565618 0.000561167 0.000561167 0.000561206 0.000561271 0.000561452 0.000561167 0.000561231 0.000561309 0.000561167 0.000561167 0.000571294 0.000561264 0.000561168 0.000589737 0.000561167 0.000561171 0.000561168 17.4611 0.000561171 0.000561585 31.884 0.000561241 0.000561168 0.000561382 0.000561169 0.000561167 0.000561168 0.000561245 0.000561167 0.000561167 0.000561168 0.000561167 0.000561167 0.000561167 0.000561174 0.000569881 0.000561167 0.000561169 0.000561169 0.000561167 0.000561167 0.000561227 0.000561167 0.000561167 0.000561167 0.000561168 0.000561167 0.000561168 0.000561169 0.000561572 0.000561168 0.000561167 0.000561168 0.00056171 0.000561169 0.000561188 0.000561286 0.000561167 0.000561726 0.000561168 0.000561167 0.000561236 0.000561167 0.000563247 0.000561168 0.000561167 0.000561167 0.000561173 0.000574978 0.000561167 0.000561167 0.000562931 0.000561167 0.000561167 0.00056184 0.000561182 0.000576623 0.000561167 0.000561234 0.000561851 0.000561886 0.000561182 0.000561168 0.000561167 0.000561197 0.000561168 0.000561286 0.000561168 0.000561167 0.000564242 0.000561229 0.00056117 0.000561167 0.000561168 0.000561192 0.000561167 0.000561167 0.000561952 0.000561167 0.000561167 0.000561168 0.000561169 0.000561167 0.000561169 0.000561167 0.000561167 0.000589645 0.000561169 0.000561169 36.3851 0.000562227 0.000561317 0.000561167 0.000562167 0.00056117 0.000562592 0.000561178 0.000561168 0.000561168 0.000567231 0.000561167 0.000561167 0.000561168 0.000561402 0.000561323 0.000599286 0.00056117 0.000561234 0.000561168 0.000561466 0.000561167 0.000561188 0.000562343 0.00056323 0.000561168 0.000561168 0.000562146 0.000561168 0.000569684 0.000561348 0.000561168 0.00056117 0.00056248 0.000563984 0.000563341 0.000561167 0.000561183 0.000561167 0.000562044 0.000561167 0.000561167 0.000561168 0.000561388 0.000649419 0.000561167 0.000561167 0.000561183 0.000561167 0.00056117 0.000561168 0.000561169 0.00056117 0.000561168 0.000627456 0.000561167 0.000561168 0.000561223 0.000561171 0.00061592 0.000561169 0.000561168 0.000561167 0.000561356 0.000561175 0.00389185 0.000561167 0.000561167 0.000561167 0.000562009 0.000571798 0.000603401 0.000681229 0.000561228 0.000561168 0.000561168 0.000561458 0.000561167 0.000561168 0.000561646 0.000561168 0.00056343 0.000562964 0.000561168 0.000561167 0.000561168 0.000576661 0.000561168 0.000561167 0.000608265 0.00056826 0.000561169 0.000564309 0.000561167 30.5902 0.000561167 0.000561167 0.000561168 0.000561168 0.000561169 0.000561168 0.000561167 0.000561179 0.000561246 0.000561168 0.000604517 0.000561167 0.000561168 0.000561306 0.000562077 0.000561167 0.000561167 0.000561168 0.000561239 0.000561167 0.000561479 0.000561168 0.000561179 0.000561168 0.000561299 0.000561168 0.000873012 0.000561216 0.000561169 0.000561167 0.000561176 0.000561167 0.000561354 0.000561168 0.000561168 0.000561169 0.000561178 0.000561168 0.000561455 0.00056117 0.000561507 0.000561167 0.000561174 0.000561175 0.000561167 22.1121 0.000561167 0.000561169 0.000561167 0.000561167 0.00056117 0.000561256 0.000561167 0.000561167 0.000561167 0.000563485 0.000561168 0.000561167 0.000580927 0.000561168 0.000561283 0.000561169 0.000561167 0.000561413 0.000561169 0.000561168 0.000561167 0.000561168 0.000576631 0.000561171 0.000561507 0.000561167 0.000561167 0.000561168 0.000561305 0.000561167 0.000561167 0.00056117 0.000561167 0.000561167 0.000561168 0.000561169 0.000561168 0.000561169 0.000561167 0.000561167 0.000561167 0.00056117 0.000561167 0.000561168 0.000561167 0.000561167 0.000561168 0.000561384 0.000561168 0.000564482 0.000561167 0.000561169 0.000561168 0.000561168 0.000561168 0.0203392 0.000561743 0.000561167 0.000561168 0.000561169 0.00056117 0.000561169 0.000561167 0.000561167 0.000561169 0.000561245 0.000561168 0.000561618 0.00056157 0.000561352 0.000561167 0.000561167 0.000561167 0.000561175 0.000561169 0.000561168 0.000561168 0.000561171 0.000561229 0.000561167 0.000562613 0.000561298 0.000561167 0.000605024 0.000561168 0.000561169 0.000561301 0.000561167 0.000561168 0.000561205 0.000561168 0.000561167 0.000563887 0.000561181 0.000561496 0.000561168 0.000585675 0.000561168 0.000561167 0.000561167 0.000561167 0.000561167 0.000561167 0.000561171 0.000565805 0.000561581 0.000569879 0.00056153 0.000562014 0.000561168 0.000561213 0.000561167 0.000561167 0.000561168 0.000561339 0.000561169 0.000561486 0.000605231 0.000579413 0.000561167 0.000561167 0.000586045 0.000561168 0.000561168 0.000561288 0.000561582 0.000561324 0.000583162 0.000564589 0.000561182 0.000561259 0.000561167 0.000561171 0.000561167 0.000561167 0.000561167 0.00056117 0.000561846 0.000561191 0.000561169 0.00056117 167.025 0.000561508 0.000561168 0.000561168 0.000561673 0.000594427 0.000561169 0.000561352 0.000561168 0.00056117 0.000561168 0.000561167 0.000561964 0.000561228 0.000581741 0.000561185 0.00056117 0.000561315 0.000561167 0.000561167 0.000561168 0.000561167 0.000561168 0.000561168 0.000561826 0.000561168 0.000572888 0.000561167 0.00056117 0.000561181 0.000561168 0.000561575 0.000561179 0.000561172 0.000561578 0.000673801 29.6463 0.000561167 0.000561168 0.000561167 0.000561933 0.000563384 0.000561168 0.000561168 0.000561302 0.000561174 0.000561168 0.000561168 0.000561173 0.000561167 0.000561168 0.000562168 0.000561414 0.000561167 0.000564214 0.000561169 0.000561167 0.000561501 0.000563267 0.000561713 0.000561168 0.000561169 0.000561177 0.000747829 0.000561168 0.000561167 0.000561168 0.000561279 0.000562225 0.000561169 0.000561202 0.000561168 0.00056124 0.000561169 0.000561168 0.000561167 0.000561167 0.0193957 0.000561171 0.000561567 0.000581271 0.000561358 0.000561169 0.000561294 0.000561836 0.000561258 0.000578186 0.000561236 0.000561167 0.000561197 43.5186 0.000561167 0.000561216 0.00056343 0.000561167 0.000561169 0.000573553 0.00056117 0.000561167 0.000561514 0.000561423 0.000561398 0.000561167 0.000561199 0.000561179 0.00056249 0.000561168 0.000561722 0.000561169 0.000561168 0.000561297 0.000561168 0.000561167 0.000561168 0.000561348 0.000562546 0.000561167 0.000607632 0.000561912 0.000561171 0.0005615 0.000561168 0.000561168 0.000561168 0.000561167 0.000561167 0.000561191 0.00056117 0.000561167 0.000561168 0.000564721 0.000561515 0.000561208 0.00056133 0.000561169 0.000561167 0.000568676 0.000561167 0.000561192 0.000561311 0.000561167 0.000562837 0.000561172 0.000561186 0.000561167 0.000884965 0.000561172 0.000561195 0.000561167 0.000561167 0.000561579 0.000561168 0.000561764 0.000581908 0.00056239 0.000561197 0.000561167 0.000561167 0.000561167 0.00056117 0.000561169 0.000561167 0.000565667 0.000561168 0.00056117 0.000562565 0.000561312 0.000561167 0.000561167 0.000561168 0.000561168 0.000563586 0.000561167 0.000561167 0.000561167 0.000561394 0.000561167 0.000561167 0.000561174 0.000561168 0.000561171 0.000561173 0.000631281 0.000561228 39.6794 0.000561169 0.000561275 0.000561766 0.000561169 0.000561167 0.00056117 0.000561624 0.000561167 0.000561167 0.000561175 0.000561167 0.000562608 0.000561349 0.000564353 0.000561174 0.000561167 0.000561167 0.000561219 0.000561253 0.000566861 0.00056221 0.000561328 0.00056312 0.000561232 0.000562078 0.000561168 0.000561176 0.000561177 0.000561167 0.000561168 0.000561169 0.000561167 0.000561167 0.000561167 0.000637767 0.000561169 0.000561168 0.000561171 0.000562044 0.000561168 0.000561167 0.000561167 0.000562554 0.000561167 0.000561167 0.000561435 0.00062675 0.000561207 0.000561189 0.000563961 0.000561167 0.000561168 0.000561168 0.000561167 0.000561167 0.000573052 0.000561169 0.000561179 0.000561197 0.000562507 0.000561434 0.000561168 0.000576408 42.4508 0.000561167 0.000561201 0.000561167 0.00056119 0.000561171 0.000588089 0.000561182 0.000561316 0.000561167 0.000561479 0.00056137 0.000561168 0.000562289 0.000567639 0.000561168 0.000561169 0.000561242 0.000561167 0.000570133 0.000562278 0.000561167 0.000561167 0.000561169 0.000576486 0.000562465 0.000561168 0.000563486 0.000561169 0.000561168 0.000561168 0.00056118 0.000561168 0.000561331 0.000561168 0.000561167 0.000561427 0.00056157 0.000561169 0.00056157 0.000562283 0.000561169 0.00056117 0.000561167 0.000561168 0.000561167 0.000561167 0.000561167 0.000561187 0.000562079 0.000561168 0.000561168 0.000561168 0.000561506 0.000561168 0.000561167 0.000561167 0.000561169 0.000696479 0.000561168 0.000561167 0.000567238 0.000561168 0.000561167 0.000561167 0.000580465 0.00056117 0.000809568 0.000561167 0.000659705 0.000561745 0.000561168 0.000561579 0.00056117 0.000561169 0.00056359 0.000567418 0.000561167 0.000561169 0.000561333 0.000564669 0.000647127 0.000561168 0.000561168 0.000561167 0.000561987 0.000561167 0.000561416 0.000561167 0.000561307 0.000577028 0.000561167 0.00056138 0.0005627 0.000563779 0.000561171 0.000561168 0.000561167 0.000561167 0.000561167 0.000561466 0.000562434 0.000561169 0.000561167 0.000561167 0.000561167 0.000561167 0.000561169 0.000561224 0.000561168 22.5776 0.000561169 0.00056117 0.000561167 0.000561167 0.000561167 0.000561179 0.000561168 0.00056117 0.000561167 0.000562065 0.000561167 0.000561167 0.000561168 0.000568934 0.000561167 0.000563 0.000566097 0.000561169 0.000624092 0.000563119 0.000561167 0.000561167 0.000561601 0.000561169 0.000561167 0.000561284 0.000561353 0.000561511 0.000561334 0.000561978 0.000561167 0.000561239 0.000564457 0.000566814 0.00724603 0.000561368 0.000561168 0.000581503 0.000561282 0.000562451 0.000561168 0.000561167 0.000561167 0.000561456 0.000561167 0.000561184 0.000561255 0.000595935 0.000561167 0.000561168 0.000561167 0.000561167 0.000561167 0.000561171 0.000561186 0.000561168 0.000561167 0.000561167 0.000561167 0.000561173 0.000561204 0.000563075 0.000561167 0.000561168 0.000561692 0.000561169 0.000561167 0.000561167 0.000561167 0.000561167 0.000561167 0.000561167 0.000561168 0.000561168 0.000561177 0.000561169 0.000561223 0.000561168 0.000561169 0.000561169 0.000561168 35.7728 0.000561167 0.000561827 0.000561168 0.000561456 0.000561169 0.000561167 0.000561168 0.000561201 0.000561167 0.000561168 0.000561168 0.000561168 0.000561167 0.000561216 0.000561277 0.000561167 0.000567309 0.000561167 0.000615617 0.00056121 0.000561168 0.000561168 0.00056117 0.000561262 0.00056127 0.000561167 0.000561168 0.000561299 0.000561168 0.000561202 0.000561167 0.000561167 0.000561181 0.000561174 0.000561168 0.000564065 0.000561168 0.00056135 0.000562085 0.00056117 0.000561169 0.000561167 0.000561167 0.000571188 0.000561167 0.000561168 0.00056117 0.000561169 0.000561167 0.000561167 0.000561168 0.000564409 0.000562291 0.000562828 0.000561167 0.000561169 0.000561168 0.000561168 0.000561167 0.000561234 0.000561178 0.000561169 0.000561174 0.000561168 0.000561168 0.000561167 0.000566583 0.000604564 0.000561168 0.000561168 0.00056343 0.000561167 0.000561169 0.000561168 0.000561168 0.000561168 0.000561168 0.000561398 0.00056142 0.000561168 0.0005616 0.000561167 0.000561168 0.000561167 0.000561187 0.000561167 0.000561987 0.00056117 0.000561306 0.000561169 0.000561167 0.000561167 0.0403398 0.000561168 0.000561169 0.000561167 0.000561167 0.000573717 0.000562893 0.000561168 0.000561169 0.000802121 0.000564638 0.000562147 0.000561613 0.000561168 0.000561175 0.000561194 0.000561168 0.000561167 0.000561167 0.000561167 0.000561172 0.000561168 0.000561167 0.000561168 0.000561175 0.000561383 0.000561167 0.000561747 0.000561167 0.000561168 0.000565018 0.000563999 0.000561228 0.000607863 0.000561167 0.000561167 0.000561171 0.000573542 0.000561167 0.000564396 0.000561168 0.000561167 0.000565887 0.000561168 0.000561169 0.000561168 0.000562495 60.0729 0.000561168 0.000561185 0.000561369 0.000561167 0.000561168 0.000565294 0.000561168 0.000561167 0.000564316 0.000561435 0.000561168 0.000561167 0.000561168 0.000561314 0.000561272 0.000561217 0.000561296 0.000561169 0.000561172 0.000561168 0.000565509 0.000561211 0.000561207 0.00142381 0.000562172 0.000561167 0.000561167 0.000561167 0.000561167 0.000561168 0.000561168 0.000561169 0.000561167 0.000567194 0.000608952 0.000561433 0.000561167 0.000561713 0.000561167 0.000561182 0.000561167 0.000561167 0.000564581 0.000561168 0.000561168 0.000573732 0.000561167 0.000561168 0.000561167 0.000561172 0.000561168 0.000561167 0.000561167 0.000562038 0.000561168 0.000561167 0.000561233 0.000573213 0.000561167 0.000561321 0.000561167 0.00056117 0.000561167 0.000561713 0.000561174 0.000561415 0.000561168 0.000576838 0.000561889 0.000701334 0.000561167 59.2943 0.000561167 0.000561168 0.000561183 0.000561167 0.000561168 0.00056132 0.00056133 0.000561167 0.000755912 0.00056562 0.000840485 0.000561167 0.000561196 0.000561172 0.000561167 0.000561168 0.00056514 0.00056123 0.00056117 0.000568541 0.000561188 0.000565303 0.000561243 0.149951 0.000561168 0.000562363 0.000561171 0.000561168 0.000581982 0.000561256 0.000561288 0.000561438 0.000649925 0.000561167 0.00056129 0.000561172 0.00056117 0.000561168 0.000561168 0.000561235 0.000816071 0.000561715 0.00056117 0.00056175 0.000561167 0.000561253 0.000561697 0.000561169 0.000561169 0.00056117 0.000561169 0.000561167 0.000561167 0.000561167 0.000561244 0.000561167 0.000561168 0.000561171 0.000561168 47.5177 0.000561553 0.000561167 0.000561169 0.000666301 0.000561495 0.000561168 0.000561167 0.000561229 0.000561168 0.000561169 0.000561168 0.00056216 0.000682178 0.000561167 16.0173 0.000561887 0.000561525 0.000561168 0.000561167 0.000561168 0.000561314 0.000561229 0.000561769 0.000572601 0.00056141 0.000561167 0.000561167 0.000561167 0.000561296 0.000561168 0.000561167 0.000563438 0.000562784 0.000561796 0.000561167 0.000561214 0.000561168 0.000562551 0.000561207 0.000561172 0.000561995 0.000561168 0.000593085 0.000561167 0.000561718 0.000561341 0.000561181 0.00056117 0.000561342 0.000561168 0.000561196 0.000561174 0.000561167 0.000561168 0.000561167 0.000564306 0.000561169 0.000561168 0.000561169 0.000561168 0.000561167 0.000561167 0.000561277 0.000561167 0.000571776 0.000561322 0.000561167 0.000561168 0.000561894 0.000608446 0.000561204 0.00056117 0.000561168 0.000561168 0.000561167 0.000561167 0.000561167 0.000561167 0.000561167 0.000561193 0.000561168 0.000566111 0.000561173 0.00056117 0.000561241 0.000561277 0.000561819 0.000561234 0.000561168 0.000561167 0.000561169 0.00056117 0.000561167 0.000561496 0.000561168 0.00056117 0.000566162 0.000624019 0.000561167 0.000561186 0.000561192 0.000561305 0.000561167 0.000561167 0.000561168 0.000561306 0.000561168 0.000561886 0.000561168 0.000561169 0.000561844 0.000561173 0.000561167 0.000561359 0.000561222 0.000561167 0.000561168 0.000561167 0.000561168 0.000562006 0.000561168 0.000561167 0.000561225 0.000561562 0.000561167 0.000561186 0.000561169 0.000561168 0.000561168 0.000561167 0.000561168 0.00056117 0.000561167 0.000561167 0.00056117 0.000561169 0.000562148 0.000561168 0.000561168 0.000561167 0.000561167 0.000561195 0.000561167 0.000561167 0.00056198 0.000561183 0.000561167 0.000561382 0.000561167 0.00056117 0.000561169 0.000561168 0.000561168 0.000561167 0.000561167 0.000561167 0.000561713 0.000561167 0.000561508 0.000561167 0.00056117 0.000562033 0.000561168 0.000561169 0.000561277 0.000561167 0.000562978 0.00058293 0.000561168 0.000561168 0.000561168 0.000613228 0.000561793 0.000561167 0.00056198 0.000561807 0.000561436 0.000564316 0.00056117 0.000561169 0.000561167 0.000561168 0.000561171 0.000561528 0.000561168 0.000561167 0.000610165 0.000561186 0.000565742 0.000561168 0.000563259 0.000561168 0.000561879 0.000561167 0.000561168 0.000561167 0.000577003 0.000561458 0.000562218 0.000561167 0.000561167 0.000561168 0.000561241 0.000561217 0.000563625 0.000561167 0.000561322 0.000561168 0.00157644 0.000561167 0.000580752 0.000562661 0.000561167 0.000561169 0.00056117 0.000600758 0.000561168 0.00056117 0.000561167 0.00056117 0.000563332 0.000561626 0.000561168 0.000561988 0.000561167 0.00056119 0.000561168 0.000561167 0.000561167 0.000569922 0.000561169 0.000561168 0.000561168 0.000561167 0.000561167 0.00056117 0.000561168 0.000561167 0.00056119 0.000561214 0.000561167 0.000561386 0.000561167 0.000561167 0.000561242 0.000561195 0.000569406 0.000561167 0.000561167 0.000561568 0.000561211 0.000561168 0.000561169 0.000561168 0.000561168 0.000561401 0.000561393 0.000561169 0.00056118 0.000561167 0.000561202 0.000561168 0.000561167 0.000561167 0.000561169 0.000561167 0.000561328 0.000561167 0.000561218 0.000561169 0.000561168 0.00056117 0.000561167 0.000561167 0.000561168 0.000561168 0.000561167 0.000563271 0.000561168 0.000563375 0.00056127 0.000601371 0.000561168 0.000561167 0.00056117 0.000561185 0.000561168 0.000561168 0.000561658 0.000561167 0.000562006 0.000568407 0.000561185 0.000577815 0.000561167 0.000561171 0.000561169 0.000561167 0.000561167 0.000561319 12.8385 0.000561212 14.7353 0.000562083 0.000561217 0.00056117 0.000561564 0.000561168 0.0022315 0.000562733 0.000562184 0.000561167 0.000561234 0.000561167 0.000561167 0.000561168 0.00056117 0.000561168 0.000561249 0.000573884 0.000561168 0.000561168 0.000561185 0.000562063 0.000561788 0.000561169 0.000561169 0.000561906 0.000561169 0.000561167 0.000561232 0.000561168 0.000561167 0.000562865 0.000561859 0.000561167 0.000561167 0.000563006 0.000561167 0.000561168 0.000561167 0.000562401 0.000591158 0.000561169 0.000563004 0.000563076 0.000561167 0.000561167 0.000561436 0.000561168 0.000561167 0.000561242 0.000561201 0.000561167 0.000561229 0.000561222 0.000561169 0.000562183 0.000561246 0.000561167 0.000561398 0.000561169 0.000573894 0.000561167 0.000567937 0.000561171 0.000561167 0.000561169 0.000561167 0.000561168 0.000561826 0.000561167 0.000561168 0.000561231 0.000561167 0.000561167 0.000561168 0.00056346 0.000561339 0.000561729 0.000569572 0.000561167 0.000561167 0.000561168 0.000561167 0.000561168 0.000561168 0.000562287 0.000561202 0.000579849 0.000561307 0.000561167 0.000588937 0.000561172 0.000612622 0.000561167 0.000561399 0.000561211 0.000565735 0.000561235 0.000561167 0.000561177 0.000561168 0.000561167 0.000561169 0.000561167 0.000561167 0.000561167 25.1224 0.000561975 0.000562078 0.000561487 0.000561806 0.000561168 0.000561566 0.000561168 0.000561397 0.000564199 0.000561301 0.000561167 27.2803 0.000561168 0.000561167 0.000561446 0.000561169 0.000561169 0.000561168 0.000561168 0.000565728 0.000561168 0.000561168 0.000561167 0.000561178 0.000564198 0.000561169 0.000561173 0.000561261 0.000561167 0.000561168 0.000561167 0.000561167 0.000561168 0.000600265 0.000561186 0.000561167 0.00056117 0.000561168 0.000562502 0.00056138 0.000561167 0.000569089 0.000561167 0.000561183 0.000952219 0.000561167 0.000561267 0.000561168 0.000561169 0.000561168 0.00056279 0.000561169 0.000561167 0.000561167 0.0006612 0.000561361 0.000561295 0.000574429 0.000561167 0.000561182 0.00056121 0.000696453 0.000561168 0.000562179 0.00056279 0.000561418 0.000561237 0.000577072 0.000561169 0.000561168 0.000563516 0.000561553 0.000561224 0.00056147 0.00056117 0.000561168 0.000561167 0.000561167 0.000571775 0.000561167 0.000561168 0.000561167 0.000562206 0.00056117 0.000561745 0.000561168 0.000561168 0.000561431 0.000561173 0.000561168 0.000561435 0.000561184 0.000561167 0.000561347 0.000561168 0.000844779 0.000561167 0.000564424 0.000561172 0.000561218 0.000561427 0.000561168 0.000561169 0.000561168 0.000575494 0.000561171 0.000561169 0.000561168 0.000561169 0.000561599 0.000561167 0.000561168 0.000561167 0.000561167 0.000561168 0.000562193 0.0005612 0.000561168 0.000561167 0.000561167 0.000610475 0.000561167 0.000561177 0.000561167 0.000561173 0.000561194 0.000561172 0.000561708 0.00185991 0.000566257 0.000561218 0.000561167 0.000561168 0.000624803 0.000561167 0.000561331 0.000561167 0.000561253 0.000561175 0.000561418 0.000561186 0.000561167 0.000596603 0.000561167 0.000561612 0.000561167 0.000561537 0.000561169 0.000561168 0.000758817 0.000561182 0.000561169 0.000561168 0.000561167 0.000561168 0.000561498 0.000561167 0.000561186 0.000561171 0.000561167 0.000562121 0.000561167 0.000561168 0.000561168 0.000561568 0.000561668 0.000562042 0.000561168 0.000561167 0.000561283 0.000562012 0.000561469 0.000561168 0.000561167 0.000561168 0.000561183 0.000561818 0.000561392 0.000561168 0.000561234 0.000561191 0.000562697 0.000561168 0.000561167 0.000561167 0.000561843 0.000561167 0.000561168 0.000561167 0.000561352 0.000561167 0.0005612 0.000561174 0.000561167 0.000572019 0.000561281 0.000561178 0.000608757 0.000561167 0.000561428 0.000561417 0.000564579 0.000561168 0.000561169 0.000561528 23.0553 0.000561167 0.000561196 0.000561366 0.000561177 0.000561167 0.000561167 0.000583247 0.000561168 0.000561347 0.000561167 0.000621814 0.000561328 0.000565929 0.000561167 0.000561168 0.000563311 0.000561168 0.000561167 0.000569715 0.000561167 0.000936086 0.000561167 0.000561167 0.000562207 0.000561168 0.000613843 0.000561168 0.000561176 6.00559 0.000561243 0.000569089 0.000561904 0.000561508 0.000563995 0.000561167 0.000561167 0.00056125 0.000563318 0.000561772 0.000561167 0.000561167 0.00121083 0.000561169 0.000561168 0.00056133 0.000561232 0.000567448 0.000561389 0.000561196 0.000561255 0.000561172 0.000561167 0.000561167 0.000561169 0.000561167 0.000561167 0.000561168 0.00056117 0.000561442 0.000561169 0.000562925 0.000561169 0.000561192 0.000561412 0.000561256 0.000561168 0.000561168 0.000561167 0.000561168 0.000561167 0.0193957 0.00056117 0.000580149 0.000561179 0.000561363 0.000561168 0.00056226 0.000561168 0.000561168 0.00056117 0.000561167 0.000561167 0.000567326 0.000561633 0.000561167 0.000561168 0.000561167 0.000561167 0.000561167 0.000561167 0.000561167 0.000561168 0.000561169 0.000561171 0.000562249 0.000561376 0.000561179 0.000561169 0.000561167 0.000561181 0.000574863 0.000624927 0.000561169 0.000561167 0.000561167 0.000561675 0.00056117 0.000561168 0.000561168 0.000562321 0.00056119 0.00056128 0.000561168 0.000561175 0.000561177 0.000561167 0.000561168 0.000561167 0.000561643 0.000561168 0.000561168 0.000561168 0.000561167 0.00056117 0.000563342 0.000561167 0.00056117 0.000561167 0.000561167 0.000561168 0.000561234 0.000561167 0.000561168 0.00056126 0.000561167 0.00147925 0.000561183 0.000561261 0.000562404 0.000561167 0.000561201 0.000561168 0.000561168 0.000561169 0.000561168 0.000561168 0.000561167 0.00056182 0.000561236 0.000561168 0.000561168 12.0936 0.000561167 0.000572808 0.000561168 0.000561167 0.000561167 0.000571775 76.8916 0.000561168 0.000561169 0.000561168 0.000561253 0.000561168 0.000561168 0.000569596 0.000561217 0.000561167 0.000561198 0.00120249 0.000561229 0.000561168 0.000561168 0.000561344 0.000561707 0.000565186 0.000561177 21.6326 0.000561233 0.000561168 0.000561167 0.000561196 0.000561167 0.000561168 0.000561206 0.000561408 0.000561167 0.000561313 0.000561168 0.00056123 0.000561168 0.00056117 0.000622025 0.000561181 0.000561168 0.000561168 0.000561167 0.000561272 0.000561761 0.000561168 0.000561168 0.000561167 0.000561167 0.000561305 0.000568125 0.000562484 0.000561177 0.000561167 0.000568714 0.000561594 0.000561168 0.000561168 0.00056355 0.000561167 0.000561169 0.00056318 0.000561167 0.000561168 0.000561404 0.000561168 0.000561167 0.000561168 0.000561168 0.000561333 0.000561167 0.000561167 0.000561168 0.000562581 0.000561168 0.000561168 0.000665784 0.00056147 0.00056122 0.000561169 0.00056117 0.000561167 0.000561168 0.000561167 0.000561167 0.000561167 0.000561614 0.000561227 0.000561167 0.000561167 0.000561168 0.000586252 0.000562273 0.000561168 0.000561167 0.000561178 0.000561167 0.000561581 0.000561205 0.000562418 0.000561167 0.000561169 0.000561167 0.000561167 0.000561168 0.000561385 0.000561167 0.000562433 0.000565713 0.000561544 0.000561169 0.000561169 0.000561168 0.000561167 0.000561168 0.000561169 0.000605084 0.000561169 0.000561169 0.000561347 0.000561168 0.000561169 0.000561171 0.000561168 0.000561167 0.000561211 0.00056153 0.000561168 0.000622164 0.000561169 0.000561946 0.00056117 0.000561217 0.000561168 0.000561534 0.000561167 0.000561168 0.000561206 0.000561167 0.000561171 0.000718236 0.000561167 0.000561177 0.000561168 0.000561168 0.000561167 0.000565591 0.000561168 0.00056128 0.000561168 0.000561168 0.000563044 0.000565155 0.000561311 0.000561168 0.000561167 0.000561248 0.000561168 0.000561167 0.000561168 0.000561168 0.000561167 0.000561167 0.000562097 0.000561171 0.000561167 0.000561167 0.000561167 0.000561168 0.000603645 0.000561168 0.000561167 0.000561168 0.000561167 0.000561348 0.000566633 0.000561615 0.000561168 0.000567993 0.000561457 0.000561167 0.000561336 0.000562816 0.00056148 0.000561168 0.000561171 0.000565059 0.000652193 0.000561168 0.000561182 0.000561168 0.000561168 0.000561167 0.000561167 0.000574591 0.000561169 0.000561167 0.000562857 0.000577917 0.000982535 0.000561167 0.000561167 0.000561167 0.000562156 0.000561328 0.000561167 0.000561167 0.000561169 0.000561167 0.000561167 0.000561504 0.000561199 0.000561167 0.000561168 0.000561169 0.000561179 0.000561169 0.000561167 0.000562245 0.000561171 0.000561168 0.000561196 0.000561167 0.000561172 0.000561169 0.000561182 0.000561169 0.000561168 0.000561167 0.000561168 0.000561195 0.000561889 0.000561169 0.000561167 0.000563067 0.150081 0.000561167 0.000561168 0.0005612 0.000992768 0.000561169 0.000561167 0.000561167 0.000561167 0.000561169 0.000561168 0.000594336 0.000561177 0.000561168 0.000561744 0.000561242 0.000561167 0.000567826 0.000561167 0.000561168 0.000561167 0.000561169 0.000561167 0.000561168 0.000561913 0.000561235 0.000561167 0.000561167 0.000561167 0.000580272 0.00112815 0.000561167 0.000587173 0.000561168 0.000561308 0.000616842 0.000561167 0.000561167 0.000561258 0.000561479 0.000562049 0.000561293 0.000561167 0.000561167 0.000561168 0.000561174 0.000561167 0.000561167 0.00056117 0.000562765 0.000561233 64.2023 0.000561167 0.000561181 0.00056117 0.000562328 0.000561168 0.000561171 0.000561549 0.000573653 0.000561168 0.000561519 0.000561169 0.000561326 0.000561169 0.000563299 0.00077512 0.000561563 0.000561168 0.000569204 0.000561167 0.000561167 0.000703224 0.000561169 0.000561452 0.000561167 0.000563034 0.000561167 0.000561168 0.000561168 0.000561168 0.000561167 0.000561167 0.000561168 0.000561168 0.000561167 0.000563443 0.000561168 0.000561175 0.000561169 0.00056118 0.000561168 0.000561167 0.000561246 0.000561167 19.8199 0.00056117 0.000561168 0.00056117 0.000561169 0.000561167 0.000561169 0.000621635 0.00056166 0.000561168 0.000613069 0.000561175 0.000611131 0.000561168 0.000561275 0.000561167 0.000561169 46.803 0.000561168 0.000561168 0.000561167 0.000561167 0.000561226 0.000561177 0.000561168 0.000561167 0.000561167 0.00056122 0.000561167 0.000567227 0.000562355 0.000561167 0.000561172 0.000561167 0.000561193 0.000561184 0.000561199 0.000561288 0.000561167 0.000561168 0.000561167 0.000561167 0.000561167 0.000561168 0.000561167 0.000604449 0.000561167 0.000561168 0.000561174 0.000561167 0.000561167 0.000561169 0.000561347 0.000561167 0.000561167 0.000561168 0.000561168 0.000561172 0.000561174 0.000561293 0.000561168 0.000581723 0.000561167 0.000561168 0.000561168 0.000562719 0.000561168 0.0005625 0.000561185 0.000561394 0.000561168 0.000561174 0.000561806 0.000561169 0.000561169 0.00056117 0.000561167 0.000561168 0.000561378 0.000561168 0.000564158 0.000561168 0.000561288 0.000561168 0.00056117 0.000561233 0.000561167 0.000561654 0.000737431 0.000561167 0.000562975 0.00056117 0.000561167 0.000562808 0.000561168 0.000565389 0.000561168 0.000561168 0.000561168 0.000561653 0.000561168 0.000561186 0.000561184 0.000563179 0.000561168 0.000561169 0.00056137 0.000561167 14.2697 0.000561872 0.000561168 0.000561174 0.000561168 0.000561168 0.000561167 0.000561168 0.000561167 0.000561168 0.000561188 0.000561321 0.000561167 0.000564659 0.000561167 0.000561169 0.000561168 0.000562248 0.000561167 0.000561167 0.000561277 0.000561169 0.000561172 0.000561711 0.000561184 0.000561441 0.000561173 0.000561614 0.00058259 0.00056117 0.000562237 0.000561232 0.000561167 0.000564092 0.000561168 0.000561167 0.000561167 0.000561169 0.000561354 0.000590518 0.000561915 0.000561168 0.000561167 0.000561172 0.000561196 0.000835958 0.000561169 0.000561167 0.000561168 0.000561167 0.000561169 0.000561167 0.000561918 0.000563191 0.000561177 0.000561168 0.00056125 0.000561167 0.000561169 0.000561624 0.000637966 0.000561167 0.000561172 0.000653915 0.000564165 0.000561168 0.000561168 0.000561169 0.000561173 0.000561205 0.000561182 0.000561167 0.000561167 0.000561167 0.000561167 0.000561168 0.000561456 0.00056117 0.000562037 0.000561758 0.000561167 0.000561297 0.000561417 0.000561444 0.000576299 0.000603002 0.000561167 0.000561168 68.3477 0.000561281 0.00056117 0.000561167 0.000561168 0.000561167 0.000561167 0.000561167 0.000561167 0.000561174 0.000561169 0.000561167 0.000561168 0.00056122 0.000561168 0.000561167 0.000561167 0.000561168 0.000562009 0.000561395 0.000562983 0.000561169 0.000561167 0.000561327 0.000561784 0.000561252 0.000561167 0.000561172 0.000561178 0.000561167 0.000561185 0.000561167 0.000561169 0.000561167 0.000561232 0.000561167 0.000561167 0.000561169 0.000571173 0.000561172 0.000561167 0.00056177 0.000561167 0.000561424 0.000561167 0.000561168 10.9824 0.000561167 0.000561233 0.000571775 0.000561167 0.000561169 0.000561353 0.000561167 0.000561167 0.000561167 0.000561167 0.000561168 0.000565849 0.000561169 0.000561167 0.000561167 0.000740889 0.000561167 0.000561167 0.00056141 0.000561411 0.000561168 0.000562775 0.000561202 0.000561263 0.000561336 0.000561167 0.00056117 0.000561167 0.000561168 1.34678 0.000561167 0.000561657 0.00056117 0.000561168 0.00056299 0.000562491 0.000561349 0.000561539 0.000561185 0.000561183 0.000561167 0.000561168 0.000561551 0.000561167 0.000561168 0.000561167 0.000561168 0.000561171 0.000561172 0.00056117 0.000561168 0.00056473 0.000561168 0.000561177 0.000561253 0.000561173 0.000561167 0.000561193 0.000562354 0.000561168 0.000561167 0.000561168 0.000561167 0.000561249 0.000561168 0.000561173 0.000561167 0.000562335 0.000561167 0.000561167 0.00056141 0.000561203 0.000561168 0.000597081 0.000561167 0.000561167 0.000561169 25.0639 0.000561756 0.000561167 0.000561339 0.000561608 0.000561167 0.000562047 0.000561168 0.000561172 0.000561167 0.000897582 0.000561167 0.000561167 0.00056117 0.000561167 0.000561167 0.000561496 0.000561168 0.000561167 0.000561168 0.000561181 0.000561168 0.000561172 0.000561169 0.000561168 0.000561433 0.000561296 0.000561169 0.000561167 0.000561167 0.000561167 0.000561167 34.9705 0.000561167 0.000561167 0.000570062 23.735 0.000561171 0.000561168 0.000561173 0.000561419 0.000561167 0.000561168 0.000561194 0.000561246 0.000561167 0.000564578 0.000561184 0.000561261 0.000561167 0.000579361 0.00183636 0.000561169 0.000561167 14.0528 0.000561494 0.000561183 0.0005613 0.00056117 0.000561183 0.000561167 0.000561168 0.00056117 0.000561167 0.000561168 0.000576286 0.000561169 0.000561167 0.000561206 0.000561168 0.000561169 0.000561168 0.00076867 0.000561981 0.000561169 0.000564578 0.000561168 0.000637947 0.00056119 0.000561169 0.000561321 0.000561168 0.000561187 0.000561167 0.000561678 0.000563486 0.000561259 0.000561292 0.00056141 0.000561169 0.000561168 0.000561171 0.000561354 0.000561748 0.000561169 0.000561168 0.00056154 0.000561176 0.000561167 0.000561167 0.000561168 0.000561173 0.00056129 0.000579568 0.000561167 0.000561167 0.000561445 0.000567027 0.000561168 0.000565569 0.000561934 0.000561169 0.000617812 0.000561167 0.000561167 0.000563147 0.000561167 0.000561168 0.000561171 0.000561169 0.00056135 0.000660334 0.000561169 0.00056117 0.000561215 12.8819 0.000561167 0.000561168 0.000561169 0.000561168 0.000561909 0.000561167 0.000561534 0.000561332 0.000561222 0.000561303 0.000561167 0.000561168 0.000561167 0.000561168 0.000561174 0.000562251 0.000562845 0.000561167 0.000561898 0.000561169 0.000564319 0.000580823 0.000561172 0.000561168 0.000561168 0.000561167 0.000561169 0.000563764 0.000561167 0.00056117 0.000561774 0.000561167 0.000561167 0.000561169 0.000561169 0.000561672 0.000561167 0.000561169 0.000561168 0.000561438 0.000561167 0.000562282 0.00056161 0.000561172 0.000571068 0.00056117 0.000561167 0.000561167 0.000561168 0.000562849 0.000561167 0.000562415 0.000561599 0.000561253 0.000561167 0.000561167 0.000561168 0.000561168 0.000561167 0.000568754 0.000561167 0.000561961 0.00056128 0.000561224 0.000563646 0.000561167 0.000561168 0.000561849 0.000561168 0.0005612 0.000562668 0.000561209 0.000561167 0.0005612 0.000561219 0.000561167 0.000561372 0.000564805 0.00056153 0.000561167 0.000561187 0.000561167 0.000561167 0.000561168 0.000561167 0.000561168 0.000561168 0.000562987 0.000561178 0.000561189 0.000614143 0.000561376 0.000561167 0.000562998 0.000648615 0.00056118 0.000561206 0.000561168 0.000561177 0.000561168 0.000574974 0.000561167 0.000561169 0.000563468 0.000561478 0.000561167 0.000561561 1.32781 0.000563113 0.000561167 0.00166664 0.000561167 0.000561259 0.00134192 0.00171897 0.000596256 0.000561179 0.000561168 0.000561167 0.000570105 0.000561168 0.000561167 0.000561167 0.000570114 0.000561167 0.000561168 0.000561169 0.000561186 0.000562008 0.000561167 0.000561297 0.000562776 0.000561169 0.000561326 0.000561167 0.000561167 0.000561316 0.000561178 0.000561169 0.000561167 0.000561505 0.000562177 0.000561167 0.000561168 0.000564308 0.000561168 0.000561388 0.000561168 0.000561167 0.000561169 0.000561167 0.000561203 0.000561168 0.000563184 0.000561455 0.000561167 0.00056129 0.000561167 0.000561167 0.000561184 0.000561168 0.000561168 0.000561167 0.00056117 0.000561169 0.000561502 0.000561168 0.000563659 0.000561173 0.000565998 0.000561167 0.000561168 0.000561167 0.000561167 0.000561374 0.000561168 0.000561225 0.0005612 0.000562268 0.000561243 0.000561572 0.000561167 0.000561167 0.000561169 0.000561168 0.00056117 0.000561168 0.000561168 0.000561167 0.000561169 0.000561511 0.000561167 0.000561331 0.000565008 0.000561178 0.000561505 0.000561337 0.000561167 0.000561167 0.000561465 0.00056129 0.000561168 0.000561171 103.674 0.000561193 0.000561168 0.000561167 0.00056894 0.000561364 0.000561214 0.000561167 0.000561168 0.000561171 0.000561168 0.000561183 0.000562625 0.000561168 0.000578593 0.000561179 0.000561168 0.000561167 0.000561168 0.000561167 0.000594311 0.000561214 0.000561179 0.000561842 0.00056256 0.000561172 0.000561828 0.000561464 0.000561167 0.000564117 0.000561167 0.000561168 0.000561169 0.000561168 0.000561167 0.000561167 0.000645667 0.000561202 0.000561167 0.000561167 0.000561743 0.000561375 0.000561169 0.000561167 0.000561168 0.000561184 0.000561167 0.000561179 0.000561168 19.8912 0.00056119 0.000561167 0.000561167 0.000561732 0.000561246 0.000561184 0.000561167 0.000561253 0.000561417 0.000561167 0.000577145 0.000561167 0.00056124 0.000567722 0.00056118 0.000561179 0.00056117 0.000561168 0.00056125 0.000561168 0.000561253 0.000561846 0.000561168 0.000562837 0.000561168 0.000561167 0.000561167 0.000561169 0.000561168 0.000561291 0.000561592 0.000561167 0.000561168 0.000561169 0.000561215 0.000561168 0.000561225 0.000561168 0.000584908 0.000561429 0.000561168 0.000561169 0.000561167 0.000561168 0.000562349 0.000561258 0.000567215 0.000561526 0.000565772 0.000561223 0.000561781 0.000567372 0.000561167 0.000561167 0.000561717 0.000561167 0.000561526 0.000561169 0.000561219 0.000561167 0.000561167 0.000833507 0.00056139 0.000561168 0.000561295 0.000561196 0.000561194 0.000561172 0.000561174 0.000561168 0.000561168 0.000561167 0.000572895 0.000561213 60.0729 0.00056215 0.00056118 55.2054 0.000561171 0.000562129 0.000561169 0.000561358 0.00056117 0.000669127 0.000561168 0.000561167 0.000561169 0.000561167 0.000562062 0.000561167 0.000561167 0.000561168 0.000561168 0.000561167 0.000561167 0.000561168 0.000571894 0.000562341 0.000561219 0.000561167 0.000561167 0.000561167 0.000562808 0.000561167 0.000561167 0.000572957 0.000561167 0.000561167 0.000657464 0.000561167 0.000561498 0.000561167 0.000562086 0.000561167 0.000561168 0.000561168 0.000565092 0.000561168 0.000561167 0.000561168 0.000561971 0.000561168 0.000561169 0.000572339 0.000561168 20.2897 0.000561169 0.000561168 0.00056121 0.000561169 0.000561541 0.000561168 0.000563318 0.000561175 0.000561167 0.000561282 0.000561167 0.00084088 0.000561183 0.000573181 0.000561167 0.000620267 24.9788 0.000561167 0.000568471 0.000567704 0.000570483 0.000561169 0.000561235 0.000561167 0.000561168 0.000561168 0.000561924 0.000561168 0.000561167 0.000561581 0.000561167 0.000561397 0.00056191 0.000561761 0.000561172 0.000561168 0.000561894 0.000561167 0.000561185 0.000561167 0.000562052 0.000561168 0.000561184 0.000561179 0.000561168 29.9775 0.000561302 0.000562745 0.000564629 0.000561671 0.000561167 0.000561458 0.000561171 0.00056117 0.000561167 0.000561983 0.000561167 0.000561313 0.000561169 0.000561184 0.000561179 0.000561168 0.000561168 0.000561248 0.000561167 0.000561168 0.000561168 0.000565311 0.000561169 0.000561168 0.000561685 0.000561169 0.000561955 0.000561214 0.000562293 0.000561167 0.000561167 0.00056119 0.000561167 0.000561168 24.2068 0.000561168 0.000561286 0.000561181 0.00056117 0.000561167 0.000592462 0.00056117 0.000561167 0.000561167 0.000561167 0.000563819 0.00109778 0.000561992 0.000561167 0.00056117 0.000561167 0.000561239 0.000561168 0.000561169 20.6711 0.000561276 0.000566322 0.00056117 0.000566241 0.000561167 0.000561314 0.000561168 0.000563338 0.000561169 0.000561168 0.000561169 0.000570112 0.000561174 0.0150876 0.000561167 0.000561701 0.000561172 0.000605102 0.000561189 0.000561168 0.000561256 0.000562035 0.000561258 0.000561168 0.000561425 0.000561173 0.000561168 0.000563267 0.000562168 0.00056117 0.000561176 0.000561167 0.000561175 0.000561167 0.000561168 0.000561168 0.000561168 0.000561168 0.000561174 0.000561167 0.000561168 0.000561174 0.000561173 0.000561167 0.000561168 0.000561446 0.000561169 0.000561167 0.000561316 0.000565292 0.000561343 0.000561239 0.000561167 0.000561167 0.000561167 0.000570424 0.000561168 0.000561563 0.000561167 0.000561208 0.000561168 0.000561176 0.000561167 0.000561169 0.000561229 0.000561168 0.000561288 0.000561167 0.000561167 0.000561907 0.000561501 0.000561167 0.000561168 0.000561167 0.000561167 0.000561167 0.000561523 0.000561169 0.000561171 0.000561168 0.000561167 0.000561168 0.000561169 0.000561168 0.00056117 0.000561168 0.000561167 0.00056117 0.000561664 0.00056242 0.000561168 0.000681228 0.000561168 0.000561169 0.000561168 0.000561168 0.000561681 0.000561179 0.000561169 0.000561168 0.000561168 0.000561167 0.000561167 33.0498 0.000561167 0.000561169 0.000561167 0.00056162 0.000562859 0.000567949 0.000561354 0.000561838 0.000561167 2.23658 0.000561169 0.000561168 0.000658445 0.000621631 0.000561167 0.000561169 0.00056118 0.000563344 0.000561505 0.000561167 0.000561167 0.000566052 0.000561376 0.000561701 0.000561421 0.000564482 0.000572994 0.00056117 0.000561446 0.00056192 0.000561167 0.000562245 0.000682213 0.000561168 0.000561169 0.000564657 0.000561167 19.8199 0.000561432 0.000562235 0.000561167 0.000561167 0.000561168 0.000561176 0.000562069 0.000561167 0.000561233 0.000561168 0.000678731 0.000561169 0.000561202 0.000561433 0.00056161 0.000561167 0.000561167 0.00056117 0.000561168 0.000562051 0.000561265 0.000561297 0.000561794 0.000561171 0.000584167 0.000602478 0.000561168 0.00056117 0.000579369 0.00056125 0.000561255 0.000561167 0.000561173 0.000561168 0.000570714 0.000562493 0.000561186 0.000561167 0.000561167 0.000561167 0.000561561 0.000561489 0.000561167 0.0005612 0.000561168 0.000598193 71.0681 0.000561167 0.000561542 83.7465 0.000561327 0.000561167 0.000561239 0.000561207 0.000561167 0.000561498 0.000565229 0.000561168 0.000561169 0.000561185 0.000561167 0.000561169 0.000561167 0.000561187 0.000561221 0.000561736 0.000561168 0.000561171 0.000561167 0.000561168 0.000561299 0.000561168 0.000561487 0.000561167 0.000562353 0.000561167 0.000561167 0.000561167 0.000561167 0.000582791 0.000561186 0.000562726 0.00056117 0.000561167 0.000561168 0.000562853 0.000561168 0.000561169 0.000561172 0.000561167 0.000564499 0.000561168 0.000561204 0.000562551 0.000564004 0.000561253 0.000561168 0.000561234 0.000561168 0.000594164 0.000561766 0.000561167 0.000561172 0.000561167 0.000561254 0.000561167 0.000566004 0.000561169 0.000561167 0.000561167 0.000561167 0.0176611 0.000568811 0.000561168 0.000561167 0.000562246 47.8602 0.000561167 0.000561167 0.000561167 0.00056117 0.000561169 0.000569647 0.000561261 0.000561169 0.000561168 0.000561364 0.000561168 0.00056126 0.000561168 0.000561173 0.000561234 0.000561167 0.000561167 0.00056331 0.000561168 0.000561168 0.000561167 0.00056117 0.000561264 0.000561217 0.000561169 0.000561167 0.000561167 0.000561167 0.000561168 0.000561167 0.000561529 0.000561317 0.000561167 0.000562219 0.000561171 0.000561167 0.000561168 0.000561244 0.000561168 0.000561749 0.000561167 0.000561167 0.000561193 0.000567193 0.000561168 0.000561168 0.000561238 0.000561168 0.000561167 0.000561738 0.000561795 0.000561232 0.000561322 0.000561168 0.000815659 0.000561253 0.000561594 0.00056213 0.000561188 0.000561178 0.000561167 0.00073883 0.00056118 0.000561172 0.000561168 0.000561168 0.000561202 0.000561167 0.000561169 0.000561167 0.000561241 0.000561168 0.000561168 0.000568006 0.000561168 0.000561169 0.000594925 0.000561167 0.000561244 0.000562817 0.000561167 0.000561168 0.00057072 0.000561168 0.000561311 0.000561306 0.000561744 0.000561342 0.000561167 0.000561167 0.000562953 15.5083 0.000561168 0.000583857 0.000561247 0.000561506 0.000561168 0.000561169 0.000561167 0.000561167 0.000561179 0.000561167 0.000561168 0.000561167 0.000561173 0.000561168 0.000561167 0.000561174 0.000561576 0.000561169 0.000563607 0.0005612 0.000561169 0.000561169 0.000561167 0.000561168 0.000561167 0.000561169 0.00056141 0.000561175 0.00056119 0.000561167 0.000561168 0.000561177 0.000561168 0.000561168 0.000561217 0.000561168 0.000561217 0.000561171 0.000561169 0.000561168 0.000561168 0.000561167 0.000561168 0.000561168 0.000561168 0.000562203 0.000563742 0.000561169 0.000561169 0.000561939 0.000561167 0.000582193 0.000561172 0.000561167 0.000561167 0.000561167 0.00056125 0.000581696 0.000561169 0.000561168 0.000561169 0.000561167 0.000561168 0.000562288 0.000562077 0.000561168 0.000561168 0.000561358 0.000610211 0.000561188 0.000561167 0.000561167 0.00056117 0.000561168 0.000561169 0.000561169 0.000561175 788.175 0.000561168 0.000561168 0.000561174 0.000561168 0.000561168 0.00058802 0.000561172 0.000561167 0.000952586 0.00386025 0.000561168 0.000561168 0.000561167 0.000561371 0.000584211 0.000570199 0.000561167 0.000576823 0.000561171 0.00056135 0.000561167 0.000561168 0.000561219 0.000561167 0.000561805 0.000561235 0.00056124 0.000561177 0.000561878 0.000561168 0.000561171 0.000561683 0.000561168 0.000561167 0.000561168 0.000625764 0.000561168 0.000561227 0.000561168 0.000561167 0.000561168 0.000661802 0.000566878 0.000562003 0.000561168 0.000561173 0.000561177 0.000561168 0.000561168 0.000561168 0.000561233 0.000561169 0.000561167 0.000561578 0.000561168 0.000561168 0.000561167 0.000562252 0.000561792 0.000649698 0.000561168 0.000561168 0.000561222 0.000561168 0.000561224 0.000561168 0.00056117 0.000561167 0.00056117 0.000561182 0.000561169 0.000561168 0.000561169 0.000564578 0.000561167 0.000561171 0.000561168 0.000561167 0.000561175 0.000561197 0.000561342 0.000561167 0.000561754 0.000561169 0.000561167 0.000561168 0.000561167 0.000561167 0.000561167 0.000797944 0.000625478 0.000561168 0.0035514 0.00056117 0.000561168 0.000561167 0.00056117 0.000561167 0.000561167 0.000561167 0.00056117 0.000561167 0.000563912 0.00056117 0.000561274 0.000561167 0.000561167 0.000561169 0.000561183 0.000561167 0.000561167 0.000561169 0.000561167 0.000580238 0.000561199 28.7366 0.000561408 0.000561167 0.00056137 0.000561168 0.000608448 0.000561168 0.00056125 0.00056142 0.000561168 0.000561189 0.000561168 0.000561167 0.000561191 0.000561167 0.000561445 0.000561169 0.00056117 0.000561168 0.00056297 0.00056287 0.000581909 0.000561167 0.00138777 0.000561191 0.000561167 0.000561167 0.000561169 0.000561167 0.000561374 0.00056117 0.000561169 0.000561906 0.000561167 0.000563994 0.00076798 0.000561178 0.000562291 0.00056117 0.000561168 0.000561169 0.000561168 0.000561677 0.000563252 0.000561168 0.000565235 0.000582512 0.000561213 0.00056119 0.000561167 0.00056117 0.000561168 0.000561167 0.000561167 0.00056123 0.000561213 0.000561167 0.000561307 0.000561339 0.000561167 0.000561171 0.000561167 0.000561167 0.000561234 0.000561172 0.000561167 0.000562994 0.000561183 0.000596341 0.00056117 0.000561168 0.000593412 0.000561329 0.000561167 0.000561167 0.000561167 0.000561169 0.000561168 0.00056165 0.000590833 0.00310771 0.000561191 0.000561167 0.000561167 0.000561193 16.5452 0.000561662 0.000561168 0.00056117 0.000561934 0.000561167 0.000561176 0.000561317 0.000561208 0.000561247 0.000561333 0.000563212 0.000561337 0.00056117 0.000561167 0.000561167 0.000561227 0.000561169 0.000561167 0.000561169 0.000561167 0.000561167 0.000561424 0.000561167 0.000653993 0.000561167 0.000561168 0.000561451 0.000561168 0.000568527 0.000561259 0.000563893 0.0005768 0.000590447 0.000561174 0.000561228 257.603 0.000561235 0.000561238 0.000561167 0.000561169 0.000561167 0.000562957 0.000561167 0.000561173 0.000570194 0.000572684 0.000576329 0.000561168 0.000561173 0.000561167 0.000561169 0.000561169 0.000561167 0.000572794 0.000565177 68.1132 0.000561253 0.000561167 0.000561168 0.000561167 0.000561272 0.000561168 0.00056117 0.000561946 0.000561355 0.000561167 0.000561195 0.000561236 0.000561168 0.000561167 0.00056117 0.000561167 0.000561167 0.000561776 0.000561222 0.000561264 0.000561167 0.000561167 0.000561174 0.000561365 0.000561167 0.000561167 0.000561169 0.000561167 0.000561309 0.000561168 0.000561168 0.000617813 0.000561214 0.000561178 0.000759772 0.000561168 0.000561168 0.000561167 0.000561167 0.00056143 0.000723945 0.000561167 0.000561168 0.000561167 0.000562512 0.000561897 0.000561259 0.000561804 0.000561167 0.000561167 0.000561167 0.000561168 0.000565833 0.000561167 0.000561169 0.000561168 0.000561873 0.000561169 0.000561172 0.000623441 0.000561167 0.000561169 0.000561168 0.000561168 0.000561167 0.000562551 0.000578456 0.000598005 0.000561196 0.000561952 0.000561169 0.000561445 0.00056117 0.000573095 0.000561167 0.000561168 0.000561333 0.000561167 0.000561167 0.000561167 0.000561673 0.000561168 0.000561167 0.000561167 0.00056117 0.000561206 0.000561167 0.000561819 0.000561168 0.000561167 0.00056118 0.000561212 0.000561172 0.000561168 0.000561171 0.000657815 0.000561186 0.000561167 0.000561225 0.000561167 0.000561176 0.000561168 0.000561513 0.000561676 0.00056139 0.000561248 0.000561167 0.000561167 0.000563447 0.000561169 0.000561401 0.000561528 0.000722489 0.000561168 0.000561338 0.000561169 0.000561168 0.000576448 0.000561167 0.000561169 0.000561383 0.00056117 0.000561167 0.00056125 0.000561168 0.00056148 0.000561167 0.000561504 0.000561266 0.000640614 0.000561167 0.000561168 0.000561168 0.000561167 0.000563436 31.0548 0.000561168 0.000561167 0.000561189 0.000561227 0.000562622 0.000594332 0.000561171 169.671 0.000561168 0.000561368 0.000561168 0.000561168 0.000561168 0.000561167 0.000561168 0.00056133 0.000562529 0.000562433 0.000561988 0.000561606 0.000561167 0.000561422 0.000561167 0.000561169 0.000561169 0.00056118 0.000561654 0.000561168 0.000561167 0.00056117 0.000561167 0.000561168 0.00056119 0.000561383 0.000561167 0.00056266 18.907 0.000567673 0.000572518 0.000561167 0.00056117 0.000562325 0.000561204 0.000562433 0.00056144 0.000561168 0.000561209 0.000562173 0.000561172 0.000561257 0.000561992 0.00056117 0.000561614 0.0005686 0.000563147 0.000561168 0.00056117 0.000562341 0.000561167 0.000561168 0.000561168 0.000561168 0.000561168 0.000561171 0.000562056 0.000561216 0.000561167 0.000561167 0.000561167 0.000561168 0.000561167 0.000561167 0.000571576 0.000561198 0.000561168 0.00121085 0.000561167 0.000561167 14.5985 0.000561167 0.000561575 0.00056117 0.000561168 0.000561462 0.000664308 0.000561173 0.000561169 0.0005614 0.000561169 0.000566239 0.000561167 0.000561167 0.000561357 0.000561169 0.000561167 0.000561167 0.000561168 0.000585915 0.000561168 0.000561168 0.000561168 0.00056998 0.000561494 0.000561167 0.000563226 0.000561167 0.000561168 0.000572931 0.000561167 0.000561202 0.00056117 0.000561169 0.000561168 0.000561168 0.000561354 0.000561167 0.000569208 0.000561989 0.000563682 0.000561375 0.000561169 0.000561167 0.000561167 0.000561169 0.000561169 0.00056117 0.000561167 0.000561318 0.000575129 0.000561167 0.000561167 0.000561179 0.000561167 0.000561168 0.000561175 0.000561168 0.000561167 0.000561167 0.000561167 56.7789 0.000561167 0.000561168 0.000561168 0.00056117 0.000561169 0.000561168 214.697 0.000562313 0.000561167 0.000561168 0.000561167 0.000561168 0.00057202 25.3191 0.000561168 0.000561168 0.00056117 0.000561312 0.000561167 0.000561381 0.000561168 0.00056398 0.000561168 0.000562575 0.000561261 0.000561192 0.000561167 0.000561167 0.000995067 0.00056117 0.000561368 0.000561168 0.000561526 0.000561168 0.000561167 0.000561167 0.000565886 0.000561167 0.000561172 0.000584287 0.000561254 0.000561167 0.00056117 0.000600734 0.000561169 53.5435 0.000561212 0.000561572 0.000561167 0.000561167 0.000561167 0.000561692 0.000561169 0.000570932 0.000561167 0.000564023 0.00056142 0.000561199 0.000561167 0.000561167 0.000561167 0.000561169 0.00223151 0.000561167 0.000561168 0.000561168 0.000562336 0.000561167 0.000561219 0.000561168 0.000562758 0.000561168 0.000561168 0.000561167 0.000597934 0.000561228 0.000561167 0.000561167 0.00056165 0.000561898 0.000561168 0.00056205 0.000561167 0.000562919 0.000561167 0.000561241 0.000561281 0.000561168 0.000561171 0.000561167 0.000561169 0.000561167 0.000569527 0.000561168 0.000561168 0.000561673 0.000561167 0.000561167 0.00056117 0.000561736 0.00056117 0.000566827 0.000561167 0.000561316 0.000562133 0.000561169 0.000561738 0.00056686 0.000562052 0.000561167 0.000561169 0.000561905 0.000561167 0.000561167 0.000561275 0.000561168 0.000565645 0.000561167 0.000561168 0.000561169 0.000567961 0.000561167 0.000561167 0.000561167 0.000561362 0.000561167 0.000561168 0.000561167 0.000561252 0.000561167 0.000561169 0.000561167 0.000561634 0.000561168 0.000561167 0.000561482 0.000561527 0.000561243 0.000561191 0.000561167 0.000561168 0.000561185 0.000563813 0.000561167 0.000561183 0.000561167 0.000561168 0.000561681 0.000561168 0.000561169 0.000561315 0.000561167 0.000561167 0.000561176 0.000562123 24.5314 0.00056118 0.000561199 0.000561167 0.00056117 0.000561168 0.000561167 0.000561209 0.000561168 0.000561167 0.000561168 0.000561168 0.000561177 0.000561167 0.000561224 0.000561171 0.000561167 0.000561168 0.000561167 0.00056119 0.000561167 0.000561167 0.000561167 0.000561314 0.000780022 0.000561168 0.000633255 0.000561171 0.000580596 0.000561167 0.000561167 0.000561171 0.00056117 0.000561167 0.00056318 0.000561168 0.000561222 0.000561168 0.000561167 0.00056117 0.000563106 0.000561352 0.000561167 0.000561168 0.000561167 0.000561334 0.000561168 0.000562011 0.000561246 0.000561167 0.000585593 27.5114 0.000561168 0.000561167 0.000561167 0.000561243 0.000561195 0.000561167 0.000561235 0.000561168 0.000561169 0.000561167 0.000561168 0.000561167 0.000561196 0.000561167 0.000561168 0.000561167 0.000561167 0.000561168 0.000581433 0.000561167 0.000562247 0.000561168 0.000561167 0.000561168 0.000561167 0.000561167 0.000590463 0.000580762 0.000561167 0.00056172 0.000561433 0.000563383 0.000561168 0.000561169 0.000561167 0.000831583 0.000561168 0.000561167 0.000561167 0.000566961 0.000561167 0.000561167 0.000561168 0.000562077 0.000561168 0.000561168 0.000622114 0.000562832 0.000561242 0.000561513 0.000561168 0.00056117 0.000561168 0.000561277 0.000561289 0.000561272 0.000561537 0.000561227 0.000561167 0.000561168 0.000561168 0.000561167 0.000561169 0.000561716 0.000561169 0.000561167 5.76752 0.000561171 0.000561167 0.000639954 0.000561168 0.000561167 0.000561319 19.9241 0.000561757 0.000561168 0.000561167 0.000561251 0.000561172 0.000594252 0.000561168 0.00056117 0.000561167 0.000561171 0.000561167 0.000561168 0.000608366 5.15894 0.0005617 0.000561171 0.000561169 0.000561169 0.000561167 0.000561168 0.000561179 0.00056672 0.000561167 0.000561174 0.000561407 0.000592748 0.000561174 0.000561168 0.000561167 0.000561374 0.000561168 0.000561167 0.000565887 0.000561168 0.000561632 0.000561172 0.000561167 0.000561167 0.000561167 0.000561167 0.000561168 0.000561168 0.000561168 0.000561171 0.000561273 0.000562859 0.000561174 0.000561217 0.000561168 0.000561167 0.000571778 0.000561474 0.000565881 0.000566555 0.000561195 0.000561168 0.000561212 0.000563231 0.000561169 0.000561394 0.000561167 0.000561167 0.000561993 0.000561661 0.000561167 0.000561169 0.000561167 0.000561683 0.000561219 0.000562494 0.000561196 0.000561167 0.000561167 0.000561173 0.000561167 0.000561167 0.000561223 0.000561167 0.000569743 0.000561167 11.0479 0.000561167 0.000562274 0.000561167 0.000561168 0.000593603 0.000562039 0.000561167 0.000561171 0.000561267 0.000561497 0.000561167 0.000642637 0.000561168 0.000676365 0.000561169 0.000562327 0.000561168 0.000561167 0.000561168 0.000569181 0.00056153 0.000563068 0.000561361 0.0005615 0.000561229 0.000561196 0.00056117 0.000561167 0.00056271 0.000561231 0.000561168 0.000561169 0.000561374 0.00056177 0.000561168 0.000561168 0.000561167 0.000561168 0.000561167 0.00056117 0.000572958 0.00056304 0.000657513 0.000561168 0.000561167 0.000561173 0.000561167 0.000574485 0.000561213 0.000561167 0.000561167 0.000561168 0.000561168 0.000561167 0.000561167 0.000561167 0.000561167 0.000561269 0.000561167 0.000604516 0.000561168 0.000589076 0.000561169 0.000561167 0.000561428 0.000561886 0.000561168 0.000562126 0.000561167 0.000561167 0.000565609 0.000561168 0.000561168 0.000561168 0.000561167 0.000561167 0.000561261 0.000561217 0.000561169 0.000561706 1.54855 0.000561294 0.00056251 0.000561167 0.000561168 0.000561167 0.000561169 0.000561168 0.000561169 0.000571671 0.000570336 0.000561193 0.000561168 0.000561168 0.000563667 0.000562344 0.000561173 0.000561167 0.000561169 0.000561167 0.00056117 0.000561229 0.00056185 0.000561167 0.000561168 0.000561169 0.00056117 0.000561541 0.000561171 0.000561634 0.000561167 0.000561167 0.000561168 0.000561167 0.000561168 0.000561167 0.000561168 0.000561167 0.000571582 0.000561168 0.000561167 0.000561168 0.000561934 0.000561167 0.000561254 0.000561234 0.000561167 59.4588 0.00057379 0.000565503 0.000561167 0.000561167 0.000561168 0.000582088 0.000561167 0.000561168 0.000610608 0.000561167 0.000563865 0.000561237 0.000570505 0.000561219 0.00056127 0.000561167 0.000561168 0.000561168 0.000561173 0.000561167 0.000562185 0.000561168 0.000561171 0.000561168 0.000561167 0.000561167 0.000561167 0.000561168 0.000561167 0.000563438 0.000561167 0.000561169 0.000561167 0.000561167 0.000561167 0.000561167 0.000561168 0.000563876 0.000561168 0.000561848 0.000561168 0.000561168 0.000561172 0.000563368 0.00056256 0.000561167 0.000561168 0.000561167 0.000561168 0.000561167 0.000561169 0.00056131 0.000561167 0.000561168 0.000594814 0.000561382 0.000561167 0.000561167 0.000561174 0.000561167 0.000602024 0.000562042 0.000561167 0.000561184 0.000561167 0.00056117 0.00056117 0.000561169 0.000561168 0.000561167 0.000561167 0.000561167 0.000561986 0.000561618 0.000561168 0.000561167 0.000576045 0.000562046 0.000561219 0.000561369 0.00056117 0.000570681 0.00056117 0.000561168 0.000561223 0.000561246 0.000561169 0.000561167 0.000561168 0.000562288 0.000561186 0.000561168 0.000561167 0.000601423 0.000561167 0.000561167 0.000561168 0.000562792 0.000561187 0.000561167 0.000585587 0.000561168 0.000561167 0.000561167 0.000561168 0.00056117 0.000561169 0.000561167 0.000561175 0.000561167 0.000561169 0.000561298 0.000561169 0.000561168 0.000561167 0.00056323 0.000561171 0.000561227 0.000561288 0.000561169 0.000561168 0.000561572 0.000561574 0.000561167 0.000561238 0.000561421 0.000561168 0.000561767 0.000562202 0.000561169 0.000561167 0.000561167 0.000561167 0.000561172 0.000561188 0.000561167 0.00056117 0.000672819 0.000561167 0.000561168 0.000561167 0.000561167 0.000561353 0.000561168 0.000561189 0.000572889 0.000561167 0.000561169 0.000561288 0.000561395 0.000561169 0.00056117 0.000561168 0.000985612 0.000562894 0.000561168 0.000561169 0.000561168 0.000561167 0.000561171 0.000561168 0.000561171 0.000561167 0.000561822 0.000561167 0.000561183 0.00056124 0.000561248 0.000561191 0.000561175 0.000561538 0.000561519 0.000561168 0.000562823 0.000562099 0.000604327 0.000561168 0.000561167 0.00056117 0.000561185 0.000561167 0.000561167 0.000561168 0.000561167 0.000561195 0.000566335 0.000561167 0.000561169 0.000561475 0.000561168 0.000561169 0.000561168 0.000561505 0.000561238 0.000561167 0.00056118 0.00056117 0.000561167 0.00056623 0.000563208 0.000561167 0.000561167 0.000561168 0.000561554 0.000561168 35.1006 0.000561185 0.000561167 0.000566885 0.000561167 0.000561248 0.000561168 0.000561426 0.000561221 0.000561221 0.000596004 0.000561252 0.000564173 0.000561205 0.00056944 0.000561168 0.000561169 0.000561167 0.000561167 0.000561167 0.000561168 0.000561168 0.000561169 0.000561172 0.000561168 0.000561172 0.000562375 0.000561186 0.000561167 0.000587538 0.000565792 0.000561167 0.000561188 0.000561167 0.00056117 0.000561169 0.000561168 0.000561283 0.000905834 0.000561168 0.000561167 0.000561506 0.000561167 0.000561167 0.000561167 0.000561167 0.000561169 0.000561169 0.000561167 0.000561804 0.000798251 0.00060205 0.000561168 0.000561167 0.000561169 0.000561167 0.000561452 0.000561168 0.000561222 0.000561167 0.000572464 0.00056117 0.000561169 0.0170655 0.000561378 0.000561167 0.000561169 0.000561169 0.000561168 0.000833631 0.000561168 0.000561167 0.000561243 0.000561169 0.000561168 0.000561956 0.00056121 0.000561168 0.000561167 0.000561167 0.000561282 0.000561167 0.000570502 0.00056117 0.000561167 0.000561254 0.000561706 0.000561247 0.000561807 0.000581908 0.000562132 0.000561171 0.000561168 0.000561242 0.000561267 0.000561195 0.000561228 0.0022315 0.000561167 0.000561361 0.000561168 0.000561167 0.000561167 0.000561224 0.000561168 0.000564334 0.00056123 0.000561575 0.000561266 0.000561168 0.000561168 20.5666 0.000561167 0.000561175 0.000561167 0.000561379 0.000561167 0.000561167 0.000561229 0.000561168 0.000561168 0.000561349 0.0005684 41.7646 0.000562083 0.000561167 0.000561167 0.000561283 0.000561172 0.000561167 0.000561167 0.000561935 0.000561168 0.000561168 0.000561167 0.000561255 0.000561167 0.000561177 0.000561858 0.000561167 0.000561167 0.000561167 0.000561167 0.000561168 0.000561167 0.000561168 0.00056409 0.000561217 0.000561168 0.000561174 0.000561167 0.000561179 0.000561464 0.000561167 0.000561186 0.000561187 0.000561679 0.000561168 0.000561167 0.00056117 0.00056117 0.000561628 0.000561167 0.000561176 0.000561167 0.000561192 0.000561715 0.000561167 0.000561207 0.000561167 0.000574668 0.000561168 0.000561167 0.000561202 0.000561343 0.000561168 0.000561168 0.000561167 0.000561171 0.000816071 0.000561568 0.000561191 0.000561171 0.000561168 0.000561184 0.000561183 0.000561175 0.000561173 0.000561168 0.000561167 0.000561356 0.000681525 0.000561169 0.000561169 0.000561167 0.000561204 0.00056123 0.000561175 0.000561167 0.000561168 0.000561184 0.000561167 0.000561167 0.000561268 0.000564944 0.000561168 0.000561167 0.000561167 0.000561167 0.00056187 0.00056129 0.000561168 0.000561168 0.000561168 0.000561167 0.000561167 0.000561168 0.000561167 0.000561168 0.000561168 0.000561178 0.000561168 0.000561167 0.000562574 0.000561589 0.000561606 0.000561168 0.000561167 0.000561169 0.000561168 0.000561167 0.000561436 0.000561168 0.000561183 0.000563398 0.000561246 0.000561169 0.000561171 0.000562618 0.000561341 0.000561168 0.000561183 0.000561167 0.000561167 0.000561167 0.000561233 0.000561447 0.000561913 0.000561168 0.000561168 0.000561167 0.000561168 0.000561167 0.000562814 0.00056117 0.000561167 0.000561167 0.000561218 0.000561545 0.000561168 0.000561167 0.000561991 0.000649028 0.000561169 0.000572044 21.334 0.000583724 0.000568985 0.000561177 0.000561168 0.000561168 0.000561242 0.000561168 0.00056131 0.000561167 0.000561167 0.000561483 0.00056117 0.000574921 0.000561843 0.000561168 0.000561168 0.000631558 0.000561169 0.00056284 0.000561167 0.000561596 0.000561167 0.000561169 0.000561167 0.000561167 0.000562676 0.00056117 0.000561168 0.000561171 0.00056131 0.000565846 0.000561167 0.000561171 0.00056117 0.000561513 0.000561764 0.000561168 0.000561167 0.000561167 0.000561167 0.00056117 0.000561167 0.000561167 0.000561167 0.000561172 0.000561168 0.000561168 0.000579177 0.000561167 0.000561167 0.000561167 0.000601378 0.000561169 0.000561167 0.000561168 0.000561541 0.000561168 0.000561177 0.000561167 0.000567739 0.000561188 0.000604905 0.000561171 0.000561168 0.000561167 0.000561185 0.000561734 0.000561167 0.000561359 0.000561169 0.000561167 0.000561222 0.000561169 0.000561167 0.000561167 0.00056248 0.000561169 0.000561198 0.000562247 0.000561168 0.00056136 0.000561294 0.000579082 0.000561452 0.000561378 0.000561208 0.000562354 0.000561472 0.000562196 0.00056117 0.000561168 0.000561507 0.000561168 0.000561167 0.000571598 0.000561167 0.000561169 0.000561212 0.000562051 0.000561169 0.000568159 0.000561169 0.000561167 0.000561168 0.000561167 0.000561175 0.000561182 0.000561167 0.000561167 0.000561175 0.000561214 0.000561168 0.000561168 0.000561169 0.000561169 0.000562105 0.000561217 0.000561169 0.000561304 0.000561171 0.000561168 0.000561172 0.000561582 0.000561168 0.000561176 0.000561442 0.000561266 0.000561195 0.000561607 0.00412049 0.000561239 0.00056449 0.000561617 0.000564219 0.000561167 0.000561207 0.000561168 0.000561167 0.000561167 0.000561168 0.000561168 0.000561168 0.000561167 0.000561167 0.000561539 0.000565617 0.000567 0.000561473 0.000561168 0.000563317 0.000575403 0.000684151 0.000561167 0.000561189 0.000561168 0.000561167 0.000563005 0.000561466 0.00056119 0.00056423 0.00056123 0.000561216 0.000561245 0.000562761 0.000561173 0.000563602 0.000743825 0.00056248 0.00060142 0.000561167 0.000561167 0.000561167 0.000561219 0.000561167 0.00056135 0.000562007 0.000561168 0.000561169 0.000561329 0.000561168 0.000561196 0.000561175 0.000561171 0.000561181 0.000561167 0.000561168 0.000580134 0.000561307 0.000561195 0.000561168 0.000561356 0.000561167 0.000561667 0.000561747 0.00056232 0.000561168 64.3383 0.000561167 0.000561178 0.000561169 0.000561168 0.000561446 0.00056117 0.000561168 0.000561167 0.000561168 0.000561167 0.000561179 0.000561168 0.000592038 0.000561309 0.000561599 0.000561168 0.000561167 0.00056117 0.000561172 0.000561168 0.000561167 38.8049 0.000561402 0.000561167 0.000561167 0.000561167 0.000561169 0.000561216 0.000561216 0.000561167 0.000561167 0.000577455 0.000561218 0.000561168 0.000561168 0.000562092 0.000561167 0.000561331 0.00056117 0.000561212 0.000561277 0.000561168 0.000561173 0.000561169 0.000561168 0.000561167 0.000561167 0.000561167 0.000561168 0.000561168 0.000561167 0.000561167 0.000561168 0.000561167 0.000561167 0.000561167 0.000561383 0.000561212 0.000561194 0.000561429 0.000561167 0.000563875 0.000561172 0.000561168 0.000579163 0.000561167 0.000561168 0.000561236 0.000561168 0.000561168 0.000561179 0.000561169 0.000611222 26.2013 41.1326 0.000562066 0.000561167 0.000562122 0.000561308 0.00056122 0.000561171 0.000561167 0.000561167 0.000561168 0.000561168 0.000561541 0.000561873 0.000561167 0.000561168 0.000574211 0.000561168 0.0005612 0.000561171 0.000561167 0.000561167 0.000561167 0.000561167 0.000561168 0.000561169 0.000561168 0.000562553 0.000561171 0.000737177 0.000561167 0.000561168 0.000561179 0.000562084 0.000561376 0.000561895 0.000561168 0.000561213 0.000562324 0.000561167 0.000561552 0.000561167 0.000561169 0.000561171 0.000561168 0.000561167 0.000561167 0.000561169 0.000561168 0.000561172 0.00056117 0.000561172 0.000561169 0.000561168 0.000561259 0.00056117 0.000561168 0.000561168 0.000561168 0.000561167 0.000562135 0.00056117 0.000561391 0.000561504 0.000561168 0.000561169 0.000565159 0.000576504 0.000561424 0.000562934 0.000561168 0.000561348 0.000562361 0.000561722 0.000561172 0.000561168 0.000561169 0.000561169 0.000561168 0.000561168 0.000562527 0.000561167 0.000561168 0.000561843 0.00068744 0.000561167 0.000561167 0.000561168 0.000561261 0.000561171 0.000561744 0.000616843 0.000561214 0.000581697 0.000561168 0.000561168 0.000561167 0.000561194 0.000561167 0.000561297 0.000561168 0.000561168 0.00056142 0.000561168 0.000561636 0.000561168 0.000561938 0.000561167 0.000561167 0.000561169 0.000561189 0.000561168 0.000561175 0.000561169 0.000561167 0.000576657 0.000561307 0.000561167 0.000561167 0.000561171 0.000561358 0.000561167 0.000561171 0.000561173 0.000562007 0.000584349 0.000561167 0.000561973 0.000561168 0.000561167 0.000561168 0.000561217 0.000561169 0.00119942 0.000561522 0.000561169 0.000561188 0.000561168 0.000637032 0.000561168 0.000561167 0.000561167 0.000562097 0.000561167 0.000561278 0.000561205 0.000561168 0.000561167 0.000561704 0.000561212 0.000561167 0.000561168 0.00056786 13.3212 0.000561625 0.000561238 0.000561271 0.000561167 0.000575114 0.000561818 0.000561168 0.000561363 0.00064806 0.000561167 0.000561169 0.000561178 0.000561249 0.000561168 0.000561168 0.000561171 0.00056118 0.000561167 0.000561493 0.000598848 0.000561167 0.000561168 0.000561167 0.000561167 0.000564803 0.000561285 0.000621049 0.000561255 0.000561168 0.000566091 0.000561169 0.000561169 0.000572862 0.000561211 0.000561168 0.000561184 0.000561167 0.000561168 0.00056323 0.000565655 0.000561752 0.000561167 0.000561168 0.000561179 0.000561168 0.000561171 0.000720967 0.000561167 0.000561171 0.00056166 0.000561168 0.000561168 0.000561168 0.000561168 0.000561167 0.000561167 0.0005649 0.000561168 0.000561168 0.000562386 0.000561273 0.000561167 0.000561219 0.000561167 0.000561168 117.001 0.000561274 0.000561168 0.000561167 0.000561185 0.000561167 0.000561191 0.000561168 0.000561578 0.000561168 0.000563336 0.000561167 0.000561167 0.000561167 0.000561168 0.000561167 0.000561168 0.000561168 0.00059192 0.000561167 0.000561232 0.000565932 0.000561171 0.000562064 0.000873617 0.000561169 0.000561168 0.000561169 0.000561168 0.000561251 0.000561176 0.000561332 0.000563773 0.000561315 0.000561167 0.000561167 0.000561591 0.000561167 0.00056119 0.000562322 0.000564225 63.5583 0.000561237 105.666 0.00056118 0.000561168 0.000561516 0.000606974 0.000921701 0.000561168 0.000580688 0.000561169 0.000561168 0.000561252 0.000561167 0.000561201 0.000561167 0.000561167 0.000561168 0.00056117 0.000561167 0.000561169 0.000561545 0.00056952 0.000561168 0.000659718 0.000561167 0.000561168 0.000561167 0.000561375 0.000561167 0.000561196 0.000571422 0.000561183 0.000561168 0.000561169 0.000561218 0.000563994 0.000561168 0.000561168 0.000561167 0.000561305 0.000561247 0.000561175 0.000561167 0.000576229 0.000561167 0.000561168 0.000561167 0.000561168 0.000561168 0.000561169 0.000561168 0.000561173 0.000562114 0.000561169 0.000561168 0.000561167 0.000561615 0.000621631 0.000561373 0.000561168 0.000561167 0.000569139 0.000561168 0.000561169 0.00056118 0.000561877 0.000566374 0.000561859 0.00060085 0.000561167 0.00056515 0.00056117 0.000561167 0.000561508 0.000564229 0.000561231 0.000561194 0.000561167 0.000561168 0.000561168 0.00056118 0.000561221 0.0014976 0.000561168 0.000561169 0.000561252 0.000609214 0.00056117 0.000561167 0.000563615 0.000561169 0.000561168 0.000561169 0.000561183 0.000561236 0.00061891 0.000561168 118.315 0.00056144 0.000561167 0.00056118 0.000618355 0.000703201 0.000563539 0.000561167 0.000561242 0.000561172 0.000562497 0.000561167 0.000561169 0.000561485 0.000561248 0.00056373 0.000561181 0.000561167 0.000561168 0.00056117 0.000561168 0.000570597 0.000561168 0.00372558 0.000561201 0.000561509 0.000561168 0.000561497 0.000561167 0.000561167 0.000561167 0.000561171 0.000561168 0.000561304 0.000561238 0.00057326 0.000561167 0.000561167 0.00056117 0.00056117 0.000561171 0.000561168 0.000561279 0.000563679 0.000561421 0.000561168 0.000561368 0.000561167 0.000561167 0.000621172 0.000561167 0.000562113 0.000561168 0.000562009 0.000577009 0.000561167 0.000561167 0.000561168 45.4076 0.000561168 0.000561167 0.000562552 0.00056117 0.000561168 0.000561199 0.000561384 0.000561168 0.000561167 0.000562647 0.000561167 0.00056117 0.000562815 0.00056117 0.0193957 0.000561828 0.000561167 0.000561167 0.000567334 0.000561167 0.00104181 0.00056182 0.000561167 0.00058677 0.000561188 0.000561171 0.000561168 0.000561201 0.000561259 0.000561214 0.000561167 0.000586019 0.000561171 0.00056117 0.000561171 0.000561908 0.000561167 0.000561168 0.000562211 0.000566797 0.000561167 0.000561426 0.000561167 0.000561477 0.00056141 0.000561168 0.000561507 0.000561171 0.000561877 0.000561167 0.000561281 34.335 0.000563095 0.000561168 0.000561168 0.000561167 0.000561955 0.000561167 0.000561168 0.000561167 0.000561244 0.000561169 0.000561168 0.000561383 0.000566016 0.000561167 0.000561167 0.000569612 0.0005613 0.000562417 0.000561505 0.000561167 0.000561175 0.000561167 0.000561179 0.000561178 0.000561167 0.000561168 0.000561257 0.000561168 0.000561334 0.000571502 0.000561757 0.000561169 0.000561167 0.000561167 0.000561183 0.000565666 0.000561167 0.000561213 0.000561418 0.000604621 0.000561252 33.2018 0.000561169 0.000561167 0.000561167 0.000561168 0.000561169 0.000561168 0.000561167 0.000561167 0.000561478 0.000639491 0.000561168 0.000561167 0.000561381 0.000587236 0.00358108 0.000561169 0.000561168 0.000561167 0.000561302 0.000561551 0.000561167 0.000561167 0.000561167 0.000561728 0.00057339 0.00056117 0.000561168 0.000561168 0.000561167 0.000561588 0.000561167 0.000561168 0.000561167 0.000561168 0.00056117 0.000561168 0.000561167 0.000561192 0.000561449 0.00056124 0.000561167 0.000561168 0.000561169 0.000561167 0.000561167 0.000561207 0.000573715 0.000561167 0.000561169 0.000561273 0.000561501 0.000561241 0.000569104 0.000561167 0.000565376 0.000561295 0.000561168 0.000561167 0.000561167 0.000561167 0.000561168 0.000571166 0.000561167 0.000561275 0.000561167 0.000561167 0.000561168 0.000561169 0.000561168 0.000561167 0.000561314 0.000561168 0.000660187 0.000561168 0.000561168 0.000561794 0.000561168 0.000623184 0.000561866 0.000561167 0.000561168 0.000571541 0.00056234 0.000561787 0.000561167 118.75 0.000561227 0.00056117 0.000561167 0.000561242 0.000561169 0.000564125 0.000561167 0.000561423 0.000562325 0.000561169 0.000561169 0.000561167 0.000584879 0.000561167 0.000561168 0.000561169 0.000562152 0.000562386 0.000561658 0.000561168 0.000562616 0.00056117 0.000561167 0.000561221 0.000561419 0.000561547 0.000561168 0.000561176 0.000562205 0.000561167 0.000561167 0.000561167 0.00056117 0.000660119 0.000561182 0.00056117 0.000561167 0.000561169 0.000880322 0.000561167 0.000562682 0.000561167 0.000562656 0.0005658 0.000561262 0.000561169 0.000561167 0.000561168 0.000561168 0.000561168 0.000561169 0.00056117 0.000561167 0.000567494 0.000562121 0.000562182 0.000561556 0.000561168 0.000561325 0.000561168 0.000561169 0.000561168 0.000576402 0.000568086 0.000561167 0.000561168 0.000561167 0.000561167 0.000562327 0.000561168 0.000564029 0.000561167 0.000561168 0.000561168 0.000561368 0.000561168 0.000561167 0.000561186 0.00056117 0.000561167 0.000561167 0.000561167 0.00057252 0.000561241 0.000561167 0.000588962 0.000561169 0.000561225 0.000626792 0.000561167 0.000561168 0.000561167 0.000561167 0.000561168 18.5881 0.000561331 0.000561167 0.000561167 0.000561168 0.000561168 0.000561169 0.00056117 0.000561167 0.000561171 0.000561167 0.000561167 0.000561168 0.000562777 0.000561168 0.000561167 0.000561167 0.00056213 0.00056117 0.000561539 0.000561168 0.000561167 0.000595744 0.000561168 0.149914 0.000561167 0.000561167 0.000561167 0.000561167 0.000561167 0.000561168 0.00100256 0.000561167 0.000563582 0.000660334 0.000561169 0.000561168 0.000561168 0.000561167 0.000561167 0.000561168 0.000565918 42.7535 0.000561167 0.000561191 0.000561167 0.000561168 0.000562181 0.000565879 0.000571775 0.000561313 0.000561167 0.000616591 0.000561168 0.000561201 0.000561498 0.000561175 0.000561168 0.000561167 0.000561168 48.2198 0.00056117 0.000561169 0.000561169 0.000561167 0.000561187 0.000561168 0.000561216 0.000561167 0.000561167 0.000561563 0.00056123 0.000562717 0.00056565 0.000561167 0.000561168 0.000563855 0.000561168 0.000561167 0.000561167 0.000561369 0.000561171 0.000561168 0.000562662 0.000561169 0.000576263 0.000561194 0.000561209 0.000561212 0.000561168 0.000561167 0.000597202 0.000561167 0.000561167 0.000561171 0.000561189 0.000561178 0.000561191 0.000561169 0.000561795 0.000632273 0.000561167 0.000561167 0.000561167 0.00061973 0.000561168 0.000561167 0.000561167 0.000561168 0.000561986 0.000561177 0.000561239 0.000561167 0.000561171 0.000561168 0.00056117 0.000561167 0.000561168 0.000563874 0.000561168 0.000654309 0.000561167 0.000561167 0.000561189 0.000561202 0.000561167 0.000561169 0.000561169 0.000561167 0.000561167 0.000561168 0.000561168 0.000561489 0.000561167 0.000561169 0.000561168 0.000561447 0.000561167 0.000561167 0.000561167 0.00056217 0.000561171 0.000561167 0.000564494 0.000561167 0.000561167 0.000561167 0.000561169 0.000561167 0.000561167 0.000561494 0.000561167 0.000561169 0.000737182 0.000561167 0.000561242 0.00056532 0.000561176 0.000561167 0.000561425 0.000561168 0.000561199 0.000578852 0.000561167 0.000561168 0.000561167 0.000562185 0.000561168 0.000561173 0.000561168 0.000564409 0.000561169 0.000561167 0.000561168 0.000567443 0.000561167 0.000561167 0.000561167 0.000561169 0.000561168 0.000561168 0.000561168 0.000562323 0.000595723 0.000561936 0.000561172 0.000561168 0.000561168 0.000561167 0.00057685 0.000588788 0.000561169 0.000561839 0.000562159 0.00058319 0.000561181 0.00056246 0.000561168 0.000561167 0.000561168 0.000688743 0.000561182 0.000561167 0.000561577 0.000561168 0.000561167 0.000561168 0.000561168 0.000561167 0.000561172 0.000561167 0.000561168 0.000561699 0.000561167 0.000575886 0.000561211 0.000570272 0.000561167 0.00056117 0.000561172 0.000561168 0.000561264 0.000561168 0.000561168 0.000561168 0.000561167 0.000561168 0.000561168 0.000561268 0.000561248 0.000561167 0.000561167 0.000561814 0.000561168 0.000561631 0.000561169 0.000561168 0.00056117 0.000561179 0.000561167 0.000561167 0.000561245 0.000561351 0.000561167 0.000561169 0.00056117 0.000561167 0.00193604 0.000561169 0.000561167 0.000561171 0.000561644 0.000561168 0.000561168 0.000564807 0.000561167 0.000561168 0.000561168 0.000561239 0.000561167 0.000561168 0.000561241 0.00056323 0.000561172 0.000564854 0.000561167 0.000561168 0.000561167 0.000561167 0.000561167 0.000561168 0.000561168 0.000561177 0.000561167 0.000561316 0.000563317 0.000561168 0.000567967 0.000561167 0.000561421 0.000561677 29.0851 0.000561197 0.000561168 0.000561168 0.000565538 0.000636097 0.0005617 0.000561249 0.000561167 11.0198 19.8394 0.000561218 0.000561167 0.000561168 0.000561169 0.000561175 0.000561167 0.000561167 0.000561182 0.000561167 0.000563051 0.000561168 0.000561167 0.000561167 0.000561168 0.000561167 0.000561282 0.000561168 0.000561225 0.000561167 0.000561541 0.000561168 0.00056117 0.000575638 0.000562818 0.000561171 0.0005618 0.000629872 0.000561168 0.000561167 0.00056117 0.000561169 0.000561167 0.000561961 0.000561167 0.000561167 0.000561181 0.000561682 0.000561167 0.000561168 0.000561167 0.000561181 0.000561167 0.000561187 0.000561168 0.000562312 0.000561168 0.000561313 0.000561361 0.000561189 0.000561386 0.000571752 0.000561169 0.000561167 0.000561168 0.000561458 0.000561929 0.000561167 0.00089244 0.000561168 0.00056168 0.000561239 0.00056133 0.000564552 0.000561167 0.000561178 0.0005612 0.000561168 0.000561171 0.000561168 0.000574658 0.000561168 0.000561167 0.000561167 0.000561172 0.000561167 0.000561168 0.000561167 0.000576695 0.000561167 0.000561168 0.000663283 0.000561168 0.000561167 0.000561169 0.000561169 0.000561823 0.000561255 0.000561167 0.000561167 0.000561167 0.00056117 0.000561168 0.000565402 0.000561167 0.000561167 0.000561167 0.000561169 0.000561167 0.00056117 0.00056151 0.000561287 0.000561444 0.000561234 0.000561167 0.000561211 0.000561637 0.000561168 0.000561169 0.000561275 0.000561171 0.000561169 0.000562428 0.000561168 0.000610419 0.000562657 0.000562254 0.000561167 0.000561167 0.00058241 0.000561354 0.00056124 0.000561337 0.000562038 0.000561225 0.000561338 0.000561336 0.00121738 0.000561168 0.000561173 0.000561167 0.000561169 0.000561185 0.000562306 0.000561167 0.000561168 0.00056117 0.000561167 0.000561168 0.00062513 0.000561167 0.000619382 0.000561835 0.00056117 0.000561168 0.00057669 0.000561468 0.00056117 0.000561169 0.000561167 0.000561167 0.000561167 0.000561168 0.000561171 0.000823414 0.000561222 0.000561318 0.000561167 0.000569921 0.000561168 0.000571902 0.00056157 0.000581273 0.000561167 0.000561168 0.000561169 0.000561758 0.000563367 0.000561168 0.000561458 0.000561167 0.000561167 0.000561168 0.000561168 0.000561168 0.000561218 0.00056121 0.000561168 0.000562891 0.00056729 0.000561171 0.000561168 0.000561167 0.000561168 0.000561168 0.000561168 0.000561169 0.000561482 0.000561167 0.000561167 0.000561278 0.000567308 0.000561167 0.000561168 0.000563183 0.000561167 0.000561167 0.000561211 0.00056774 0.000561696 0.000561167 0.000561167 0.000561168 0.000561868 0.000561173 0.000561744 0.000561167 0.000561167 0.000561168 0.00056117 0.000561168 0.000561167 0.000561234 0.000561167 0.000561167 0.000561168 0.000571667 0.000561169 0.000562126 0.000561169 0.000561167 0.000561548 0.000561169 0.00056117 0.000561935 0.000561748 0.000561168 0.000564518 0.000561327 0.000561168 0.000561167 0.000563432 0.000561168 0.000561167 0.000561168 0.000561168 0.000594651 0.0005612 0.00056117 0.000561174 0.000561168 0.000562965 0.00056172 0.000561301 0.000579166 0.000561168 0.000561167 0.000561489 0.000561501 0.00056117 0.000561186 0.000561168 0.000561352 0.000561167 0.000561167 0.000561168 0.000561167 0.000563199 0.000561167 0.000561168 0.000561167 0.000561168 0.000561167 0.000561168 0.000561168 0.000561173 0.000561167 0.000561168 0.000561168 0.00121093 0.000561167 0.000561204 0.000561169 0.000561167 0.000561167 0.000561215 0.000561169 0.000561168 0.000563404 0.000561169 0.000561167 0.000561276 0.000561209 0.00058648 0.00056133 0.000561823 0.000561168 0.000561168 0.000561168 0.000561186 0.000561506 0.000562326 0.000561169 0.000561167 0.000561167 0.000561172 0.000561168 0.000561169 0.000561323 0.000562269 0.000562854 0.000561168 0.000561168 0.000561167 0.000562047 0.00105626 0.000561167 0.000561167 0.000561168 0.000561584 0.000561167 0.000561247 0.000561167 0.000561168 0.00056117 0.000561167 0.000561167 0.000561167 0.000561167 0.000561168 0.000561168 0.000561169 0.000561167 0.000561167 0.00056117 0.000563317 0.000561313 0.000686514 0.000561169 0.00180645 0.000576029 0.000604603 0.000565854 0.000561182 0.000561168 0.000561194 0.000561168 0.000561167 0.000561167 0.000561167 0.000585817 0.00056117 0.000561168 0.000561187 0.000571915 0.000561168 0.000561178 0.000574058 0.000561171 0.000561168 0.000737177 0.000561169 0.000561167 0.00056117 0.000561168 0.000561168 0.000561167 0.000561167 0.000561168 0.000561169 0.000561167 0.000561178 42.0475 0.000574282 0.0187742 0.000561167 0.000561167 0.000561273 0.000561168 0.000561168 0.000561167 0.000810673 0.000561167 0.000571134 0.000561167 0.000561194 0.00062458 0.000561711 0.000561167 0.000564195 0.000561168 0.000561424 0.00056117 0.000561168 0.000561171 0.000561168 0.000561435 0.000561169 0.000561169 0.000561171 0.000583172 0.000561168 0.000561182 0.000561169 0.000561168 0.000561169 0.00056122 0.000561169 0.000561174 0.000574686 0.000561294 0.000663936 0.000561167 0.000561167 0.000564307 0.000561746 0.000561264 0.000562587 0.000561167 0.000561404 0.000561168 0.000561167 0.000561238 0.000561168 0.000561588 0.000561554 0.000561167 0.000561167 0.000561167 0.000561167 0.000561167 0.000561226 0.000561167 0.000951871 0.000561168 0.00056117 0.000561167 0.000561167 0.000561175 0.000561168 0.000561169 0.00056121 0.000561168 0.000561167 0.000561168 0.000561908 0.000561269 0.000561167 0.000563011 0.000561169 0.000561167 0.000561266 0.000561169 0.00056118 0.000561167 0.000561167 0.000561167 0.00056117 0.000561167 0.000561168 0.000561167 0.000563967 0.000561167 0.000561168 0.000561169 0.000561167 0.000561219 0.000561167 0.000561167 2.82987 0.000561167 0.000561212 0.000562656 0.000561167 0.000561167 0.000561167 0.00056686 0.000561261 0.000561168 0.000586014 0.000565063 0.000561169 41.8798 0.000561167 0.000561173 0.000561238 0.000561168 0.000561167 0.000561434 0.000561229 0.000561167 0.000571892 0.000561168 0.00171911 0.000561178 0.000561168 0.000561168 0.000561167 0.000561168 0.000561168 0.000561859 0.00056117 0.000577422 0.000561819 0.000565404 0.000561194 0.000561259 0.000561167 0.000561167 0.000561167 0.000561172 0.000561167 0.000561168 0.000561167 0.000562536 0.000561167 0.000561183 0.000568909 0.000561293 0.000561169 0.000561299 0.000561169 0.000561167 0.000561171 0.000562088 0.000561169 0.000561339 0.000561167 0.000561359 0.000561169 0.000561167 0.000562347 0.00056117 0.000561169 0.000561167 0.000561167 0.000561167 0.000561167 0.00056117 0.00056123 0.000561167 0.000561228 0.000561167 0.000561167 0.000561167 0.000561167 0.000561169 0.000561167 0.000561474 0.000561167 0.000562132 0.000561167 0.000561167 0.000561168 0.000561174 0.000561168 0.000561255 0.000561169 0.000561167 0.000561168 0.000561169 0.000561168 0.000561405 0.000562856 0.000561613 0.000561168 0.000561167 0.000561169 0.00056232 0.000566269 0.000613061 0.00056117 0.000561722 0.00057644 0.000648536 0.000561431 0.000561168 0.000561168 0.000561168 0.000561171 0.000561168 0.000561168 0.000561566 0.00224932 0.000561167 0.000561168 0.000561168 0.000561198 0.000561168 0.000561169 0.000561168 0.000562343 0.000565938 0.000561167 0.000561168 0.000561167 0.000561168 0.00056117 0.000561167 0.000561176 0.000618967 0.000561167 0.000567743 0.000561168 0.000561172 0.000561167 0.000563401 0.000579162 0.000599156 0.000561169 0.000574349 0.000564029 0.00056117 0.000561167 0.000561171 0.000562372 0.000561442 0.000561369 0.000561515 0.000561169 0.000561742 0.000561167 0.000561169 0.000563034 0.000561197 0.000561168 0.000561167 0.000561167 0.000561169 0.000561167 0.000604912 0.000564557 0.000561167 0.000750484 0.000561167 0.000561168 0.000561168 0.00056117 0.00056117 0.000561168 0.000561168 0.000561171 0.000561835 0.000561568 0.000561167 0.000573801 0.000561389 0.000561168 0.000561167 0.000561167 0.000561167 0.000561167 0.000573358 0.000562844 0.000561169 0.000561168 0.000561168 0.000561168 0.000561167 0.000561259 0.000561168 0.000561167 0.000580056 0.000561169 0.000561167 0.000561884 0.000561168 0.000561168 0.000561167 0.000563647 138.188 0.000561606 0.000561257 0.000613253 0.000561167 0.000561172 0.000561167 0.000561167 0.000561168 0.000561169 0.000561168 0.000561168 0.000561575 0.000561358 0.000562153 0.00171903 0.000748369 0.000561167 0.000561168 0.000561167 0.000561469 0.000561421 0.000567834 0.000561167 0.000561168 0.000561924 0.020098 0.000561192 0.000561168 0.00056146 0.000561168 0.000561167 0.000561168 0.000561169 0.00064763 0.000561189 0.000561699 0.000561169 0.000561169 0.000561167 0.000562124 0.000561168 0.000645481 0.000561445 0.000561167 0.000561168 0.000561167 0.000563036 0.000561171 0.000561167 0.000593751 0.000561168 0.000561197 0.00056117 0.000561167 0.000561169 0.000561169 0.000561167 0.000561227 0.00056117 0.000561171 0.000561168 0.000561167 0.000561167 0.000561168 0.000561528 0.00056119 0.000561286 0.000569208 0.000561188 0.000561273 0.000561169 0.000561167 0.000576911 0.000561169 0.000561169 0.000561176 0.000561167 0.000561169 0.000561167 0.00056125 0.000561241 0.000561167 0.000561191 0.000561695 0.000579408 0.000561309 0.0193957 0.000561385 0.000561207 0.000561168 0.000561167 0.000561169 0.000561871 0.000561167 0.000561209 0.000561769 0.000561171 0.000561167 0.000561209 0.000561168 0.000561168 0.000561168 0.000561186 0.000561273 0.000561167 0.000563305 0.00056192 0.000561168 0.000561355 0.000561171 0.000671472 0.000570125 0.000561168 0.000561167 0.00057532 0.000561167 0.000561169 0.000561167 0.000561172 0.000561167 0.000561167 0.000756577 0.000561238 0.000561167 0.000561487 0.000561167 0.000561226 0.000561169 0.000577439 0.000561325 0.000561248 0.000561169 0.000561167 0.000561167 18.7615 0.000561675 0.000561168 0.000561194 0.000561169 0.000561168 0.000561167 0.000561167 0.000561168 0.000561167 0.000561168 0.000561191 0.000561208 0.000561168 0.000561167 0.000561169 0.000562621 0.000562532 0.000561175 0.000561167 0.000561167 0.000561167 0.000562623 0.000561167 0.000584023 0.000561168 0.000561314 0.000561168 0.000561168 0.000561217 0.000561167 0.000561472 0.000561168 0.000561167 0.000561168 0.000561168 0.000561375 14.2349 0.000562973 0.000561302 0.000580181 0.000561168 0.000561167 0.000561167 0.000561167 0.000561167 0.000561167 0.000561172 0.000561167 0.000561177 0.000561168 0.000570108 0.000561168 0.000561906 0.000605521 0.000561168 0.000561168 0.000561168 0.000626895 0.000561167 0.000563021 0.000561168 0.000561167 0.000561469 0.000561168 0.000561231 0.00056126 0.000561172 0.000561167 0.000561521 0.00056118 0.000562278 0.000561168 0.000561167 0.000562301 0.000561168 0.000562327 0.000571147 0.000561287 0.000561708 0.000649691 0.000561167 0.000561206 0.000561169 0.000561168 0.000561167 0.000561169 0.000561167 0.000561168 0.000561167 0.000561265 0.000561435 0.000567662 0.000561167 0.000561172 0.00056117 0.00056177 0.000561725 0.000565079 0.000561167 0.00059244 0.00056163 0.000561728 0.000561167 0.000563543 0.000561175 0.000561884 0.000561167 0.000561168 0.000575582 0.000568526 0.000561211 0.000561167 0.00056117 0.000561167 0.000561167 0.000561168 0.00056117 0.000561167 0.000561169 0.000561168 0.000561169 0.000561247 0.000561168 0.000561803 0.000561366 0.000561167 0.000561167 0.000561168 0.000561168 0.000561191 0.000608131 0.000561168 0.000561187 0.000561169 0.000561168 0.000561186 0.000561953 0.000561167 0.000563696 0.000561167 0.000561167 0.000561168 0.000561175 0.000561169 0.000561167 0.000561167 0.000697475 0.000561167 0.000563318 0.000561167 0.000561167 0.00056136 0.000561167 0.000561363 0.000561167 0.000561188 0.000561167 0.000561167 0.000561529 0.000561167 0.000561195 0.000561167 0.000561168 0.000561964 0.000561171 0.000561169 0.000561168 0.000561194 0.000561167 11.2002 0.000561168 0.000562549 0.000561924 0.000561543 0.000561476 0.000662731 0.000598482 0.000562698 0.000561644 0.000561167 0.000698325 0.0005612 0.000561168 0.00056119 0.000561213 0.000561167 0.000561168 0.000561167 0.000561168 0.00105723 0.000561167 0.000561167 0.000561169 0.00056117 0.000561167 0.000561171 0.000561181 0.000561167 0.000561167 0.000561173 0.000561167 0.000561167 0.000594382 0.000561169 0.000561168 0.00056117 0.000561601 0.000561168 0.000561171 0.000570379 0.000561217 0.000803524 0.000561168 0.000561188 0.000561174 0.00056117 0.000569766 0.000561168 0.000561167 0.000561207 0.000561168 0.000561167 0.000561217 0.000561564 0.00056117 0.000561169 0.000561172 0.000613694 0.000561178 0.000833501 0.000561167 0.000561604 0.000561323 0.000564588 0.000562678 0.000561301 0.000561167 0.000561204 0.000561168 0.000561168 0.000561169 0.000561195 0.000561168 0.000561168 0.000561169 0.000561167 0.000561396 0.000561296 0.000561372 0.000566112 16.8088 0.000561177 0.000561167 0.000561168 27.0984 0.000561167 0.000561167 0.000561321 0.000561167 0.000561169 0.00056191 0.000561167 0.000561167 0.000561167 0.000561167 0.000561167 0.000561581 0.000563147 0.000561167 0.406365 0.000561168 0.000561205 0.000561189 0.00056117 0.000561167 0.000561206 0.000561168 0.000561168 0.000561168 0.000561167 0.000561167 0.000561174 0.000561168 0.000571528 0.00056117 0.0005635 0.00056195 0.000601299 0.000561168 0.000561195 0.000561179 0.000561168 0.000561167 0.000561201 0.000561167 0.000561168 0.000561169 0.000561169 0.000561168 0.000561245 0.000561167 0.00056134 0.000561167 0.00056117 0.000561171 0.000561167 0.000561272 0.000561168 0.000561331 0.000561722 0.000561196 0.000562343 0.000562016 0.000561171 0.000561757 0.000809606 0.00056117 0.000561167 0.000579575 0.000579529 0.00056117 0.00057556 0.00056117 0.000627179 0.000561169 0.000561237 0.000561487 0.000561169 0.000561504 0.000561218 0.000561167 0.000561167 0.00056117 0.000561167 0.000561168 0.000561186 0.00056172 0.000561167 0.000561169 0.000561607 0.000561268 0.000561167 0.0005616 0.000561168 0.000561167 0.000561244 0.000561167 0.000561172 0.000561167 0.00056117 0.000561168 0.0005665 0.000561168 0.000561167 0.000568868 0.000561169 0.000561584 0.000561167 0.000561168 0.000561167 0.000561169 0.000561986 0.000561167 0.000561167 0.000561167 0.000695034 0.000588651 0.000561168 0.000590448 0.000561168 0.000561167 0.000561167 0.000562293 0.000561168 39.6542 0.000562091 0.000561167 0.000561168 0.000561167 101.562 0.000561186 0.000561167 0.000561169 0.000561263 0.000561168 0.000561168 0.000561554 0.000561302 0.00056117 0.000720652 0.00056117 0.000561168 0.000561169 0.000561168 0.000561167 18.1817 0.000561168 0.000561168 0.000561167 0.000561167 0.000561169 0.000561187 0.000561168 0.000561167 0.000575704 0.000561167 0.000561169 0.000569676 0.000561167 0.000561169 0.000561169 152.839 0.000561433 0.000561168 0.000561168 0.000561168 0.000561167 0.000561167 0.000561566 0.000561168 0.000561169 0.000562788 0.000561167 0.000561168 0.000619248 0.000561173 0.00056123 0.000561167 0.000561359 0.000561167 0.000561167 0.000561167 0.000561564 0.000883782 0.000561168 0.000561169 0.000561167 0.000561168 0.000561167 0.000561168 0.000561168 0.000561168 0.000561168 0.000563231 0.000561167 0.000576625 0.000567578 0.00056155 0.000566676 0.000561168 0.000561169 0.000561167 0.000561167 0.000565849 0.000561169 0.000561491 0.000561243 0.000561168 0.000561167 0.000561167 0.000561169 0.000561332 0.000608345 0.000561167 0.000561169 0.000561168 0.000561168 0.000561168 0.000561428 0.000561473 0.000561167 0.000561167 0.000561167 0.000563316 0.000561674 0.000561613 0.000561168 0.000570809 0.000561169 0.000561185 0.000561168 0.000562942 0.000561175 0.000561167 0.000561167 0.000561168 0.000561167 0.000561167 0.000561167 0.000561167 0.000561235 0.000561168 0.000561167 0.000561167 0.000561168 0.000561167 0.000561173 0.000561169 0.000561167 0.000561167 0.000567351 0.000561167 0.000561801 0.000561167 0.000561168 0.000561168 0.000561169 0.000561169 0.000561168 0.000561167 0.000562669 0.000561167 0.000561169 0.000561451 0.000566778 0.000561167 0.00056117 0.000561168 0.000561268 0.00056117 0.000561168 0.000561179 0.000561175 0.000561167 0.000561169 0.000561184 0.000561167 0.000561167 0.00057049 0.000561171 0.00056413 0.000561168 0.000561168 0.00056118 0.000569905 0.000561858 0.000601618 0.000561235 0.00056117 0.000561171 0.000561169 0.000561167 0.000561177 0.000562657 0.000561168 0.000561168 0.000561168 0.000561168 0.000561167 0.000561171 0.000706469 0.000561168 0.000561188 0.000561168 0.000561169 0.000573957 0.000561172 0.000561167 0.00056243 0.000562767 0.000561252 0.000561394 0.000561168 0.000561167 0.000561248 0.000561168 0.000561168 0.000561167 0.000561167 0.000561168 0.000862826 0.000567671 0.000561169 0.000561202 0.000701205 0.000561167 0.000561168 0.000561245 0.000561208 0.000561827 0.000561169 0.000575677 0.000561173 0.000561179 0.000561167 0.00056117 0.000561167 0.000561167 0.000561168 0.000561167 0.000561168 0.000561185 0.00056117 0.000561168 0.000561167 0.000561172 0.000563227 0.000561389 0.000561168 0.000561167 0.00056161 0.000561292 0.000561189 0.000561167 0.000561169 0.000561167 0.000561884 0.000561167 0.000561303 0.000561168 0.000561723 0.000621306 0.000561167 0.000561169 0.000561496 0.000561168 0.000561168 0.000561167 0.000561167 0.000561169 0.000561167 0.000561167 0.000561167 0.000561167 0.000561169 0.000561179 128.733 0.000561168 0.000561431 0.000561283 0.000561168 0.000561191 0.000561169 0.000572202 0.000561167 0.000561389 0.000569262 0.000562179 0.00056117 0.000561168 0.000561376 0.000561168 0.000561248 0.000578577 0.000561167 0.000561168 0.00056117 0.000561168 0.00056122 0.000561167 0.000562217 0.000561168 0.000561168 0.000561167 0.000561292 0.000561168 0.000561169 0.000561213 0.000561168 0.000561443 0.000561168 0.00056117 0.00056467 0.000561363 0.000561167 0.000561167 0.000561167 0.000561169 0.000561196 0.000561187 0.000561167 0.000561168 0.000561167 0.000561331 56.8229 0.000561167 0.000561167 0.000561167 0.000561167 0.000561167 0.000561167 0.000561167 0.000561167 0.000561679 0.000561232 0.000561177 0.000561276 0.000588078 0.000561168 0.000561169 0.000561168 0.000561169 0.000561169 0.000561732 0.000561171 0.000561214 16.0175 0.00087052 0.000561168 0.000561767 0.000561169 0.000882464 0.000561168 0.00056178 0.000561169 0.000561167 0.000564484 0.000561168 0.000561167 0.000561168 0.000561168 0.000561171 0.000561319 0.000561168 0.000561168 0.00056136 0.000561421 0.000562906 0.000561167 20.6745 0.000561435 0.000561171 0.000561168 0.000561167 0.000561167 0.000561168 0.000569597 0.000561479 0.000561168 0.000561167 0.000561167 0.000561168 0.000561167 0.000561169 0.000561168 0.000561171 0.00056189 0.000561168 0.000561167 0.000561167 0.000561168 0.000561958 0.000561175 0.000561167 0.000561488 0.000561168 0.000561168 0.00056177 0.000561263 0.000561168 0.00056123 0.00056117 0.000561312 0.000561167 0.000561169 0.000561718 0.000561167 0.000562378 0.000561169 0.000563565 62.9157 0.000561346 0.000561167 0.000561202 0.000764025 0.000561169 0.000561169 0.000561168 0.000562325 0.000561168 0.000569356 0.000561415 0.000561179 0.000562576 0.000562337 0.000561203 0.000561167 0.000561183 0.000561303 0.000561169 0.000561226 0.000561168 0.000561745 0.000561168 0.000561187 0.000561172 0.000561279 0.000561168 0.00056117 0.000561167 0.000561168 0.000561181 0.00056117 0.000561168 0.000561168 0.000561168 0.000561167 0.000561168 0.000561167 0.000561892 0.000561168 0.000561241 0.00056135 0.000561168 0.00056627 0.000562076 0.000561939 0.000561211 0.000561173 0.000565059 0.000562626 0.000563783 0.000561175 0.000568565 0.000561167 0.000561851 0.000561167 0.000561505 0.000561167 0.000795096 0.000561861 0.000561169 0.000561169 0.000561173 0.000561167 0.000561169 0.000561232 0.000562904 0.000561167 0.000561169 0.00056156 0.000561235 0.000561168 0.000561169 0.000561168 0.000561167 0.000561185 0.000561167 0.000561913 0.000568593 0.000561169 0.000561168 0.000561167 0.000561167 0.000561439 0.000561708 0.00062247 0.000561167 0.000561167 0.000561168 0.000561421 0.000589495 0.000561167 0.000561167 0.000561171 0.000561167 0.000561198 0.000561168 0.000561169 0.000561348 0.0005612 0.00056119 0.000561167 0.000561168 0.000561169 0.000565656 0.000561169 0.000561177 0.000561167 37.4799 0.000561167 0.00056125 0.000579963 0.000590247 0.000561167 0.000561167 0.000616427 0.000592972 0.000561167 0.000561167 0.000561172 0.000561177 0.000562873 0.000561168 0.000561167 0.000716387 0.000561168 0.000561167 0.000598473 0.00056117 0.000563995 0.000617033 0.000561167 0.000605033 0.000561168 0.000561168 0.000561186 0.000561167 0.000561186 0.000561431 0.000561168 0.000561171 0.000561512 0.000561168 0.000582101 0.000561168 0.000561782 0.000561173 0.000561168 0.000561167 0.000561247 0.000561167 0.000561168 0.000561168 0.000561168 0.000562822 20.7553 0.000561167 0.000569956 0.000575969 0.000564301 0.000561168 0.000561168 0.000561167 0.000561167 0.000617047 0.000561167 0.000561168 0.000561167 0.000561168 0.000561168 0.000561315 35.3902 0.000563307 0.000561167 0.000562802 0.000573003 0.000561877 0.000561167 0.00056117 0.000561169 0.000561167 0.000561168 0.000561168 0.000561169 0.000561169 0.000561168 0.000561167 0.000561185 0.000561167 0.000561168 0.000561168 0.000561391 0.000561167 0.00056127 0.000561167 0.000561169 0.000561313 0.000561167 0.00056117 0.000561177 0.000561169 0.000561171 0.00968345 0.000561167 0.000561556 0.00056182 0.000561171 0.000561168 0.000561168 0.000561183 0.000561167 0.000561167 0.000561242 0.000561167 0.000561252 0.000561168 0.000561169 0.000561168 0.000565757 0.000561848 0.000595835 0.000561169 0.000561175 0.000562657 0.000561168 0.000561168 0.000561168 0.000565177 0.000561167 0.000568141 0.000561169 0.000561167 0.000561485 0.000561169 0.000580352 0.000561168 0.00056129 0.000561168 0.000562085 0.000561246 0.000561345 0.000561167 0.000561168 0.000561168 0.000561211 0.000561167 0.000561167 0.000561172 0.000561168 0.000566215 0.000561216 0.000561798 0.000561167 0.000561167 0.000561167 0.000561167 0.000561167 0.000561168 0.000561168 0.0005612 0.000561167 0.000561167 0.000561167 0.000561167 0.000561168 0.000561169 0.000561254 0.000561562 0.000561169 0.000561168 0.000561168 0.000561167 0.000571598 0.000561167 0.000561169 0.000941196 0.000561168 0.000561168 0.000561169 0.000561743 0.000561169 0.000561278 0.000561168 0.000561168 0.000561172 0.000561167 0.000561168 0.000591235 0.00090803 0.000561171 0.000561168 0.000561168 0.000561168 0.000561167 0.000561253 0.000561323 0.000561168 0.00056131 0.000561204 0.000584336 0.000561213 0.000561167 0.000561169 0.000561167 0.000561168 0.000561168 0.000561167 0.000561168 0.000561167 0.000561266 0.000561194 0.000561168 0.000561194 0.000561167 0.000561169 0.0005827 0.000561168 0.000561168 0.000561167 0.000561168 0.000561167 0.000588639 0.00056118 0.00056117 0.000562757 0.000561169 0.000566217 0.000563049 0.000561168 0.000561422 0.000561167 0.000561167 0.000561788 0.000563165 0.000561311 0.000561567 0.000561168 0.000561172 0.000561167 0.000561169 0.000561206 0.000561169 0.000561169 0.00056117 0.000561169 0.000561286 0.000561171 0.000575761 0.000561167 0.000562118 19.7696 0.000561167 0.000562616 0.00056156 0.00062163 0.000561168 0.000561167 0.000561174 0.000561168 0.00131109 0.000561168 0.000579176 0.000563044 0.000561167 0.000561167 0.000561167 0.000561167 0.000561167 0.000561168 0.000561167 0.000561167 0.000561536 0.000561167 0.000561168 0.000715978 0.000561173 0.000563493 0.000561621 0.000561168 0.000561582 0.000561168 0.000561167 0.00056117 0.000561169 0.000561539 0.000561282 0.000561167 0.00056117 0.000561168 0.000563704 0.000561987 0.000561168 0.000561167 0.000561186 0.000561167 0.00056295 0.000561335 0.000561168 0.000562237 0.000561294 0.000561181 0.000561168 0.000561167 0.000737177 0.000561198 0.000561531 0.000561169 0.000561582 0.000561169 0.000561168 0.000561167 0.00056117 0.000567527 0.000561167 0.000562727 0.000561168 0.000561167 0.000561168 0.000561167 0.000561167 0.000561251 0.000561198 0.000564607 0.000561167 0.000561167 0.000561285 0.000561168 0.000561168 0.000561235 0.000561169 0.000562859 0.000561167 0.000561821 0.00056117 0.000561195 0.000561167 0.000561167 0.000561256 0.000561167 0.000561252 0.000561168 0.000561167 0.000561173 0.000562169 0.000561459 0.000561368 0.000561182 0.000561168 0.000561168 0.000561167 0.000563364 0.000561168 0.00056229 0.000561167 0.000561167 0.000561167 0.000561167 0.000561218 0.000563903 0.000561167 0.000561181 0.000561168 0.000561169 19.2245 0.000561202 13.2474 0.000561215 0.00056117 0.000561176 0.000561167 0.000561245 0.000561168 0.000594765 0.000561167 0.000634466 0.000561178 0.000561168 0.000561185 0.000561167 0.000561837 0.000561255 0.000561167 0.000561167 0.000563874 0.000561167 0.000561432 0.00135411 0.000561169 0.000561167 0.000561167 0.000565323 0.000561172 0.000561571 39.7038 0.000561248 0.000562352 0.000561175 0.000561167 0.000561167 0.000561297 0.000561647 0.000561192 0.00056117 0.000561168 0.000561168 0.000561168 0.000561167 0.000561168 0.000561167 0.000561169 0.000624317 0.00057233 0.000561257 0.000561169 0.00056121 0.000561167 0.000562016 0.000561169 0.000561167 0.000564438 0.000565089 0.000561167 0.000561169 0.000561485 0.000561297 0.000561167 0.000561167 0.000561173 0.000561168 0.000581293 0.000561243 0.000562355 0.000562595 0.000561168 0.000561168 0.000561167 0.000561167 0.000561167 0.000561168 22.0316 0.000561168 0.000561167 0.000561167 0.000561168 0.000561199 0.000561167 0.000561169 0.000561168 0.000561167 0.000561167 0.00056133 0.000561169 0.000561167 0.000561168 0.000561171 0.000561169 0.000561168 0.000561175 0.000561167 0.000561167 0.000561171 0.00056117 0.000561394 0.000561168 0.000562267 0.000561167 0.000561167 0.000561168 0.000561167 0.000561168 0.000561168 0.00056117 0.000561167 0.000561167 0.000561225 0.000561167 0.000565254 0.000561177 0.000603858 0.000561172 0.000561169 0.00056125 0.000561532 0.000561167 0.000561168 0.000561174 0.000563034 0.000561167 0.000561747 0.000561168 0.000561351 0.000561168 0.000561466 0.000561435 0.000561167 0.000561583 0.000561263 0.000561167 0.000561171 0.000561171 0.000561526 0.000561167 0.000638373 0.000574164 0.000561167 0.000561167 0.000561171 0.000561168 0.000561168 0.000561188 0.000561292 0.000561226 0.000561168 0.00056117 0.000561193 0.000561169 0.000567434 0.000561174 0.000561349 0.000561249 0.000561218 0.000561168 0.000561349 0.000561167 0.000561167 0.000561361 0.000561199 0.000561168 0.000561168 0.000601791 0.000700654 0.000561167 0.000566681 0.000561168 0.000561564 0.000561169 0.000561172 0.000561167 0.000561447 0.000561167 0.000561167 0.000561167 0.000561167 0.000561168 0.000561171 0.000561168 0.000561447 0.000561167 0.000561167 0.000561513 0.000561174 0.000561171 0.000561167 0.000561167 0.000561197 0.000561167 0.000678375 0.000561167 14.6555 0.000561167 0.000561169 0.000561229 0.000562741 0.000561167 0.00056117 0.000561167 0.000561167 0.000561167 0.000561232 0.000561174 0.000561176 0.00056164 0.000561167 0.000561167 0.00056117 0.000561169 0.000561176 0.00056122 0.000561826 0.00064428 0.000629736 0.00056209 0.000561167 0.000561168 0.000561169 0.000561171 0.000561169 0.000561187 0.00057529 0.000561167 0.000561168 0.000561879 0.000561168 0.000561169 0.00056117 0.000561168 0.00056195 0.000588974 0.000561167 0.000561167 0.000561168 0.000561167 0.000561167 0.000561233 0.000561177 0.000561167 0.000586437 0.000561168 0.000561167 0.000569262 0.000561311 0.000561213 0.000561168 41.6488 0.000562252 0.000561167 0.000561168 0.000561167 0.000561176 0.000561168 0.000563719 0.000561826 0.00056954 0.000561186 0.000561171 0.00056125 0.000561168 0.000561168 0.000561562 0.0703517 0.000561167 0.000561169 0.000561167 0.000561167 0.000561357 0.000561167 0.000561171 0.000561167 0.000561387 0.000562758 0.000561216 0.000561167 0.000561384 0.000561167 0.000561167 0.000561169 0.000562655 0.000561171 0.00056117 0.000561173 0.000561298 0.000561169 0.000566832 0.000561167 0.000561179 0.000561254 0.000561167 0.000563226 0.000561167 0.000561167 0.000573615 0.000561701 0.000561167 0.000561168 0.000565866 0.000561169 0.000561168 0.000561231 0.000561168 0.000561169 0.000561368 0.000563603 0.000561168 0.000561168 0.000561167 0.000561168 0.000563251 0.000562035 0.000561181 0.000561168 0.000561167 0.000561463 0.00056117 0.000561167 0.000562021 0.000563282 0.000561168 0.000561168 0.000562187 0.000561167 0.000561169 0.000561169 0.000561324 0.000561173 0.000561175 0.000561167 0.000561167 0.000561169 0.000561596 0.000561657 0.000561179 0.000561168 0.000561368 0.00180658 0.000561316 0.000561167 0.000563483 0.000561168 0.000565086 0.000561167 0.000561167 0.000561167 0.000561167 0.000561167 0.000561185 0.000561245 0.000561169 0.000676678 0.000561167 0.000561168 0.000561167 19.7134 0.00133295 0.000561169 0.000561167 0.000561168 0.000561427 20.9119 0.000561168 0.000561211 0.000561167 0.000561168 0.000561169 0.000561707 0.000561168 0.000561544 0.000561189 0.000561167 0.000561167 0.000562494 0.000561174 0.000688606 0.00056123 0.000561252 0.000561721 0.000561167 0.000561167 0.000561355 0.000561167 0.00057108 0.000561333 0.000561168 0.00056117 0.000561972 0.000561167 0.000561168 0.000561168 0.000561168 0.000561167 0.000561274 0.000561167 0.000561169 0.000561204 0.000561934 0.000561168 0.000561167 0.000576824 0.000561168 0.000596173 0.000740729 0.000561204 0.000561352 0.000561167 0.000561167 0.000561303 0.000561375 0.000566194 0.000561517 0.000561168 0.000561347 0.000561168 0.000561857 0.000561233 0.000561167 0.000561167 0.00056125 0.000561169 0.000561169 0.000561169 0.000561168 0.000561168 0.000561168 0.000561167 0.000561464 0.000561168 0.000561169 0.000561168 0.000561167 0.000561167 0.000561168 0.00056184 0.000561169 0.000561169 0.000561168 0.00056117 0.000561167 0.000561168 0.000561167 0.000561169 0.000565421 0.000561168 0.000561264 0.000561518 0.000561167 0.000563668 0.000561315 0.000561168 0.000576208 0.000561167 70.5327 0.000562084 0.000561497 0.00056117 0.000561167 0.000561175 0.000672747 0.000561169 0.000562269 0.000563283 0.000561167 0.000575458 0.000561167 0.00056117 0.000561167 0.000561169 0.000561168 0.000561168 0.000561168 0.000561167 0.000561167 0.000561279 12.1043 0.000561167 0.000561566 0.000561168 0.000561167 0.000561171 0.000561169 0.000561168 0.000561167 0.000561167 0.000561223 0.000561168 0.000562613 0.000561168 0.000561167 0.000561178 0.000561188 0.000561168 0.000561167 0.000561169 0.000561167 0.000561562 0.000561167 0.000561985 0.000561168 0.000561169 0.000561185 0.000561199 0.00056171 0.000561168 0.000561167 0.000561167 0.000561168 0.000561791 0.000561167 0.000563252 0.000561249 0.000561167 0.000561167 0.000561168 0.000561167 0.000561168 0.00056117 0.000561168 0.000561542 0.000561168 0.000561169 0.000561888 0.000571775 0.000561168 0.000561173 0.000561254 0.000561173 0.000561173 0.00056146 0.000561167 0.000561168 0.000561221 0.000561167 0.000572192 0.000561167 0.000561168 0.000561167 0.000565817 0.000561681 0.000561987 0.000561169 0.000561168 0.000565676 0.000561206 0.000561167 0.00187926 0.000632719 0.000561168 0.000561179 0.000565608 0.000561169 0.000561167 0.000563759 0.000561167 0.000561455 0.000561283 0.000562053 0.000561167 0.000562151 0.000561172 0.00056119 0.000561168 0.000561167 0.000561169 0.000561336 0.000561168 0.000561168 0.000561279 0.000561167 0.000561188 0.000561253 0.000561183 0.000581697 0.000561167 0.000561167 0.000561168 0.000561168 0.000561169 0.000561167 0.000562126 0.000561167 0.000561186 0.000561168 0.000561183 0.000561167 0.000561167 0.000561168 0.000561167 0.000561169 0.000762448 0.000561169 0.000561168 0.000561222 0.000561249 0.000561174 0.000561168 0.000561172 0.000564148 0.000561169 0.000561168 0.000561654 37.7704 0.000561169 0.000561199 0.000561168 0.000561244 0.000561167 0.000561167 0.000562199 0.000561168 0.000561173 0.000561168 0.000561184 0.00061066 0.000561168 0.000561167 0.000561169 0.000561192 0.000561167 0.000561172 0.000561167 0.000561195 0.000561405 0.000561167 0.000561167 60.4283 0.00056117 0.000561167 0.000561169 0.000561167 0.000561185 0.000562374 0.000561686 0.000561167 0.000561221 0.000561265 0.000561169 0.000561589 0.000561167 0.000561182 0.000561168 0.00056126 0.000561364 0.00056118 0.000561417 0.000561168 0.000561325 0.000561214 0.000561168 0.000561173 0.000561379 0.000561169 0.000561173 0.000567647 0.000571018 0.000561168 0.000561167 0.000561169 0.000586221 0.000561227 0.000561168 0.000561169 0.000561167 0.000561677 0.000561551 0.000561167 0.000561182 0.000561169 0.000561242 0.000561169 0.000567837 0.00056117 0.000561167 0.000561171 0.000561168 0.000571226 0.00056162 0.000564007 0.000561168 0.000561168 0.000561169 0.00056117 0.000563071 0.000561167 0.000561246 0.000561357 0.000561559 0.000778333 0.000561168 0.000561167 10.9907 0.000561744 0.000561167 0.000561188 0.000911373 0.000561172 0.000561167 0.000562768 0.00056141 0.000564307 0.000561168 0.00056125 0.000568527 0.000561169 0.000561323 0.000561309 0.000561169 0.000561235 0.000561169 0.000572461 0.000566674 0.000561168 0.000561168 0.000561168 94.1156 0.000561167 0.000561169 0.000561262 0.000561167 0.00057133 17.1843 0.000561167 0.000561169 0.000561167 0.000561169 0.000561169 0.000561168 0.000561168 0.00056117 0.000561168 0.000561835 0.00056117 0.00056393 0.000561168 0.000561272 0.000561168 0.000561168 0.000561667 0.000561169 0.000562286 0.000561237 0.000561167 0.000561168 0.000561167 0.000561196 0.000561168 0.00056943 0.00056118 0.000580128 0.000561167 0.000561167 0.000561196 0.000561167 0.000561172 0.000561854 0.000566673 0.000561167 0.000561168 0.000561177 0.000561168 0.000561167 0.000561168 0.000561227 0.000561168 0.000561457 0.000561167 0.000561415 0.000561167 0.000561169 0.000571172 0.000561167 0.000561171 0.000561169 0.000561169 0.000561853 15.0195 0.000561167 0.000562147 0.000561167 0.000561168 0.000561169 0.000561168 0.000561169 0.000561256 0.000561167 0.000561637 0.000561168 0.000561167 0.000561167 0.000561167 0.00056128 0.000561167 0.000561168 0.00056132 0.000561168 0.000561167 0.000561168 0.000561264 0.000561168 0.000561168 0.000561168 0.000561208 0.000561169 0.000561167 0.000561167 0.000561167 0.000561181 0.000562114 0.000561168 0.000561479 0.000561174 0.000561216 0.000561448 0.000561167 0.000561168 0.000561195 0.00056118 0.000561285 0.00056118 0.000561167 0.000561167 0.000561167 0.000561275 0.000561167 0.000988106 0.000561213 0.000561194 0.000561169 0.000561212 0.000561184 0.000561491 0.000585706 0.000561259 0.000561169 0.000561167 0.000561168 0.000561167 0.000561169 0.00056195 0.000561262 0.000562569 0.000561169 0.000561257 0.000561167 0.000561167 0.000561168 0.000561168 0.000561169 0.00056119 0.000561168 0.000561168 0.000561167 0.000561168 0.000561167 0.000594792 0.000561169 0.00056117 0.000561168 61.089 0.000561167 0.000561168 0.000561168 0.000561167 0.000561445 0.000561412 0.000561171 0.000561181 0.000561232 0.000611573 0.000561169 0.000561169 0.000561167 0.000561168 0.000562386 0.000561362 0.000561168 0.000561168 0.000561169 0.000636523 0.0006298 0.000561167 0.000561167 0.000561173 0.000561168 0.000561178 0.000561608 0.000561559 0.000561168 0.000561168 53.4725 0.000561167 0.000561171 48.5556 0.000561168 0.00056117 0.000561168 0.000561169 0.000561167 0.000561167 0.000561392 0.000561168 0.000561167 0.000561177 0.00056139 0.000561168 0.0005612 0.000561168 0.000561167 0.000561167 0.000561239 0.000561169 0.000561171 0.000561254 0.000561168 0.000561167 0.000561167 0.000561173 0.000561167 0.000561169 0.000561168 0.000563088 0.00056117 0.000561245 0.000561168 0.000561167 0.000561167 0.000561178 0.000561168 0.000561177 0.000561169 0.000561168 0.000561171 0.000563447 0.000561238 0.000563377 0.000561167 0.000561168 0.000561168 0.000562777 0.000561169 0.000561468 0.000561206 0.000561168 0.000562645 0.000561672 0.000561167 0.00663353 0.000561302 0.000561168 0.00056117 0.000599954 0.000563645 0.000561167 0.000561169 0.000561167 0.000561168 0.000704182 0.000561167 0.000605507 0.000561167 0.000561168 0.000561168 0.000561168 0.000603679 0.000561168 0.000561167 0.000561169 0.000561169 0.000570524 0.000585276 0.00056121 0.000572476 0.000561167 0.000561168 0.000561167 0.000561383 0.000561751 0.000561167 0.000561565 0.000561167 0.000561228 0.000561173 0.000561167 0.000561169 0.000561167 0.000561255 0.000561169 0.000561168 0.000561168 0.000561353 0.000561167 0.000561296 0.000561169 0.000561213 0.000567847 0.000742836 0.00056233 0.000562033 0.000562356 0.000562063 0.000561168 0.000561169 0.000561167 0.000561169 0.00056117 0.000561167 0.000561169 0.000561168 0.000561167 0.000561167 0.000561324 0.000564982 0.000561168 0.000562104 0.000561167 0.000561168 0.000561167 0.000561263 0.000561167 0.000561168 0.000561168 0.000561194 0.000561167 0.000561169 0.000561168 0.000561168 0.000561167 0.000561253 0.000561168 0.000561172 0.000561169 0.000561167 0.000561343 0.000620096 0.000561168 0.000565948 0.000561167 0.00056117 0.000561167 0.000561168 0.000561272 0.000561167 0.000561169 0.000561168 0.000561168 0.000561168 0.000563957 0.000561167 0.000570265 0.000561178 0.000561169 0.000561225 0.000561882 20.6711 0.000561316 0.000561171 0.000561167 0.000561169 0.000561168 0.000561238 0.000561174 0.000561167 0.000561167 0.000561167 0.000769777 0.000561167 0.000561204 0.000561384 0.000561167 0.000561167 0.000564019 0.000561169 0.000561168 0.000561168 0.000561196 0.000561167 0.000561167 0.000561167 0.000561168 0.00056117 0.000561167 0.000561588 0.000561167 0.000582537 0.000563843 0.000561168 0.000562003 0.000561167 0.000561167 0.000561433 0.000561306 0.000562734 0.000561168 0.000561168 0.000561168 0.000561176 0.000581698 0.000561174 0.000625081 0.000561212 0.000561184 0.000561168 0.000561168 0.000561168 0.00056117 0.000561167 0.000561406 0.000561908 0.000561167 0.000561168 0.000561169 0.000561218 0.000561169 0.000561169 0.000564765 0.000561177 0.000561169 0.00056117 0.000562043 0.000561169 0.000561196 0.000561177 0.000561233 0.000565165 0.000561198 0.000561168 0.00058396 0.00061331 0.000561167 0.000561173 0.000561456 0.000561175 0.000566443 0.000561202 0.000561168 0.000561167 0.000566004 0.000561167 0.000561169 0.000561171 0.000561167 0.000561167 0.000561167 0.000561167 0.000561167 0.000561191 0.000562737 0.000561168 0.000561167 0.00056123 0.000563767 0.000561169 0.00057623 16.1775 0.000561167 0.000561168 0.000562077 0.000562505 0.000561167 0.000561167 0.000561167 0.000561167 0.000561169 0.000561646 0.000561167 0.000561167 0.000561167 0.000561288 0.000561835 0.000561489 0.000563263 0.000568407 0.000561167 0.000561168 0.000561167 0.000562236 0.000561173 0.000561365 0.000561167 0.000570899 0.000561167 0.000561347 0.000573149 0.000561171 0.000561167 0.000561167 0.000561168 0.00056117 0.000567919 0.000561167 0.00230553 0.00056117 0.000561261 0.000561191 0.000561169 0.000561169 0.000561243 0.00056356 0.000561167 0.00056122 0.000561168 0.00056391 0.00056187 0.000561167 0.000561168 0.000561173 0.000562246 0.000561246 0.000561167 0.000561167 0.000561267 0.000561167 0.000561168 0.000561167 0.000561167 0.00056117 0.000561201 0.000561168 0.000561167 0.000561167 0.000561171 0.000561168 0.000561167 0.0005613 0.000561169 0.000561796 0.000561168 0.000561168 0.000561596 0.000561169 0.000561169 0.000694764 0.000561168 0.000561167 0.000563192 0.000561168 0.000750544 0.000561167 0.000561169 0.00056117 0.000561168 0.000561167 0.000561169 0.000561168 0.000561169 0.000561168 0.000561178 0.00056117 0.000561168 0.000564911 0.000561168 0.000561168 0.000561193 0.00056517 0.000561167 0.000561518 0.00056133 0.000561168 0.000562007 0.000561167 0.000561168 0.000561167 0.000561167 0.000561167 0.000561167 0.000561169 0.000561214 0.000561167 0.000561222 0.000561167 0.000561206 0.000561168 0.000561167 0.000561182 0.000561167 0.000561185 0.000561169 0.000561167 0.000561167 0.000561168 0.000561168 0.000561167 0.000561483 0.000561167 0.000561167 0.000561169 0.000561169 0.000561168 0.000562085 0.000561398 0.000561189 0.000561168 0.000583293 0.000561169 0.000563753 0.000561167 0.000561182 0.000561168 0.000561168 0.000561499 0.00056117 0.557142 0.000561205 0.000566233 0.000561181 0.000561242 0.000561168 0.000561168 0.000561168 0.000562035 0.000561168 0.000561169 0.000561168 0.000561218 0.000561168 0.000561167 0.000561199 0.000561167 0.000657957 0.000561168 0.000561167 0.000561168 0.000561218 0.000562766 0.000562023 0.000561168 0.000561321 0.018256 0.000561167 0.000572442 0.000561167 0.00056132 0.000561168 0.000561168 0.000561168 0.000561168 0.000564726 0.000561184 0.000603522 0.000561217 0.000561169 0.000561174 0.000561247 0.000561169 0.000561167 0.000561168 0.000561174 0.000561169 0.000561169 0.000561168 0.000561223 0.000561168 0.000561168 0.000561168 0.000561167 0.000561167 0.00056118 0.000561332 0.000563643 0.000561168 0.000566155 0.000599595 0.000561168 0.000561554 0.000561167 0.000561779 0.000564614 0.000561452 0.000561168 0.000561167 0.000561168 0.000561168 0.000561196 0.000561168 0.000561478 0.00056117 0.000561178 0.000561169 0.000561167 0.000561168 0.00056585 0.000561168 0.00056235 0.000561168 0.000561167 0.000606255 0.000561167 0.00056117 0.000561171 0.000561202 0.000561766 0.000561369 0.000561172 0.000561167 0.000564234 0.000562012 0.000561168 0.000561168 0.000561168 0.000561167 0.000561167 0.000561182 0.000561168 0.000561167 0.000561167 0.000561168 0.000561168 0.000561167 0.000561167 0.000561167 0.000561168 0.000566079 0.000561629 0.000561428 0.000561236 0.000561887 0.000561168 0.000561171 0.000561169 0.000561167 0.000561224 0.00056117 0.00056117 0.000561169 0.000561167 0.000561168 0.000561219 0.000561167 0.000561169 0.000561167 18.8657 0.000561168 0.000561177 0.000561242 0.000563727 0.000561167 0.000562035 0.000561167 0.000561232 0.000561183 0.00056117 0.000561167 0.000561167 0.000561167 0.00056129 0.000561168 0.00131893 0.000561167 0.000575999 0.000561169 0.000561167 0.000561168 0.000561167 0.000561169 0.000561168 0.000561172 0.000561169 0.000561167 0.000561167 0.000561168 0.000561167 0.000561168 0.000561167 0.000561167 0.000561183 0.00056606 0.00056132 0.000561174 0.000561273 0.000561215 0.000561167 0.00056117 0.000561167 0.000561168 0.000562016 0.00056126 0.000561167 0.000561167 0.000561167 0.000561169 0.000561171 0.000561167 0.000561232 0.000595415 0.000561505 0.000561499 0.000561275 0.000561167 0.000561169 0.000561167 0.000561168 0.000561171 9.88776 0.000561168 0.000561168 0.000561477 0.000561169 0.000561168 0.000561167 0.000561167 0.000561167 0.000561168 0.000561309 0.000561168 0.000561169 0.00056148 0.000561168 0.000561167 0.000606521 0.000561168 0.000561576 0.000561167 0.000561466 0.000561176 0.000564766 0.000561473 0.000562125 0.000561169 0.000561167 0.000585962 0.000561167 0.000561181 0.000561169 0.000563924 0.000561195 0.000561167 0.00056117 0.000561167 0.000561167 0.000561168 0.000561184 0.000608435 0.000561776 0.000561355 0.00056127 0.000561169 0.000561167 0.000563309 0.000561167 0.00056137 0.000561167 0.000561167 96.1022 0.000561171 0.000561167 0.000561167 0.000561246 0.000561248 0.000561167 0.000561167 0.000561838 19.6119 0.000562978 0.000561167 0.00056117 0.000561169 0.000569552 0.000561174 0.000561168 0.000561167 0.000561167 0.000561188 0.000561167 0.000561178 0.000563659 0.000561167 0.000561168 0.000561215 0.000561168 0.000561167 0.000561296 0.000561167 0.000561167 0.00056117 0.000561167 0.000561167 0.000561168 0.000561193 0.000561167 0.000564235 0.00056122 0.00056123 0.000561941 0.000561208 0.000561194 0.000561167 0.000576747 0.000570066 0.000561168 0.000561167 857.581 0.000561271 0.000562253 0.00056117 0.000565273 0.00056117 0.000561254 0.000571012 0.00144754 0.000586996 0.000563744 0.00056118 0.000561168 0.000561167 0.000561172 0.000561168 0.000561167 0.000561167 0.000561167 0.000562225 0.000561168 0.000561167 0.00056117 0.000561168 0.000561167 0.000561167 0.000561182 0.000561439 0.00056117 0.000561167 0.000561167 0.00056126 0.000561454 0.000561167 0.00056117 0.00056758 0.000561168 0.000561169
